      Rad      v_r      v_t      v_x      p  
   0.000E+00  -0.168E+00   0.000E+00  -0.258E-02   0.337E-15
   0.392E-02  -0.126E+00  -0.203E-01   0.367E-01  -0.164E-16
   0.784E-02  -0.909E-03   0.360E-01   0.321E-01   0.398E-16
   0.118E-01  -0.187E-01   0.912E-02  -0.793E-01   0.150E-15
   0.157E-01   0.203E-02   0.590E-02  -0.230E+00   0.112E-15
   0.196E-01  -0.602E-02  -0.140E-01  -0.275E-01  -0.409E-15
   0.235E-01   0.134E-01   0.134E-01   0.318E-01   0.365E-15
   0.275E-01  -0.891E-02  -0.291E-02   0.189E+00   0.384E-15
   0.314E-01   0.828E-02  -0.750E-02  -0.128E+00   0.496E-15
   0.353E-01  -0.135E-01  -0.305E-01  -0.152E+00   0.159E-15
   0.392E-01   0.136E-01   0.322E-01   0.937E-01   0.281E-15
   0.431E-01  -0.973E-02   0.641E-02  -0.143E-02  -0.233E-15
   0.471E-01   0.110E-01   0.456E-02   0.783E-01   0.796E-15
   0.510E-01  -0.294E-02   0.110E-02  -0.200E+00   0.664E-15
   0.549E-01  -0.946E-03  -0.199E-01   0.218E+00   0.449E-15
   0.588E-01  -0.651E-02  -0.172E-01  -0.113E+00  -0.168E-15
   0.627E-01   0.330E-03  -0.275E-02   0.122E+00   0.533E-15
   0.667E-01  -0.104E-01  -0.143E-01  -0.405E-01   0.991E-15
   0.706E-01   0.511E-02   0.387E-02   0.370E-03  -0.160E-14
   0.745E-01  -0.102E-01  -0.164E-01  -0.202E+00   0.174E-14
   0.784E-01  -0.757E-03   0.937E-02   0.470E-01  -0.608E-15
   0.824E-01  -0.114E-01   0.425E-01   0.132E+00   0.533E-15
   0.863E-01   0.145E-02  -0.892E-02  -0.313E+00  -0.150E-15
   0.902E-01  -0.723E-02   0.112E-01  -0.732E-01  -0.168E-15
   0.941E-01   0.201E-02  -0.118E-01   0.101E+00  -0.707E-15
   0.980E-01  -0.641E-02  -0.398E-01   0.125E+00   0.110E-14
   0.102E+00  -0.287E-02  -0.223E-01  -0.993E-01  -0.491E-15
   0.106E+00  -0.150E-02   0.789E-02  -0.739E-01   0.229E-15
   0.110E+00  -0.316E-02   0.450E-01   0.337E+00   0.168E-15
   0.114E+00  -0.343E-02   0.465E-01  -0.111E+00   0.120E-14
   0.118E+00  -0.348E-02  -0.477E-01  -0.120E+00  -0.487E-15
   0.122E+00  -0.109E-02  -0.419E-01   0.129E+00   0.767E-15
   0.125E+00  -0.498E-02  -0.226E-01  -0.185E+00  -0.104E-14
   0.129E+00   0.233E-02   0.131E-01   0.651E-01   0.725E-15
   0.133E+00   0.254E-02   0.595E-01  -0.109E+00   0.201E-15
   0.137E+00  -0.114E-02   0.355E-01  -0.665E-01  -0.650E-15
   0.141E+00  -0.475E-05   0.489E-01   0.258E+00   0.374E-15
   0.145E+00  -0.441E-02  -0.645E-01  -0.185E+00   0.115E-14
   0.149E+00  -0.212E-02  -0.181E-01  -0.421E-01  -0.905E-15
   0.153E+00   0.957E-03   0.112E-01   0.141E+00   0.210E-14
   0.157E+00  -0.597E-03   0.319E-01  -0.197E-02  -0.596E-15
   0.161E+00   0.332E-02   0.443E-01  -0.136E+00   0.141E-14
   0.165E+00  -0.489E-02  -0.212E-01   0.147E-03  -0.883E-15
   0.169E+00   0.883E-03  -0.271E-01   0.316E-01   0.226E-14
   0.173E+00  -0.509E-02  -0.551E-02  -0.212E-01  -0.141E-14
   0.176E+00  -0.227E-03  -0.192E-01  -0.126E+00   0.237E-14
   0.180E+00  -0.629E-02  -0.101E-01   0.662E-01  -0.164E-15
   0.184E+00  -0.607E-02  -0.174E-01   0.124E+00   0.113E-14
   0.188E+00  -0.622E-02  -0.155E-01   0.173E+00  -0.870E-15
   0.192E+00  -0.656E-02   0.229E-01  -0.184E+00   0.110E-14
   0.196E+00   0.200E-02   0.643E-01   0.332E+00  -0.131E-14
   0.200E+00   0.119E-02   0.275E-01  -0.206E+00   0.134E-14
   0.204E+00   0.178E-02   0.169E-02   0.233E+00  -0.124E-14
   0.208E+00   0.152E-02  -0.154E-01  -0.421E-01   0.150E-14
   0.212E+00   0.410E-02   0.204E-01  -0.374E+00  -0.174E-14
   0.216E+00   0.424E-02   0.786E-01   0.534E+00  -0.120E-14
   0.220E+00   0.223E-04   0.428E-01  -0.140E+00  -0.533E-15
   0.224E+00   0.807E-02  -0.391E-01  -0.151E+00   0.102E-14
   0.227E+00  -0.623E-02  -0.771E-01   0.157E+00  -0.216E-14
   0.231E+00   0.280E-02  -0.321E-01   0.258E+00   0.135E-14
   0.235E+00  -0.269E-03  -0.276E-01  -0.159E+00  -0.186E-14
   0.239E+00   0.925E-02  -0.109E-01   0.186E+00   0.936E-15
   0.243E+00   0.310E-02   0.246E-02   0.929E-01  -0.168E-14
   0.247E+00   0.326E-02   0.695E-02  -0.491E-01   0.468E-17
   0.251E+00   0.408E-02   0.403E-01   0.102E+00  -0.155E-14
   0.255E+00   0.304E-03   0.213E-01  -0.557E-01   0.800E-15
   0.259E+00   0.656E-02   0.111E-01   0.172E+00  -0.321E-14
   0.263E+00   0.145E-02  -0.361E-01   0.261E+00   0.110E-14
   0.267E+00   0.858E-02  -0.523E-01  -0.293E+00  -0.172E-14
   0.271E+00  -0.150E-02  -0.425E-01   0.136E+00   0.234E-15
   0.275E+00   0.908E-02   0.111E-01   0.709E-01  -0.193E-14
   0.278E+00  -0.758E-02   0.352E-01  -0.779E-01   0.964E-15
   0.282E+00   0.109E-01   0.145E-01  -0.725E-01  -0.256E-14
   0.286E+00  -0.931E-02   0.108E-02  -0.139E-01  -0.745E-15
   0.290E+00   0.837E-02   0.349E-01   0.553E-01  -0.148E-14
   0.294E+00  -0.100E-01  -0.290E-01  -0.864E-01   0.105E-14
   0.298E+00   0.480E-02   0.226E-02   0.185E-02  -0.234E-14
   0.302E+00  -0.148E-01  -0.726E-02  -0.127E+00   0.973E-15
   0.306E+00   0.527E-02   0.402E-01   0.183E-01  -0.203E-14
   0.310E+00  -0.123E-01  -0.911E-02  -0.892E-01   0.115E-14
   0.314E+00   0.825E-02  -0.943E-02   0.130E+00  -0.342E-14
   0.318E+00  -0.101E-01   0.147E-01  -0.168E+00   0.164E-14
   0.322E+00   0.963E-02   0.203E-01   0.180E+00  -0.311E-14
   0.325E+00  -0.678E-02  -0.781E-01  -0.350E+00   0.195E-14
   0.329E+00   0.101E-01  -0.306E-01   0.989E-01  -0.273E-14
   0.333E+00  -0.981E-02  -0.299E-01  -0.639E-01   0.144E-14
   0.337E+00   0.162E-01   0.230E-01   0.777E-01  -0.212E-14
   0.341E+00  -0.882E-02   0.254E-01  -0.425E-01   0.211E-14
   0.345E+00   0.160E-01  -0.250E-01   0.111E-01   0.828E-16
   0.349E+00  -0.610E-02  -0.458E-01   0.203E-01   0.172E-14
   0.353E+00   0.188E-01   0.725E-02  -0.139E+00  -0.203E-14
   0.357E+00  -0.321E-02   0.470E-01  -0.359E-01   0.158E-14
   0.361E+00   0.149E-01   0.871E-01   0.253E-01  -0.210E-14
   0.365E+00  -0.512E-02   0.777E-03   0.265E+00   0.404E-14
   0.369E+00   0.134E-01  -0.842E-01  -0.313E+00  -0.131E-14
   0.373E+00  -0.102E-01  -0.330E-01   0.388E+00   0.240E-14
   0.376E+00   0.168E-01  -0.331E-01  -0.187E+00  -0.290E-15
   0.380E+00  -0.693E-02   0.679E-01  -0.585E-02   0.144E-14
   0.384E+00   0.161E-01   0.181E-01  -0.898E-01   0.168E-15
   0.388E+00  -0.128E-02  -0.416E-01   0.432E-01  -0.725E-16
   0.392E+00   0.125E-01  -0.326E-01   0.682E-01  -0.875E-15
   0.396E+00   0.309E-02  -0.213E-01  -0.136E+00   0.261E-14
   0.400E+00   0.875E-02   0.353E-01   0.307E+00  -0.562E-16
   0.404E+00  -0.296E-02  -0.318E-01  -0.315E+00   0.144E-14
   0.408E+00   0.134E-01  -0.283E-01   0.399E+00   0.281E-15
   0.412E+00  -0.893E-03  -0.498E-01  -0.365E+00   0.973E-15
   0.416E+00   0.940E-02   0.112E-01  -0.443E-01   0.154E-15
   0.420E+00   0.106E-02   0.363E-01   0.828E-01   0.655E-16
   0.424E+00   0.350E-02  -0.143E-01   0.273E-01   0.151E-14
   0.427E+00   0.614E-02  -0.361E-01  -0.207E+00  -0.505E-15
   0.431E+00  -0.365E-03   0.227E-01  -0.672E-01   0.106E-14
   0.435E+00   0.633E-02   0.500E-01   0.141E+00   0.365E-15
   0.439E+00  -0.544E-02  -0.422E-01  -0.293E+00   0.116E-14
   0.443E+00   0.867E-02   0.645E-01   0.103E+00  -0.290E-15
   0.447E+00  -0.525E-02   0.594E-02   0.920E-01   0.184E-14
   0.451E+00   0.143E-01   0.231E-01   0.176E+00   0.000E+00
   0.455E+00  -0.536E-02  -0.110E+00  -0.247E+00   0.219E-14
   0.459E+00   0.883E-02   0.431E-01   0.470E+00  -0.153E-14
   0.463E+00  -0.721E-02  -0.217E-01   0.471E-01   0.140E-14
   0.467E+00   0.583E-02   0.835E-01  -0.237E-01   0.469E-15
   0.471E+00  -0.108E-01  -0.143E-02   0.145E+00   0.138E-14
   0.475E+00   0.247E-02  -0.663E-01   0.828E-01   0.197E-15
   0.478E+00  -0.119E-01  -0.212E-01   0.168E-01   0.291E-14
   0.482E+00   0.775E-02   0.178E-01  -0.293E-01   0.421E-16
   0.486E+00  -0.116E-01   0.134E+00   0.201E+00   0.285E-14
   0.490E+00   0.265E-02   0.868E-01  -0.152E+00  -0.191E-14
   0.494E+00  -0.836E-02   0.253E-01   0.106E+00   0.261E-14
   0.498E+00   0.483E-02  -0.218E-01   0.620E-01  -0.216E-14
   0.502E+00  -0.416E-02  -0.462E-01  -0.129E+00   0.223E-14
   0.506E+00   0.464E-02   0.861E-01   0.309E+00  -0.225E-14
   0.510E+00  -0.809E-02  -0.649E-01  -0.581E+00   0.225E-14
   0.514E+00   0.112E-02   0.306E-01   0.203E+00  -0.870E-15
   0.518E+00  -0.731E-02  -0.583E-01  -0.652E-02   0.122E-14
   0.522E+00   0.725E-02  -0.665E-01  -0.109E+00  -0.164E-14
   0.525E+00  -0.279E-02  -0.786E-01  -0.247E-01   0.216E-14
   0.529E+00   0.438E-02  -0.570E-02   0.116E+00  -0.290E-14
   0.533E+00  -0.766E-02   0.225E-01   0.110E-01   0.210E-14
   0.537E+00   0.363E-02   0.449E-01  -0.575E-01  -0.146E-14
   0.541E+00  -0.633E-02   0.690E-02  -0.336E+00   0.955E-15
   0.545E+00   0.285E-02   0.244E-01   0.143E+00  -0.286E-14
   0.549E+00  -0.440E-02  -0.986E-01  -0.317E+00   0.210E-14
   0.553E+00   0.174E-02   0.588E-01   0.118E+00  -0.157E-14
   0.557E+00  -0.768E-02   0.974E-01  -0.195E+00   0.898E-15
   0.561E+00   0.451E-02  -0.667E-02  -0.157E+00  -0.182E-14
   0.565E+00  -0.661E-02  -0.514E-01   0.118E+00   0.162E-14
   0.569E+00   0.293E-02  -0.523E-01   0.174E+00  -0.267E-14
   0.573E+00  -0.732E-02   0.100E-01   0.130E+00   0.188E-14
   0.576E+00   0.349E-02   0.564E-01  -0.164E+00  -0.189E-14
   0.580E+00  -0.242E-02   0.441E-01   0.363E+00   0.152E-14
   0.584E+00   0.692E-02  -0.528E-01  -0.880E-01  -0.130E-14
   0.588E+00  -0.354E-02   0.506E-01  -0.187E+00   0.183E-14
   0.592E+00   0.816E-02   0.126E+00   0.278E+00  -0.159E-14
   0.596E+00  -0.400E-02   0.139E+00  -0.155E+00   0.964E-15
   0.600E+00   0.943E-02   0.853E-01   0.165E-01  -0.567E-15
   0.604E+00  -0.531E-02  -0.548E-01   0.208E+00   0.191E-14
   0.608E+00   0.818E-02   0.427E-01   0.403E+00  -0.131E-14
   0.612E+00   0.385E-02   0.111E-01  -0.297E+00   0.109E-14
   0.616E+00   0.855E-02   0.427E-01   0.507E+00  -0.936E-15
   0.620E+00   0.409E-02  -0.117E+00  -0.379E-01   0.170E-14
   0.624E+00   0.120E-01  -0.113E+00   0.203E+00  -0.101E-14
   0.627E+00   0.344E-02  -0.885E-01  -0.275E+00   0.124E-14
   0.631E+00   0.482E-02   0.512E-01  -0.124E+00  -0.856E-15
   0.635E+00   0.188E-02  -0.127E-01   0.136E+00  -0.870E-15
   0.639E+00   0.242E-02  -0.251E-01   0.131E+00  -0.153E-14
   0.643E+00   0.453E-03   0.830E-02  -0.192E+00   0.833E-15
   0.647E+00  -0.165E-02   0.510E-01  -0.541E-01  -0.384E-15
   0.651E+00   0.415E-02   0.574E-01   0.230E+00  -0.374E-16
   0.655E+00   0.236E-02  -0.144E+00  -0.545E+00  -0.139E-14
   0.659E+00   0.108E-02   0.144E+00   0.406E+00  -0.150E-15
   0.663E+00   0.263E-02   0.348E-01   0.751E-02  -0.977E-15
   0.667E+00   0.487E-02  -0.110E+00  -0.401E+00  -0.189E-14
   0.671E+00   0.103E-01  -0.830E-01   0.490E+00  -0.861E-15
   0.675E+00   0.328E-02  -0.175E-01   0.205E+00  -0.231E-14
   0.678E+00   0.137E-01   0.705E-01   0.955E-01  -0.170E-14
   0.682E+00   0.106E-02  -0.275E-01   0.228E+00  -0.212E-14
   0.686E+00   0.122E-01  -0.718E-01  -0.130E+00  -0.105E-14
   0.690E+00  -0.182E-02  -0.192E-01  -0.239E-01  -0.330E-14
   0.694E+00   0.930E-02   0.143E+00   0.242E+00  -0.730E-15
   0.698E+00   0.126E-02   0.688E-01  -0.458E+00  -0.311E-14
   0.702E+00   0.150E-01   0.423E-02   0.736E-01  -0.388E-15
   0.706E+00  -0.778E-02  -0.922E-01   0.517E+00  -0.277E-14
   0.710E+00   0.154E-01  -0.139E+00  -0.563E+00   0.412E-15
   0.714E+00  -0.570E-02   0.286E-01  -0.275E+00  -0.322E-14
   0.718E+00   0.126E-01   0.704E-01   0.327E+00  -0.898E-15
   0.722E+00  -0.279E-02  -0.884E-01  -0.303E+00  -0.206E-14
   0.725E+00   0.142E-01  -0.209E-01   0.115E-01   0.351E-16
   0.729E+00  -0.936E-02  -0.171E-01   0.152E+00  -0.199E-14
   0.733E+00   0.172E-01  -0.888E-01  -0.570E+00   0.898E-15
   0.737E+00  -0.804E-02   0.975E-01   0.359E+00  -0.212E-14
   0.741E+00   0.126E-01  -0.250E-01   0.615E-01   0.587E-15
   0.745E+00   0.782E-03  -0.753E-01  -0.216E+00  -0.378E-14
   0.749E+00   0.117E-01  -0.927E-01  -0.146E+00   0.777E-15
   0.753E+00   0.394E-02  -0.110E+00  -0.892E-01  -0.154E-14
   0.757E+00   0.648E-02  -0.401E-01  -0.286E+00   0.955E-15
   0.761E+00   0.574E-02   0.121E+00   0.119E+00  -0.163E-14
   0.765E+00   0.825E-02   0.377E-01   0.143E+00   0.898E-15
   0.769E+00   0.591E-02  -0.114E+00  -0.937E-03  -0.211E-15
   0.773E+00   0.861E-02  -0.493E-01  -0.229E+00   0.103E-14
   0.776E+00   0.910E-02   0.152E+00   0.318E+00  -0.412E-15
   0.780E+00   0.500E-02   0.817E-01  -0.917E-01   0.110E-14
   0.784E+00   0.715E-02  -0.131E-01  -0.190E+00  -0.543E-15
   0.788E+00   0.352E-02   0.655E-02   0.700E+00   0.176E-14
   0.792E+00   0.683E-02  -0.249E-01  -0.177E+00  -0.178E-14
   0.796E+00   0.437E-03  -0.814E-02  -0.331E+00   0.185E-14
   0.800E+00   0.106E-01   0.407E-01   0.418E+00  -0.786E-15
   0.804E+00   0.276E-02  -0.177E+00  -0.461E+00  -0.337E-15
   0.808E+00   0.609E-02  -0.244E-01   0.373E+00  -0.618E-15
   0.812E+00   0.516E-02  -0.142E+00  -0.678E+00   0.973E-15
   0.816E+00   0.936E-02   0.112E+00   0.141E+00   0.487E-15
   0.820E+00   0.303E-02   0.643E-01   0.298E+00   0.167E-14
   0.824E+00   0.911E-02  -0.277E-01  -0.462E+00  -0.487E-15
   0.827E+00   0.345E-02   0.197E-01  -0.857E-01   0.118E-14
   0.831E+00   0.736E-02   0.550E-01   0.159E+00   0.337E-15
   0.835E+00   0.694E-02  -0.926E-01  -0.547E+00   0.861E-15
   0.839E+00   0.644E-02   0.191E-01   0.435E+00   0.412E-15
   0.843E+00   0.981E-02  -0.414E-01   0.105E+00   0.308E-14
   0.847E+00   0.291E-02  -0.225E-01  -0.212E-01  -0.573E-15
   0.851E+00   0.895E-02   0.213E-01   0.376E-01   0.240E-14
   0.855E+00   0.278E-02   0.129E+00   0.153E+00  -0.346E-15
   0.859E+00   0.878E-02   0.829E-01   0.739E-01   0.149E-14
   0.863E+00   0.535E-02  -0.760E-01  -0.360E+00   0.468E-15
   0.867E+00   0.317E-02   0.420E-01   0.215E+00   0.299E-15
   0.871E+00   0.997E-02  -0.635E-01  -0.112E+00   0.936E-16
   0.875E+00   0.225E-02   0.352E-01   0.249E+00   0.730E-15
   0.878E+00   0.872E-02  -0.270E-01  -0.988E-01   0.936E-16
   0.882E+00   0.336E-02  -0.946E-01   0.260E-01   0.499E-15
   0.886E+00   0.982E-02  -0.838E-01  -0.183E+00  -0.115E-14
   0.890E+00  -0.267E-02  -0.781E-01  -0.436E+00   0.824E-15
   0.894E+00   0.100E-01   0.159E-01  -0.164E+00  -0.318E-15
   0.898E+00  -0.653E-02  -0.413E-01  -0.268E+00   0.730E-15
   0.902E+00   0.978E-02  -0.102E-01   0.302E+00  -0.206E-14
   0.906E+00  -0.116E-01  -0.493E-01  -0.334E+00   0.202E-14
   0.910E+00   0.155E-01  -0.523E-01  -0.315E+00  -0.326E-14
   0.914E+00  -0.959E-02   0.743E-01  -0.500E-01   0.127E-14
   0.918E+00   0.162E-01  -0.453E-01   0.281E+00  -0.273E-14
   0.922E+00  -0.177E-01  -0.181E+00  -0.374E+00   0.127E-14
   0.925E+00   0.104E-01   0.108E+00   0.466E+00  -0.524E-15
   0.929E+00  -0.235E-01   0.120E+00  -0.960E-01   0.157E-14
   0.933E+00   0.222E-02   0.200E+00   0.238E+00  -0.258E-14
   0.937E+00  -0.195E-01  -0.692E-02   0.149E+00   0.636E-15
   0.941E+00   0.532E-02  -0.206E+00  -0.257E+00  -0.271E-14
   0.945E+00  -0.167E-01   0.323E-01   0.651E+00   0.116E-14
   0.949E+00   0.101E-01  -0.649E-01  -0.612E+00  -0.157E-14
   0.953E+00  -0.142E-01  -0.133E-01  -0.177E+00   0.412E-15
   0.957E+00   0.390E-02  -0.120E-01   0.975E-02  -0.173E-14
   0.961E+00  -0.116E-01   0.994E-01   0.230E+00  -0.562E-16
   0.965E+00   0.586E-02   0.572E-01   0.302E+00  -0.202E-14
   0.969E+00  -0.100E-01  -0.196E-01   0.550E-02  -0.936E-16
   0.973E+00   0.257E-03  -0.210E-02   0.243E+00  -0.204E-14
   0.976E+00  -0.547E-02   0.104E+00   0.155E+00   0.000E+00
   0.980E+00   0.470E-03   0.179E+00   0.284E+00  -0.150E-14
   0.984E+00  -0.387E-02  -0.710E-01  -0.290E+00   0.139E-14
   0.988E+00  -0.522E-04  -0.329E-01  -0.570E-01  -0.113E-14
   0.992E+00  -0.101E-01  -0.130E+00  -0.223E+00   0.212E-14
   0.996E+00  -0.817E-03  -0.990E-01  -0.185E+00  -0.283E-14
   0.100E+01   0.141E-14  -0.671E-01   0.319E-02   0.924E-15
