             Rad             v_r             v_t             v_x             p              p_mg      p_no_phase
  0.000000000000  0.089079964757  0.000000000000 -0.026754551881  0.013199054951  0.283439119517  0.016500943040
  0.003921568627  0.113434779612 -0.058830669669  0.017295847408 -0.008532569450  0.304060507659 -0.010672902123
  0.007843137255  0.168882546336 -0.122315485073  0.071941333654 -0.035490998258  0.296374527241 -0.044387770754
  0.011764705882  0.227921445319 -0.186244327224  0.164234527933 -0.081021709100  0.221647222399 -0.101353527278
  0.015686274510  0.244368868051 -0.229649728211  0.270248567649 -0.133323109485  0.134772303591 -0.166714932201
  0.019607843137  0.238396315687 -0.256492771181  0.376850658126 -0.185910694051  0.004265422313 -0.232596173405
  0.023529411765  0.178072476959 -0.270488171560  0.477670461332 -0.235653016883  0.128145149768 -0.294616241855
  0.027450980392  0.108515204036 -0.258624021784  0.531784116517 -0.262342316783  0.259697952870 -0.328273680303
  0.031372549020 -0.003514763125 -0.242828687110  0.572087660960 -0.282234753035  0.360840493076 -0.352764973605
  0.035294117647 -0.102920047078 -0.200077943797  0.528725075138 -0.260831750326  0.412934705949 -0.326444001186
  0.039215686275 -0.208752179438 -0.163724728866  0.482541564007 -0.238060493202  0.443704350288 -0.297445370218
  0.043137254902 -0.290164267003 -0.107523843896  0.347097275684 -0.171229496111  0.384673104260 -0.214353984160
  0.047058823529 -0.331794304247 -0.064937033498  0.230078797336 -0.113511468468  0.332123487573 -0.141713439712
  0.050980392157 -0.356978288448 -0.015344704218  0.058416400355 -0.028817060658  0.189320571243 -0.036108910305
  0.054901960784 -0.308983443639  0.019629629635 -0.080518728862  0.039720511853  0.080096555855  0.049759888971
  0.058823529412 -0.267373402043  0.047803795269 -0.210416533068  0.103802272555  0.073901132839  0.129948759500
  0.062745098039 -0.151979536632  0.066431303097 -0.313155210644  0.154493486009  0.187859382366  0.193062760212
  0.066666666667 -0.064672949246  0.068742533958 -0.342646270879  0.169031717641  0.274273852318  0.211685937979
  0.070588235294  0.059446922430  0.069550765328 -0.369428029384  0.182259281798  0.341429103748  0.227599428064
  0.074509803922  0.151003571391  0.052263818978 -0.290923154911  0.143514494003  0.318060806275  0.179793998056
  0.078431372549  0.220295756277  0.040244788169 -0.238045258075  0.117444402051  0.311537553239  0.146515820319
  0.082352941176  0.274769428830  0.016164621141 -0.099253606902  0.048961201404  0.195522488237  0.061392780907
  0.086274509804  0.255344317673 -0.000263128410  0.001025312838 -0.000501305782  0.124419015109 -0.000813415994
  0.090196078431  0.250918297299 -0.018221237768  0.122908805173 -0.060632660491  0.017715045867 -0.075924713489
  0.094117647059  0.156866750917 -0.031016215781  0.219345819336 -0.108213323043  0.114672831833 -0.135220097179
  0.098039215686  0.100420094588 -0.035437578644  0.259389655575 -0.127957691579  0.204098969160 -0.160349947737
  0.101960784314 -0.014335191781 -0.039931393378  0.306722271254 -0.151325417533  0.278613995891 -0.188872981638
  0.105882352941 -0.092093208335 -0.031270656410  0.246916060772 -0.121802525046  0.267743510551 -0.152715292561
  0.109803921569 -0.163872578969 -0.027318025119  0.226596190785 -0.111798282249  0.285458314651 -0.139368558747
  0.113725490196 -0.224272488923 -0.012332796396  0.104338461270 -0.051467953977  0.183598025434 -0.064601076110
  0.117647058824 -0.214828877117 -0.003455404083  0.031461248408 -0.015527365140  0.139683044052 -0.019150906055
  0.121568627451 -0.230020904702  0.009081859769 -0.082572158186  0.040734044479  0.006682770216  0.051006460833
  0.125490196078 -0.147197969539  0.017891413187 -0.168677913947  0.083216358499  0.073539812398  0.103991660442
  0.129411764706 -0.112783760532  0.021832226721 -0.210639631073  0.103907142043  0.161804479024  0.130294348572
  0.133333333333 -0.005218724826  0.026534105674 -0.266812591315  0.131637355279  0.236721050854  0.164221490182
  0.137254901961  0.058959473410  0.021061727584 -0.215178611520  0.106143893082  0.231304529619  0.133194042111
  0.141176470588  0.129872572505  0.020176298903 -0.215515754918  0.106333668125  0.264103288509  0.132462847459
  0.145098039216  0.190588975313  0.009489952768 -0.102183228268  0.050403127364  0.170137303707  0.063334581395
  0.149019607843  0.185484281629  0.004335239235 -0.049687729034  0.024520846692  0.146554696637  0.030325899789
  0.152941176471  0.212907635634 -0.005170375303  0.059195117753 -0.029202177236  0.019422413366 -0.036551332563
  0.156862745098  0.136303832930 -0.011508705995  0.135562372850 -0.066878542818  0.046234259451 -0.083593143234
  0.160784313725  0.118388900249 -0.014852134130  0.177783181530 -0.087697595668  0.133176390910 -0.110037627511
  0.164705882353  0.015407195330 -0.019187803756  0.238574786721 -0.117707221286  0.206206951038 -0.146779038952
  0.168627450980 -0.036944666068 -0.015261407394  0.191186197132 -0.094306352453  0.203715120944 -0.118442908426
  0.172549019608 -0.106866201913 -0.015788589671  0.206432963291 -0.101854328811  0.247000334921 -0.126798814042
  0.176470588235 -0.166047632864 -0.007519075036  0.098207770746 -0.048440437576  0.157759906683 -0.060940493629
  0.180392156863 -0.163263855664 -0.004470119844  0.061957627292 -0.030575626366  0.150331227269 -0.037830738449
  0.184313725490 -0.199203007983  0.003170169888 -0.043836904438  0.021626299308  0.026808786273  0.027042164751
  0.188235294118 -0.126287357803  0.007886033995 -0.111369048623  0.054942309347  0.026100269019  0.068701126776
  0.192156862745 -0.121498229221  0.010759137761 -0.153709257554  0.075820907698  0.112293940344  0.095193590152
  0.196078431373 -0.021290622581  0.014653036593 -0.217087597072  0.107107226321  0.182480856723  0.133508071826
  0.200000000000  0.020694966292  0.011614993403 -0.172230642340  0.084953821830  0.181946421460  0.106792968691
  0.203921568627  0.090092406110  0.012866061079 -0.199084752101  0.098230542372  0.233020324680  0.122211905933
  0.207843137255  0.146958210146  0.006117673812 -0.093846362067  0.046287422775  0.146784731915  0.058305180805
  0.211764705882  0.145730637011  0.004376331880 -0.071218635203  0.035145941285  0.152778090144  0.043482351017
  0.215686274510  0.188001202595 -0.002027415124  0.032942906029 -0.016252810207  0.031344291445 -0.020285552834
  0.219607843137  0.117403404667 -0.005613794102  0.092362148220 -0.045564657503  0.010175317773 -0.057011126975
  0.223529411765  0.123532980527 -0.008138968109  0.135084975623 -0.066632838434  0.096272571993 -0.083706646828
  0.227450980392  0.024881856040 -0.011619730741  0.199851816501 -0.098604448676  0.163115233835 -0.122865867777
  0.231372549020 -0.007821799191 -0.009155406316  0.156730370874 -0.077306030589  0.164205642975 -0.097269498211
  0.235294117647 -0.077231481990 -0.010798526988  0.193050142126 -0.095254656123  0.221287191683 -0.118441175655
  0.239215686275 -0.131369495049 -0.005086187965  0.089535727870 -0.044159515962  0.137079010640 -0.055698821406
  0.243137254902 -0.131442204757 -0.004212229926  0.078747452206 -0.038861651093  0.154582096836 -0.048067566831
  0.247058823529 -0.178599010150  0.001324149014 -0.024821383310  0.012247120306  0.034195294170  0.015237681812
  0.250980392157 -0.109544388580  0.004085264597 -0.076653145840  0.037813912265  0.003169738114  0.047358078740
  0.254901960784 -0.125046332500  0.006354519506 -0.120124981185  0.059252600852  0.083536945386  0.074475779053
  0.258823529412 -0.027118540510  0.009469302471 -0.185460231907  0.091504676810  0.146712382147  0.113983679480
  0.262745098039 -0.002894513242  0.007408434515 -0.143715839207  0.070884654677  0.149382422546  0.089274958556
  0.266666666667  0.067016451474  0.009266788311 -0.187983124573  0.092755990512  0.211185424199  0.115272421829
  0.270588235294  0.118158139471  0.004302566794 -0.085408684348  0.042122230196  0.128442488427  0.053203742987
  0.274509803922  0.119505171752  0.004032506993 -0.085175452697  0.042034244997  0.156036768652  0.051975475193
  0.278431372549  0.170502289187 -0.000868236509  0.018562206449 -0.009160231083  0.035970017784 -0.011337077830
  0.282352941176  0.102548817526 -0.003002418768  0.063180739093 -0.031166498661  0.014540436992 -0.039087159218
  0.286274509804  0.126274842838 -0.005082164351  0.107778630201 -0.053161868046  0.073150446024 -0.066853142346
  0.290196078431  0.028489643629 -0.007876038409  0.173057368003 -0.085385886271  0.132411317532 -0.106333306082
  0.294117647059  0.012139769599 -0.006117768059  0.132561837053 -0.065381246753  0.136755097614 -0.082424027227
  0.298039215686 -0.058693937149 -0.008089992307  0.183624915683 -0.090606890360  0.202284547653 -0.112545523907
  0.301960784314 -0.106632243827 -0.003690923764  0.081495513402 -0.040190499583  0.120693302720 -0.050838827192
  0.305882352941 -0.109338868500 -0.003856892198  0.090845847930 -0.044833046335  0.157274034812 -0.055417594180
  0.309803921569 -0.163365436581  0.000561501282 -0.013629867324  0.006727956013  0.037014014076  0.008253451253
  0.313725490196 -0.096270183312  0.002204170153 -0.051301024427  0.025304760033  0.024644172335  0.031801004482
  0.317647058824 -0.127324917997  0.004142388473 -0.097382939420  0.048033560952  0.064518617092  0.060429991910
  0.321568627451 -0.029273012381  0.006653957923 -0.162091905564  0.079976100724  0.119652708492  0.099574289201
  0.325490196078 -0.020328234154  0.005134250363 -0.122847126844  0.060587989344  0.125834278145  0.076457092767
  0.329411764706  0.051785695475  0.007158954657 -0.179784633635  0.088713194874  0.194278616449  0.110142411082
  0.333333333333  0.096342390789  0.003202508866 -0.077791084376  0.038361790710  0.113682921868  0.048601000362
  0.337254901961  0.100549494648  0.003692135682 -0.095958775881  0.047356792512  0.158353666880  0.058517295251
  0.341176470588  0.156942831287 -0.000349620016  0.009686860305 -0.004783789091  0.037537502103 -0.005778701663
  0.345098039216  0.090588894011 -0.001596893277  0.040600161112 -0.020024538187  0.033765627415 -0.025244159159
  0.349019607843  0.128244811426 -0.003428673987  0.088496348323 -0.043649836937  0.057244106317 -0.054934144500
  0.352941176471  0.029637729996 -0.005689994754  0.152191989681 -0.075091878119  0.108057502400 -0.093476951599
  0.356862745098  0.027724269404 -0.004365901133  0.114277262595 -0.056359617566  0.116275867121 -0.071192686662
  0.360784313725 -0.045971978734 -0.006404294033  0.176320435707 -0.087004933440  0.186945715914 -0.107975365710
  0.364705882353 -0.086984074657 -0.002804931174  0.074279155949 -0.036628090525  0.107293750673 -0.046480268810
  0.368627450980 -0.092860142937 -0.003539913341  0.100637331190 -0.049666210979  0.159301310902 -0.061350493116
  0.372549019608 -0.151056324626  0.000200607434 -0.006508496059  0.003216879978  0.037675838990  0.003774347620
  0.376470588235 -0.085410305293  0.001122976531 -0.030800056239  0.015188644302  0.042121328594  0.019244901896
  0.380392156863 -0.129055252713  0.002874353806 -0.080811819572  0.039859218964  0.051049874736  0.050176379904
  0.384313725490 -0.029692718132  0.004911886047 -0.143097564721  0.070604929748  0.097359947730  0.087880631361
  0.388235294118 -0.034503968691  0.003753286443 -0.106639977259  0.052591409497  0.107830380860  0.066499988046
  0.392156862745  0.041029784838  0.005780029176 -0.173125477986  0.085429399939  0.180121642985  0.105978326712
  0.396078431373  0.078343859552  0.002475989833 -0.070941490372  0.034980402101  0.101433347668  0.044465365937
  0.400000000000  0.086070026153  0.003399906790 -0.104960370733  0.051800204008  0.160125882000  0.063965858009
  0.403921568627  0.145574109652 -0.000094668592  0.003938311750 -0.001950036532  0.037520520450 -0.002144009365
  0.407843137255  0.080660045319 -0.000745298092  0.021707174418 -0.010701604853  0.049861732119 -0.013683670323
  0.411764705882  0.129763463156 -0.002435856041  0.074108181269 -0.036552590861  0.045735867450 -0.046020430920
  0.415686274510  0.029511650929 -0.004271522585  0.134621378843 -0.066422882767  0.087368536827 -0.082669610861
  0.419607843137  0.040788670953 -0.003256496678  0.099778201754 -0.049205875104  0.100312118794 -0.062282195428
  0.423529411765 -0.036798013555 -0.005254600083  0.170118080103 -0.083946301211  0.173682687929 -0.104100800418
  0.427450980392 -0.070267982264 -0.002200040327  0.067761188953 -0.033410389779  0.096028894717 -0.042545824633
  0.431372549020 -0.080029672770 -0.003271066979  0.108979995894 -0.053784473697  0.160827972700 -0.066395584869
  0.435294117647 -0.140396896579  0.000019042295 -0.001863153932  0.000927432467  0.037136090162  0.000818032021
  0.439215686275 -0.076279552165  0.000439012764 -0.013183027418  0.006495103063  0.057093621275  0.008474858338
  0.443137254902 -0.130369934985  0.002083662932 -0.068221326927  0.033648989128  0.041153250959  0.042365221600
  0.447058823529 -0.029146543532  0.003735768700 -0.126625372207  0.062477631924  0.077942153113  0.077758540893
  0.450980392157 -0.046664264418  0.002847854836 -0.093573087772  0.046144380541  0.093579678894  0.058466064069
  0.454901960784  0.033156748259  0.004805693870 -0.167234909043  0.082524394739  0.167534171869  0.102303641512
  0.458823529412  0.062643176872  0.001965784483 -0.064723741184  0.031910896505  0.091022698833  0.040712633800
  0.462745098039  0.074625250137  0.003152145038 -0.112731420189  0.055636390262  0.161404090486  0.068661470661
  0.466666666667  0.135448709404  0.000034783100  0.000198489427 -0.000107360770  0.036569849034  0.000255579269
  0.470588235294  0.072222446745 -0.000186953569  0.005126299126 -0.002519160488  0.063894329246 -0.003555790201
  0.474509803922  0.130871850712 -0.001797163933  0.063026370441 -0.031086799268  0.037188410324 -0.039133862284
  0.478431372549  0.028635553992 -0.003281137081  0.119005777151 -0.058717989117  0.068974923275 -0.073083242282
  0.482352941176  0.052192849371 -0.002507633624  0.087932950870 -0.043361693208  0.087523225088 -0.054995092164
  0.486274509804 -0.030014386047 -0.004417130578  0.164426226755 -0.081139144374  0.161602658979 -0.100556111742
  0.490196078431 -0.055384495583 -0.001764884102  0.061817165502 -0.030476013118  0.086368719492 -0.038958331343
  0.494117647059 -0.069768319676 -0.003041912704  0.116238813530 -0.057367875391  0.161848858832 -0.070778513005
  0.498039215686 -0.130670633030 -0.000072650666  0.001120649179 -0.000542233149  0.035857676567 -0.001116746956
  0.501960784314 -0.068451733630 -0.000023067306  0.002538439038 -0.001263430078  0.070320784459 -0.001120240266
  0.505882352941 -0.131264861133  0.001561591287 -0.058426156031  0.028818087278  0.033752633200  0.036266564069
  0.509803921569 -0.028007660701  0.002890564969 -0.111683380659  0.055104879651  0.060386271952  0.068594694081
  0.513725490196 -0.057420074841  0.002221436012 -0.082785850060  0.040822320878  0.082055919957  0.051824948213
  0.517647058824  0.027299341484  0.004076917697 -0.161652536080  0.079771065813  0.155830555943  0.098833804143
  0.521568627451  0.048427308979  0.001591065976 -0.059031807208  0.029100978555  0.082029933176  0.037276883707
  0.525490196078  0.065388943167  0.002939247207 -0.119518908436  0.058987181422  0.162156182814  0.072757130225
  0.529411764706  0.126016477202  0.000098671638 -0.002145459499  0.001046610786  0.035027652420  0.001796897821
  0.533333333333  0.064937677158  0.000199907356 -0.009868106935  0.004880744839  0.076415423453  0.005588521270
  0.537254901961  0.131544028353 -0.001366124630  0.054343614284 -0.026804828565  0.030775244567 -0.033715925248
  0.541176470588  0.027285572075 -0.002551390121  0.104596966116 -0.051608106908  0.052114204998 -0.064254984378
  0.545098039216  0.062379916347 -0.001978536651  0.078074475450 -0.038497989501  0.077108010111 -0.048920320807
  0.549019607843 -0.024954526101 -0.003775995017  0.158882179482 -0.078404542089  0.150172293152 -0.097117156940
  0.552941176471 -0.041721896336 -0.001439528890  0.056360029323 -0.027782027263  0.077976339013 -0.035663498144
  0.556862745098 -0.061430923215 -0.002843156446  0.122583305531 -0.060500028814  0.162319871356 -0.074604580312
  0.560784313725 -0.121449710503 -0.000115801008  0.002917201362 -0.001426130987  0.034102382390 -0.002321327741
  0.564705882353 -0.061656194365 -0.000350136215  0.016906088782 -0.008354182401  0.082210165362 -0.009875990703
  0.568627450980 -0.131704330275  0.001202679576 -0.050716531855  0.025016327616  0.028198909536  0.031443706237
  0.572549019608 -0.026487595179  0.002254039405 -0.097698779218  0.048204115583  0.044110668242  0.060034510729
  0.576470588235 -0.067097882005  0.001770799662 -0.073752543750  0.036365864913  0.072622649306  0.046252697653
  0.580392156863  0.022933572583  0.003507401750 -0.156089594505  0.077026963019  0.144591574886  0.095390373860
  0.584313725490  0.035229693123  0.001306541359 -0.053795893318  0.026516231635  0.074183444061  0.034114427918
  0.588235294118  0.057848441838  0.002752778392 -0.125439993918  0.061910356255  0.162333967347  0.076325896426
  0.592156862745  0.116941252646  0.000126202505 -0.003469802217  0.001697535269  0.033100534303  0.002710809526
  0.596078431373  0.058587634502  0.000478714665 -0.023685674347  0.011700161430  0.087729152392  0.014003358822
  0.600000000000  0.131740929142 -0.001065111047  0.047493884125 -0.023427408748  0.025976340232 -0.029418568323
  0.603921568627  0.025628869523 -0.001991155483  0.090951320458 -0.044874409358  0.036338295811 -0.055909999582
  0.607843137255  0.071593221327 -0.001591953660  0.069782204405 -0.034407273149  0.068552888869 -0.043798767390
  0.611764705882 -0.021198189556 -0.003265709988  0.153254028084 -0.075628090987  0.139059365713 -0.093640628392
  0.615686274510 -0.028920628852 -0.001189162889  0.051334866767 -0.025301357749  0.070631105185 -0.032626793571
  0.619607843137 -0.054603638288 -0.002667370180  0.128094381721 -0.063220829119  0.162192918103 -0.077924520811
  0.623529411765 -0.112467857880 -0.000131486502  0.003831672270 -0.001874843284  0.032037877126 -0.002982713106
  0.627450980392 -0.055715845866 -0.000589448613  0.030232496008 -0.014931322949  0.092990683221 -0.017986611531
  0.631372549020 -0.131649310925  0.000948676058 -0.044633208122  0.022017120051  0.024067936504  0.027614453858
  0.635294117647 -0.024722201746  0.001757001003 -0.084325029370  0.041604408484  0.028768163915  0.051863076302
  0.639215686275 -0.075880482806  0.001437094685 -0.066132138738  0.032606762636  0.064859470043  0.041539248438
  0.643137254902  0.019716268935  0.003046630766 -0.150358575991  0.074199587122  0.133552393021  0.091857469250
  0.647058823529  0.022771200270  0.001085047077 -0.048973569223  0.024135739969  0.067302636412  0.031198427390
  0.650980392157  0.051664832110  0.002586293950 -0.130550011982  0.064433192666  0.161891657760  0.079402745031
  0.654901960784  0.108010912768  0.000132868871 -0.004026996434  0.001969990175  0.030927999151  0.003151802865
  0.658823529412  0.053027456526  0.000685299695 -0.036566290640  0.018057399538  0.098008605370  0.021838097140
  0.662745098039  0.131425353365 -0.000849663336  0.042098684741 -0.020767787265  0.022440062641 -0.026009403816
  0.666666666667  0.023778642502 -0.001547043305  0.077796581865 -0.038382609831  0.021378475880 -0.047879213761
  0.670588235294  0.079970635345 -0.001302338281  0.062776144089 -0.030951405680  0.061509178411 -0.039458016686
  0.674509803922 -0.018460506256 -0.002846734719  0.147389455911 -0.072734652717  0.128052017373 -0.090032370421
  0.678431372549 -0.016763051484 -0.000992300090  0.046709556774 -0.023018174631  0.064184115024 -0.029827741468
  0.682352941176 -0.049005198538 -0.002509002559  0.132809071111 -0.065548522918  0.161425641109 -0.080762022524
  0.686274509804 -0.103555529260 -0.000131279382  0.004076671391 -0.001993288849  0.029782813768 -0.003230816015
  0.690196078431 -0.050511315103 -0.000768602210  0.042702197145 -0.021085855457  0.102793336775 -0.025567326663
  0.694117647059 -0.131065354586  0.000765132857 -0.039859715106  0.019664311444  0.021063766878  0.024584680010
  0.698039215686 -0.022807892786  0.001357659340 -0.071347617611  0.035199959075  0.014155032248  0.043946946475
  0.701960784314 -0.083871890943  0.001184571410 -0.059692063702  0.029430270513  0.058473599492  0.037541446224
  0.705882352941  0.017407378146  0.002663250456 -0.144335450609  0.071227754555  0.122543369033  0.088158386476
  0.709803921569  0.010881910471  0.000909377315 -0.044541141595  0.021947831005  0.061263837492  0.028513617149
  0.713725490196  0.046601766773  0.002435026459 -0.134872757360  0.066567408453  0.160790850970  0.082003195020
  0.717647058824  0.099089851411  0.000127437091 -0.003998996717  0.001953770932  0.028612921567  0.003230889200
  0.721568627451  0.048158052219  0.000841217431 -0.048651728107  0.024022366000  0.107352628081  0.029181573080
  0.725490196078  0.130566040135 -0.000692729405  0.037889847871 -0.018693639740  0.019913815729 -0.023324103678
  0.729411764706  0.021818594933 -0.001185922377  0.064963774511 -0.032049374389  0.007102517295 -0.040057274394
  0.733333333333  0.087590318545 -0.001081272597  0.056860967209 -0.028034016986  0.055728165403 -0.035777904452
  0.737254901961 -0.016536373240 -0.002493916705  0.141187476515 -0.069674412100  0.117014679791 -0.086229885507
  0.741176470588 -0.005116780622 -0.000835006786  0.042467241592 -0.020924177104  0.058531889340 -0.027255312903
  0.745098039216 -0.044434652595 -0.002363962183  0.136741552819 -0.067490084616  0.159983791597 -0.083126659602
  0.749019607843 -0.094604518857 -0.000121903696  0.003810192217 -0.001859441979  0.027427873293 -0.003161877894
  0.752941176471 -0.045959733661 -0.000904645226  0.054423508597 -0.026871181978  0.111692140313 -0.032686326923
  0.756862745098 -0.129924558569  0.000630546955 -0.036165960101  0.017844361301  0.018967956884  0.022213550390
  0.760784313725 -0.020818544120  0.001029445386 -0.058633946077  0.028925380088  0.001033981171  0.036203204356
  0.764705882353 -0.091130309243  0.000990379543 -0.054266515531  0.026754583234  0.053251415834  0.034157360820
  0.768627450980  0.015829406022  0.002336872302 -0.137938245855  0.068071030827  0.111456759976  0.084242339969
  0.772549019608 -0.000540682298  0.000768131701 -0.040487255297  0.019946917952  0.055979802395  0.026052387655
  0.776470588235  0.042486463583  0.002295462459 -0.138415427623  0.068316534269  0.159001475162  0.084132494072
  0.780392156863  0.090092246791  0.000115121880 -0.003524790314  0.001717475051  0.026236363135  0.003032598690
  0.784313725490  0.043909583845  0.000960106003 -0.060023845819  0.029635410751  0.115815888910  0.036085647523
  0.788235294118  0.129138471312 -0.000577028584  0.034667624277 -0.017106394990  0.018206351489 -0.021240559695
  0.792156862745  0.019814844105 -0.000886264419  0.052349702960 -0.025823821259  0.006833198599 -0.032379392928
  0.796078431373  0.094494933884 -0.000910190344  0.051894463373 -0.025584940236  0.051024418999 -0.032671080310
  0.800000000000 -0.015270364808 -0.002190573243  0.134581999324 -0.066414770365  0.105862584714 -0.082192161193
  0.803921568627  0.006096656370 -0.000707866735  0.038600957651 -0.019015944158  0.053600279626 -0.024904636926
  0.807843137255 -0.040741833269 -0.002229227834  0.139893995681 -0.069046564637  0.157841405295 -0.085020552498
  0.811764705882 -0.085547493552 -0.000107443269  0.003155937163 -0.001534359254  0.025046372213 -0.002851015289
  0.815686274510 -0.042001763649 -0.001008601719  0.065457174057 -0.032317235739  0.119726589538 -0.039382437288
  0.819607843137 -0.128205740009  0.000530891626 -0.033376613872  0.016470745466  0.017611134329  0.020394030186
  0.823529411765 -0.018814023193  0.000754750628 -0.046104837010  0.022741638835  0.013499939409  0.028581864937
  0.827450980392 -0.097686221614  0.000839288849 -0.049732265704  0.024518897662  0.049030313461  0.031311380986
  0.831372549020  0.014844759461  0.002053729397 -0.131114292512  0.064703439134  0.100226963271  0.080076567176
  0.835294117647 -0.011555537489  0.000653464472 -0.036808412996  0.018131288983  0.051386972746  0.023812039518
  0.839215686275  0.039187052787  0.002164999630 -0.141176635170  0.069679866760  0.156501559858  0.085790539103
  0.843137254902  0.080966194834  0.000099149079 -0.002715626130  0.001316014924  0.023865275869  0.002624382756
  0.847058823529  0.040231190633  0.001050961850 -0.070726406416  0.034918089954  0.123425930730  0.042578658497
  0.850980392157  0.127124713158 -0.000491071005  0.032276513452 -0.015929310828  0.017166071963 -0.019663978980
  0.854901960784  0.017822121460 -0.000633543105  0.039894997909 -0.019676690333  0.020074679441 -0.024807789189
  0.858823529412  0.100705379518 -0.000776487605  0.047768763739 -0.023550948957  0.047253942358 -0.030071440502
  0.862745098039 -0.014539444240 -0.001925255661  0.127531823637 -0.062935409377  0.094546272315 -0.077893475956
  0.866666666667  0.016920245934 -0.000604289341  0.035109902191 -0.017293092381  0.049334301313 -0.022774712851
  0.870588235294 -0.037809777116 -0.002102554012  0.142262583006 -0.070216062109  0.154980374112 -0.086442066158
  0.874509803922 -0.076345549062 -0.000090465539  0.002214880497 -0.001067883748  0.022699924235 -0.002359360454
  0.878431372549 -0.038593392599 -0.001087878450  0.075833216032 -0.037438794736  0.126914791275 -0.045675506555
  0.882352941176 -0.125894112972  0.000456675868 -0.031352408549  0.015474729627  0.016856296378  0.019041350375
  0.886274509804 -0.016844756901  0.000521497058 -0.033717400530  0.016627605490  0.026540351043  0.021055297887
  0.890196078431 -0.103552967800  0.000720783787 -0.045993932365  0.022676146733  0.045681559014  0.028945140448
  0.894117647059  0.014342397921  0.001804233886 -0.123832293327  0.061109547985  0.088818238814  0.075641418839
  0.898039215686 -0.022192473710  0.000559797184 -0.033505861348  0.016501570762  0.047437304760  0.021792875439
  0.901960784314  0.036598789027  0.002041697027 -0.143151009840  0.070654739594  0.153276724840  0.086974699909
  0.905882352941  0.071683842428  0.000081575552 -0.001663897588  0.000794999868  0.021556702736  0.002062101174
  0.909803921569  0.037084387565  0.001119933161 -0.080778263295  0.039879671856  0.130193415422  0.048673549949
  0.913725490196  0.124513022939 -0.000426956046  0.030590637109 -0.015100258243  0.016668096702 -0.018517862445
  0.917647058824  0.015887175956 -0.000417643407  0.027570586901 -0.013593668829  0.032894128525 -0.017323339786
  0.921568627451  0.106229041006 -0.000671324816  0.044398675546 -0.021890001828  0.044300588246 -0.027926940245
  0.925490196078 -0.014242548049 -0.001689882909  0.120014289460 -0.059225159697  0.083041761903 -0.073319469145
  0.929411764706  0.027372886107 -0.000519519099  0.031996830152 -0.015756991495  0.045691520715 -0.020866815226
  0.933333333333 -0.035543808080 -0.001982260421  0.143841080256 -0.070995485265  0.151389915644 -0.087387997409
  0.937254901961 -0.066980304947 -0.000072627580  0.001072163264 -0.000502046354  0.020441577288 -0.001738321988
  0.941176470588 -0.035700584862 -0.001147618228  0.085561381287 -0.042240635007  0.133261555490 -0.051572844410
  0.945098039216 -0.122980876262  0.000401275871 -0.029978588936  0.014799671949  0.016588755141  0.018085883215
  0.949019607843 -0.014954292324  0.000321156998 -0.021454230710  0.010574723211  0.039134708951  0.013611559639
  0.952941176471 -0.108733263006  0.000627381299 -0.042974659535  0.021188401031  0.043099431576  0.027011774320
  0.956862745098  0.014229629541  0.001581534760 -0.116077191715  0.057281940011  0.077216765723  0.070927183174
  0.960784313725 -0.032461287496  0.000483048556 -0.030583408089  0.015059651307  0.044092884486  0.019996862777
  0.964705882353  0.034635335153  0.001924098119 -0.144332001593  0.071237906410  0.149319663451  0.087681536376
  0.968627450980  0.062234990962  0.000063742495 -0.000448543430  0.000193400349  0.019360127611  0.001393360919
  0.972549019608  0.034438703204  0.001171353002 -0.090181728573  0.044521265179  0.136118589041  0.054373026933
  0.976470588235  0.121297445222 -0.000379093547  0.029504542904 -0.014567184603  0.016606416133 -0.017738330103
  0.980392156863  0.014050716926 -0.000231331379  0.015368975259 -0.007571089895  0.045260629881 -0.009920198317
  0.984313725490  0.111065001515 -0.000588325549  0.041714176152 -0.020567539620  0.042067307372 -0.026194967782
  0.988235294118 -0.014294070274 -0.001478615612  0.112021091772 -0.055279935819  0.071344077239 -0.068464550871
  0.992156862745  0.037456758972 -0.000450031044  0.029266217274 -0.014409857943  0.000000000000 -0.019183368509
  0.996078431373 -0.033864525213 -0.001867083260  0.144623063892 -0.071381651264  0.098912651081 -0.087854939600
  1.000000000000 -0.057448679054 -0.000055018899 -0.000198642447  0.000126830673  0.205689674234 -0.001032222509
