             Rad         v_r[Re]         v_t[Re]         v_x[Re]         p[Re]          p_mg[Re]  p_no_phase[Re]         v_r[Im]         v_t[Im]         v_x[Im]         p[Im]          p_mg[Im]  p_no_phase[Im]
  0.250000000000  0.000000000000  0.005763589953 -0.235362359837  0.077813195392  0.276311029096  0.116184629522  0.000000000000 -0.004365766813 -0.305785602289  0.086278472171  0.276311029096  0.000000000000
  0.252941176471  0.343775701293  0.005597476013 -0.231268083171  0.076459585791  0.698050348944  0.114163524628  0.453845169269 -0.004239939900 -0.300466268914  0.084777603741  0.698050348944  0.000000000000
  0.255882352941  0.330573452233 -0.006374930272  0.266452438999 -0.088091892489  0.042192110099 -0.131531982990  0.436415848532  0.004828840921  0.346178206223 -0.097675385983  0.042192110099 -0.000000000000
  0.258823529412 -0.166838232656 -0.009877388987  0.417589757519 -0.138059430651  0.607050242496 -0.206139636361 -0.220256189299  0.007481860678  0.542537624118 -0.153078879299  0.607050242496 -0.000000000000
  0.261764705882 -0.421486926902  0.001788091764 -0.076454810810  0.025276739817  0.378339080836  0.037741267870 -0.556437831309 -0.001354432176 -0.099331007676  0.028026589602  0.378339080836  0.000000000000
  0.264705882353 -0.025475845477  0.010058968882 -0.434931620018  0.143792827172  0.354527246136  0.214700299464 -0.033632654546 -0.007619402642 -0.565068379982  0.159436010498  0.354527246136  0.000000000000
  0.267647058824  0.366540524723  0.003153984141 -0.137887820163  0.045587118943  0.626161162527  0.068067151062  0.483898791743 -0.002389059493 -0.179145510633  0.050546529457  0.626161162527  0.000000000000
  0.270588235294  0.228443373390 -0.007102335019  0.313916388998 -0.103783958195  0.056241895863 -0.154962158699  0.301585950008  0.005379830760  0.407843939637 -0.115074587334  0.056241895863 -0.000000000000
  0.273529411765 -0.214065646845 -0.007495322577  0.334886997228 -0.110717055046  0.659417417544 -0.165314121306 -0.282604789581  0.005677508432  0.435089205501 -0.122761933942  0.659417417544 -0.000000000000
  0.276470588235 -0.378079811203  0.002880314339 -0.130074674716  0.043004013413  0.237303238527  0.064210258185 -0.499132705618 -0.002181761863 -0.168994578310  0.047682408565  0.237303238527  0.000000000000
  0.279411764706  0.033959189171  0.009450658564 -0.431331014506  0.142602430286  0.461092669288  0.212922891140  0.044832179527 -0.007158623679 -0.560390430093  0.158116110653  0.461092669288  0.000000000000
  0.282352941176  0.398160134562  0.001316882803 -0.060735605797  0.020079810401  0.497519672001  0.029981615851  0.525642309757 -0.000997503862 -0.078908427889  0.022264287621  0.497519672001  0.000000000000
  0.285294117647  0.143285098134 -0.007997145171  0.372676254888 -0.123210568843  0.149345115408 -0.183968467329  0.189161855743  0.006057625763  0.484185462531 -0.136614613774  0.149345115408 -0.000000000000
  0.288235294118 -0.278410479258 -0.005123675299  0.241230759225 -0.079753348052  0.637591436905 -0.119081515029 -0.367551431382  0.003881048402  0.313409897197 -0.088429693520  0.637591436905 -0.000000000000
  0.291176470588 -0.300405318817  0.004135047218 -0.196671158559  0.065021489841  0.146347553555  0.097085046695 -0.396588537977 -0.003132188802 -0.255517529288  0.072095160383  0.146347553555  0.000000000000
  0.294117647059  0.090175463470  0.007859284454 -0.377579160134  0.124831519297  0.559635042220  0.186388744853  0.119047676518 -0.005953199919 -0.490555375861  0.138411906995  0.559635042220  0.000000000000
  0.297058823529  0.384981478438  0.000104366385 -0.005064155408  0.001674261401  0.383060278971  0.002499877297  0.508244135898 -0.000079054774 -0.006579411477  0.001856403852  0.383060278971  0.000000000000
  0.300000000000  0.088365517904 -0.008192208824  0.401445130559 -0.132721852404  0.281187424731 -0.198169978411  0.116658225930  0.006205381316  0.521562331034 -0.147160627337  0.281187424731 -0.000000000000
  0.302941176471 -0.337910946522 -0.003544087647  0.175374597307 -0.057980629599  0.550572771571 -0.086572180148 -0.446102648166  0.002684552572  0.227848781347 -0.064288326832  0.550572771571 -0.000000000000
  0.305882352941 -0.231294060731  0.005587207762 -0.279159986563  0.092293137251  0.053926764256  0.137804955894 -0.305349365148 -0.004232161972 -0.362688004511  0.102333683043  0.053926764256  0.000000000000
  0.308823529412  0.169782629165  0.006071206732 -0.306259330575  0.101252456626  0.584596660649  0.151182316856  0.224143317233 -0.004598778379 -0.397895797448  0.112267684384  0.584596660649  0.000000000000
  0.311764705882  0.332439093937 -0.001357058374  0.069108171581 -0.022847865998  0.313089663211 -0.034114661825  0.438878827944  0.001027935793  0.089786165827 -0.025333479247  0.313089663211 -0.000000000000
  0.314705882353  0.032561299021 -0.007335923107  0.377106099241 -0.124675120543  0.414913532580 -0.186155222362  0.042986715496  0.005556767553  0.489940769472 -0.138238493663  0.414913532580 -0.000000000000
  0.317647058824 -0.352982919279 -0.002455577373  0.127409668847 -0.042122935306  0.470331703560 -0.062894700677 -0.466000337274  0.001860034855  0.165532170704 -0.046705478206  0.470331703560 -0.000000000000
  0.320588235294 -0.189045389335  0.006406647053 -0.335492105695  0.110917110073  0.088066637344  0.165612827960 -0.249573592314 -0.004852865543 -0.435875369682  0.122983752902  0.088066637344  0.000000000000
  0.323529411765  0.250527243546  0.004893546615 -0.258607683011  0.085498336191  0.539295472859  0.127659485838  0.330740592850 -0.003706732016 -0.335986205104  0.094799677388  0.539295472859  0.000000000000
  0.326470588235  0.283989062763 -0.003124055103  0.166596806745 -0.055078602560  0.235791131730 -0.082239098405  0.374916155433  0.002366389039  0.216444570514 -0.061070589046  0.235791131730 -0.000000000000
  0.329411764706 -0.053175156194 -0.006144511520  0.330620968604 -0.109306662496  0.479135761580 -0.163208232516 -0.070200679318  0.004654304815  0.429546729919 -0.121198105162  0.479135761580 -0.000000000000
  0.332352941176 -0.325629794314 -0.001022044983  0.055484728163 -0.018343816729  0.431055772632 -0.027389564713 -0.429889339367  0.000774172018  0.072086424655 -0.020339435660  0.431055772632 -0.000000000000
  0.335294117647 -0.142372079112  0.006172860449 -0.338077539297  0.111771880777  0.243854027108  0.166889105295 -0.187956507980 -0.004675778379 -0.439234396044  0.123931513884  0.243854027108  0.000000000000
  0.338235294118  0.289305005037  0.004095798172 -0.226287933642  0.074813097590  0.496120767599  0.111705116119  0.381934146268 -0.003102458689 -0.293995998882  0.082951994528  0.496120767599  0.000000000000
  0.341176470588  0.260274023507 -0.004371366367  0.243612856510 -0.080540893697  0.098307811356 -0.120257417117  0.343608078786  0.003311194302  0.316504746575 -0.089302916046  0.098307811356 -0.000000000000
  0.344117647059 -0.147240503001 -0.005430327271  0.305236787633 -0.100914393506  0.471168669481 -0.150677547219 -0.194383694823  0.004113329153  0.396567297387 -0.111892843467  0.471168669481 -0.000000000000
  0.347058823529 -0.299560652070  0.000842197779 -0.047744253516  0.015784736906  0.380485251588  0.023568545159 -0.395473427393 -0.000637942522 -0.062029907107  0.017501954226  0.380485251588  0.000000000000
  0.350000000000 -0.059358837599  0.005524964755 -0.315864982512  0.104428183075  0.336849381822  0.155924065334 -0.078364240394 -0.004185014542 -0.410375575715  0.115788897266  0.336849381822  0.000000000000
  0.352941176471  0.284494427733  0.002867600135 -0.165319790644  0.054656408019  0.492941778564  0.081608710255  0.375583327224 -0.002172131190 -0.214785455871  0.060602464074  0.492941778564  0.000000000000
  0.355882352941  0.229739243976 -0.004613459785  0.268186626939 -0.088665232700  0.065764869403 -0.132388050135  0.303296730041  0.003494573657  0.348431284005 -0.098311099723  0.065764869403 -0.000000000000
  0.358823529412 -0.203391647877 -0.005018166619  0.294123629308 -0.097240270079  0.463370934132 -0.145191631018 -0.268513209372  0.003801128370  0.382128948732 -0.107819013132  0.463370934132 -0.000000000000
  0.361764705882 -0.297641159700  0.002324923395 -0.137384825839  0.045420823892  0.260384168364  0.067818852187 -0.392939355507 -0.001761067925 -0.178492014372  0.050362143212  0.260384168364  0.000000000000
  0.364705882353  0.039709216885  0.005268940999 -0.313884614757  0.103773453307  0.358295078368  0.154946473615  0.052423240476 -0.003991083324 -0.407802658161  0.115062939622  0.358295078368  0.000000000000
  0.367647058824  0.279786109037  0.001085975395 -0.065216127514  0.021561116555  0.477057276745  0.032193387334  0.369367507759 -0.000822597614 -0.084729575472  0.023906744675  0.477057276745  0.000000000000
  0.370588235294  0.157221500002 -0.004411172866  0.267023590237 -0.088280720910  0.175437038514 -0.131813926947  0.207560388976  0.003341346671  0.346920252765 -0.097884756998  0.175437038514 -0.000000000000
  0.373529411765 -0.216340686219 -0.004113905162  0.251005365489 -0.082984932523  0.497288300225 -0.123906666375 -0.285608246851  0.003116174255  0.326109182952 -0.092012841204  0.497288300225 -0.000000000000
  0.376470588235 -0.288050003607  0.002883554527 -0.177322214462  0.058624531684  0.101070188773  0.087533604811 -0.380277320803 -0.002184216219 -0.230379148927  0.065002278854  0.101070188773  0.000000000000
  0.379411764706  0.105929920871  0.005274194451 -0.326866833796  0.108065507259  0.380275504301  0.161355035759  0.139846366941 -0.003995062676 -0.424669312926  0.119821924979  0.380275504301  0.000000000000
  0.382352941176  0.300265615172 -0.000459747403  0.028713599932 -0.009493008837  0.384382411692 -0.014174224683  0.396404104276  0.000348246487  0.037305053599 -0.010525750737  0.384382411692 -0.000000000000
  0.385294117647  0.061026777412 -0.004557635750  0.286837492446 -0.094831398959  0.215996908099 -0.141594891452  0.080566218090  0.003452288429  0.372662712285 -0.105148081565  0.215996908099 -0.000000000000
  0.388235294118 -0.229612597324 -0.002549829227  0.161700005457 -0.053459670137  0.519984539189 -0.079821834047 -0.303129533898  0.001931428139  0.210082587517 -0.059275533397  0.519984539189 -0.000000000000
  0.391176470588 -0.232092372283  0.003003593631 -0.191918934647  0.063450356173  0.012937098453  0.094739151731 -0.306403278615 -0.002275142663 -0.249343382954  0.070353103502  0.012937098453  0.000000000000
  0.394117647059  0.130420209878  0.004756342642 -0.306198416211  0.101232317717  0.448191609886  0.151152246997  0.172177911369 -0.003602803639 -0.397816656776  0.112245354568  0.448191609886  0.000000000000
  0.397058823529  0.313969738416 -0.001180074028  0.076536399729 -0.025303713945  0.240950921549 -0.037781543547  0.414495988345  0.000893874837  0.099437008978 -0.028056498238  0.240950921549 -0.000000000000
  0.400000000000 -0.007811496518 -0.004960376169  0.324099625459 -0.107150639975  0.259170350962 -0.159989026871 -0.010312567020  0.003757353634  0.421074122649 -0.118807529527  0.259170350962 -0.000000000000
  0.402941176471 -0.270620743332 -0.001082532193  0.071250250576 -0.023556059149  0.461262378343 -0.035172080924 -0.357267592220  0.000819989479  0.092569180564 -0.026118716543  0.461262378343 -0.000000000000
  0.405882352941 -0.145487590704  0.003462847628 -0.229581810820  0.075902086962  0.061205784988  0.113331110607 -0.192069538309 -0.002623015408 -0.298275443639  0.084159454764  0.061205784988  0.000000000000
  0.408823529412  0.156488589880  0.003497416157 -0.233553898388  0.077215299603  0.509289095054  0.115291897891  0.206592817047 -0.002649200154 -0.303436027473  0.085615531457  0.509289095054  0.000000000000
  0.411764705882  0.278512950588 -0.001490700202  0.100263613928 -0.033148172829  0.133934441566 -0.049494281273  0.367686711793  0.001129165940  0.130263690396 -0.036754353712  0.133934441566 -0.000000000000
  0.414705882353 -0.036956414766 -0.004841470275  0.327960387519 -0.108427047268  0.354544099442 -0.161894859265 -0.048789051268  0.003667285568  0.426090071046 -0.120222796828  0.354544099442 -0.000000000000
  0.417647058824 -0.307511766026 -0.000337684378  0.023036915116 -0.007616238970  0.342011998229 -0.011371977448 -0.405970314304  0.000255786977  0.029929836565 -0.008444807577  0.342011998229  0.000000000000
  0.420588235294 -0.080870407511  0.004204044674 -0.288820734658  0.095487079051  0.115120191457  0.142573902122 -0.106763344959 -0.003184452549 -0.375239364366  0.105875092920  0.115120191457  0.000000000000
  0.423529411765  0.214075822971  0.002212638934 -0.153072808542  0.050607430894  0.487223075073  0.075563091578  0.282618223879 -0.001676015418 -0.198874029758  0.056112999806  0.487223075073  0.000000000000
  0.426470588235  0.206508866180 -0.002154469537  0.150083644925 -0.049619182931  0.089204890869 -0.074087516352  0.272628492864  0.001631953640  0.194990472516 -0.055017240611  0.089204890869 -0.000000000000
  0.429411764706 -0.069510252083 -0.003929627251  0.275631736469 -0.091126661804  0.450155431946 -0.136063265207 -0.091765915984  0.002976588616  0.358104059649 -0.101040307043  0.450155431946 -0.000000000000
  0.432352941176 -0.294188172728  0.000037398201 -0.002641149904  0.000873191081  0.251239323151  0.001303781213 -0.388380797556 -0.000028328147 -0.003431413649  0.000968185306  0.251239323151  0.000000000000
  0.435294117647 -0.053862440401  0.004455425470 -0.316793240996  0.104735074792  0.228887435003  0.156382292249 -0.071108016910 -0.003374866847 -0.411581580275  0.116129175651  0.228887435003  0.000000000000
  0.438235294118  0.271806510700  0.001553631958 -0.111213990165  0.036768478839  0.397064469140  0.054899841479  0.358833016390 -0.001176835079 -0.144490550610  0.040768511848  0.397064469140  0.000000000000
  0.441176470588  0.151699788407 -0.003149126501  0.226937556431 -0.075027869506  0.035664310269 -0.112025796890  0.200270745979  0.002385379960  0.294839996605 -0.083190131424  0.035664310269 -0.000000000000
  0.444117647059 -0.138203586220 -0.002891957808  0.209794408163 -0.069360169935  0.463704194637 -0.103563227379 -0.182453354747  0.002190581482  0.272567412654 -0.076905844328  0.463704194637 -0.000000000000
  0.447058823529 -0.239749873534  0.000792674652 -0.057884670676  0.019137262189  0.219992923441  0.028574275947 -0.316512544449 -0.000600430064 -0.075204458769  0.021219199839  0.219992923441  0.000000000000
  0.450000000000 -0.021534321354  0.003891861607 -0.286070995836  0.094577987366  0.352102371355  0.141216516912 -0.028429140521 -0.002947982140 -0.371666870692  0.104867101393  0.352102371355  0.000000000000
  0.452941176471  0.279987333700  0.001223724659 -0.090537696469  0.029932685373  0.328942454765  0.044693164741  0.369633160162 -0.000926939034 -0.117627661720  0.033189054234  0.328942454765  0.000000000000
  0.455882352941  0.132833027563 -0.003711281281  0.276363432275 -0.091368567896  0.085996181925 -0.136424460626  0.175363260555  0.002811197323  0.359054687621 -0.101308530035  0.085996181925 -0.000000000000
  0.458823529412 -0.212601493118 -0.002397083360  0.179652284426 -0.059394876566  0.403966244811 -0.088683824055 -0.280671845823  0.001815727188  0.233406403785 -0.065856429350  0.403966244811 -0.000000000000
  0.461764705882 -0.198617398582  0.001942574944 -0.146521866950  0.048441622824  0.177428770114  0.072329274912 -0.262210349772 -0.001471449096 -0.190362967830  0.053711574055  0.177428770114  0.000000000000
  0.464705882353  0.051925002974  0.003127798837 -0.237421972729  0.078494124410  0.396908477775  0.117201339931  0.068550254353 -0.002369224818 -0.308461476075  0.087033479274  0.396908477775  0.000000000000
  0.467647058824  0.243917206481  0.000483023711 -0.036896959828  0.012198511038  0.318886198636  0.018213870778  0.322014166348 -0.000365877675 -0.047936972978  0.013525583802  0.318886198636 -0.000000000000
  0.470588235294  0.107132540185 -0.003463792931  0.266254473097 -0.088026442944  0.227801755750 -0.131434258804  0.141434038681  0.002623731450  0.345921006547 -0.097602816199  0.227801755750 -0.000000000000
  0.473529411765 -0.239655685026 -0.002197940515  0.170007005972 -0.056206049187  0.361617584995 -0.083922514283 -0.316388198838  0.001664881755  0.220875142272 -0.062320690291  0.361617584995 -0.000000000000
  0.476470588235 -0.192545371688  0.002736145681 -0.212950782341  0.070403699414  0.058668171551  0.105121344679 -0.254194192541 -0.002072557921 -0.276668211864  0.078062899100  0.058668171551  0.000000000000
  0.479411764706  0.137548046669  0.002841618117 -0.222524752051  0.073568951395  0.365506309917  0.109847453495  0.181587925756 -0.002152450499 -0.289106828201  0.081572498000  0.365506309917  0.000000000000
  0.482352941176  0.218346835359 -0.000722256601  0.056906303594 -0.018813804058  0.296349117114 -0.028091313348  0.288256721112  0.000547090256  0.073933352515 -0.020860552785  0.296349117114 -0.000000000000
  0.485294117647  0.035424188773 -0.002966082842  0.235121438052 -0.077733544195  0.296907974956 -0.116065700530  0.046766239991  0.002246729233  0.305472593815 -0.086190155740  0.296907974956 -0.000000000000
  0.488235294118 -0.220694870454 -0.001561942583  0.124565610766 -0.041182660713  0.377573926432 -0.061490755566 -0.291356545738  0.001183130158  0.161837136316 -0.045662911391  0.377573926432 -0.000000000000
  0.491176470588 -0.178937348648  0.002747990558 -0.220473662019  0.072890840122  0.091666965280  0.108834950325 -0.236229177862 -0.002081530101 -0.286442027417  0.080820615183  0.091666965280  0.000000000000
  0.494117647059  0.179274790316  0.002830580692 -0.228459819925  0.075531145335  0.348685363954  0.112777249333  0.236674660979 -0.002144089942 -0.296817739604  0.083748158496  0.348685363954  0.000000000000
  0.497058823529  0.227981368638 -0.001658838678  0.134683956526 -0.044527888965  0.190484827412 -0.066485590994  0.300976021429  0.001256526385  0.174983012549 -0.049372066132  0.190484827412 -0.000000000000
  0.500000000000 -0.055349055484 -0.002900916954  0.236924092659 -0.078329520184  0.288833460110 -0.116955565663 -0.073070613660  0.002197367798  0.307814624313 -0.086850967798  0.288833460110 -0.000000000000
  0.502941176471 -0.210538283852 -0.000393032578  0.032288633772 -0.010674951468  0.381746364405 -0.015939009769 -0.277948042030  0.000297711773  0.041949780466 -0.011836276592  0.381746364405  0.000000000000
  0.505882352941 -0.115015864757  0.002482117171 -0.205104757612  0.067809723658  0.176434377415  0.101248221224 -0.151841431528 -0.001880138049 -0.266474562382  0.075186725413  0.176434377415  0.000000000000
  0.508823529412  0.174399350523  0.002367303701 -0.196754687892  0.065049105490  0.392272806991  0.097126280240  0.230238211894 -0.001793169885 -0.255626051599  0.072125780331  0.392272806991  0.000000000000
  0.511764705882  0.230500711349 -0.001858237640  0.155337213242 -0.051356066170  0.041647897877 -0.076680895722  0.304302002629  0.001407565820  0.201815971517 -0.056943078915  0.041647897877 -0.000000000000
  0.514705882353 -0.106532119995 -0.003106008620  0.261135378501 -0.086334018087  0.294181334987 -0.128907261244 -0.140641377066  0.002352719306  0.339270217419 -0.095726272894  0.294181334987 -0.000000000000
  0.517647058824 -0.236856639605  0.000598930829 -0.050642407649  0.016742896206  0.297041351133  0.024999194327 -0.312692960233 -0.000453674248 -0.065795223735  0.018564351420  0.297041351133  0.000000000000
  0.520588235294 -0.025147246921  0.002622101096 -0.222970653533  0.073716370970  0.184502175684  0.110067568974 -0.033198845911 -0.001986172166 -0.289686148757  0.081735955312  0.184502175684  0.000000000000
  0.523529411765  0.177628428986  0.001310914744 -0.112103574000  0.037062584323  0.426939621931  0.055338976981  0.234501170724 -0.000992983215 -0.145646308602  0.041094612988  0.426939621931 -0.000000000000
  0.526470588235  0.179355323640 -0.001770255996  0.152234860476 -0.050330396721  0.049480074633 -0.075149445634  0.236780979314  0.001340922054  0.197785357576 -0.055805827160  0.049480074633 -0.000000000000
  0.529411764706 -0.111403504280 -0.002858121192  0.247159981239 -0.081713609290  0.363833206609 -0.122008425107 -0.147072472157  0.002164951141  0.321113213588 -0.090603211056  0.363833206609 -0.000000000000
  0.532352941176 -0.257788667383  0.000908388325 -0.078990548083  0.026115080408  0.158693517660  0.038993013034 -0.340326965936 -0.000688080109 -0.102625467970  0.028956133042  0.158693517660  0.000000000000
  0.535294117647  0.029876361542  0.003043716340 -0.266134129172  0.087986656015  0.206095778343  0.131374852048  0.039442119703 -0.002305534553 -0.345764654275  0.097558700862  0.206095778343  0.000000000000
  0.538235294118  0.219684640786  0.000342199461 -0.030085374340  0.009946531440  0.369219606835  0.014851389467  0.290022862606 -0.000259207033 -0.039087279372  0.011028611943  0.369219606835 -0.000000000000
  0.541176470588  0.095820084008 -0.002077267528  0.183626460788 -0.060708779783  0.065241951840 -0.090645642455  0.126499581217  0.001573475162  0.238569701405 -0.067313271748  0.065241951840 -0.000000000000
  0.544117647059 -0.124441849206 -0.001969847586  0.175077106897 -0.057882276237  0.429672453554 -0.086425326534 -0.164285410238  0.001492107399  0.227462278236 -0.064179273634  0.429672453554 -0.000000000000
  0.547058823529 -0.222936981083  0.000933289703 -0.083397767906  0.027572152208  0.070149793115  0.041168599660 -0.294316531200 -0.000706942244 -0.108351380851  0.030571719294  0.070149793115  0.000000000000
  0.550000000000  0.039393476169  0.003028050993 -0.272038141713  0.089938582745  0.297395109626  0.134289317684  0.052006406482 -0.002293668467 -0.353435218218  0.099722977180  0.297395109626  0.000000000000
  0.552941176471  0.259438767271 -0.000002527984  0.000228326928 -0.000075487210  0.248481090226 -0.000112711649  0.342505391753  0.000001914881  0.000296645086 -0.000083699444  0.248481090226 -0.000000000000
  0.555882352941  0.042356859742 -0.002692091080  0.244442412684 -0.080815153424  0.095366438715 -0.120666920475  0.055918600724  0.002039187726  0.317582515910 -0.089607012416  0.095366438715 -0.000000000000
  0.558823529412 -0.179568925109 -0.001087814272  0.099296367590 -0.032828391330  0.401909048303 -0.049016808335 -0.237062971306  0.000823990514  0.129007032346 -0.036399783269  0.401909048303 -0.000000000000
  0.561764705882 -0.150034351062  0.001354012293 -0.124245590038  0.041076858598  0.055421038252  0.061332780052 -0.198072071986 -0.001025628468 -0.161421361546  0.045545599092  0.055421038252  0.000000000000
  0.564705882353  0.057582819412  0.002340551684 -0.215895938739  0.071377398141  0.392090429997  0.106575196116  0.076019579990 -0.001772905940 -0.280494594399  0.079142526253  0.392090429997  0.000000000000
  0.567647058824  0.242675059070 -0.000072382706  0.006711461956 -0.002218877738  0.170194247699 -0.003313056180  0.320374310477  0.000054827984  0.008719611912 -0.002460268855  0.170194247699 -0.000000000000
  0.570588235294  0.033463550493 -0.002901569449  0.270433013849 -0.089407911111  0.201646072999 -0.133496959949  0.044177848175  0.002197862046  0.351349816835 -0.099134573921  0.201646072999 -0.000000000000
  0.573529411765 -0.236746519298 -0.000772940368  0.072411177446 -0.023939873407  0.303436567133 -0.035745162611 -0.312547581810  0.000585481867  0.094077470685 -0.026544285851  0.303436567133 -0.000000000000
  0.576470588235 -0.102764292787  0.002120541855 -0.199676947409  0.066015234275  0.025364628719  0.098568828827 -0.135667173914 -0.001606254319 -0.259422686232  0.073197014009  0.025364628719  0.000000000000
  0.579411764706  0.121755090817  0.001589510594 -0.150436999091  0.049736005420  0.394295181322  0.074261946634  0.160738410519 -0.001204012197 -0.195449554488  0.055146772188  0.394295181322  0.000000000000
  0.582352941176  0.183216792863 -0.000545762505  0.051915123817 -0.017163669145  0.164551547235 -0.025627459852  0.241878806608  0.000413400650  0.067448751854 -0.019030900135  0.164551547235 -0.000000000000
  0.585294117647  0.015315312752 -0.002424617868  0.231804245655 -0.076636846574  0.320291355340 -0.114428196683  0.020218941252  0.001836583849  0.301162857647 -0.084974148677  0.320291355340 -0.000000000000
  0.588235294118 -0.238077761180 -0.000721713899  0.069345785734 -0.022926423659  0.241075990734 -0.034231958033 -0.314305058255  0.000546679173  0.090094876987 -0.025420583176  0.241075990734  0.000000000000
  0.591176470588 -0.099357196893  0.002528028589 -0.244119823279  0.080708502078  0.087769600633  0.120507676956 -0.131169200360 -0.001914914733 -0.317163403885  0.089488758499  0.087769600633  0.000000000000
  0.594117647059  0.193393813612  0.001354847734 -0.131482171279  0.043469346124  0.319974556719  0.064905056907  0.255314287031 -0.001026261293 -0.170823214735  0.048198364698  0.319974556719  0.000000000000
  0.597058823529  0.145563108217 -0.001410756585  0.137585647631 -0.045487217624  0.143100252112 -0.067917986159  0.192169234881  0.001068610767  0.178752924454 -0.050435759900  0.143100252112 -0.000000000000
  0.600000000000 -0.052995803672 -0.001828130178  0.179168762401 -0.059235019256  0.349713604867 -0.088445137515 -0.069963902038  0.001384760215  0.232778206168 -0.065679181205  0.349713604867 -0.000000000000
  0.602941176471 -0.193202528732 -0.000257302471  0.025340946140 -0.008377975114  0.251067808883 -0.012509342790 -0.255061756912  0.000194899810  0.032923261320 -0.009289412792  0.251067808883  0.000000000000
  0.605882352941 -0.086404778098  0.002250671046 -0.222743096530  0.073641138305  0.223509896823  0.109955237392 -0.114069700080 -0.001704823737 -0.289390503967  0.081652538105  0.223509896823  0.000000000000
  0.608823529412  0.211159141793  0.001375597019 -0.136800152023  0.045227524768  0.276722609680  0.067530232924  0.278767685118 -0.001041978327 -0.177732399133  0.050147815128  0.276722609680  0.000000000000
  0.611764705882  0.151596227078 -0.001974262705  0.197284645075 -0.065224314737  0.031801068525 -0.097387889102  0.200134026575  0.001495451735  0.256314578331 -0.072320050545  0.031801068525 -0.000000000000
  0.614705882353 -0.134956596880 -0.001706227697  0.171320085336 -0.056640166610  0.298652481321 -0.084570704757 -0.178166750368  0.001292422312  0.222581110740 -0.062802035233  0.298652481321 -0.000000000000
  0.617647058824 -0.167086747445  0.000647873811 -0.065363414037  0.021609810981  0.245808020688  0.032266094075 -0.220584273093 -0.000490747261 -0.084920931890  0.023960736555  0.245808020688  0.000000000000
  0.620588235294 -0.019201673153  0.001812074489 -0.183689152359  0.060729506255  0.275102263814  0.090676589617 -0.025349629336 -0.001372598455 -0.238651151046  0.067336253048  0.275102263814  0.000000000000
  0.623529411765  0.180328133571  0.000976062501 -0.099411928235  0.032866596857  0.306761664351  0.049073853866  0.238065261729 -0.000739341506 -0.129157170123  0.036442145165  0.306761664351 -0.000000000000
  0.626470588235  0.148420335875 -0.001868632361  0.191217870606 -0.063218577254  0.113031405875 -0.094393077423  0.195941284403  0.001415439546  0.248432552139 -0.070096109416  0.113031405875 -0.000000000000
  0.629411764706 -0.166108373034 -0.001837904203  0.188956420251 -0.062470918714  0.275002980625 -0.093276731666 -0.219292644573  0.001392163780  0.245494448700 -0.069267113303  0.275002980625 -0.000000000000
  0.632352941176 -0.185224506218  0.001316486257 -0.135981490773  0.044956867014  0.144694127032  0.067126107753 -0.244529345911 -0.000997203489 -0.176668784614  0.049847712589  0.144694127032  0.000000000000
  0.635294117647  0.068249031001  0.001816702247 -0.188522205938  0.062327363036  0.243907646136  0.093062385459  0.090100879471 -0.001376103859 -0.244930312254  0.069107940241  0.243907646136  0.000000000000
  0.638235294118  0.166048425258  0.000087698078 -0.009142707357  0.003022672251  0.323583254455  0.004513219819  0.219213502828 -0.000066428973 -0.011878315112  0.003351507959  0.323583254455 -0.000000000000
  0.641176470588  0.087367169196 -0.001573407751  0.164786939317 -0.054480241939  0.180122306087 -0.081345672723  0.115340227780  0.001191814720  0.214093169032 -0.060407132932  0.180122306087 -0.000000000000
  0.644117647059 -0.147272878487 -0.001548474829  0.162919576837 -0.053862872868  0.326986669887 -0.080423865098 -0.194426436232  0.001172928691  0.211667069289 -0.059722600444  0.326986669887 -0.000000000000
  0.647058823529 -0.195381481756  0.001342733582 -0.141918018930  0.046919543738  0.000952557971  0.070056624447 -0.257938363084 -0.001017085143 -0.184381593235  0.052023908391  0.000952557971  0.000000000000
  0.650000000000  0.108758913127  0.002081584778 -0.221009725666  0.073068068228  0.237752185410  0.109099573590  0.143581140703 -0.001576745365 -0.287138487740  0.081017123887  0.237752185410  0.000000000000
  0.652941176471  0.197436484112 -0.000632224397  0.067429390483 -0.022292843854  0.239844094264 -0.033285945797  0.260651332291  0.000478893244  0.087605073280 -0.024718076392  0.239844094264 -0.000000000000
  0.655882352941 -0.000575160133 -0.001700494370  0.182181834058 -0.060231171460  0.163420366001 -0.089932514742 -0.000759313841  0.001288079469  0.236692825021 -0.066783704542  0.163420366001 -0.000000000000
  0.658823529412 -0.143556174915 -0.000727189644  0.078256552638 -0.025872414032  0.369547399622 -0.038630682418 -0.189519725387  0.000550826905  0.101671852280 -0.028687067055  0.369547399622  0.000000000000
  0.661764705882 -0.144819281847  0.001162281736 -0.125637399881  0.041537005120  0.076047670816  0.062019835157 -0.191187251559 -0.000880397646 -0.163229617596  0.046055804831  0.076047670816  0.000000000000
  0.664705882353  0.098674182977  0.001933459535 -0.209927113831  0.069404043782  0.310960237768  0.103628736405  0.130267500312 -0.001464544415 -0.272739825451  0.076954491199  0.310960237768  0.000000000000
  0.667647058824  0.223134904304 -0.000743989423  0.081136753621 -0.026824637837  0.101082891370 -0.040052469166  0.294577825113  0.000563552293  0.105413843960 -0.029742883034  0.101082891370 -0.000000000000
  0.670588235294 -0.045918033160 -0.002103782411  0.230441490321 -0.076186305769  0.170399421699 -0.113755484089 -0.060619984058  0.001593559484  0.299392349563 -0.084474593658  0.170399421699 -0.000000000000
  0.673529411765 -0.187759629665 -0.000007042640  0.000774811335 -0.000256160526  0.308550463441 -0.000382479033 -0.247876160492  0.000005334613  0.001006644184 -0.000284028161  0.308550463441  0.000000000000
  0.676470588235 -0.061034447315  0.001392456147 -0.153863062074  0.050868696767  0.067181305473  0.075953193521 -0.080576343729 -0.001054748670 -0.199900736630  0.056402688724  0.067181305473  0.000000000000
  0.679411764706  0.102888178061  0.001218636266 -0.135241844963  0.044712332569  0.380403990526  0.066760987882  0.135830724546 -0.000923084711 -0.175707827901  0.049576575307  0.380403990526  0.000000000000
  0.682352941176  0.186304593683 -0.000640313376  0.071368335473 -0.023595099220  0.025457446725 -0.035230372530  0.245955253781  0.000485020432  0.092722597879 -0.026162003773  0.025457446725 -0.000000000000
  0.685294117647 -0.040564469357 -0.002112516363  0.236472700522 -0.078180285342  0.261665651351 -0.116732739769 -0.053552326101  0.001600175221  0.307228170231 -0.086685497737  0.261665651351 -0.000000000000
  0.688235294118 -0.229690178066  0.000142823436 -0.016056110321  0.005308313744  0.183047147198  0.007925962463 -0.303231954299 -0.000108184972 -0.020860291205  0.005885803781  0.183047147198  0.000000000000
  0.691176470588 -0.015371356813  0.001923558511 -0.217169220263  0.071798357993  0.081251829748  0.107203740724 -0.020292929397 -0.001457044651 -0.282148857034  0.079609282214  0.081251829748  0.000000000000
  0.694117647059  0.157995267004  0.000541952946 -0.061446704107  0.020314906752  0.345252759797  0.030332643491  0.208581899266 -0.000410515010 -0.079832295347  0.022524960040  0.345252759797  0.000000000000
  0.697058823529  0.110524949479 -0.000942636828  0.107329166696 -0.035484116599  0.033632564125 -0.052982131375  0.145912623306  0.000714022443  0.139443341339 -0.039344424182  0.033632564125 -0.000000000000
  0.700000000000 -0.049060335085 -0.001530013276  0.174943239681 -0.057838018370  0.356610812239 -0.086359244120 -0.064768382400  0.001158944553  0.227288356343 -0.064130200967  0.356610812239 -0.000000000000
  0.702941176471 -0.208465657172  0.000073584809 -0.008449112216  0.002793362627  0.113547371934  0.004170832470 -0.275211805575 -0.000055738545 -0.010977187982  0.003097251802  0.113547371934  0.000000000000
  0.705882352941 -0.020307541022  0.002089138742 -0.240881547811  0.079637895198  0.185379713384  0.118909129780 -0.026809571933 -0.001582467292 -0.312956197536  0.088301680582  0.185379713384  0.000000000000
  0.708823529412  0.215323716374  0.000397524484 -0.046026286182  0.015216759393  0.237478641140  0.022720485179  0.284265665483 -0.000301114273 -0.059797903330  0.016872186590  0.237478641140  0.000000000000
  0.711764705882  0.068560574358 -0.001577850564  0.183445154055 -0.060648837929  0.019480811039 -0.090556141927  0.090512172203  0.001195180032  0.238334145522 -0.067246808835  0.019480811039 -0.000000000000
  0.714705882353 -0.111933366730 -0.000929639241  0.108528982041 -0.035880787782  0.347956153208 -0.053574410027 -0.147771984986  0.000704177115  0.141002155834 -0.039784249118  0.347956153208 -0.000000000000
  0.717647058824 -0.143391007268  0.000409998120 -0.048061431309  0.015889599118  0.127853835743  0.023725117282 -0.189301674668 -0.000310562722 -0.062441988302  0.017618224369  0.127853835743  0.000000000000
  0.720588235294 -0.011762628858  0.001650248094 -0.194240743932  0.064217969990  0.302166303475  0.095885293161 -0.015528765602 -0.001250019245 -0.252359905439  0.071204225822  0.302166303475  0.000000000000
  0.723529411765  0.210097982093  0.000474085045 -0.056029451514  0.018523907822  0.179269956118  0.027658462768  0.277366765269 -0.000359106871 -0.072794135770  0.020539118815  0.179269956118 -0.000000000000
  0.726470588235  0.077198901772 -0.001886273978  0.223834350146 -0.074001917875  0.090887902252 -0.110493925470  0.101916303306  0.001428802604  0.290808273761 -0.082052566788  0.090887902252 -0.000000000000
  0.729411764706 -0.182449800158 -0.000826297327  0.098449391766 -0.032548372489  0.260133000975 -0.048598705915 -0.240866239598  0.000625898351  0.127906631192 -0.036089301253  0.260133000975 -0.000000000000
  0.732352941176 -0.108244259177  0.001116179907 -0.133523760661  0.044144316385  0.120812924471  0.065912870162 -0.142901705804 -0.000845476731 -0.173475672159  0.048946764794  0.120812924471  0.000000000000
  0.735294117647  0.054878652622  0.001146171698 -0.137662197420  0.045512525764  0.318278750426  0.067955774312  0.072449598081 -0.000868194719 -0.178852378858  0.050463821306  0.318278750426  0.000000000000
  0.738235294118  0.157069843648  0.000144090369 -0.017375354882  0.005744469444  0.205469939521  0.008577196333  0.207360175571 -0.000109144640 -0.022574269570  0.006369408744  0.205469939521 -0.000000000000
  0.741176470588  0.072947557927 -0.001588207524  0.192279417754 -0.063569535562  0.224046589244 -0.094917101155  0.096303772054  0.001203025156  0.249811726933 -0.070485248386  0.224046589244 -0.000000000000
  0.744117647059 -0.192178590869 -0.000947022746  0.115108114461 -0.038055916027  0.216405336609 -0.056822142857 -0.253709976518  0.000717344660  0.149549843625 -0.042196008984  0.216405336609 -0.000000000000
  0.747058823529 -0.124063964026  0.001542228167 -0.188194685774  0.062219081531  0.011522234581  0.092900707913 -0.163786534480 -0.001168197010 -0.244504794127  0.068987878820  0.011522234581  0.000000000000
  0.750000000000  0.135280654936  0.001108867644 -0.135845388433  0.044911870193  0.250281015534  0.067058921989  0.178594564732 -0.000839937885 -0.176491958821  0.049797820576  0.250281015534  0.000000000000
  0.752941176471  0.130666821427 -0.000594691767  0.073140327326 -0.024180937790  0.212142653419 -0.036105101255  0.172503482548  0.000450463270  0.095024790958 -0.026811575564  0.212142653419 -0.000000000000
  0.755882352941  0.006957193349 -0.001187017797  0.146559968220 -0.048454219493  0.261130362116 -0.072348083280  0.009184734642  0.000899134558  0.190412469456 -0.053725541111  0.261130362116 -0.000000000000
  0.758823529412 -0.151121156603 -0.000661973053  0.082051216744 -0.027126968667  0.258604738996 -0.040503886118 -0.199506848914  0.000501427064  0.106601925422 -0.030078104355  0.258604738996  0.000000000000
  0.761764705882 -0.128092988120  0.001369927553 -0.170459956504  0.056355799250  0.131363062895  0.084146109466 -0.169105564055 -0.001037683856 -0.221463621039  0.062486731624  0.131363062895  0.000000000000
  0.764705882353  0.157672056200  0.001302280827 -0.162668328117  0.053779807480  0.221993125675  0.080299838302  0.208155203424 -0.000986443252 -0.211340643938  0.059630498395  0.221993125675  0.000000000000
  0.767647058824  0.156147070031 -0.001105519574  0.138621933490 -0.045829824292  0.111179779602 -0.068429539870  0.206141950005  0.000837401811  0.180099279478 -0.050815638657  0.111179779602 -0.000000000000
  0.770588235294 -0.079317793870 -0.001228545518  0.154638472735 -0.051125055436  0.210636995757 -0.076335968407 -0.104713618354  0.000930590708  0.200908159466 -0.056686936584  0.210636995757 -0.000000000000
  0.773529411765 -0.134040761495  0.000070123611 -0.008860230633  0.002929282566  0.284326070865  0.004373777584 -0.176957684504 -0.000053116779 -0.011511317962  0.003247958436  0.284326070865  0.000000000000
  0.776470588235 -0.067131008113  0.001065648185 -0.135158319998  0.044684718365  0.184069017190  0.066719756493 -0.088624890082 -0.000807200290 -0.175599311265  0.049545956961  0.184069017190  0.000000000000
  0.779411764706  0.127183863124  0.001094925798 -0.139397688086  0.046086296670  0.282243667295  0.068812484536  0.167905357099 -0.000829377307 -0.181107149157  0.051100012596  0.282243667295  0.000000000000
  0.782352941176  0.171677762254 -0.001034487489  0.132200131659 -0.043706711145  0.034335956744 -0.065259471949  0.226645230528  0.000783596887  0.171755997476 -0.048461552596  0.034335956744 -0.000000000000
  0.785294117647 -0.111141960621 -0.001512611471  0.194027665903 -0.064147524221  0.196506491643 -0.095780109002 -0.146727187934  0.001145763146  0.252083071906 -0.071126116277  0.196506491643 -0.000000000000
  0.788235294118 -0.170420394669  0.000629238282 -0.081016772765  0.026784970943  0.198144140312  0.039993241635 -0.224985281316 -0.000476631341 -0.105257963392  0.029698900790  0.198144140312  0.000000000000
  0.791176470588  0.020732253644  0.001186539330 -0.153341400923  0.050696230273  0.146938529570  0.075695679925  0.027370268256 -0.000898772132 -0.199222988202  0.056211459646  0.146938529570  0.000000000000
  0.794117647059  0.118651781214  0.000405741908 -0.052630638659  0.017400225645  0.330560725292  0.025980667675  0.156641488989 -0.000307338755 -0.068378357322  0.019293191554  0.330560725292 -0.000000000000
  0.797058823529  0.119640603160 -0.000810572620  0.105532500702 -0.034890120506  0.096412216261 -0.052095222470  0.157946910116  0.000613987302  0.137109091320 -0.038685807413  0.096412216261 -0.000000000000
  0.800000000000 -0.088722352715 -0.001407067953  0.183869199037 -0.060789031522  0.274638535407 -0.090765468130 -0.117129311451  0.001065816726  0.238885069850 -0.067402254052  0.274638535407 -0.000000000000
  0.802941176471 -0.199594519892  0.000629020275 -0.082499686779  0.027275237432  0.056805464451  0.040725269541 -0.263500323974 -0.000476466207 -0.107184583074  0.030242503240  0.056805464451  0.000000000000
  0.805882352941  0.058214266076  0.001567695482 -0.206365587465  0.068226566860  0.143668476163  0.101870619170  0.076853202078 -0.001187487827 -0.268112647657  0.075648916876  0.143668476163  0.000000000000
  0.808823529412  0.165828371081 -0.000165471246  0.021861514163 -0.007227639434  0.264201147966 -0.010791750752  0.218922992112  0.000125340088  0.028402741543 -0.008013932400  0.264201147966 -0.000000000000
  0.811764705882  0.034299475216 -0.001000227009  0.132627220548 -0.043847911085  0.067232952848 -0.065470300751  0.045281417728  0.000757645481  0.172310876485 -0.048618113640  0.067232952848 -0.000000000000
  0.814705882353 -0.086747875139 -0.000790669273  0.105220324996 -0.034786912036  0.346995919147 -0.051941119584 -0.114522649297  0.000598911043  0.136703508896 -0.038571370920  0.346995919147 -0.000000000000
  0.817647058824 -0.159526214848  0.000461209425 -0.061598193766  0.020364990777  0.008201976054  0.030407425074 -0.210603023157 -0.000349353930 -0.080029112530  0.022580492693  0.008201976054  0.000000000000
  0.820588235294  0.040595654347  0.001577716205 -0.211474544409  0.069915640105  0.237362552770  0.104392612364  0.053593495844 -0.001195078259 -0.274750265827  0.077521743949  0.237362552770  0.000000000000
  0.823529411765  0.209518187091 -0.000203391188  0.027359941990 -0.009045475723  0.132881808223 -0.013506002940  0.276601332576  0.000154063440  0.035546364958 -0.010029530615  0.132881808223 -0.000000000000
  0.826470588235 -0.004952401624 -0.001473656615  0.198942525267 -0.065772426828  0.069942093531 -0.098206287575 -0.006538052413  0.001116255875  0.258468516172 -0.072927791605  0.069942093531 -0.000000000000
  0.829411764706 -0.143320912424 -0.000239696592  0.032474014135 -0.010736240106  0.303644616337 -0.016030521210 -0.189209136987  0.000181563823  0.042190628859 -0.011904232804  0.303644616337 -0.000000000000
  0.832352941176 -0.080234821276  0.000700036442 -0.095177017796  0.031466492296  0.019046426842  0.046983326303 -0.105924257899 -0.000530259073 -0.123655123661  0.034889723603  0.019046426842  0.000000000000
  0.835294117647  0.042231449505  0.001055259703 -0.143980176834  0.047601314163  0.333017460441  0.071074591178  0.055753036870 -0.000799331290 -0.187060773529  0.052779848437  0.333017460441  0.000000000000
  0.838235294118  0.183342414202 -0.000063067167  0.008635215719 -0.002854890342  0.070865845428 -0.004262700883  0.242044649155  0.000047771709  0.011218975886 -0.003165473101  0.070865845428 -0.000000000000
  0.841176470588  0.011500345111 -0.001602088111  0.220129090388 -0.072776921228  0.175022404463 -0.108664855466  0.015182504331  0.001213539332  0.285994355819 -0.080694303083  0.175022404463 -0.000000000000
  0.844117647059 -0.201077911097 -0.000194932924  0.026877700014 -0.008886041610  0.186675224588 -0.013267948285 -0.265458664630  0.000147656530  0.034919830396 -0.009852751707  0.186675224588 -0.000000000000
  0.847058823529 -0.042789216361  0.001251045163 -0.173097375938  0.057227757001  0.016242324305  0.085448049164 -0.056489388486 -0.000947633593 -0.224890188017  0.063453549425  0.016242324305  0.000000000000
  0.850000000000  0.105679562381  0.000550185323 -0.076389180680  0.025255041827  0.313771330046  0.037708870114  0.139515849132 -0.000416750817 -0.099245740223  0.028002531093  0.313771330046  0.000000000000
  0.852941176471  0.112715604053 -0.000325338148  0.045327106557 -0.014985603482  0.102112804641 -0.022375341097  0.148804677608  0.000246435035  0.058889520772 -0.016615883289  0.102112804641 -0.000000000000
  0.855882352941  0.009807211424 -0.001184735152  0.165630103042 -0.054759000461  0.291189296556 -0.081761893333  0.012947266233  0.000897405515  0.215188617462 -0.060716217520  0.291189296556 -0.000000000000
  0.858823529412 -0.189456983799 -0.000337255589  0.047311532392 -0.015641674892  0.132437487049 -0.023354936052 -0.250116970332  0.000255462180  0.061467710630 -0.017343328532  0.132437487049  0.000000000000
  0.861764705882 -0.061656315036  0.001490421151 -0.209798140188  0.069361403781  0.094668734011  0.103565069662 -0.081397319905 -0.001128954567 -0.272572261346  0.076907212403  0.094668734011  0.000000000000
  0.864705882353  0.175821818494  0.000525358033 -0.074204068204  0.024532621368  0.213605924380  0.036630207903  0.232116123029 -0.000397944802 -0.096406815872  0.027201518705  0.213605924380  0.000000000000
  0.867647058824  0.079966537525 -0.000931601556  0.132031400459 -0.043650926890  0.105434524882 -0.065176179225  0.105570075552  0.000705663517  0.171536779875 -0.048399699587  0.105434524882 -0.000000000000
  0.870588235294 -0.057161541187 -0.000742630170  0.105606173932 -0.034914477627  0.295048848693 -0.052131590634 -0.075463417682  0.000562522695  0.137204808465 -0.038712814338  0.295048848693 -0.000000000000
  0.873529411765 -0.128976519776 -0.000080185610  0.011441366430 -0.003782632372  0.172857794889 -0.005647933343 -0.170271983241  0.000060738477  0.014864760564 -0.004194143940  0.172857794889  0.000000000000
  0.876470588235 -0.063661989352  0.001179167454 -0.168817224660  0.055812695357  0.226869830586  0.083335188846 -0.084045167314 -0.000893188131 -0.219329364114  0.061884543603  0.226869830586  0.000000000000
  0.879411764706  0.178152238889  0.000696767212 -0.100088435896  0.033090257186  0.170323212492  0.049407806126  0.235192693113 -0.000527782718 -0.130036096995  0.036690137442  0.170323212492  0.000000000000
  0.882352941176  0.104372558325 -0.001265714553  0.182424026188 -0.060311242647  0.004975665343 -0.090052070830  0.137790370936  0.000958745267  0.237007483943 -0.066872486653  0.004975665343 -0.000000000000
  0.885294117647 -0.136985344747 -0.000757610057  0.109556269412 -0.036220419459  0.212112368556 -0.054081521711 -0.180845058973  0.000573869563  0.142336819914 -0.040160829234  0.212112368556 -0.000000000000
  0.888235294118 -0.102842162491  0.000554200711 -0.080407957480  0.026583690403  0.188183549328  0.039692705142 -0.135769975796 -0.000419792368 -0.104466983268  0.029475722994  0.188183549328  0.000000000000
  0.891176470588  0.003004336145  0.000807642989 -0.117567440781  0.038868994378  0.250950088714  0.058036168402  0.003966258934 -0.000611768184 -0.152745029892  0.043097541912  0.250950088714  0.000000000000
  0.894117647059  0.128074701941  0.000473216576 -0.069112808446  0.022849398992  0.223777108505  0.034116950774  0.169081423040 -0.000358449029 -0.089792190098  0.025335179016  0.223777108505  0.000000000000
  0.897058823529  0.113626339446 -0.001052251206  0.154185765100 -0.050975385677  0.147553247237 -0.076112493129  0.150007010575  0.000797052433  0.200319996274 -0.056520984292  0.147553247237 -0.000000000000
  0.900000000000 -0.151525146944 -0.000980054844  0.144077715753 -0.047633561523  0.181066849448 -0.071122740436 -0.200040188135  0.000742365600  0.187187497263 -0.052815603980  0.181066849448 -0.000000000000
  0.902941176471 -0.135117940873  0.000960414033 -0.141651729368  0.046831505695  0.084718746983  0.069925172866 -0.178379753182 -0.000727488205 -0.184035626640  0.051926292712  0.084718746983  0.000000000000
  0.905882352941  0.089093522876  0.000873906275 -0.129312522313  0.042752038059  0.183706088291  0.063834028126  0.117619322186 -0.000661960869 -0.168004380762  0.047403020880  0.183706088291  0.000000000000
  0.908823529412  0.109329233992 -0.000160425158  0.023815294843 -0.007873579243  0.256021799604 -0.011756217987  0.144334065846  0.000121517810  0.030941116847 -0.008730143829  0.256021799604 -0.000000000000
  0.911764705882  0.051153680205 -0.000749615821  0.111641444286 -0.036909799529  0.187482801677 -0.055110850574  0.067531970887  0.000567814140  0.145045904134 -0.040925206778  0.187482801677 -0.000000000000
  0.914705882353 -0.110922822006 -0.000815072702  0.121781619653 -0.040262244872  0.249698494612 -0.060116462003 -0.146437885923  0.000617395995  0.158220141654 -0.044642363755  0.249698494612 -0.000000000000
  0.917647058824 -0.154587475958  0.000828847888 -0.124237996077  0.041074347957  0.062012630326  0.061329031358 -0.204083007988 -0.000627830334 -0.161411495380  0.045542815319  0.062012630326  0.000000000000
  0.920588235294  0.113203223873  0.001162207441 -0.174764411017  0.057778895791  0.164212789659  0.086270966869  0.149448422640 -0.000880341370 -0.227056019997  0.064064646458  0.164212789659  0.000000000000
  0.923529411765  0.150769427027 -0.000612435609  0.092387898889 -0.030544381154  0.165407951812 -0.045606501449  0.199042503214  0.000463903761  0.120031466908 -0.033867296235  0.165407951812 -0.000000000000
  0.926470588235 -0.037443592751 -0.000869739825  0.131620919064 -0.043515217556  0.132706231063 -0.064973548572 -0.049432212998  0.000658804893  0.171003477522 -0.048249226471  0.132706231063 -0.000000000000
  0.929411764706 -0.099152653066 -0.000209782195  0.031847893748 -0.010529238323  0.302313940980 -0.015721442200 -0.130899166069  0.000158904459  0.041377165738 -0.011674711353  0.302313940980 -0.000000000000
  0.932352941176 -0.099874299038  0.000585194568 -0.089121924622  0.029464616769  0.112472360363  0.043994280996 -0.131851867314 -0.000443269394 -0.115788273947  0.032670064570  0.112472360363  0.000000000000
  0.935294117647  0.080128806749  0.001075198165 -0.164263337657  0.054307133893  0.248243517585  0.081087201212  0.105784299837 -0.000814434147 -0.213412899472  0.060215192508  0.248243517585  0.000000000000
  0.938235294118  0.182538944556 -0.000541628026  0.083007401721 -0.027443093168  0.020660475839 -0.040975898709  0.240983926084  0.000410268891  0.107844212419 -0.030428619956  0.020660475839 -0.000000000000
  0.941176470588 -0.067911476017 -0.001230487886  0.189170028540 -0.062541539792  0.122252801093 -0.093382177583 -0.089655246755  0.000932062000  0.245771971153 -0.069345417229  0.122252801093 -0.000000000000
  0.944117647059 -0.149890903298  0.000260958826 -0.040244082476  0.013305103906  0.229344564262  0.019866149440 -0.197882695382 -0.000197669402 -0.052285594889  0.014752562612  0.229344564262 -0.000000000000
  0.947058823529 -0.012474917437  0.000753304600 -0.116533690322  0.038527225938  0.065691546910  0.057525866270 -0.016469113420 -0.000570608293 -0.151401968890  0.042718592575  0.065691546910  0.000000000000
  0.950000000000  0.073816963942  0.000521974023 -0.080998396427  0.026778895538  0.322887548953  0.039984170312  0.097451542879 -0.000395381505 -0.105234088632  0.029692164443  0.322887548953  0.000000000000
  0.952941176471  0.138479603568 -0.000340667390  0.053027430363 -0.017531409028  0.034679724630 -0.026176540529  0.182817746819  0.000258046530  0.068893873866 -0.019438646341  0.034679724630 -0.000000000000
  0.955882352941 -0.039664944330 -0.001233592965  0.192610630724 -0.063679037946  0.219984109718 -0.095080601623 -0.052364792817  0.000934414015  0.250242042797 -0.070606663505  0.219984109718 -0.000000000000
  0.958823529412 -0.194961410662  0.000227200676 -0.035583792069  0.011764364391  0.092017704548  0.017565636669 -0.257383794404 -0.000172098498 -0.046230889667  0.013044206456  0.092017704548 -0.000000000000
  0.961764705882  0.020939822725  0.001184684467 -0.186112462492  0.061530677288  0.060268362501  0.091872836078  0.027644296422 -0.000897367122 -0.241799544651  0.068224583263  0.060268362501  0.000000000000
  0.964705882353  0.132827705785  0.000057588337 -0.009074723273  0.003000196020  0.270806717579  0.004479660054  0.175356234861 -0.000043621641 -0.011789989375  0.003326586545  0.270806717579  0.000000000000
  0.967647058824  0.055560833927 -0.000543714790  0.085939347769 -0.028412424419  0.009264627171 -0.042423228969  0.073350198934  0.000411849560  0.111653431909 -0.031503404495  0.009264627171 -0.000000000000
  0.970588235294 -0.036390393527 -0.000750226778  0.118940979305 -0.039323100216  0.316387467590 -0.058714204026 -0.048041802396  0.000568276924  0.154529547625 -0.043601049803  0.316387467590 -0.000000000000
  0.973529411765 -0.163514696826  0.000048598501 -0.007728155941  0.002555007133  0.037150392280  0.003814938529 -0.215868529915 -0.000036812078 -0.010040512938  0.002832965678  0.037150392280 -0.000000000000
  0.976470588235 -0.005594036649  0.001282023722 -0.204483915957  0.067604467078  0.168276133507  0.100941748015 -0.007385124953 -0.000971099031 -0.265667957454  0.074959139025  0.168276133507  0.000000000000
  0.979411764706  0.191036623113  0.000077858309 -0.012455874155  0.004118038968  0.145023019681  0.006148736464  0.252202375639 -0.000058975608 -0.016182821175  0.004566039329  0.145023019681  0.000000000000
  0.982352941176  0.022431626456 -0.001036203982  0.166271085577 -0.054970915821  0.013925697556 -0.082078308917  0.029613743111  0.000784897086  0.216021389663 -0.060951187096  0.013925697556 -0.000000000000
  0.985294117647 -0.101606124100 -0.000312981874  0.050371977675 -0.016653489300  0.292461507660 -0.024865698868 -0.134138184919  0.000237075484  0.065443877868 -0.018465217960  0.292461507660 -0.000000000000
  0.988235294118 -0.087565756522  0.000268320689 -0.043313017980  0.014319725267  0.125819284737  0.021381103380 -0.115602398428 -0.000203245819 -0.056272792723  0.015877564361  0.125819284737  0.000000000000
  0.991176470588 -0.008408418500  0.000880099201 -0.142490705286  0.047108879685  0.000000000000  0.070339326201 -0.011100610378 -0.000666651846 -0.185125634220  0.052233842145  0.000000000000  0.000000000000
  0.994117647059  0.176589987079  0.000269198747 -0.043713415667  0.014452100824  0.007230414166  0.021578756297  0.233130242409 -0.000203910924 -0.056792994203  0.016024341019  0.007230414166  0.000000000000
  0.997058823529  0.075970427848 -0.001075504945  0.175160879965 -0.057909972467  0.007022024499 -0.086466680397  0.100294498873  0.000814666525  0.227571117211 -0.064209982930  0.007022024499 -0.000000000000
  1.000000000000  0.000000000000  0.001164013857 -0.190135002999  0.062860570185  0.007997339596  0.093858529028  0.000000000000 -0.000881709682 -0.247025677549  0.069699154853  0.007997339596  0.000000000000
