             Rad         v_r[Re]         v_t[Re]         v_x[Re]         p[Re]          p_mg[Re]  p_no_phase[Re]         v_r[Im]         v_t[Im]         v_x[Im]         p[Im]          p_mg[Im]  p_no_phase[Im]
  0.250000000000  0.000000000000  0.059457091159 -0.158937332871  0.122002563810  0.658432073347  0.269670195392  0.000000000000 -0.009459799078 -0.841062667129  0.240494051291  0.658432073347  0.000000000000
  0.252941176471  0.040159949158  0.055822774887 -0.150977840475  0.115892743912  0.765938808454  0.256165263411  0.252414849228 -0.008881568609 -0.798942720967  0.228450244226  0.765938808454  0.000000000000
  0.255882352941  0.075809521542  0.046725160881 -0.127841952498  0.098133306288  0.795284986324  0.216910424295  0.476480905763 -0.007434111310 -0.676512507142  0.193442462673  0.795284986324  0.000000000000
  0.258823529412  0.103457228730  0.033274210020 -0.092086032623  0.070686552166  0.744055082492  0.156243079972  0.650253332968 -0.005294025240 -0.487299760251  0.139338836589  0.744055082492  0.000000000000
  0.261764705882  0.120349402326  0.016947968746 -0.047436320861  0.036412796529  0.618534837922  0.080485570533  0.756424668858 -0.002696471960 -0.251022952388  0.071777679769  0.618534837922  0.000000000000
  0.264705882353  0.124960469069 -0.000521328824  0.001475562412 -0.001132662755  0.431949666018 -0.002503598096  0.785406322003  0.000082944958  0.007808363429 -0.002232728937  0.431949666018  0.000000000000
  0.267647058824  0.116910885683 -0.017374940198  0.049724227832 -0.038169026555  0.203858423945 -0.084367479892  0.734812772474  0.002764404381  0.263130070989 -0.075239597787  0.203858423945 -0.000000000000
  0.270588235294  0.097188309614 -0.031935086972  0.092397297208 -0.070925483302  0.042393968948 -0.156771204989  0.610851682651  0.005080966802  0.488946906443 -0.139809822731  0.042393968948 -0.000000000000
  0.273529411765  0.067870805822 -0.042849370977  0.125322986675 -0.096199712192  0.281841856230 -0.212636475605  0.426584185935  0.006817461671  0.663182674087 -0.189630920823  0.281841856230 -0.000000000000
  0.276470588235  0.032031592093 -0.049121859081  0.145213163047 -0.111467695290  0.490335540162 -0.246384290871  0.201326188364  0.007815433083  0.768437270264 -0.219727494171  0.490335540162 -0.000000000000
  0.279411764706 -0.006661222501 -0.050300138026  0.150278246513 -0.115355725608  0.647357577331 -0.254978256953 -0.041867370565  0.008002900748  0.795240618050 -0.227391662311  0.647357577331 -0.000000000000
  0.282352941176 -0.044284867895 -0.046399712223  0.140084426648 -0.107530804074  0.737359753029 -0.237682324368 -0.278340946320  0.007382331465  0.741297084655 -0.211967010386  0.737359753029 -0.000000000000
  0.285294117647 -0.077044782881 -0.037991230443  0.115893327039 -0.088961370950  0.752239266056 -0.196637099559 -0.484244817605  0.006044517142  0.613282914603 -0.175362548458  0.752239266056 -0.000000000000
  0.288235294118 -0.101717130224 -0.026027830505  0.080217178525 -0.061575850462  0.690885257918 -0.136105103917 -0.639316399248  0.004141104824  0.424492300842 -0.121379627418  0.690885257918 -0.000000000000
  0.291176470588 -0.115858870966 -0.011830594584  0.036833679386 -0.028274057696  0.560612453024 -0.062495987176 -0.728200609314  0.001882282593  0.194916021710 -0.055734424502  0.560612453024 -0.000000000000
  0.294117647059 -0.118196839064  0.003133979577 -0.009855972860  0.007565585354  0.374814666800  0.016722704974 -0.742895295874 -0.000498625421 -0.052155718678  0.014913442925  0.374814666800  0.000000000000
  0.297058823529 -0.108556489041  0.017337017835 -0.055067975005  0.042270963109  0.153174015479  0.093434256830 -0.682303399006 -0.002758370821 -0.291408048030  0.083325422455  0.153174015479  0.000000000000
  0.300000000000 -0.088087159070  0.029391439518 -0.094281040296  0.072371471365  0.082018608261  0.159967366377 -0.553648782977 -0.004676264967 -0.498915275464  0.142660185188  0.082018608261  0.000000000000
  0.302941176471 -0.058893374555  0.038152626648 -0.123584784399  0.094865443331  0.306530509220  0.209687254432 -0.370158891399 -0.006070195756 -0.653984476184  0.187000781637  0.306530509220  0.000000000000
  0.305882352941 -0.024067720569  0.042839241480 -0.140113005398  0.107552741530  0.498149946556  0.237730814153 -0.151271358309 -0.006815850038 -0.741448317342  0.212010253968  0.498149946556  0.000000000000
  0.308823529412  0.012887309502  0.043105330216 -0.142338902334  0.109261371769  0.637556025786  0.241507510608  0.080999810833 -0.006858185543 -0.753227291984  0.215378342271  0.637556025786  0.000000000000
  0.311764705882  0.048164113337  0.039038936362 -0.130138914135  0.099896486805  0.711381962763  0.220807696776  0.302722928218 -0.006211210253 -0.688667541116  0.196918081647  0.711381962763  0.000000000000
  0.314705882353  0.078272634413  0.031182104004 -0.104928274300  0.080544440060  0.712617066929  0.178032610221  0.491962157037 -0.004961164984 -0.555258180352  0.158770915087  0.712617066929  0.000000000000
  0.317647058824  0.100177045223  0.020407731825 -0.069314138694  0.053206521566  0.641862863551  0.117605832358  0.629636598068 -0.003246930500 -0.366795725754  0.104881828109  0.641862863551  0.000000000000
  0.320588235294  0.111777067697  0.007893703700 -0.027058932257  0.020770822372  0.506910099734  0.045911098527  0.702545503211 -0.001255911608 -0.143190132382  0.040943887284  0.506910099734  0.000000000000
  0.323529411765  0.111971135482 -0.005083325391  0.017585063157 -0.013498545314  0.321862811338 -0.029836711941  0.703765265481  0.000808772106  0.093056425782 -0.026608619916  0.321862811338 -0.000000000000
  0.326470588235  0.100853764231 -0.017189454371  0.060005133618 -0.046060796484  0.106013590531 -0.101811171831  0.633889938275  0.002734893037  0.317534444617 -0.090796022693  0.106013590531 -0.000000000000
  0.329411764706  0.079649087972 -0.027260211594  0.096017541561 -0.073704434506  0.118811159808 -0.162913701432  0.500613495620  0.004337180301  0.508104471979 -0.145287750510  0.118811159808 -0.000000000000
  0.332352941176  0.050573226670 -0.034319035601  0.121959842717 -0.093618114917  0.329520052099 -0.206930203378  0.317864779531  0.005460260080  0.645385629324 -0.184542021311  0.329520052099 -0.000000000000
  0.335294117647  0.016657560784 -0.037759777197  0.135374732443 -0.103915575623  0.505306022812 -0.229691349979  0.104696738469  0.006007692246  0.716374381489 -0.204840595093  0.505306022812 -0.000000000000
  0.338235294118 -0.018668400027 -0.037313408190  0.134947889344 -0.103587924771  0.628306052391 -0.228967122009 -0.117335342226  0.005936673616  0.714115618309 -0.204194722759  0.628306052391 -0.000000000000
  0.341176470588 -0.051776383292 -0.033140942469  0.120899966613 -0.092804538901  0.686958258974 -0.205131903439 -0.325426905570  0.005272821978  0.639776989700 -0.182938282948  0.686958258974 -0.000000000000
  0.344117647059 -0.079397044732 -0.025743393535  0.094722901872 -0.072710650614  0.675437503507 -0.160717076312 -0.499029343804  0.004095850061  0.501253513240 -0.143328782544  0.675437503507 -0.000000000000
  0.347058823529 -0.098723627852 -0.015952043628  0.059197269197 -0.045440668231  0.595913257473 -0.100440462052 -0.620501523588  0.002538017328  0.313259397386 -0.089573612677  0.595913257473 -0.000000000000
  0.350000000000 -0.107939452836 -0.004804040057  0.017978643395 -0.013800663119  0.456575961504 -0.030504502558 -0.678425179437  0.000764336984  0.095139168953 -0.027204160965  0.456575961504  0.000000000000
  0.352941176471 -0.106129235075  0.006549869344 -0.024718221509  0.018974059413  0.272361008857  0.041939596592 -0.667047529495 -0.001042103587 -0.130803587385  0.037402069885  0.272361008857  0.000000000000
  0.355882352941 -0.093633856365  0.016962168641 -0.064546111509  0.049546515887  0.061939134718  0.109515883952 -0.588511097070 -0.002698731205 -0.341564336823  0.097667146991  0.061939134718  0.000000000000
  0.358823529412 -0.071740253238  0.025420848547 -0.097533365603  0.074868002663  0.152957162706  0.165485611745 -0.450904584906 -0.004044532199 -0.516125891419  0.147581400834  0.152957162706  0.000000000000
  0.361764705882 -0.042795174068  0.031113223698 -0.120352041034  0.092383943412  0.350739195139  0.204202233895 -0.268977865674 -0.004950205924 -0.636877483712  0.182109196163  0.350739195139  0.000000000000
  0.364705882353 -0.009732289005  0.033550864184 -0.130836444321  0.100431920925  0.511447371205  0.221991201608 -0.061169755275 -0.005338041735 -0.692358722967  0.197973540784  0.511447371205  0.000000000000
  0.367647058824  0.024033647218  0.032549301739 -0.127954341536  0.098219577717  0.619128175386  0.217101115641  0.151057199181 -0.005178690188 -0.677107246101  0.193612522750  0.619128175386  0.000000000000
  0.370588235294  0.055110476244  0.028310785843 -0.112182678875  0.086113024490  0.663377631408  0.190341214272  0.346382474175 -0.004504329771 -0.593646951260  0.169747827273  0.663377631408  0.000000000000
  0.373529411765  0.080362014258  0.021315859489 -0.085135346239  0.065351106153  0.640048232253  0.144449796913  0.505094407192 -0.003391416297 -0.450518201617  0.128821491813  0.640048232253 -0.000000000000
  0.376470588235  0.097281538745  0.012352328441 -0.049723551131  0.038168507110  0.552252065028  0.084366331729  0.611437649950 -0.001965291993 -0.263126490031  0.075238573846  0.552252065028 -0.000000000000
  0.379411764706  0.104234307722  0.002344501420 -0.009511380315  0.007301071201  0.409052991103  0.016138032152  0.655137459581 -0.000373017111 -0.050332207992  0.014392026996  0.409052991103 -0.000000000000
  0.382352941176  0.100568637287 -0.007659424306  0.031314307923 -0.024037309432  0.225718647294 -0.053131227154  0.632097847493  0.001218637064  0.165708678162 -0.047382856121  0.225718647294 -0.000000000000
  0.385294117647  0.086773519276 -0.016673071879  0.068689484168 -0.052727027841  0.020689824129 -0.116545976218  0.545392243876  0.002652735055  0.363490186442 -0.103936639871  0.020689824129 -0.000000000000
  0.388235294118  0.064273127899 -0.023798927387  0.098794928673 -0.075836396470  0.184689114607 -0.167626115511  0.403971922985  0.003786479745  0.522801815705 -0.149490319325  0.184689114607 -0.000000000000
  0.391176470588  0.035466415849 -0.028376026362  0.118687930348 -0.091106548312  0.370082776829 -0.201378724491  0.222914874073  0.004514709731  0.628071362789 -0.179591167746  0.370082776829 -0.000000000000
  0.394117647059  0.003250922842 -0.029993371102  0.126396025030 -0.097023391739  0.516428219713 -0.214457108037  0.020432824649  0.004772034063  0.668860965551 -0.191254575482  0.516428219713 -0.000000000000
  0.397058823529 -0.029019582653 -0.028558829178  0.121248815374 -0.093072320187  0.609622530601 -0.205723797817 -0.182394991370  0.004543794200  0.641623023383 -0.183466139119  0.609622530601 -0.000000000000
  0.400000000000 -0.058149868515 -0.024283191818  0.103859927645 -0.079724361929  0.640226300700 -0.176219938233 -0.365485778789  0.003863527648  0.549604716370 -0.157154359615  0.640226300700 -0.000000000000
  0.402941176471 -0.081144638319 -0.017654818801  0.076065402664 -0.058388888090  0.605925917923 -0.129060753874 -0.510013385891  0.002808933894  0.402521983258 -0.115097419337  0.605925917923  0.000000000000
  0.405882352941 -0.095787948583 -0.009397944290  0.040786392053 -0.031308216321  0.510381332277 -0.069202585167 -0.602050079912  0.001495240736  0.215832939078 -0.061715422583  0.510381332277  0.000000000000
  0.408823529412 -0.100596616586 -0.000366769772  0.001603288483 -0.001230707109  0.363893958205 -0.002720311903 -0.632273704055  0.000058354156  0.008484262717 -0.002425996056  0.363893958205  0.000000000000
  0.411764705882 -0.095207112201  0.008500838672 -0.037427700608  0.028730036859  0.181536574857  0.063503867554 -0.598399384857 -0.001352508578 -0.198059456072  0.056633260337  0.181536574857  0.000000000000
  0.414705882353 -0.080194511128  0.016333267623 -0.072426171327  0.055595362205  0.017951008471  0.122886042068 -0.504041610109 -0.002598671193 -0.383263942625  0.109590761638  0.017951008471  0.000000000000
  0.417647058824 -0.057177440151  0.022346988150 -0.099795436014  0.076604400177  0.214188944872  0.169323684014 -0.359373834823 -0.003555471917 -0.528096288425  0.151004224583  0.214188944872  0.000000000000
  0.420588235294 -0.028524234630  0.025994822276 -0.116903153593  0.089736528217  0.387476995809  0.198350480041 -0.179281611019 -0.004135853117 -0.618626702617  0.176890554966  0.387476995809  0.000000000000
  0.423529411765  0.002820581901  0.026939556824 -0.121999001431  0.093648173704  0.520191487454  0.206996644269  0.017728029300 -0.004286163178 -0.645592848936  0.184601273833  0.520191487454 -0.000000000000
  0.426470588235  0.033654792283  0.025161537886 -0.114738329078  0.088074778040  0.599470466644  0.194677405632  0.211528388311 -0.004003275106 -0.607170910277  0.173614877637  0.599470466644 -0.000000000000
  0.429411764706  0.060882963947  0.020877070446 -0.095857422990  0.073581525207  0.617276366863  0.162642027021  0.382663934781 -0.003321603662 -0.507257158451  0.145045469084  0.617276366863 -0.000000000000
  0.432352941176  0.081735947988  0.014584964108 -0.067425788873  0.051756997307  0.572631387369  0.114401854689  0.513729908051 -0.002320510932 -0.356802978875  0.102024495030  0.572631387369 -0.000000000000
  0.435294117647  0.094192788740  0.006944354463 -0.032321903764  0.024810754372  0.470022590913  0.054840822770  0.592024120225 -0.001104867337 -0.171040661723  0.048907487255  0.470022590913 -0.000000000000
  0.438235294118  0.096990570267 -0.001237327582  0.005797947780 -0.004450587419  0.320691354508 -0.009837422602  0.609608843741  0.000196862478  0.030681510352 -0.008773092675  0.320691354508 -0.000000000000
  0.441176470588  0.089975654011 -0.009134540657  0.043090477739 -0.033076865359  0.139606475162 -0.073111945076  0.565518423648  0.001453332439  0.228025672006 -0.065201821223  0.139606475162 -0.000000000000
  0.444117647059  0.073853077128 -0.015953394034  0.075758850453 -0.058153574240  0.054233595214 -0.128540624379  0.464184186469  0.002538232181  0.400899773953 -0.114633563666  0.054233595214 -0.000000000000
  0.447058823529  0.050389159578 -0.021030255832  0.100529027368 -0.077167515364  0.241518635437 -0.170568374108  0.316707874000  0.003345975911  0.531978298332 -0.152114249229  0.241518635437 -0.000000000000
  0.450000000000  0.021935898353 -0.023890742730  0.114954087735 -0.088240397462  0.402954575664 -0.195043485005  0.137872347738  0.003801087837  0.608312659344 -0.173941350169  0.402954575664 -0.000000000000
  0.452941176471 -0.008521543363 -0.024284163839  0.117610802141 -0.090279729336  0.522644201035 -0.199551152777 -0.053559930438  0.003863682300  0.622371428698 -0.177961324578  0.522644201035  0.000000000000
  0.455882352941 -0.037949015123 -0.022227902653  0.108351149017 -0.083171887518  0.588504106340 -0.183840228087 -0.238518602030  0.003536525062  0.573371307628 -0.163950195455  0.588504106340  0.000000000000
  0.458823529412 -0.063314904285 -0.017963893627  0.088130941556 -0.067650567847  0.594334228361 -0.149532446531 -0.397949259258  0.002858108613  0.466370256896 -0.133354239661  0.594334228361  0.000000000000
  0.461764705882 -0.082121334667 -0.011978213272  0.059141867060 -0.045398140761  0.539874342470 -0.100346460821 -0.516152155152  0.001905769163  0.312966221024 -0.089489781622  0.539874342470  0.000000000000
  0.464705882353 -0.092469681237 -0.004889747045  0.024296673448 -0.018650473109  0.430971573946 -0.041224352754 -0.581193979005  0.000777973219  0.128572844424 -0.036764209672  0.430971573946  0.000000000000
  0.467647058824 -0.093385748803  0.002549197154 -0.012746879670  0.009784686658  0.279137505778  0.021627728799 -0.586951681931 -0.000405584808 -0.067453784580  0.019287782662  0.279137505778  0.000000000000
  0.470588235294 -0.084828649143  0.009601198421 -0.048311304514  0.037084446463  0.099801510192  0.081970162030 -0.533168271694 -0.001527579069 -0.255653180365  0.073101650417  0.099801510192  0.000000000000
  0.473529411765 -0.067717121487  0.015545058344 -0.078708487940  0.060417758049  0.088389667753  0.133545296995 -0.425618243274 -0.002473264765 -0.416508630145  0.119096770997  0.088389667753  0.000000000000
  0.476470588235 -0.043859942356  0.019819986503 -0.100976823771  0.077511250271  0.266674350120  0.171328153710 -0.275670188066 -0.003153418480 -0.534347941954  0.152791826795  0.266674350120 -0.000000000000
  0.479411764706 -0.015681477385  0.022010141336 -0.112827190156  0.086607760542  0.416618588708  0.191434761521 -0.098561821735 -0.003501878593 -0.597057568309  0.170723061513  0.416618588708  0.000000000000
  0.482352941176  0.013888372763  0.021946929199 -0.113193358944  0.086888836927  0.523650507756  0.192056042921  0.087291731953 -0.003491821355 -0.598995255900  0.171277125267  0.523650507756 -0.000000000000
  0.485294117647  0.041901648406  0.019666298623 -0.102049271913  0.078334476762  0.576696300468  0.173147784724  0.263361843996 -0.003128966284 -0.540023110139  0.154414588382  0.576696300468 -0.000000000000
  0.488235294118  0.065461884938  0.015446561813 -0.080638650582  0.061899378425  0.571179290897  0.136820218798  0.411443544217 -0.002457593676 -0.426722641602  0.122017372626  0.571179290897 -0.000000000000
  0.491176470588  0.082279452276  0.009742516604 -0.051167118792  0.039276610238  0.507538259510  0.086815644085  0.517145961994 -0.001550063210 -0.270765544025  0.077422890324  0.507538259510 -0.000000000000
  0.494117647059  0.090614360206  0.003157318155 -0.016681341199  0.012804835449  0.392998543953  0.028303359942  0.569532844266 -0.000502338658 -0.088274120790  0.025241164259  0.392998543953 -0.000000000000
  0.497058823529  0.089747490951 -0.003628142763  0.019282991473 -0.014801899309  0.239087707995 -0.032717599977  0.564084364450  0.000577248246  0.102041502432 -0.029177819060  0.239087707995 -0.000000000000
  0.500000000000  0.079747788616 -0.009931374559  0.053095977398 -0.040757229617  0.061958395411 -0.090088353320  0.501233852685  0.001580111069  0.280972654802 -0.080341518767  0.061958395411 -0.000000000000
  0.502941176471  0.061750546333 -0.015117426790  0.081297524461 -0.062405139413  0.120536084738 -0.137938135178  0.388116896793  0.002405227320  0.430209262477 -0.123014339454  0.120536084738 -0.000000000000
  0.505882352941  0.037567051627 -0.018693889059  0.101118692357 -0.077620150620  0.289702921111 -0.171568863231  0.236117870451  0.002974253046  0.535098680429 -0.153006493483  0.289702921111 -0.000000000000
  0.508823529412  0.009735315373 -0.020314870223  0.110525755519 -0.084841146487  0.428526477379 -0.187529899666  0.061188776720  0.003232155944  0.584878864165 -0.167240674274  0.428526477379  0.000000000000
  0.511764705882 -0.018939431710 -0.019865777724  0.108707161804 -0.083445168011  0.523130713931 -0.184444277720 -0.119038840932  0.003160703999  0.575255251810 -0.164488891781  0.523130713931  0.000000000000
  0.514705882353 -0.045520050718 -0.017410974779  0.095821832483 -0.073554205426  0.564044973870 -0.162581640334 -0.286104364669  0.002770137589  0.507068821035 -0.144991615750  0.564044973870  0.000000000000
  0.517647058824 -0.067332931644 -0.013249235245  0.073334243440 -0.056292411312  0.547634676073 -0.124426775008 -0.423203518571  0.002107992519  0.388069267716 -0.110964799678  0.547634676073  0.000000000000
  0.520588235294 -0.082197778811 -0.007812078720  0.043485374452 -0.033379993709  0.475586940400 -0.073781969367 -0.516632624809  0.001242924833  0.230115381687 -0.065799354280  0.475586940400  0.000000000000
  0.523529411765 -0.088626499586 -0.001685778349  0.009436779578 -0.007243806612  0.355884842276 -0.016011456508 -0.557038666629  0.000268212322  0.049937436711 -0.014279145818  0.355884842276  0.000000000000
  0.526470588235 -0.086048004398  0.004515481972 -0.025419118199  0.019512077710  0.200507707705  0.043128813398 -0.540832210003 -0.000718426539 -0.134512584061  0.038462623006  0.200507707705  0.000000000000
  0.529411764706 -0.074727384746  0.010151556942 -0.057465672966  0.044111470265  0.025878107223  0.097502449407 -0.469679418166 -0.001615142738 -0.304096157273  0.086953469346  0.025878107223  0.000000000000
  0.532352941176 -0.055918994562  0.014674471780 -0.083530366927  0.064119101139  0.150675268347  0.141726616167 -0.351464204449 -0.002334751867 -0.442024991391  0.126392937300  0.150675268347  0.000000000000
  0.535294117647 -0.031505105261  0.017637859179 -0.100953317630  0.077493206621  0.310735495325  0.171288270660 -0.198017093180 -0.002806235568 -0.534223552439  0.152756258769  0.310735495325  0.000000000000
  0.538235294118 -0.004066140406  0.018773832431 -0.108045669221  0.082937396868  0.438637371817  0.183321918165 -0.025556661277 -0.002986972273 -0.571754773312  0.163487962494  0.438637371817 -0.000000000000
  0.541176470588  0.023675100792  0.017995247585 -0.104130747530  0.079932247136  0.521125177077  0.176679440416  0.148803649464 -0.002863097121 -0.551037837783  0.157564147361  0.521125177077 -0.000000000000
  0.544117647059  0.048824828734  0.015410816226 -0.089660407174  0.068824607472  0.550476514933  0.152127502613  0.306875681920 -0.002451906447 -0.474463864668  0.135668531567  0.550476514933 -0.000000000000
  0.547058823529  0.068921622659  0.011314490819 -0.066183738513  0.050803581734  0.523654669034  0.112294458288  0.433188820129 -0.001800168958 -0.350230311712  0.100145101953  0.523654669034 -0.000000000000
  0.550000000000  0.081882655515  0.006136821358 -0.036090128190  0.027703297192  0.443941192480  0.061234398142  0.514651999811 -0.000976386431 -0.190981306432  0.054609329245  0.443941192480 -0.000000000000
  0.552941176471  0.086494533030  0.000427308386 -0.002526402845  0.001939302860  0.319524443427  0.004286567142  0.543638748848 -0.000067986028 -0.013369188197  0.003822795087  0.319524443427 -0.000000000000
  0.555882352941  0.082280106123 -0.005241489571  0.031154434109 -0.023914588012  0.163345134300 -0.052859968025  0.517150071582  0.000833936495  0.164862659837 -0.047140945045  0.163345134300 -0.000000000000
  0.558823529412  0.069754994254 -0.010284166943  0.061450589827 -0.047170349289  0.008570555217 -0.104263688501  0.438426759171  0.001636241381  0.325183492406 -0.092983196804  0.008570555217 -0.000000000000
  0.561764705882  0.050205806744 -0.014216849493  0.085396499714 -0.065551571285  0.178807643705 -0.144892898022  0.315555457751  0.002261942808  0.451900170435 -0.129216652949  0.178807643705 -0.000000000000
  0.564705882353  0.025665874439 -0.016643945818  0.100498796023 -0.077144309352  0.329895882347 -0.170517080352  0.161316136169  0.002648101013  0.531818320463 -0.152068505045  0.329895882347 -0.000000000000
  0.567647058824 -0.001346662666 -0.017359987390  0.105368318932 -0.080882224597  0.446890960535 -0.178779237334 -0.008464095722  0.002762025345  0.557586803245 -0.159436763157  0.446890960535  0.000000000000
  0.570588235294 -0.028095446808 -0.016303499775  0.099468577842 -0.076353499182  0.517728573986 -0.168769101240 -0.176586577395  0.002593935040  0.526366624280 -0.150509643199  0.517728573986  0.000000000000
  0.573529411765 -0.051835436241 -0.013623012435  0.083543199041 -0.064128951253  0.535880196553 -0.141748388514 -0.325798067427  0.002167461575  0.442092896219 -0.126412354054  0.535880196553  0.000000000000
  0.576470588235 -0.070218481440 -0.009600991437  0.059180072192 -0.045427467566  0.499296605089 -0.100411283763 -0.441339886564  0.001527546138  0.313168394486 -0.089547591244  0.499296605089  0.000000000000
  0.579411764706 -0.081348958636 -0.004674893947  0.028962852071 -0.022232298378  0.412465560224 -0.049141493920 -0.511297587761  0.000743789455  0.153265272357 -0.043824779903  0.412465560224  0.000000000000
  0.582352941176 -0.084201062359  0.000652678304 -0.004064131049  0.003119684965  0.283940304716  0.006895642417 -0.529223739222 -0.000103843049 -0.021506519823  0.006149589422  0.283940304716  0.000000000000
  0.585294117647 -0.078452805032  0.005831997369 -0.036498392115  0.028016686404  0.127472584484  0.061927102685 -0.493094572304 -0.000927888032 -0.193141752562  0.055227088733  0.127472584484  0.000000000000
  0.588235294118 -0.064809333468  0.010345043039 -0.065067726774  0.049946915204  0.041390140827  0.110400912585 -0.407342102742 -0.001645926948 -0.344324614211  0.098456422651  0.041390140827  0.000000000000
  0.591176470588 -0.044614590084  0.013746281519 -0.086892967303  0.066700281152  0.205022288909  0.147431966093 -0.280413328845 -0.002187074051 -0.459819159630  0.131481014296  0.205022288909  0.000000000000
  0.594117647059 -0.020029340707  0.015705449062 -0.099771169944  0.076585773195  0.347202829488  0.169282511587 -0.125889178668 -0.002498783403 -0.527967877528  0.150967506680  0.347202829488 -0.000000000000
  0.597058823529  0.006503494347  0.016052139930 -0.102478394240  0.078663877181  0.453318057032  0.173875879876  0.040876011535 -0.002553942945 -0.542293934505  0.155063909500  0.453318057032 -0.000000000000
  0.600000000000  0.032214466301  0.014766288643 -0.094733778095  0.072718999358  0.512969683730  0.160735530085  0.202475596333 -0.002349360202 -0.501311067910  0.143345239767  0.512969683730 -0.000000000000
  0.602941176471  0.054554818941  0.012012703632 -0.077445816099  0.059448513133  0.520223022395  0.131402911968  0.342890035630 -0.001911256682 -0.409826838475  0.117186174782  0.520223022395 -0.000000000000
  0.605882352941  0.071228349609  0.008078027829 -0.052333032630  0.040171582331  0.474597102591  0.088793859063  0.447687148625 -0.001285238123 -0.276935312854  0.079187078367  0.474597102591 -0.000000000000
  0.608823529412  0.080601210132  0.003391072743 -0.022075512170  0.016945478029  0.381071927425  0.037455691327  0.506597810251 -0.000539529704 -0.116818929882  0.033403287071  0.381071927425 -0.000000000000
  0.611764705882  0.081740902968 -0.001578860792  0.010327864037 -0.007927815753  0.249177194066 -0.017523366364  0.513761051280  0.000251201422  0.054652866736 -0.015627479199  0.249177194066 -0.000000000000
  0.614705882353  0.074571854843 -0.006310347036  0.041476573112 -0.031838009147  0.092766243451 -0.070373620680  0.468701875666  0.001003994879  0.219485230909 -0.062759761481  0.092766243451 -0.000000000000
  0.617647058824  0.059876556982 -0.010343703535  0.068312266714 -0.052437470343  0.072527443926 -0.115905948462  0.376338427211  0.001645713829  0.361494031656 -0.103365857965  0.072527443926 -0.000000000000
  0.620588235294  0.039152378817 -0.013267300979  0.088037636292 -0.067578945396  0.229453829665 -0.149374134773  0.246082029567  0.002110866831  0.465876505225 -0.133213055961  0.229453829665 -0.000000000000
  0.623529411765  0.014576049460 -0.014814078302  0.098767448288 -0.075815302135  0.362596636102 -0.167579489331  0.091613943841  0.002356963678  0.522656395335 -0.149448737722  0.362596636102  0.000000000000
  0.626470588235 -0.011395994605 -0.014836378793  0.099382714163 -0.076287588997  0.458039173585 -0.168623415675 -0.071626541375  0.002360511752  0.525912251896 -0.150379719640  0.458039173585  0.000000000000
  0.629411764706 -0.036053312558 -0.013361815423  0.089925441447 -0.069028051560  0.506787464963 -0.152577188302 -0.226603659727  0.002125904358  0.475866369844 -0.136069564885  0.506787464963  0.000000000000
  0.632352941176 -0.056973596270 -0.010554366063  0.071363139818 -0.054779364055  0.503590901126 -0.121082388328 -0.358092627459  0.001679230860  0.377638605265 -0.107982248712  0.503590901126  0.000000000000
  0.635294117647 -0.071970162857 -0.006719410178  0.045644477597 -0.035037352081  0.449501686349 -0.077445336284 -0.452349621639  0.001069078035  0.241540897750 -0.069066374389  0.449501686349  0.000000000000
  0.638235294118 -0.079629818781 -0.002258454035  0.015412543903 -0.011830888546  0.349798541915 -0.026150581809 -0.500492384163  0.000359326717  0.081559914514 -0.023321299388  0.349798541915  0.000000000000
  0.641176470588 -0.079127553400  0.002371623871 -0.016259442237  0.012480979788  0.215196340127  0.027587520729 -0.497335526571 -0.000377332373 -0.086041520940  0.024602773085  0.215196340127  0.000000000000
  0.644117647059 -0.070628696052  0.006695191307 -0.046111626640  0.035395942350  0.059212544012  0.078237951659 -0.443918183143 -0.001065224741 -0.244012951439  0.069773235161  0.059212544012  0.000000000000
  0.647058823529 -0.054962674550  0.010287300629 -0.071174995649  0.054634941908  0.101997116619  0.120763162669 -0.345453505312 -0.001636739960 -0.376642986215  0.107697560700  0.101997116619  0.000000000000
  0.650000000000 -0.033813080929  0.012784688486 -0.088855795836  0.068206976332  0.252162828936  0.150762312365 -0.212523270166 -0.002034081755 -0.470206032061  0.134451043913  0.252162828936 -0.000000000000
  0.652941176471 -0.009303868930  0.013961639414 -0.097474884365  0.074823111630  0.376061977785  0.165386386179 -0.058477033024 -0.002221338129 -0.515816421108  0.147492910675  0.376061977785 -0.000000000000
  0.655882352941  0.016026465677  0.013703636336 -0.096104566669  0.073771236221  0.461149286471  0.163061357603  0.100730155348 -0.002180289077 -0.508564990403  0.145419431473  0.461149286471 -0.000000000000
  0.658823529412  0.039621501635  0.012070157703 -0.085028457310  0.065269056686  0.499134743340  0.144268437645  0.249030578254 -0.001920397794 -0.449952568068  0.128659754157  0.499134743340 -0.000000000000
  0.661764705882  0.059089360357  0.009230181731 -0.065312469780  0.050134783427  0.486095273300  0.110816169926  0.371390708861 -0.001468549216 -0.345619742306  0.098826752490  0.486095273300 -0.000000000000
  0.664705882353  0.072458844489  0.005501140355 -0.039098896617  0.030012870754  0.423934377983  0.066339398678  0.455421102133 -0.000875247703 -0.206903071016  0.059162009822  0.423934377983 -0.000000000000
  0.667647058824  0.078427372237  0.001258269047 -0.008982613371  0.006895182152  0.318753367318  0.015240869210  0.492934721127 -0.000200194327 -0.047534085434  0.013591929861  0.318753367318 -0.000000000000
  0.670588235294  0.076378523936 -0.003050389257  0.021872249264 -0.016789450523  0.181901326870 -0.037110813590  0.480057221387  0.000485325954  0.115743305678 -0.033095722329  0.181901326870 -0.000000000000
  0.673529411765  0.066611390430 -0.006998897687  0.050404401701 -0.038691137719  0.026897905167 -0.085521536129  0.418668460122  0.001113545325  0.266729406893 -0.076268794430  0.026897905167 -0.000000000000
  0.676470588235  0.050084650135 -0.010184200508  0.073664477727 -0.056545903861  0.129902625269 -0.124987086062  0.314793959595  0.001620336426  0.389816797543 -0.111464489587  0.129902625269 -0.000000000000
  0.679411764706  0.028581546893 -0.012300211316  0.089356857973 -0.068591598775  0.273097050188 -0.151612468348  0.179641832250  0.001957000005  0.472857546653 -0.135209219863  0.273097050188  0.000000000000
  0.682352941176  0.004226377845 -0.013143291686  0.095894890590 -0.073610285871  0.387692257300 -0.162705598586  0.026563791761  0.002091136585  0.507455429046 -0.145102162717  0.387692257300  0.000000000000
  0.685294117647 -0.020411164886 -0.012645339187  0.092659454875 -0.071126719266  0.462635243231 -0.157216009919 -0.128289034604  0.002011910870  0.490334189234 -0.140206503349  0.462635243231  0.000000000000
  0.688235294118 -0.042910825779 -0.010875883963  0.080035702206 -0.061436546651  0.490076547067 -0.135797191651 -0.269704764238  0.001730385309  0.423531966639 -0.121105028780  0.490076547067  0.000000000000
  0.691176470588 -0.060916787265 -0.008025493842  0.059312054128 -0.045528778782  0.467758916772 -0.100635218528 -0.382876522393  0.001276879810  0.313866814905 -0.089747298070  0.467758916772  0.000000000000
  0.694117647059 -0.072692327903 -0.004403280472  0.032680725493 -0.025086191050  0.397915996003 -0.055449638358 -0.456888601021  0.000700574948  0.172939470234 -0.049450433898  0.397915996003  0.000000000000
  0.697058823529 -0.077004088163 -0.000376115277  0.002803319878 -0.002151868325  0.287985744216 -0.004756414403 -0.483989041603  0.000059841053  0.014834574426 -0.004241808657  0.287985744216  0.000000000000
  0.700000000000 -0.073497393584  0.003632481458 -0.027188403090  0.020870206030  0.149259587064  0.046130772683 -0.461948630647 -0.000577938545 -0.143875264574  0.041139794465  0.149259587064  0.000000000000
  0.702941176471 -0.062523209121  0.007229749687 -0.054340608710  0.041712626366  0.004113925570  0.092200128842 -0.392973266516 -0.001150274561 -0.287558979814  0.082224817179  0.004113925570  0.000000000000
  0.705882352941 -0.045250236458  0.010043560998 -0.075805776398  0.058189595265  0.156328895282  0.128620243991 -0.284408517756 -0.001597960264 -0.401148096105  0.114704569077  0.156328895282  0.000000000000
  0.708823529412 -0.023452659529  0.011812841090 -0.089531269220  0.068725479336  0.292189479243  0.151908393252 -0.147405553123 -0.001879457960 -0.473780493992  0.135473128075  0.292189479243 -0.000000000000
  0.711764705882  0.000646407361  0.012357861081 -0.094050695553  0.072194655455  0.397611969837  0.159576538680  0.004062824279 -0.001966172253 -0.497696339925  0.142311641902  0.397611969837 -0.000000000000
  0.714705882353  0.024563436277  0.011651682461 -0.089042685748  0.068350435694  0.462434116617  0.151079409917  0.154387049646 -0.001853817145 -0.471195013852  0.134733834063  0.462434116617 -0.000000000000
  0.717647058824  0.045910755278  0.009769161899 -0.074963606144  0.057543133365  0.479753845398  0.127191327243  0.288560035920 -0.001554302555 -0.396691509682  0.113430249617  0.479753845398 -0.000000000000
  0.720588235294  0.062475438507  0.006925587219 -0.053361253661  0.040960859461  0.448525859758  0.090538449597  0.392673016823 -0.001101881412 -0.282376440543  0.080742918250  0.448525859758 -0.000000000000
  0.723529411765  0.072660725551  0.003411884103 -0.026395671469  0.020261693930  0.371575222408  0.044785738844  0.456689972710 -0.000542840853 -0.139680296916  0.039940282459  0.371575222408 -0.000000000000
  0.726470588235  0.075382116587 -0.000402044015  0.003123013719 -0.002397269878  0.257446603645 -0.005298841403  0.473794563786  0.000063966392  0.016526326450 -0.004725549423  0.257446603645 -0.000000000000
  0.729411764706  0.070475367684 -0.004130464013  0.032214682869 -0.024728450084  0.117359980956 -0.054658900252  0.442954477820  0.000657169042  0.170473271478 -0.048745247289  0.117359980956 -0.000000000000
  0.732352941176  0.058384371496 -0.007395944242  0.057915700332 -0.044456917690  0.033865076670 -0.098266014300  0.366959685896  0.001176716606  0.306477606677 -0.087634422666  0.033865076670 -0.000000000000
  0.735294117647  0.040451723477 -0.009872203991  0.077617109659 -0.059580000512  0.181245953391 -0.131693547069  0.254248720343  0.001570696857  0.410733287675 -0.117445365505  0.181245953391  0.000000000000
  0.738235294118  0.018440381149 -0.011322070882  0.089372298595 -0.068603451217  0.309472256254 -0.151638666569  0.115902189250  0.001801374968  0.472939255149 -0.135232583648  0.309472256254  0.000000000000
  0.741176470588 -0.005321106193 -0.011604695194  0.091968184960 -0.070596090619  0.405855319085 -0.156043126936 -0.033444420263  0.001846341332  0.486676135409 -0.139160516862  0.405855319085  0.000000000000
  0.744117647059 -0.028478570251 -0.010713814636  0.085244817687 -0.065435137998  0.460560803215 -0.144635537961 -0.178994599520  0.001704599600  0.451097501311 -0.128987137175  0.460560803215  0.000000000000
  0.747058823529 -0.048626340206 -0.008743147941  0.069840104505 -0.053610260425  0.468255021128 -0.118498242596 -0.305628134224  0.001391060700  0.369579025309 -0.105677686744  0.468255021128  0.000000000000
  0.750000000000 -0.063770688394 -0.005916554056  0.047447392891 -0.036421295577  0.428383801103 -0.080504356532 -0.400813970978  0.000941341252  0.251081543222 -0.071794433273  0.428383801103  0.000000000000
  0.752941176471 -0.072366378084 -0.002517452580  0.020267706234 -0.015557780406  0.345032299359 -0.034388373087 -0.454839928745  0.000400534152  0.107252404162 -0.030667827970  0.345032299359  0.000000000000
  0.755882352941 -0.073575344802  0.001090285315 -0.008812043306  0.006764250138  0.227087816439  0.014951461668 -0.462438572622 -0.000173467619 -0.046631464816  0.013333833886  0.227087816439  0.000000000000
  0.758823529412 -0.067310513399  0.004552244243 -0.036935892556  0.028352517984  0.086326571467  0.062669413049 -0.423062614555 -0.000724275525 -0.195456912137  0.055889087092  0.086326571467  0.000000000000
  0.761764705882 -0.054213770804  0.007507057815 -0.061146677157  0.046937061588  0.062441701193  0.103748037536 -0.340746466829 -0.001194395104 -0.323575250994  0.092523335122  0.062441701193  0.000000000000
  0.764705882353 -0.035681548816  0.009673179135 -0.079094432669  0.060714014728  0.204551587232  0.134200132386 -0.224267036029 -0.001539031414 -0.418550967821  0.119680758470  0.204551587232  0.000000000000
  0.767647058824 -0.013564205347  0.010830147910 -0.088895183789  0.068237211086  0.325061304796  0.150829142208 -0.085254262501 -0.001723108568 -0.470414464756  0.134510643305  0.325061304796  0.000000000000
  0.770588235294  0.009811255594  0.010880897689 -0.089653934796  0.068819639183  0.412358404194  0.152116520880  0.061666079100 -0.001731183008 -0.474429614217  0.135658737969  0.412358404194 -0.000000000000
  0.773529411765  0.032140506522  0.009826519506 -0.081275342060  0.062388111885  0.457141453031  0.137900498127  0.202010741496 -0.001563428320 -0.430091877911  0.122980774428  0.457141453031  0.000000000000
  0.776470588235  0.051075795246  0.007790381357 -0.064679399869  0.049648829933  0.455558428586  0.109742035338  0.321023542775 -0.001239472718 -0.342269670565  0.097868830618  0.455558428586 -0.000000000000
  0.779411764706  0.064792496399  0.004988114222 -0.041570533737  0.031910134663  0.407441675425  0.070533044395  0.407236277755 -0.000793623728 -0.219982450612  0.062901936833  0.407441675425 -0.000000000000
  0.782352941176  0.071829107030  0.001711147859 -0.014314379002  0.010987921504  0.318300470516  0.024287316974  0.451463052156 -0.000272248686 -0.075748658696  0.021659624808  0.318300470516 -0.000000000000
  0.785294117647  0.071580371695 -0.001700065482  0.014275135785 -0.010957797850  0.196972856087 -0.024220732705  0.449899691314  0.000270485447  0.075540991910 -0.021600244421  0.196972856087 -0.000000000000
  0.788235294118  0.064019947258 -0.004904358550  0.041335228634 -0.031729511110  0.056193806040 -0.070133800417  0.402380622330  0.000780297952  0.218737265900 -0.062545887840  0.056193806040 -0.000000000000
  0.791176470588  0.050013487976 -0.007571838346  0.064055577409 -0.049169974915  0.089846141460 -0.108683590972  0.314346688469  0.001204701878  0.338968534374 -0.096924901411  0.089846141460 -0.000000000000
  0.794117647059  0.030949685853 -0.009447985124  0.080224367518 -0.061581368835  0.226203554047 -0.136117301536  0.194526149863  0.001503202380  0.424530343465 -0.121390505352  0.226203554047 -0.000000000000
  0.797058823529  0.008829544732 -0.010340590766  0.088128824791 -0.067648942988  0.339029942213 -0.149528855001  0.055495792427  0.001645218578  0.466359055427 -0.133351036705  0.339029942213  0.000000000000
  0.800000000000 -0.014117223604 -0.010182151301  0.087098722880 -0.066858222068  0.417078878842 -0.147781073163 -0.088730114014  0.001620010391  0.460907974517 -0.131792350792  0.417078878842  0.000000000000
  0.802941176471 -0.035542607625 -0.008987688132  0.077163865998 -0.059232084213  0.452307198082 -0.130924525063 -0.223393757538  0.001429967768  0.408334818322 -0.116759545489  0.452307198082  0.000000000000
  0.805882352941 -0.053270640508 -0.006902148983  0.059475517426 -0.045654255541  0.441621550514 -0.100912567963 -0.334818668202  0.001098152320  0.314731828019 -0.089994640529  0.441621550514  0.000000000000
  0.808823529412 -0.065534208787 -0.004134180429  0.035754067641 -0.027445332321  0.385859492710 -0.060664201624 -0.411898116838  0.000657760335  0.189202945259 -0.054100823399  0.385859492710  0.000000000000
  0.811764705882 -0.071069516724 -0.000982895844  0.008531392402 -0.006548818501  0.291331363265 -0.014475279121 -0.446688846100  0.000156381636  0.045146319739 -0.012909170457  0.291331363265  0.000000000000
  0.814705882353 -0.069390516673  0.002238566360 -0.019500829227  0.014969114676  0.167253626834  0.033087206969 -0.436135930730 -0.000356162530 -0.103194253636  0.029507437551  0.167253626834  0.000000000000
  0.817647058824 -0.060628811097  0.005194744137 -0.045416356927  0.034862243401  0.026901458161  0.077058282188 -0.381066523561 -0.000826499158 -0.240333731532  0.068721196430  0.026901458161  0.000000000000
  0.820588235294 -0.045775922385  0.007595638095 -0.066645649402  0.051158151122  0.115969102040  0.113078186048 -0.287712579064 -0.001208488489 -0.352674646204  0.100844036679  0.115969102040  0.000000000000
  0.823529411765 -0.026280002794  0.009199733411 -0.081009622953  0.062184142108  0.246274236914  0.137449650474 -0.165176079207 -0.001463704799 -0.428685748736  0.122578704862  0.246274236914  0.000000000000
  0.826470588235 -0.004226936115  0.009855063579 -0.087090159755  0.066851648891  0.351333670684  0.147766544043 -0.026567300621 -0.001567969767 -0.460862660277  0.131779393606  0.351333670684 -0.000000000000
  0.829411764706  0.018221836999  0.009505786049 -0.084302505156  0.064711805457  0.420092065459  0.143036709040  0.114528587192 -0.001512398679 -0.446110983188  0.127561288671  0.420092065459 -0.000000000000
  0.832352941176  0.038696246872  0.008195117668 -0.072936507905  0.055987103842  0.446082407230  0.123751934065  0.243215131613 -0.001303867462 -0.385964535592  0.110362971092  0.446082407230 -0.000000000000
  0.835294117647  0.055203884197  0.006071038461 -0.054223139709  0.041622455485  0.426504389518  0.092000818285  0.346969565418 -0.000965920177 -0.286937358771  0.082047070420  0.426504389518 -0.000000000000
  0.838235294118  0.066007660719  0.003350112563 -0.030026699407  0.023048922769  0.363716590792  0.050946531881  0.414873875037 -0.000533012818 -0.158894926903  0.045434527288  0.363716590792 -0.000000000000
  0.841176470588  0.070091436164  0.000323117060 -0.002906225164  0.002230859890  0.264147527393  0.004931014593  0.440541376737 -0.000051408880 -0.015379127378  0.004397518512  0.264147527393 -0.000000000000
  0.844117647059  0.067015207744 -0.002710509578  0.024464490749 -0.018779292063  0.138038466484 -0.041509089660  0.421206548156  0.000431250092  0.129460898000 -0.037018140337  0.138038466484 -0.000000000000
  0.847058823529  0.057149571003 -0.005432009272  0.049199005857 -0.037765858676  0.001583143616 -0.083476331728  0.359198670587  0.000864248743  0.260350707659 -0.074444864680  0.001583143616 -0.000000000000
  0.850000000000  0.041504617205 -0.007580975644  0.068901119921 -0.052889482464  0.140701943470 -0.116905060229  0.260866408299  0.001206155650  0.364610117978 -0.104256873883  0.140701943470 -0.000000000000
  0.852941176471  0.021689522395 -0.008933469393  0.081474459607 -0.062540957354  0.264856717203 -0.138238342400  0.136323816142  0.001421341406  0.431145565751 -0.123282066671  0.264856717203 -0.000000000000
  0.855882352941 -0.000248754060 -0.009372584464  0.085774004985 -0.065841349716  0.361885697018 -0.145533414120 -0.001563478534  0.001491205912  0.453897848288 -0.129787870361  0.361885697018  0.000000000000
  0.858823529412 -0.022108025623 -0.008852082279  0.081288971797 -0.062398574266  0.421539269391 -0.137923623806 -0.138954208642  0.001408392475  0.430164003590 -0.123001398096  0.421539269391  0.000000000000
  0.861764705882 -0.041616049827 -0.007444507360  0.068597283998 -0.052656253675  0.438411891173 -0.116389539480 -0.261566788879  0.001184443142  0.363002282692 -0.103797128329  0.438411891173  0.000000000000
  0.864705882353 -0.056861888790 -0.005293046771  0.048939147393 -0.037566387612  0.410367879866 -0.083035427872 -0.357390519333  0.000842139398  0.258975591762 -0.074051663072  0.410367879866  0.000000000000
  0.867647058824 -0.066235055031 -0.002629853611  0.024398151699 -0.018728369262  0.340986296559 -0.041396531684 -0.416303102467  0.000418417489  0.129109845815 -0.036917760228  0.340986296559  0.000000000000
  0.870588235294 -0.068886193640  0.000274629190 -0.002556476145  0.001962387554  0.236891521622  0.004337592742 -0.432966140302 -0.000043694317 -0.013528329725  0.003868300128  0.236891521622  0.000000000000
  0.873529411765 -0.064479731972  0.003121389945 -0.029154648730  0.022379524230  0.109317984318  0.049466916788 -0.405270478805 -0.000496622373 -0.154280219614  0.044114994636  0.109317984318  0.000000000000
  0.876470588235 -0.053578035920  0.005622597019 -0.052693440887  0.040448236850  0.029172228449  0.089405366525 -0.336750721614 -0.000894571817 -0.278842516935  0.079732425645  0.029172228449  0.000000000000
  0.879411764706 -0.037221972211  0.007530605566 -0.070811603047  0.054355996563  0.164048591355  0.120146591645 -0.233948964095 -0.001198141621 -0.374719989612  0.107147697697  0.164048591355  0.000000000000
  0.882352941176 -0.017176769124  0.008653529753 -0.081642798517  0.062670176703  0.281941508240  0.138523964324 -0.107960086596 -0.001376802181 -0.432036379573  0.123536786603  0.281941508240  0.000000000000
  0.885294117647  0.004583734653  0.008891952792 -0.084171870974  0.064611528796  0.370689868150  0.142815061018  0.028809864444 -0.001414735992 -0.445419694793  0.127363621181  0.370689868150 -0.000000000000
  0.888235294118  0.025776406293  0.008222204114 -0.078090559359  0.059943427255  0.421492217889  0.132496852817  0.162010855205 -0.001308176996 -0.413238683105  0.118161760038  0.421492217889 -0.000000000000
  0.891176470588  0.044300525882  0.006730896178 -0.064138508601  0.049233634081  0.429295042540  0.108824300963  0.278439360500 -0.001070905492 -0.339407388657  0.097050387714  0.429295042540 -0.000000000000
  0.894117647059  0.058245258744  0.004566412714 -0.043656818289  0.033511596444  0.393346157532  0.074072859445  0.366085329101 -0.000726529770 -0.231022626123  0.066058772393  0.393346157532 -0.000000000000
  0.897058823529  0.066227661986  0.001966206634 -0.018859593747  0.014476893175  0.317651319978  0.031999217797  0.416256635417 -0.000312829292 -0.099800971434  0.028537160049  0.317651319978 -0.000000000000
  0.900000000000  0.067453693717 -0.000813707867  0.007830568237 -0.006010855874  0.209725192414 -0.013286185368  0.423962536969  0.000129463329  0.041437706845 -0.011848727074  0.209725192414 -0.000000000000
  0.902941176471  0.061805165692 -0.003478344587  0.033582599965 -0.025778482759  0.081044580939 -0.056979855713  0.388460192476  0.000553414913  0.177711998721 -0.050815094054  0.081044580939 -0.000000000000
  0.905882352941  0.049911489124 -0.005769701760  0.055886565136 -0.042899324570  0.055715976739 -0.094823165003  0.313705601380  0.000917976617  0.295739853444 -0.084564061945  0.055715976739 -0.000000000000
  0.908823529412  0.032953417794 -0.007449354801  0.072390316571 -0.055567839583  0.186093694508 -0.122825207027  0.207120082534  0.001185214384  0.383074206858 -0.109536508459  0.186093694508 -0.000000000000
  0.911764705882  0.012734263847 -0.008361454634  0.081516752270 -0.062573421806  0.297423538395 -0.138310100687  0.080037882430  0.001330332165  0.431369369559 -0.123346061290  0.297423538395 -0.000000000000
  0.914705882353 -0.008754465013 -0.008414251329  0.082296090789 -0.063171653169  0.377861283102 -0.139632410348 -0.055023898502  0.001338732276  0.435493463762 -0.124525307690  0.377861283102 -0.000000000000
  0.917647058824 -0.029240279593 -0.007615420520  0.074722573483 -0.057358113256  0.419907242675 -0.126782365271 -0.183782124226  0.001211635931  0.395416015941 -0.113065534039  0.419907242675  0.000000000000
  0.920588235294 -0.046733165481 -0.006051457906  0.059567269245 -0.045724685546  0.418855970857 -0.101068243981 -0.293729079997  0.000962804853  0.315217359194 -0.090133473655  0.418855970857  0.000000000000
  0.923529411765 -0.059372079181 -0.003888583461  0.038399397456 -0.029475925220  0.375454531132 -0.065152553071 -0.373167664035  0.000618685131  0.203201469768 -0.058103571354  0.375454531132  0.000000000000
  0.926470588235 -0.065978620133 -0.001353530538  0.013408554123 -0.010292597406  0.293813203521 -0.022750396934 -0.414691348036  0.000215350712  0.070955225495 -0.020288987143  0.293813203521  0.000000000000
  0.929411764706 -0.065813437310  0.001297210447 -0.012891422943  0.009895640136  0.182705053600  0.021872976482 -0.413653134634 -0.000206390019 -0.068218676932  0.019506496520  0.182705053600  0.000000000000
  0.932352941176 -0.058993914297  0.003787921095 -0.037762742123  0.028987219505  0.053265195908  0.064072335070 -0.370790807631 -0.000602669451 -0.199832424731  0.057140224244  0.053265195908  0.000000000000
  0.935294117647 -0.046165885641  0.005875391240 -0.058758032926  0.045103504205  0.081141123456  0.099695206493 -0.290163591042 -0.000934792126 -0.310935052172  0.088908987770  0.081141123456  0.000000000000
  0.938235294118 -0.028707833785  0.007342651416 -0.073662580890  0.056544447822  0.206866096070  0.124983867685 -0.180435575457 -0.001168237560 -0.389806759884  0.111461619412  0.206866096070  0.000000000000
  0.941176470588 -0.008369382021  0.008057096355 -0.081083385313  0.062240763148  0.311233961869  0.137574803638 -0.052603560143 -0.001281907863 -0.429076083507  0.122690317461  0.311233961869  0.000000000000
  0.944117647059  0.012749433250  0.007942331874 -0.080178218000  0.061545943807  0.383506173796  0.136038999294  0.080133225740 -0.001263648495 -0.424286130002  0.121320674783  0.383506173796  0.000000000000
  0.947058823529  0.032504177551  0.007029039784 -0.071179545400  0.054638434362  0.416730509924  0.120770882267  0.204296500569 -0.001118341022 -0.376667062533  0.107704445099  0.416730509924  0.000000000000
  0.950000000000  0.048903151115  0.005406015583 -0.054914009242  0.042152776793  0.407257704050  0.093173021935  0.307367956742 -0.000860113070 -0.290593293855  0.083092451072  0.407257704050 -0.000000000000
  0.952941176471  0.060259041970  0.003255008830 -0.033166566786  0.025459129756  0.356652324050  0.056273969017  0.378742436493 -0.000517881533 -0.175510439345  0.050185578616  0.356652324050 -0.000000000000
  0.955882352941  0.065479470745  0.000789218148 -0.008066474422  0.006191940827  0.269653814618  0.013686449208  0.411554075199 -0.000125566942 -0.042686072361  0.012205685589  0.269653814618 -0.000000000000
  0.958823529412  0.063991040451 -0.001730085265  0.017737338095 -0.013615433729  0.155793287681 -0.030095077999  0.402198936162  0.000275261683  0.093862232467 -0.026839032847  0.155793287681 -0.000000000000
  0.961764705882  0.056039586405 -0.004053836150  0.041688597119 -0.032000761799  0.026136145434 -0.070733363443  0.352222152917  0.000644977323  0.220607216996 -0.063080582973  0.026136145434 -0.000000000000
  0.964705882353  0.042369801694 -0.005943308611  0.061306350313 -0.047059628981  0.105493499011 -0.104018956208  0.266304298956  0.000945597980  0.324420207481 -0.092764942575  0.105493499011 -0.000000000000
  0.967647058824  0.024479278047 -0.007213835425  0.074638940340 -0.057293915263  0.226272494642 -0.126640464275  0.153858095116  0.001147742555  0.394973447083 -0.112938985588  0.226272494642 -0.000000000000
  0.970588235294  0.004106685087 -0.007741466946  0.080341611861 -0.061671367265  0.323429965731 -0.136316230915  0.025811494256  0.001231690290  0.425150775670 -0.121567912174  0.323429965731 -0.000000000000
  0.973529411765 -0.016575840544 -0.007478069730  0.077843228750 -0.059753572752  0.387613626759 -0.132077205070 -0.104183107286  0.001189783014  0.411929861962 -0.117787514799  0.387613626759 -0.000000000000
  0.976470588235 -0.035553440030 -0.006460973398  0.067458918369 -0.051782427981  0.412021812792 -0.114458065760 -0.223461841785  0.001027959979  0.356978293144 -0.102074624516  0.412021812792 -0.000000000000
  0.979411764706 -0.050819468397 -0.004794651763  0.050211667015 -0.038543191825  0.394567989621 -0.085194521704 -0.319412467453  0.000762843278  0.265709495797 -0.075977160333  0.394567989621 -0.000000000000
  0.982352941176 -0.060904432311 -0.002661053730  0.027951392404 -0.021455887511  0.336982970412 -0.047425342522 -0.382798868565  0.000423381520  0.147912842253 -0.042294302270  0.336982970412 -0.000000000000
  0.985294117647 -0.064739608918 -0.000272031406  0.002865940640 -0.002199936915  0.245299618447 -0.004862663531 -0.406903867337  0.000043281001  0.015165950218 -0.004336562485  0.245299618447  0.000000000000
  0.988235294118 -0.061997148080  0.002118131289 -0.022381824699  0.017180607896  0.129023302721  0.037975414151 -0.389666847530 -0.000337000953 -0.118439870837  0.033866780069  0.129023302721  0.000000000000
  0.991176470588 -0.052949006677  0.004277627943 -0.045335274096  0.034800003063  0.000000000000  0.076920708325 -0.332797122944 -0.000680583259 -0.239904658381  0.068598506951  0.000000000000  0.000000000000
  0.994117647059 -0.038543108333  0.005978499458 -0.063549513677  0.048781513175  0.060204929098  0.107824948743 -0.242252619409 -0.000951196948 -0.336290552396  0.096159157358  0.060204929098  0.000000000000
  0.997058823529 -0.020272999876  0.007062136162 -0.075290316337  0.057793920769  0.056524901213  0.127745658940 -0.127420634597 -0.001123606753 -0.398420390753  0.113924607088  0.056524901213  0.000000000000
  1.000000000000  0.000000000000  0.007404875252 -0.079177174651  0.060777528654  0.047312859460  0.134340521344  0.000000000000 -0.001178137556 -0.418988820847  0.119805958473  0.047312859460 -0.000000000000
