             Rad         v_r[Re]         v_t[Re]         v_x[Re]         p[Re]          p_mg[Re]  p_no_phase[Re]         v_r[Im]         v_t[Im]         v_x[Im]         p[Im]          p_mg[Im]  p_no_phase[Im]
  0.250000000000  0.000000000000 -0.039766943411 -0.296466368662  0.039231231335  0.664629421338  0.236672999725  0.000000000000 -0.017871001804  0.703533631338 -0.233398841657  0.664629421338  0.000000000000
  0.252941176471  0.114170929054 -0.036416330008 -0.274681192457  0.036348410962  0.714670189849  0.219281607153 -0.254055644144 -0.016365258264  0.651836016551 -0.216248043357  0.714670189849  0.000000000000
  0.255882352941  0.209707265603 -0.027591426211 -0.210536645682  0.027860198405  0.655473499021  0.168074172158 -0.466645186176 -0.012399404765  0.499616909449 -0.165749017166  0.655473499021  0.000000000000
  0.258823529412  0.272434591164 -0.014931056008 -0.115241126137  0.015249794772  0.497327922536  0.091998506062 -0.606227400606 -0.006709917987  0.273474554016 -0.090725789481  0.497327922536  0.000000000000
  0.261764705882  0.292946527400 -0.000412393735 -0.003219114043  0.000425983589  0.264955690810  0.002569861062 -0.651871008976 -0.000185327022  0.007639163263 -0.002534309346  0.264955690810  0.000000000000
  0.264705882353  0.268681537397  0.013652736761  0.107769662539 -0.014261100107  0.004819831457 -0.086033938445 -0.597876023420  0.006135449757 -0.255744293615  0.084843736292  0.004819831457 -0.000000000000
  0.267647058824  0.203856953816  0.025231600021  0.201381921614 -0.026648758809  0.271508556866 -0.160765835578 -0.453626944653  0.011338914456 -0.477892164425  0.158541784849  0.271508556866 -0.000000000000
  0.270588235294  0.108606530173  0.032600778955  0.263057144375 -0.034810207080  0.493437687786 -0.210001976749 -0.241673622260  0.014650574813 -0.624251407900  0.207096788293  0.493437687786 -0.000000000000
  0.273529411765 -0.001975670607  0.034843582029  0.284210449086 -0.037609412245  0.638583420133 -0.226888938000  0.004396305373  0.015658475706 -0.674449551268  0.223750133625  0.638583420133 -0.000000000000
  0.276470588235 -0.111292579462  0.031740421154  0.261682593531 -0.034628313523  0.684318004006 -0.208904654738  0.247650677786  0.014263935698 -0.620989510938  0.206014646746  0.684318004006 -0.000000000000
  0.279411764706 -0.202262329083  0.023960108713  0.199639597848 -0.026418198064  0.626019722018 -0.159374915609  0.450078550879  0.010767514657 -0.473757518826  0.157170107007  0.626019722018 -0.000000000000
  0.282352941176 -0.261758218043  0.012801515864  0.107787135044 -0.014263412234  0.472382620328 -0.086047886976  0.582470102027  0.005752916706 -0.255785756987  0.084857491858  0.472382620328 -0.000000000000
  0.285294117647 -0.280505029814  0.000052637381  0.000447816716 -0.000059259339  0.248819732410 -0.000357497972  0.624185916899  0.000023654891 -0.001062697674  0.000352552309  0.248819732410  0.000000000000
  0.288235294118 -0.256608301639 -0.012305652828 -0.105770615349  0.013996567293  0.010786706631  0.084438072792  0.571010395602 -0.005530079132  0.251000426932 -0.083269948005  0.010786706631  0.000000000000
  0.291176470588 -0.193631762168 -0.022449734018 -0.194930901528  0.025795098873  0.265982033217  0.155615901433  0.430873624939 -0.010088762242  0.462583481666 -0.153463095410  0.265982033217  0.000000000000
  0.294117647059 -0.101992328200 -0.028878409324 -0.253283888305  0.033516917485  0.478212980238  0.202199857939  0.226955555616 -0.012977766478  0.601058846921 -0.199402604780  0.478212980238  0.000000000000
  0.297058823529  0.004421519597 -0.030782404136 -0.272683089732  0.036084003129  0.615633481508  0.217686495478 -0.009838861946 -0.013833409175  0.647094391144 -0.214674998619  0.615633481508  0.000000000000
  0.300000000000  0.109027232545 -0.027951116099 -0.250053894391  0.033089494169  0.657641244010  0.199621311333 -0.242609778364 -0.012561047025  0.593393865030 -0.196859730047  0.657641244010  0.000000000000
  0.302941176471  0.196021652936 -0.021010093513 -0.189801441705  0.025116320279  0.599430048976  0.151520986220 -0.436191662058 -0.009441797304  0.450410945832 -0.149424829666  0.599430048976  0.000000000000
  0.305882352941  0.252350934907 -0.011063558900 -0.100916571704  0.013354234370  0.449851299025  0.080563025935 -0.561536810196 -0.004971890321  0.239481471284 -0.079448508936  0.449851299025  0.000000000000
  0.308823529412  0.269570105825  0.000243876430  0.002245915560 -0.000297200769  0.233713474080 -0.001792943918 -0.599853285286  0.000109596457 -0.005329701095  0.001768140152  0.233713474080 -0.000000000000
  0.311764705882  0.245709074984  0.011219584609  0.104307837113 -0.013802998655  0.016752358208 -0.083270317695 -0.546757198476  0.005042007245 -0.247529160736  0.082118347750  0.016752358208 -0.000000000000
  0.314705882353  0.184396072157  0.020173553968  0.189321740747 -0.025052841715  0.261674515327 -0.151138034638 -0.410322165875  0.009065861956 -0.449272584814  0.149047175875  0.261674515327 -0.000000000000
  0.317647058824  0.095800204921  0.025841880621  0.244783515799 -0.032392067871  0.465156155172 -0.195413898814 -0.213176707695  0.011613170528 -0.580886919954  0.192710523295  0.465156155172 -0.000000000000
  0.320588235294 -0.006866867028  0.027440845430  0.262336235569 -0.034714809614  0.595257825393 -0.209426465771  0.015280302443  0.012331734756 -0.622540645250  0.206529238992  0.595257825393 -0.000000000000
  0.323529411765 -0.107261561575  0.024844454562  0.239693605761 -0.031718522878  0.633932154447 -0.191350556714  0.238680768769  0.011164933842 -0.568808238286  0.188703393878  0.633932154447 -0.000000000000
  0.326470588235 -0.190669601575  0.018567862082  0.180767011114 -0.023920799053  0.575182235686 -0.144308681503  0.424282160513  0.008344274624 -0.428971664912  0.142312300698  0.575182235686 -0.000000000000
  0.329411764706 -0.243998861759  0.009634873855  0.094645147528 -0.012524340262  0.429440779503 -0.075556465565  0.542951594667  0.004329848695 -0.224598981091  0.074511209825  0.429440779503 -0.000000000000
  0.332352941176 -0.259851643304 -0.000499548992 -0.004950976073  0.000655159938  0.219377202235  0.003952429289  0.578227550290 -0.000224494019  0.011748982494 -0.003897750985  0.219377202235 -0.000000000000
  0.335294117647 -0.235769787182 -0.010316890738 -0.103154452730  0.013650371934  0.022454639379  0.082349555778  0.524640078245 -0.004636342580  0.244792105915 -0.081210323746  0.022454639379  0.000000000000
  0.338235294118 -0.176029708341 -0.018290064601 -0.184479187255  0.024412029278  0.258533604899  0.147272160520  0.391705150441 -0.008219434270  0.437780896031 -0.145234782648  0.258533604899  0.000000000000
  0.341176470588 -0.089923702567 -0.023317236158 -0.237229862618  0.031392497105  0.453589672882  0.189383718172  0.200100186349 -0.010478611975  0.562961618422 -0.186763764778  0.453589672882  0.000000000000
  0.344117647059  0.009204257745 -0.024657403646 -0.253027371101  0.033482972705  0.577244672062  0.201995076883 -0.020481515300 -0.011080874396  0.600450115211 -0.199200656685  0.577244672062  0.000000000000
  0.347058823529  0.105974088254 -0.022255859757 -0.230335395124  0.030480156017  0.612423922928  0.183879774131 -0.235815855024 -0.010001636429  0.546600606635 -0.181335962852  0.612423922928  0.000000000000
  0.350000000000  0.185928448426 -0.016521430697 -0.172436385629  0.022818411969  0.553134221247  0.137658233656 -0.413732043007 -0.007424621871  0.409202558469 -0.135753855815  0.553134221247  0.000000000000
  0.352941176471  0.236615189136 -0.008445434381 -0.088886853891  0.011762348436  0.410629501100  0.070959544050 -0.526521285130 -0.003795322449  0.210934182445 -0.069977882585  0.410629501100  0.000000000000
  0.355882352941  0.251035322400  0.000722556579  0.007668166367 -0.001014724233  0.205890519142 -0.006121598023 -0.558609280519  0.000324712156 -0.018197048637  0.006036911221  0.205890519142  0.000000000000
  0.358823529412  0.226732206830  0.009550282762  0.102190460867 -0.013522807422  0.027987289067 -0.081579988401 -0.504529457118  0.004291834017 -0.242504491645  0.080451402641  0.027987289067 -0.000000000000
  0.361764705882  0.168318880658  0.016715609729  0.180327362683 -0.023862620618  0.256274400278 -0.143957704381 -0.374546848322  0.007511884646 -0.427928351100  0.141966179028  0.256274400278 -0.000000000000
  0.364705882353  0.084395450466  0.021181984749  0.230368255215 -0.030484504375  0.443212861916 -0.183906006773 -0.187798599071  0.009519044090 -0.546678585730  0.181361832590  0.443212861916 -0.000000000000
  0.367647058824 -0.011472115754  0.022318063050  0.244681317334 -0.032378544005  0.561271827261 -0.195332312435  0.025528002458  0.010029590178 -0.580644396468  0.192630065591  0.561271827261 -0.000000000000
  0.370588235294 -0.105048030111  0.020062469810  0.221712019684 -0.029339029493  0.592619416788 -0.176995620146  0.233755170226  0.009015941468 -0.526136785848  0.174547044946  0.592619416788 -0.000000000000
  0.373529411765 -0.181674946908  0.014796320888  0.164813111731 -0.021809628332  0.533140537664 -0.131572473881  0.404267058557  0.006649368913 -0.391112042527  0.129752287052  0.533140537664 -0.000000000000
  0.376470588235 -0.230067848161  0.007435071610  0.083469809479 -0.011045513931  0.392962400471 -0.066635046279  0.511951999039  0.003341272091 -0.198079190012  0.065713210351  0.392962400471 -0.000000000000
  0.379411764706 -0.242917366197 -0.000909216689 -0.010287063155  0.001361281403  0.193416393505  0.008212297760  0.540545027129 -0.000408595977  0.024411858012 -0.008098688007  0.193416393505 -0.000000000000
  0.382352941176 -0.218536705942 -0.008897342096 -0.101446703293  0.013424386392  0.033606100056  0.080986236951  0.486292649601 -0.003998406793  0.240739507408 -0.079865865208  0.033606100056  0.000000000000
  0.385294117647 -0.161077056594 -0.015378135152 -0.176688899569  0.023381144798  0.254453998789  0.141053071442  0.358432183296 -0.006910832402  0.419294045702 -0.139101729073  0.254453998789  0.000000000000
  0.388235294118 -0.079282250224 -0.019358039847 -0.224114320236  0.029656924603  0.434063423693  0.178913408260  0.176420594251 -0.008699375294  0.531837598519 -0.176438302186  0.434063423693  0.000000000000
  0.391176470588  0.013775291667 -0.020329104152 -0.237139652268  0.031380559619  0.546792891796  0.189311702064 -0.030653079787 -0.009135765181  0.562747543500 -0.186692744948  0.546792891796  0.000000000000
  0.394117647059  0.104301839348 -0.018182398420 -0.213692984786  0.028277875020  0.574430676529  0.170593919161 -0.232094730247 -0.008171049799  0.507107103773 -0.168233905736  0.574430676529  0.000000000000
  0.397058823529  0.177924551000 -0.013330745535 -0.157841974045  0.020887141520  0.514785132127  0.126007323017 -0.395921595697 -0.005990749026  0.374569087477 -0.124264125044  0.514785132127  0.000000000000
  0.400000000000  0.224132867347 -0.006563037835 -0.078284920188  0.010359400386  0.376347044150  0.062495880992 -0.498745350147 -0.002949385870  0.185775116507 -0.061631306692  0.376347044150  0.000000000000
  0.402941176471  0.235461719701  0.001058808704  0.012722497277 -0.001683561060  0.181844202658 -0.010156536838 -0.523954559759  0.000475821640 -0.030191298761  0.010016030286  0.181844202658 -0.000000000000
  0.405882352941  0.211012742599  0.008342969019  0.100979685581 -0.013362586195  0.039340746847 -0.080613410572 -0.469550162091  0.003749275192 -0.239631244545  0.079498196547  0.039340746847 -0.000000000000
  0.408823529412  0.154266347256  0.014220596259  0.173367187405 -0.022941584456  0.252841354958 -0.138401304952 -0.343276844172  0.006390642066 -0.411411410544  0.136486647387  0.252841354958 -0.000000000000
  0.411764705882  0.074538757112  0.017793369041  0.218484442979 -0.028911926045  0.426129958317 -0.174419003230 -0.165865269808  0.007996222565 -0.518477540148  0.172006073207  0.426129958317 -0.000000000000
  0.414705882353 -0.016125949197  0.018612397597  0.230173716892 -0.030458761226  0.533344274408 -0.183750704273  0.035883814248  0.008364288590 -0.546216933863  0.181208678560  0.533344274408 -0.000000000000
  0.417647058824 -0.103640809383  0.016563695060  0.206290803632 -0.027298348464  0.557888092377 -0.164684660630  0.230623791937  0.007443615197 -0.489541255037  0.162406396481  0.557888092377 -0.000000000000
  0.420588235294 -0.174672587836  0.012067543250  0.151352360385 -0.020028374517  0.497563224919 -0.120826579114  0.388685256260  0.005423074259 -0.359168819701  0.119155052073  0.497563224919 -0.000000000000
  0.423529411765 -0.218620218551  0.005809219859  0.073369338300 -0.009708924141  0.360932169325 -0.058571707346  0.486478483681  0.002610625049 -0.174110126677  0.057761420460  0.360932169325 -0.000000000000
  0.426470588235 -0.228680840003 -0.001181669649 -0.015027902890  0.001988634115  0.170807790700  0.011996972448  0.508865598200 -0.000531034538  0.035662173552 -0.011831005125  0.170807790700  0.000000000000
  0.429411764706 -0.203953405322 -0.007866287421 -0.100729566142  0.013329488027  0.044916861474  0.080413736936  0.453841570649 -0.003535057629  0.239037695140 -0.079301285216  0.044916861474  0.000000000000
  0.432352941176 -0.147947720686 -0.013208244516 -0.170292974657  0.022534775575  0.251570257837  0.135947120498  0.329216498367 -0.005935697877  0.404116107309 -0.134066414368  0.251570257837  0.000000000000
  0.435294117647 -0.070014882178 -0.016442117586 -0.213429163374  0.028242963678  0.419094210086  0.170383307060  0.155798644530 -0.007388979083  0.506481038710 -0.168026207263  0.419094210086  0.000000000000
  0.438235294118  0.018411623680 -0.017112682231 -0.223634421924  0.029593419923  0.520841370598  0.178530299128 -0.040969947012 -0.007690326407  0.530698769168 -0.176060493024  0.520841370598  0.000000000000
  0.441176470588  0.103119780952 -0.015164881090 -0.199509952491  0.026401042166  0.542765241766  0.159271418017 -0.229464388097 -0.006814997435  0.473449862113 -0.157068041210  0.542765241766  0.000000000000
  0.444117647059  0.171788602969 -0.010962124230 -0.145179723059  0.019211552819  0.481260453794  0.115898881585 -0.382267750167 -0.004926306251  0.344520757014 -0.114295524808  0.481260453794  0.000000000000
  0.447058823529  0.213495222006 -0.005161233995 -0.068806811624  0.009105167498  0.346703326042  0.054929382318 -0.475074229471 -0.002319424480  0.163282959418 -0.054169483722  0.346703326042  0.000000000000
  0.450000000000  0.222481915473  0.001291379829  0.017329248363 -0.002293169895  0.160065365417 -0.013834166794 -0.495071615988  0.000580337568 -0.041123413370  0.013642783540  0.160065365417 -0.000000000000
  0.452941176471  0.197270826062  0.007444034476  0.100545674875 -0.013305153797  0.050097426956 -0.080266934119 -0.438971349373  0.003345299943 -0.238601309414  0.079156513284  0.050097426956 -0.000000000000
  0.455882352941  0.142115253783  0.012323299803  0.167530162294 -0.022169174137  0.250845521100 -0.133741531066 -0.316237965669  0.005538009566 -0.397559777081  0.131891337282  0.250845521100 -0.000000000000
  0.458823529412  0.065611513705  0.015259121113  0.208779770226 -0.027627712043  0.412534186086 -0.166671635384 -0.146000172861  0.006857348279 -0.495447731761  0.164365883226  0.412534186086 -0.000000000000
  0.461764705882 -0.020535160787  0.015797468875  0.217531150916 -0.028785777431  0.509441629070 -0.173657977643  0.045695288149  0.007099278208 -0.516215317185  0.171255575725  0.509441629070 -0.000000000000
  0.464705882353 -0.102822708102  0.013943710832  0.193227863300 -0.025569736762  0.528600647179 -0.154256343626  0.228803335103  0.006266211584 -0.458542063159  0.152122345862  0.528600647179 -0.000000000000
  0.467647058824 -0.169099619606  0.009989092627  0.139302035175 -0.018433761617  0.466009086048 -0.111206646074  0.376284165676  0.004489032273 -0.330572628194  0.109668202154  0.466009086048 -0.000000000000
  0.470588235294 -0.208822416646  0.004601299063  0.064570587940 -0.008544590351  0.333320066254 -0.051547549258  0.464676200957  0.002067793419 -0.153230130003  0.050834435280  0.333320066254 -0.000000000000
  0.473529411765 -0.216675784399 -0.001392329822 -0.019660850374  0.002601709505  0.149739942213  0.015695515333  0.482151686353 -0.000625703829  0.046656453887 -0.015478381996  0.149739942213  0.000000000000
  0.476470588235 -0.191019221780 -0.007062416647 -0.100346596413  0.013278809854  0.054994021012  0.080108007166  0.425060143026 -0.003173803411  0.238128883506 -0.078999784942  0.054994021012  0.000000000000
  0.479411764706 -0.136629395361 -0.011549991259 -0.165121473993  0.021850433740  0.250571666907  0.131818643529  0.304030713729 -0.005190489812  0.391843805874 -0.129995051164  0.250571666907  0.000000000000
  0.482352941176 -0.061379076261 -0.014208637244 -0.204376318347  0.027045005680  0.406316293842  0.163156301857  0.136582060649 -0.006385267764  0.484998059157 -0.160899181177  0.406316293842  0.000000000000
  0.485294117647  0.022542296729 -0.014644048860 -0.211923642693  0.028043738955  0.499127813782  0.169181430107 -0.050161610871 -0.006580938869  0.502908341960 -0.166840957197  0.499127813782  0.000000000000
  0.488235294118  0.102710454036 -0.012862035758 -0.187263052139  0.024780416585  0.515085650003  0.149494556456 -0.228553544905 -0.005780113947  0.444387185236 -0.147426433735  0.515085650003  0.000000000000
  0.491176470588  0.166550877590 -0.009135201548 -0.133803939896  0.017706201696  0.451922693097  0.106817444330 -0.370612649293 -0.004105299260  0.317525296874 -0.105339721068  0.451922693097  0.000000000000
  0.494117647059  0.204594737339 -0.004107061657 -0.060516639190  0.008008133544  0.320414181838  0.048311228673 -0.455268676656 -0.001845686392  0.143609850648 -0.047642886280  0.320414181838  0.000000000000
  0.497058823529  0.211135926229  0.001478822332  0.021919820920 -0.002900637834  0.140090211598 -0.017498881219 -0.469824272995  0.000664572992 -0.052017135300  0.017256799937  0.140090211598 -0.000000000000
  0.500000000000  0.185245145910  0.006720299327  0.100200949177 -0.013259536435  0.059925700707 -0.079991735063 -0.412211543328  0.003020058146 -0.237783253313  0.078885121359  0.059925700707 -0.000000000000
  0.502941176471  0.131339215252  0.010866296737  0.162971614448 -0.021565944010  0.250393173893 -0.130102382390 -0.292258889445  0.004883242008 -0.386742051841  0.128302532955  0.250393173893 -0.000000000000
  0.505882352941  0.057423608250  0.013271295032  0.200205520105 -0.026493086245  0.400645667328 -0.159826698787 -0.127780266868  0.005964032362 -0.475100488494  0.157615640171  0.400645667328 -0.000000000000
  0.508823529412 -0.024563814433  0.013626604082  0.206760720917 -0.027360532359  0.489550558609 -0.165059801777  0.054659936203  0.006123705904 -0.490656398774  0.162776347887  0.489550558609 -0.000000000000
  0.511764705882 -0.102637288946  0.011895693071  0.181540403031 -0.024023141579  0.502298420934 -0.144926090438  0.228390736349  0.005345845924 -0.430806973335  0.142921168335  0.502298420934 -0.000000000000
  0.514705882353 -0.164226462260  0.008385588586  0.128708105187 -0.017031872695  0.438777267563 -0.102749372487  0.365440309547  0.003768428144 -0.305432555584  0.101327927340  0.438777267563 -0.000000000000
  0.517647058824 -0.200668977338  0.003662752207  0.056539830651 -0.007481884660  0.307957705814 -0.045136490134  0.446532989788  0.001646016658 -0.134172629945  0.044512067393  0.307957705814 -0.000000000000
  0.520588235294 -0.205894383481 -0.001546213066 -0.024003628805  0.003176386984  0.131102478725  0.019162412449  0.458160677627 -0.000694857943  0.056962144524 -0.018897317709  0.131102478725  0.000000000000
  0.523529411765 -0.179856776819 -0.006419209962 -0.100215726718  0.013261491939  0.064998673300  0.080003532168  0.400221226777 -0.002884750573  0.237818321361 -0.078896755262  0.064998673300  0.000000000000
  0.526470588235 -0.126233249666 -0.010250144285 -0.160922698482  0.021294812088  0.250100134004  0.128466705837  0.280896983339 -0.004606347164  0.381879843365 -0.126689484515  0.250100134004  0.000000000000
  0.529411764706 -0.053739496094 -0.012437861574 -0.196359772842  0.025984180627  0.395689058438  0.156756588188  0.119582300059 -0.005589492869  0.465974284571 -0.154588001790  0.395689058438  0.000000000000
  0.532352941176  0.026643248731 -0.012716672894 -0.201876781380  0.026714243330  0.480341065444  0.161160888636 -0.059287138806 -0.005714788835  0.479066498262 -0.158931372703  0.480341065444  0.000000000000
  0.535294117647  0.102517170576 -0.011033955525 -0.176131451420  0.023307377991  0.490457356663  0.140608053256 -0.228123446330 -0.004958586760  0.417971185634 -0.138662867314  0.490457356663  0.000000000000
  0.538235294118  0.162194725967 -0.007719047740 -0.123893668749  0.016394780971  0.426161105578  0.098905944584 -0.360919245588 -0.003468889089  0.294007590366 -0.097537669804  0.426161105578  0.000000000000
  0.541176470588  0.196893964640 -0.003264789873 -0.052687471191  0.006972104054  0.296205036916  0.042061100931 -0.438132749108 -0.001467175013  0.125030734854 -0.041479223432  0.296205036916  0.000000000000
  0.544117647059  0.201040677942  0.001599399263  0.025951526983 -0.003434151277  0.122443636401 -0.020717445174 -0.447360106086  0.000718759469 -0.061584631336  0.020430837955  0.122443636401 -0.000000000000
  0.547058823529  0.174685355238  0.006152854388  0.100374611728 -0.013282517105  0.069960443794 -0.080130372160 -0.388713666563  0.002765052137 -0.238195365640  0.079021840537  0.069960443794 -0.000000000000
  0.550000000000  0.121415777789  0.009689784703  0.158924198919 -0.021030351742  0.249863009995 -0.126871277362 -0.270177039732  0.004354525268 -0.377137276237  0.125116127358  0.249863009995 -0.000000000000
  0.552941176471  0.050190197654  0.011696583367  0.192863998636 -0.025521586751  0.391257365048 -0.153965865680 -0.111684323675  0.005256367338 -0.457678589066  0.151835886418  0.391257365048 -0.000000000000
  0.555882352941 -0.028677100789  0.011893407227  0.197152546188 -0.026089087888  0.471482744423 -0.157389469572  0.063812910812  0.005344818680 -0.467855586363  0.155212127830  0.471482744423 -0.000000000000
  0.558823529412 -0.102419972378  0.010268005046  0.171109440498 -0.022642818051  0.479503841817 -0.136598915913  0.227907158777  0.004614373672 -0.406053632907  0.134709192780  0.479503841817 -0.000000000000
  0.561764705882 -0.160378154901  0.007116261173  0.119211881599 -0.015775242656  0.413901397260 -0.095168412351  0.356876971988  0.003198000785 -0.282897410383  0.093851842968  0.413901397260 -0.000000000000
  0.564705882353 -0.193262898984  0.002914295985  0.049076002904 -0.006494200444  0.285270815505 -0.039178018317  0.430052822529  0.001309665374 -0.116460489905  0.038636025673  0.285270815505 -0.000000000000
  0.567647058824 -0.196550782907 -0.001648226651 -0.027900278471  0.003692028489  0.113847319696  0.022273159106  0.437369093622 -0.000740702174  0.066209143103 -0.021965029984  0.113847319696  0.000000000000
  0.570588235294 -0.169660045620 -0.005908867637 -0.100540325827  0.013304445961  0.074530842350  0.080262663904  0.377531237878 -0.002655406102  0.238588615782 -0.079152302144  0.074530842350  0.000000000000
  0.573529411765 -0.116933791220 -0.009183882430 -0.157070716046  0.020785081373  0.249974633162  0.125391617617  0.260203625359 -0.004127176127  0.372738842977 -0.123656937375  0.249974633162  0.000000000000
  0.576470588235 -0.046666528746 -0.011029082167 -0.189596248780  0.025089167212  0.386970370729  0.151357178010  0.103843378685 -0.004956396705  0.449924009913 -0.149263287595  0.386970370729  0.000000000000
  0.579411764706  0.030550527727 -0.011148522843 -0.192627306108  0.025490265359  0.463241385113  0.153776910924 -0.067981701340 -0.005010072557  0.457116902578 -0.151649545681  0.463241385113  0.000000000000
  0.582352941176  0.102465727216 -0.009582296176 -0.166406036780  0.022020419226  0.469063171189  0.132844126890 -0.228008973442 -0.004306220634  0.394892155427 -0.131006347885  0.469063171189  0.000000000000
  0.585294117647  0.158620896634 -0.006568714633 -0.114648339305  0.015171351616  0.402200627803  0.091525276541 -0.352966682525 -0.002951936985  0.272067832997 -0.090259106665  0.402200627803  0.000000000000
  0.588235294118  0.189884728710 -0.002606185806 -0.045716151965  0.006049593219  0.274895369167  0.036495805140 -0.422535644276 -0.001171202694  0.108487348996 -0.035990918504  0.274895369167  0.000000000000
  0.591176470588  0.192271105025  0.001696519766  0.029908131278 -0.003957726545  0.105427694026 -0.023876054400 -0.427845860957  0.000762404782 -0.070973906079  0.023545750663  0.105427694026 -0.000000000000
  0.594117647059  0.164863847557  0.005679442444  0.100621634803 -0.013315205533  0.078779887280 -0.080327573929 -0.366858633228  0.002552303935 -0.238781567176  0.079216314197  0.078779887280 -0.000000000000
  0.597058823529  0.112680849068  0.008731041403  0.155452024523 -0.020570880815  0.250428877804 -0.124099394893 -0.250739885624  0.003923672359 -0.368897584590  0.122382591390  0.250428877804 -0.000000000000
  0.600000000000  0.043215286289  0.010418446548  0.186409238439 -0.024667431888  0.382693581634 -0.148812945755 -0.096163598615  0.004681981090 -0.442361030785  0.146754252505  0.382693581634 -0.000000000000
  0.602941176471 -0.032292230368  0.010478873141  0.188409475540 -0.024932122163  0.455731542794 -0.150409761329  0.071857376085  0.004709136402 -0.447107721201  0.148328977572  0.455731542794 -0.000000000000
  0.605882352941 -0.102651924140  0.008958552039  0.161859926194 -0.021418834915  0.458842522551 -0.129214907041  0.228423302902  0.004025914137 -0.384103944596  0.127427335029  0.458842522551 -0.000000000000
  0.608823529412 -0.156867821535  0.006076171138  0.110315017897 -0.014597925580  0.391289549654 -0.088065929091  0.349065701538  0.002730591191 -0.261784584480  0.086847616176  0.391289549654 -0.000000000000
  0.611764705882 -0.186806410544  0.002328412590  0.042477365243 -0.005621006355  0.264714129478 -0.033910239120  0.415685703480  0.001046373245 -0.100801501209  0.033441121464  0.264714129478 -0.000000000000
  0.614705882353 -0.188081615148 -0.001739087940 -0.031878811843  0.004218505619  0.097498695427  0.025449274603  0.418523316608 -0.000781534638  0.075650456946 -0.025097206780  0.097498695427  0.000000000000
  0.617647058824 -0.160391347515 -0.005466551606 -0.100685526165  0.013323660241  0.083048466971  0.080378579243  0.356906328482 -0.002456632199  0.238933185461 -0.079266613898  0.083048466971  0.000000000000
  0.620588235294 -0.108507513096 -0.008322076896 -0.154009842421  0.020380037652  0.250893109449  0.122948081961  0.241453287298 -0.003739886410  0.365475194334 -0.121247205837  0.250893109449  0.000000000000
  0.623529411765 -0.039965154077 -0.009857778595 -0.183294408803  0.024255248198  0.378668391702  0.146326336306  0.088931333452 -0.004430020614  0.434969341080 -0.144302043061  0.378668391702  0.000000000000
  0.626470588235  0.034041940395 -0.009875944989 -0.184498382244  0.024414569340  0.448686011035  0.147287484132 -0.075750869040 -0.004438184471  0.437826446965 -0.145249894272  0.448686011035  0.000000000000
  0.629411764706  0.102842214780 -0.008385833155 -0.157396216158  0.020828154624  0.448942995755  0.125651468636 -0.228846741790 -0.003768538052  0.373511275537 -0.123913193589  0.448942995755  0.000000000000
  0.632352941176  0.155217878066 -0.005635967193 -0.106277471450  0.014063639282  0.381045212462  0.084842702681 -0.345394211305 -0.002532766444  0.252203228839 -0.083668980204  0.381045212462  0.000000000000
  0.635294117647  0.183918415365 -0.002071408218 -0.039242235792  0.005192903456  0.254682559783  0.031327592748 -0.409259273552 -0.000930877177  0.093124332360 -0.030894203681  0.254682559783 -0.000000000000
  0.638235294118  0.184023754558  0.001770118002  0.033689630637 -0.004458130273  0.090126618503 -0.026894875052 -0.409493676625  0.000795479343 -0.079947645621  0.026522808647  0.090126618503 -0.000000000000
  0.641176470588  0.156192147593  0.005275218175  0.100862845590 -0.013347124823  0.087505816055 -0.080520135671 -0.347562177129  0.002370648218 -0.239353975783  0.079406212021  0.087505816055 -0.000000000000
  0.644117647059  0.104395527528  0.007944258960  0.152592013650 -0.020192417151  0.251120060116 -0.121816210613 -0.232303207231  0.003570097524 -0.362110596089  0.120130992911  0.251120060116 -0.000000000000
  0.647058823529  0.036943306565  0.009347729181  0.180369499156 -0.023868196514  0.375152239030 -0.143991342481 -0.082207052391  0.004200807775 -0.428028343642  0.141999351775  0.375152239030 -0.000000000000
  0.650000000000 -0.035869027846  0.009325165135  0.180751995997 -0.023918812111  0.441738977656 -0.144296694738  0.079816543929  0.004190667641 -0.428936033080  0.142300479759  0.441738977656 -0.000000000000
  0.652941176471 -0.102935242880  0.007862966512  0.153099473557 -0.020259569041  0.439664888175 -0.122221322529  0.229053749950  0.003533565235 -0.363314830866  0.120530500467  0.439664888175 -0.000000000000
  0.655882352941 -0.153776591260  0.005237735130  0.102443095386 -0.013556238409  0.371080962732 -0.081781669859  0.342187028436  0.002353803585 -0.243104009497  0.080650294018  0.371080962732 -0.000000000000
  0.658823529412 -0.181070795116  0.001834901486  0.036049153202 -0.004770364595  0.245092092620 -0.028778512937  0.402922686799  0.000824592613 -0.085546943396  0.028380388096  0.245092092620  0.000000000000
  0.661764705882 -0.180220616502 -0.001791710604 -0.035357754739  0.004678872217  0.083005769792  0.028226560454  0.401030850785 -0.000805182916  0.083906210677 -0.027836071379  0.083005769792  0.000000000000
  0.664705882353 -0.152107756781 -0.005103873943 -0.101167886092  0.013387490665  0.091925060180  0.080763653514  0.338473501517 -0.002293647251  0.240077856381 -0.079646361013  0.091925060180  0.000000000000
  0.667647058824 -0.100464351873 -0.007591155059 -0.151136032251  0.019999747934  0.251259580278  0.120653881520  0.223555469330 -0.003411414962  0.358655459219 -0.118984743595  0.251259580278  0.000000000000
  0.670588235294 -0.034024438629 -0.008886300572 -0.177701110844  0.023515090158  0.372035357693  0.141861133011  0.075711923728 -0.003993444805  0.421696087720 -0.139898611837  0.372035357693  0.000000000000
  0.673529411765  0.037680495903 -0.008814898590 -0.177046399665  0.023428452588  0.434855921177  0.141338468469 -0.083847462201 -0.003961357225  0.420142416268 -0.139383177889  0.434855921177  0.000000000000
  0.676470588235  0.102992432823 -0.007390199877 -0.149079633865  0.019727625868  0.431051878516  0.119012231654 -0.229181010258 -0.003321107030  0.353775494487 -0.117365804479  0.431051878516  0.000000000000
  0.679411764706  0.152498967572 -0.004869639922 -0.098660457709  0.013055684048  0.361198179145  0.078761940471 -0.339344032309 -0.002188384029  0.234127568651 -0.077672339870  0.361198179145  0.000000000000
  0.682352941176  0.178249399286 -0.001623366964 -0.033032313029  0.004371147796  0.236144933538  0.026370129765 -0.396644455195 -0.000729530395  0.078387788948 -0.026005322739  0.236144933538 -0.000000000000
  0.685294117647  0.176690105078  0.001811717324  0.037023771347 -0.004899335278  0.075830133342 -0.029556563415 -0.393174679678  0.000814173804 -0.087859774514  0.029147674946  0.075830133342 -0.000000000000
  0.688235294118  0.148056759309  0.004944114413  0.101470235085 -0.013427500341  0.095981126584 -0.081005022690 -0.329459133491  0.002221852373 -0.240795349854  0.079884391064  0.095981126584 -0.000000000000
  0.691176470588  0.096796871096  0.007264987794  0.149739730814 -0.019814976134  0.251651642877 -0.119539195727 -0.215394511029  0.003264837547 -0.355341946714  0.117885478477  0.251651642877 -0.000000000000
  0.694117647059  0.031083112952  0.008463964490  0.175194364668 -0.023183373817  0.368943283259 -0.139859964583 -0.069166821611  0.003803649758 -0.415747418911  0.137925127774  0.368943283259 -0.000000000000
  0.697058823529 -0.039343095778  0.008342804425  0.173418212602 -0.022948336592  0.428339304689 -0.138442039037  0.087547115743  0.003749201225 -0.411532496597  0.136526817953  0.428339304689 -0.000000000000
  0.700000000000 -0.103153141046  0.006960920977  0.145304129645 -0.019228015474  0.422774081920 -0.115998196999  0.229538621706  0.003128191927 -0.344815981790  0.114393466282  0.422774081920 -0.000000000000
  0.702941176471 -0.151231512344  0.004527328420  0.094901744964 -0.012558295660  0.351604871374 -0.075761310671  0.336523663263  0.002034551500 -0.225207903198  0.074713221084  0.351604871374 -0.000000000000
  0.705882352941 -0.175578208857  0.001436322039  0.030234122119 -0.004000864734  0.227643224124 -0.024136297174  0.390700463931  0.000645473641 -0.071747503169  0.023802393212  0.227643224124  0.000000000000
  0.708823529412 -0.173296998997 -0.001834201903 -0.038770239072  0.005130444390  0.068676782264  0.030950791561  0.385624265941 -0.000824278225  0.092004253992 -0.030522615199  0.068676782264  0.000000000000
  0.711764705882 -0.144124419276 -0.004789598681 -0.101659691718  0.013452571033  0.099685987796  0.081156268412  0.320708804592 -0.002152414024  0.241244942549 -0.080033544437  0.099685987796  0.000000000000
  0.714705882353 -0.093311982143 -0.006968672784 -0.148521950139  0.019653827888  0.252364017124  0.118567025403  0.207639860042 -0.003131675538  0.352452075377 -0.116926757256  0.252364017124  0.000000000000
  0.717647058824 -0.028150922150 -0.008069795179 -0.172697732412  0.022852995845  0.365698660012  0.137866870229  0.062642046616 -0.003626512672  0.409822751080 -0.135959606089  0.365698660012  0.000000000000
  0.720588235294  0.040861735063 -0.007911278207 -0.169999262911  0.022495908862  0.422391788927  0.135712646550 -0.090926425040 -0.003555276191  0.403419110574 -0.133835184156  0.422391788927  0.000000000000
  0.723529411765  0.103445146457 -0.006563736409 -0.141618678007  0.018740321687  0.414512178891  0.113056052503 -0.230188398521 -0.002949699805  0.336070169622 -0.111492023709  0.414512178891  0.000000000000
  0.726470588235  0.149901526672 -0.004213824900 -0.091286747823  0.012079925078  0.342603767110  0.072875410928 -0.333564150106 -0.001893665088  0.216629284053 -0.071867245167  0.342603767110  0.000000000000
  0.729411764706  0.173140295378 -0.001265985097 -0.027536869796  0.003643938819  0.219208301390  0.021983045184 -0.385275565627 -0.000568925344  0.065346751104 -0.021678929527  0.219208301390 -0.000000000000
  0.732352941176  0.169910407760  0.001855084562  0.040513275308 -0.005361099415  0.061890367172 -0.032342280303 -0.378088349177  0.000833662754 -0.096140590325  0.031894853947  0.061890367172 -0.000000000000
  0.735294117647  0.140434826126  0.004642214875  0.101788694511 -0.013469641901  0.103384696868 -0.081259253037 -0.312498641355  0.002086180714 -0.241551074416  0.080135104362  0.103384696868 -0.000000000000
  0.738235294118  0.089854469350  0.006698044035  0.147453816154 -0.019512482306  0.253084124179 -0.117714320001 -0.199946127084  0.003010056765 -0.349917325199  0.116085848265  0.253084124179 -0.000000000000
  0.741176470588  0.025369140059  0.007700048719  0.170187755475 -0.022520851979  0.362534662921 -0.135863122642 -0.056451964371  0.003460351054 -0.403866415469  0.133983578546  0.362534662921 -0.000000000000
  0.744117647059 -0.042377852559  0.007518092779  0.166825524496 -0.022075929805  0.416807872912 -0.133179009449  0.094300122794  0.003378581256 -0.395887626575  0.131336597645  0.416807872912 -0.000000000000
  0.747058823529 -0.103740321579  0.006191550928  0.137932771617 -0.018252567724  0.406341206004 -0.110113544974  0.230845228649  0.002782442107 -0.327323278300  0.108590223125  0.406341206004 -0.000000000000
  0.750000000000 -0.148604590024  0.003930765760  0.087912704697 -0.011633439809  0.334152747185 -0.070181867942  0.330678178359  0.001766460179 -0.208622464179  0.069210964926  0.334152747185 -0.000000000000
  0.752941176471 -0.170851423071  0.001104844262  0.024807061700 -0.003282704816  0.210749009730 -0.019803803492  0.380182316995  0.000496509717 -0.058868742109  0.019529835684  0.210749009730  0.000000000000
  0.755882352941 -0.166561089197 -0.001868313941 -0.042113106120  0.005572804146  0.055611404039  0.033619446274  0.370635372383 -0.000839607950  0.099937091042 -0.033154351475  0.055611404039  0.000000000000
  0.758823529412 -0.136970715023 -0.004507697947 -0.102002028783  0.013497872308  0.107308095449  0.081429560591  0.304790225692 -0.002025729695  0.242057330271 -0.080303055864  0.107308095449  0.000000000000
  0.761764705882 -0.086386967625 -0.006444074923 -0.146384347804  0.019370960148  0.253516168488  0.116860549356  0.192230166537 -0.002895924723  0.347379408485 -0.115243888770  0.253516168488  0.000000000000
  0.764705882353 -0.022795364811 -0.007357939346 -0.167789140084  0.022203444525  0.359770197937  0.133948276441  0.050724743492 -0.003306609361  0.398174347922 -0.132095222521  0.359770197937  0.000000000000
  0.767647058824  0.043986071296 -0.007154245074 -0.163771609567  0.021671806924  0.411206201533  0.130741029011 -0.097878766241 -0.003215070500  0.388640491361 -0.128932344474  0.411206201533  0.000000000000
  0.770588235294  0.103917418486 -0.005845544657 -0.134326151060  0.017775305612  0.398602601263  0.107234332367 -0.231239308553 -0.002626949173  0.318764537325 -0.105750841834  0.398602601263  0.000000000000
  0.773529411765  0.147471423385 -0.003672446977 -0.084712125658  0.011209908947  0.325879038099  0.067626803617 -0.328156631212 -0.001650373424  0.201027285664 -0.066691247618  0.325879038099  0.000000000000
  0.776470588235  0.168555272761 -0.000952925609 -0.022064659096  0.002919804190  0.202560742674  0.017614507439 -0.375072873191 -0.000428238477  0.052360845544 -0.017370826573  0.202560742674 -0.000000000000
  0.779411764706  0.163389000284  0.001874209817  0.043561053972 -0.005764410288  0.049568176478 -0.034775362080 -0.363576770875  0.000842257517 -0.103373163791  0.034294276226  0.049568176478 -0.000000000000
  0.782352941176  0.133579284430  0.004386735320  0.102342816552 -0.013542968566  0.111267979677 -0.081701615947 -0.297243540289  0.001971369889 -0.242866041417  0.080571347579  0.111267979677 -0.000000000000
  0.785294117647  0.083030560105  0.006201706332  0.145230139853 -0.019218224445  0.253765463792 -0.115939129975 -0.184761415239  0.002787005878 -0.344640399288  0.114335216397  0.253765463792 -0.000000000000
  0.788235294118  0.020318218634  0.007045158906  0.165599829033 -0.021913734199  0.357367334666 -0.132200520646 -0.045212543733  0.003166047896 -0.392978972941  0.130371645355  0.357367334666 -0.000000000000
  0.791176470588 -0.045609245663  0.006811299510  0.160700250803 -0.021265375709  0.405504014440 -0.128289122931  0.101490689284  0.003060953028 -0.381351960813  0.126514358309  0.405504014440 -0.000000000000
  0.794117647059 -0.104019605754  0.005529045795  0.130932737506 -0.017326257064  0.391423603713 -0.104525325714  0.231466697891  0.002484716674 -0.310711750188  0.103079311852  0.391423603713 -0.000000000000
  0.797058823529 -0.146486478915  0.003430075120  0.081528080824 -0.010788566047  0.317536890789 -0.065084938766  0.325964911274  0.001541453112 -0.193471343874  0.064184547181  0.317536890789 -0.000000000000
  0.800000000000 -0.166217920608  0.000815403132  0.019452506809 -0.002574139516  0.194915638179 -0.015529191926  0.369871746144  0.000366436784 -0.046162041299  0.015314359524  0.194915638179  0.000000000000
  0.802941176471 -0.160446296877 -0.001879209760 -0.044995823371  0.005954272533  0.043413999083  0.035920757354  0.357028603002 -0.000844504459  0.106777963228 -0.035423825986  0.043413999083  0.000000000000
  0.805882352941 -0.130159800702 -0.004273112062 -0.102690233641  0.013588942078  0.114902848991  0.081978963577  0.289634430435 -0.001920308347  0.243690484363 -0.080844858354  0.114902848991  0.000000000000
  0.808823529412 -0.079896797364 -0.005973607363 -0.144079988221  0.019066025513  0.254198543162  0.115020948806  0.177788097964 -0.002684499708  0.341911015991 -0.113429737439  0.254198543162  0.000000000000
  0.811764705882 -0.017795593621 -0.006756253985 -0.163549547319  0.021642421549  0.354956556847  0.130563753799  0.039599143476 -0.003036215932  0.388113523461 -0.128757521705  0.354956556847  0.000000000000
  0.814705882353  0.047099194955 -0.006488292684 -0.157632040865  0.020859361178  0.400007338869  0.125839730600 -0.104806156979 -0.002915795893  0.374070902632 -0.124098851118  0.400007338869  0.000000000000
  0.817647058824  0.104197126937 -0.005239473566 -0.127751717169  0.016905314395  0.384515330130  0.101985875359 -0.231861721903 -0.002354584827  0.303162985722 -0.100574992508  0.384515330130  0.000000000000
  0.820588235294  0.145498290236 -0.003200251626 -0.078310974258  0.010362848107  0.309308643706  0.062516680299 -0.323765972249 -0.001438171951  0.185836944481 -0.061651818260  0.309308643706  0.000000000000
  0.823529411765  0.163964808552 -0.000693973093 -0.017042565052  0.002255233250  0.187678262683  0.013605303738 -0.364858072003 -0.000311866926  0.040443095561 -0.013417086599  0.187678262683 -0.000000000000
  0.826470588235  0.157614564443  0.001887719129  0.046524101380 -0.006156508720  0.037172048714 -0.037140801780 -0.350727370162  0.000848328513 -0.110404664570  0.036626992195  0.037172048714 -0.000000000000
  0.829411764706  0.126787005188  0.004160946280  0.102914250135 -0.013618586057  0.118158345781 -0.082157798889 -0.282129212218  0.001869901785 -0.244222089813  0.081021219641  0.118158345781 -0.000000000000
  0.832352941176  0.076930164574  0.005764195929  0.143073587409 -0.018932849048  0.254954628445 -0.114217525807 -0.171186681907  0.002590391592 -0.339522762575  0.112637429074  0.254954628445 -0.000000000000
  0.835294117647  0.015236990071  0.006482864164  0.161480304168 -0.021368599742  0.352304954552 -0.128911849788 -0.033905682992  0.002913356352 -0.383203077280  0.127128470300  0.352304954552 -0.000000000000
  0.838235294118 -0.048433637742  0.006189267660  0.154710012570 -0.020472690782  0.394989284134 -0.123507036996  0.107775588204  0.002781416021 -0.367136742826  0.121798428232  0.394989284134 -0.000000000000
  0.841176470588 -0.104507049697  0.004968675320  0.124635267043 -0.016492916265  0.377522683601 -0.099497972252  0.232551368797  0.002232889883 -0.295767450492  0.098121507302  0.377522683601 -0.000000000000
  0.844117647059 -0.144411386521  0.002986562081  0.075177475938 -0.009948193999  0.301545787273 -0.060015167394  0.321347370371  0.001342141280 -0.178400952796  0.059184911536  0.301545787273 -0.000000000000
  0.847058823529 -0.161907885331  0.000583272727  0.014733246474 -0.001949642394  0.180457521273 -0.011761744357  0.360280961541  0.000262118912 -0.034962935055  0.011599031204  0.180457521273  0.000000000000
  0.850000000000 -0.154748247159 -0.001896853283 -0.048080157325  0.006362420747  0.031198694222  0.038383021699  0.344349178356 -0.000852433341  0.114097284731 -0.037852027119  0.031198694222  0.000000000000
  0.852941176471 -0.123604975398 -0.004051334856 -0.103045833217  0.013635998374  0.121368607879  0.082262843393  0.275048490051 -0.001820643135  0.244534344873 -0.081124810949  0.121368607879  0.000000000000
  0.855882352941 -0.073970350171 -0.005571936873 -0.142211092666  0.018818715593  0.255750687606  0.113528984914  0.164600438273 -0.002503991642  0.337476007453 -0.111958413525  0.255750687606  0.000000000000
  0.858823529412 -0.012788485181 -0.006221910769 -0.159345912201  0.021086156828  0.349613485800  0.127207936620  0.028457216448 -0.002796085619  0.378138028795 -0.125448129238  0.349613485800  0.000000000000
  0.861764705882  0.049749538624 -0.005914903657 -0.152002101506  0.020114354402  0.390306643749  0.121345275993 -0.110703759580 -0.002658118650  0.360710696888 -0.119666573248  0.390306643749  0.000000000000
  0.864705882353  0.104833357930 -0.004710813075 -0.121472368356  0.016074371624  0.370471230819  0.096972988647 -0.233277477001 -0.002117008292  0.288261689859 -0.095631454575  0.370471230819  0.000000000000
  0.867647058824  0.143308141366 -0.002792449680 -0.072250635054  0.009560886756  0.294283202499  0.057678631837 -0.318892405164 -0.001254908449  0.171455372410 -0.056880699847  0.294283202499  0.000000000000
  0.870588235294  0.159988449961 -0.000476704280 -0.012375850625  0.001637689499  0.173102672108  0.009879804258 -0.356009792047 -0.000214227756  0.029368684111 -0.009743126053  0.173102672108 -0.000000000000
  0.873529411765  0.151857824926  0.001900714218  0.049511669373 -0.006551851948  0.025705032422 -0.039525816587 -0.337917347695  0.000854168420 -0.117494354267  0.038979012467  0.025705032422 -0.000000000000
  0.876470588235  0.120628009211  0.003949879779  0.103236777161 -0.013661265881  0.124823215515 -0.082415276454 -0.268424079894  0.001775049893 -0.244987467049  0.081275135235  0.124823215515 -0.000000000000
  0.879411764706  0.070955564396  0.005389833202  0.141345117290 -0.018704121548  0.256244155154 -0.112837665387 -0.157891871141  0.002422155454 -0.335420992566  0.111276657782  0.256244155154 -0.000000000000
  0.882352941176  0.010536608483  0.005977005510  0.157267581364 -0.020811132453  0.347245279040 -0.125548777788 -0.023446291253  0.002686026813 -0.373206016953  0.123811923377  0.347245279040 -0.000000000000
  0.885294117647 -0.051165597843  0.005659159623  0.149400735763 -0.019770117106  0.385564228407 -0.119268571521  0.113854805471  0.002543188969 -0.354537489802  0.117618598113  0.385564228407 -0.000000000000
  0.888235294118 -0.105035632499  0.004467313032  0.118328027532 -0.015658282734  0.363719181911 -0.094462820029  0.233727582788  0.002007580981 -0.280799968221  0.093156011882  0.363719181911 -0.000000000000
  0.891176470588 -0.142337402757  0.002614820200  0.069489431170 -0.009195498167  0.287167080916 -0.055474326476  0.316732296414  0.001175082933 -0.164902859206  0.054706889067  0.287167080916 -0.000000000000
  0.894117647059 -0.158044512568  0.000373787609  0.009966273031 -0.001318831423  0.165890913036 -0.007956206786  0.351684100116  0.000167977683 -0.023650602556  0.007846139822  0.165890913036  0.000000000000
  0.897058823529 -0.149090129689 -0.001898343152 -0.050781889494  0.006719939477  0.020463757996  0.040539850009  0.331758611824 -0.000853102878  0.120508667755 -0.039979017649  0.020463757996  0.000000000000
  0.900000000000 -0.117711078946 -0.003858609528 -0.103558691823  0.013703864671  0.128385427797  0.082672265161  0.261933262980 -0.001734033645  0.245751391106 -0.081528568735  0.128385427797  0.000000000000
  0.902941176471 -0.067999431894 -0.005213128289 -0.140368960860  0.018574947306  0.256481642674  0.112058386876  0.151313820552 -0.002342745433  0.333104511001 -0.110508159888  0.256481642674  0.000000000000
  0.905882352941 -0.008388186506 -0.005751480661 -0.155369109729  0.020559908746  0.345235349481  0.124033202923  0.018665575761 -0.002584677435  0.368700822488 -0.122317315127  0.345235349481  0.000000000000
  0.908823529412  0.052625764690 -0.005415000625 -0.146754452792  0.019419935937  0.380618205624  0.117156009034 -0.117104000620 -0.002433465528  0.348257691265 -0.115535261029  0.380618205624  0.000000000000
  0.911764705882  0.105132979702 -0.004242577951 -0.115352183928  0.015264490988  0.357469243858  0.092087164957 -0.233944201911 -0.001906586519  0.273738101250 -0.090813221861  0.357469243858  0.000000000000
  0.914705882353  0.141513523584 -0.002446531735 -0.066733751444  0.008830840586  0.279899160456  0.053274431121 -0.314898982491 -0.001099455208  0.158363455180 -0.052537427286  0.279899160456  0.000000000000
  0.917647058824  0.156017115568 -0.000279507374 -0.007648603718  0.001012135519  0.159152030457  0.006105980904 -0.347172692045 -0.000125608768  0.018150625222 -0.006021510150  0.159152030457 -0.000000000000
  0.920588235294  0.146528251951  0.001894990869  0.052021845642 -0.006884022191  0.015093461214 -0.041529723303 -0.326057865546  0.000851596385 -0.123451162904  0.040955196936  0.015093461214 -0.000000000000
  0.923529411765  0.114731925638  0.003772879998  0.103905117307 -0.013749706965  0.131669190345 -0.082948821180 -0.255303985992  0.001695507360 -0.246573480911  0.081801298850  0.131669190345 -0.000000000000
  0.926470588235  0.065237133594  0.005044015294  0.139354579571 -0.018440714788  0.256839641258 -0.111248592957 -0.145167094064  0.002266747170 -0.330697319403  0.109709568739  0.256839641258 -0.000000000000
  0.929411764706  0.006186877684  0.005542276710  0.153606496771 -0.020326663144  0.343228337070 -0.122626085826 -0.013767175307  0.002490662560 -0.364518029341  0.120929664229  0.343228337070 -0.000000000000
  0.932352941176 -0.053971793738  0.005181460099  0.144060765169 -0.019063481737  0.375756204255 -0.115005602791  0.120099213848  0.002328513957 -0.341865398461  0.113414603722  0.375756204255 -0.000000000000
  0.935294117647 -0.105279724933  0.004036277929  0.112575135911 -0.014897005753  0.351480240190 -0.089870211015  0.234270742603  0.001813876651 -0.267147988906  0.088626937483  0.351480240190 -0.000000000000
  0.938235294118 -0.140690840164  0.002284205262  0.063908718268 -0.008457005501  0.272616478760 -0.051019169997  0.313068329382  0.001026506763 -0.151659470989  0.050313365671  0.272616478760 -0.000000000000
  0.941176470588 -0.154024159324  0.000196769628  0.005522584108 -0.000730800514  0.152818349026 -0.004408751499  0.342737922298  0.000088426971 -0.013105444876  0.004347760387  0.152818349026  0.000000000000
  0.944117647059 -0.144073332393 -0.001895321022 -0.053360772580  0.007061201656  0.009552871337  0.042598606281  0.320595124943 -0.000851744753  0.126628522060 -0.042009292879  0.009552871337  0.000000000000
  0.947058823529 -0.111746721633 -0.003687048747 -0.104128364703  0.013779249170  0.134549531754  0.083127042511  0.248661244861 -0.001656935363  0.247103261242 -0.081977054649  0.134549531754  0.000000000000
  0.950000000000 -0.062640929069 -0.004887378764 -0.138456330269  0.018321849952  0.257527270243  0.110531508729  0.139389963069 -0.002196355747  0.328565716427 -0.109002404727  0.257527270243  0.000000000000
  0.952941176471 -0.003915764956 -0.005342488222 -0.151817865274  0.020089974523  0.340933874024  0.121198197787  0.008713445678 -0.002400878933  0.360273492540 -0.119521529736  0.340933874024  0.000000000000
  0.955882352941  0.055152458645 -0.004962864109 -0.141465337980  0.018720030286  0.371309714721  0.112933639144 -0.122726455179 -0.002230278363  0.335706283943 -0.111371303828  0.371309714721  0.000000000000
  0.958823529412  0.105561587149 -0.003842229930 -0.109858900356  0.014537567797  0.345364103600  0.087701804461 -0.234897948560 -0.001726672762  0.260702188418 -0.086488528883  0.345364103600  0.000000000000
  0.961764705882  0.139750329434 -0.002131083942 -0.061119895942  0.008087962178  0.265701722467  0.048792816470 -0.310975484371 -0.000957695053  0.145041417458 -0.048117811742  0.265701722467  0.000000000000
  0.964705882353  0.152201523251 -0.000121908108 -0.003507040113  0.000464084687  0.146495475758  0.002799716229 -0.338682152712 -0.000054784699  0.008322430221 -0.002760984673  0.146495475758 -0.000000000000
  0.967647058824  0.141566300477  0.001897587597  0.054756039476 -0.007245836556  0.004192956421 -0.043712466188 -0.315016422786  0.000852763337 -0.129939579536  0.043107743537  0.004192956421 -0.000000000000
  0.970588235294  0.108912331907  0.003601295535  0.104233422815 -0.013793151452  0.137334973432 -0.083210911783 -0.242354098956  0.001618398436 -0.247352570853  0.082059763665  0.137334973432 -0.000000000000
  0.973529411765  0.060049154859  0.004743348925  0.137704256147 -0.018222328398  0.258303255824 -0.109931118070 -0.133622690507  0.002131629689 -0.326780996493  0.108410319933  0.258303255824 -0.000000000000
  0.976470588235  0.001718711708  0.005148955314  0.149931022662 -0.019840289679  0.338504110557 -0.119691906523 -0.003824514820  0.002313906522 -0.355795894488  0.118036076657  0.338504110557 -0.000000000000
  0.979411764706 -0.056294223726  0.004761462002  0.139065324403 -0.018402437811  0.367203702130 -0.111017676753  0.125267135765  0.002139769586 -0.330010898410  0.109481847053  0.367203702130 -0.000000000000
  0.982352941176 -0.105879667131  0.003655047874  0.107071486799 -0.014168710896  0.339086209143 -0.085476575573  0.235605747081  0.001642554382 -0.254087477985  0.084294084034  0.339086209143 -0.000000000000
  0.985294117647 -0.138754358453  0.001991410023  0.058511306096 -0.007742768920  0.259283131984 -0.046710344900  0.308759227998  0.000894926516 -0.138851067113  0.046064149294  0.259283131984 -0.000000000000
  0.988235294118 -0.150518450210  0.000048914235  0.001441480719 -0.000190750350  0.140080268165 -0.001150753009  0.334936941833  0.000021981734 -0.003420725829  0.001134833376  0.140080268165  0.000000000000
  0.991176470588 -0.138992963284 -0.001896196251 -0.056046368930  0.007416585142  0.000000000000  0.044742553155  0.309290176677 -0.000852138075  0.133001613758 -0.044123580177  0.000000000000  0.000000000000
  0.994117647059 -0.106281322779 -0.003520270298 -0.104358303023  0.013809676781  0.043597964330  0.083310605295  0.236499519999 -0.001581986229  0.247648919565 -0.082158078007  0.043597964330  0.000000000000
  0.997058823529 -0.057419532393 -0.004602376842 -0.136840978451  0.018108091336  0.039924563483  0.109241952136  0.127771197181 -0.002068277765  0.324732383374 -0.107730687990  0.039924563483  0.000000000000
  1.000000000000  0.000000000000 -0.004932580123 -0.147091427366  0.019464527597  0.030249496507  0.117425020267  0.000000000000 -0.002216668939  0.349057353457 -0.115800550734  0.030249496507  0.000000000000
