             Rad         v_r[Re]         v_t[Re]         v_x[Re]         p[Re]          p_mg[Re]  p_no_phase[Re]         v_r[Im]         v_t[Im]         v_x[Im]         p[Im]          p_mg[Im]  p_no_phase[Im]
  0.000000000000  0.097280088618 -0.144723224414 -0.052540943575 -0.000902731642  0.428065591528  0.017965203994  0.182409982681 -0.033061980623 -0.050961355607  0.020923450828  0.428065591528 -0.010763696597
  0.003921568627  0.117900551552 -0.147751284260  0.028215633283 -0.004550404237  0.415575924451 -0.002236655181  0.226967726082  0.073003039025  0.004842001013 -0.005679271189  0.415575924451  0.006925147908
  0.007843137255  0.126484067782 -0.281324797167  0.092934366351 -0.007445553555  0.334947562163 -0.018527295418  0.315559208933  0.126317267998  0.083546472904 -0.027100990456  0.334947562163  0.021133841958
  0.011764705882  0.155282407357 -0.406547370161  0.219837398192 -0.019895215957  0.204443752478 -0.041401281381  0.398907914957  0.226468739282  0.214698434492 -0.062707784600  0.204443752478  0.051127485440
  0.015686274510  0.117404598835 -0.437379756490  0.325093927024 -0.031257950439  0.166046848064 -0.060385537414  0.398647098517  0.261593940270  0.340145028585 -0.092938832671  0.166046848064  0.077254598278
  0.019607843137  0.053323512486 -0.450874839090  0.411837578142 -0.039251238887  0.305483683898 -0.081437102706  0.330675781416  0.281656647921  0.479738351641 -0.123424520955  0.305483683898  0.100708839881
  0.023529411765 -0.063469932306 -0.386319845314  0.453748441172 -0.045163407526  0.427480594631 -0.089057549388  0.194342006834  0.276942758122  0.546251558828 -0.136450326826  0.427480594631  0.112814794983
  0.027450980392 -0.163211652818 -0.312397104736  0.409769918809 -0.037667451516  0.493722820469 -0.092891433171  0.030553430846  0.233479519542  0.572363938728 -0.136100233992  0.493722820469  0.106363961189
  0.031372549020 -0.264380469018 -0.202108369429  0.344401272373 -0.031934532001  0.478134743775 -0.080531617385 -0.153046557393  0.197704516441  0.504984104345 -0.117515815295  0.478134743775  0.091347905175
  0.035294117647 -0.317473908226 -0.096201340321  0.183571966446 -0.011384368102  0.366451192759 -0.061935813122 -0.286269062914  0.122496584170  0.373684778906 -0.081692512016  0.366451192759  0.054472244396
  0.039215686275 -0.309667764162 -0.006995818481  0.053817308712  0.001998205713  0.226459649887 -0.035804293807 -0.384536213237  0.075335580618  0.204153382821 -0.041568761877  0.226459649887  0.021213376324
  0.043137254902 -0.275387338505  0.072047818663 -0.111695992063  0.020666755872  0.100940605009 -0.004907034127 -0.390863975054  0.009869052938 -0.007103448648  0.007748571612  0.100940605009 -0.021519204827
  0.047058823529 -0.153235786344  0.100708720811 -0.218401846725  0.032059067461  0.192979271476  0.018440647863 -0.332874256226 -0.029908608973 -0.165697827989  0.043225614588  0.192979271476 -0.050558679467
  0.050980392157 -0.058988642991  0.121647303751 -0.269580470215  0.034125418366  0.325982648087  0.042520570222 -0.218641974527 -0.056667511212 -0.313861271712  0.073430853223  0.325982648087 -0.068910343865
  0.054901960784  0.086485871402  0.096536231396 -0.289769352742  0.036094143964  0.383734781110  0.048990226135 -0.052049973941 -0.077158890384 -0.358798986415  0.082478219160  0.383734781110 -0.075534108901
  0.058823529412  0.172678141523  0.067216440630 -0.198474003461  0.020035646952  0.354151885612  0.051642638131  0.086158334824 -0.063153256307 -0.345993568674  0.075067430298  0.354151885612 -0.058048119412
  0.062745098039  0.228964981105  0.026226401078 -0.134533923327  0.012395178603  0.283892677181  0.040110891142  0.232033886062 -0.061627177451 -0.264079433068  0.056217166250  0.283892677181 -0.041293179165
  0.066666666667  0.251928442874 -0.019047678373  0.014607482113 -0.008348660610  0.133058666226  0.021841534786  0.289455423001 -0.028581031534 -0.114166667983  0.020657185143  0.133058666226 -0.004400771545
  0.070588235294  0.179107402625 -0.039709137359  0.104874058651 -0.019315920765  0.079801065022  0.004021035999  0.305522661037 -0.011332738561  0.014630190672 -0.007919171435  0.079801065022  0.020485344535
  0.074509803922  0.133415956008 -0.066100046762  0.186223482436 -0.027474090450  0.205293610307 -0.020062643433  0.250589774012  0.012754442652  0.176052860918 -0.042145424722  0.205293610307  0.046136241823
  0.078431372549 -0.002944386173 -0.056359510874  0.236953727317 -0.034013126487  0.288849961726 -0.029692029164  0.133026084840  0.033228145652  0.248228803165 -0.057990841633  0.288849961726  0.060317608464
  0.082352941176 -0.076262462885 -0.050073204870  0.188253385560 -0.022932110553  0.314572833308 -0.041291363368  0.023499930495  0.033205260782  0.294582582243 -0.064578438756  0.314572833308  0.054692593263
  0.086274509804 -0.161533253619 -0.026187066816  0.170475737939 -0.020924710612  0.297199165499 -0.036692424568 -0.126698359928  0.044103446479  0.264342677765 -0.057746311036  0.297199165499  0.049255922809
  0.090196078431 -0.209063226733  0.001059980781  0.040781376096  0.000052551477  0.180418026406 -0.027857190847 -0.199315999401  0.025442530392  0.167217148547 -0.033332581090  0.180418026406  0.018304115436
  0.094117647059 -0.176054486169  0.016035434656 -0.025261751421  0.008899293471  0.092462371443 -0.014746381143 -0.260693086512  0.020959269098  0.072250849085 -0.011795590623  0.092462371443 -0.000936816745
  0.098039215686 -0.167804607654  0.040113192141 -0.123593648436  0.022270806994  0.115023544069  0.006690902665 -0.245293615130  0.001872824266 -0.081687314880  0.022698130957  0.115023544069 -0.031087389962
  0.101960784314 -0.049620315703  0.036284017847 -0.186417124001  0.031480380947  0.201194367431  0.016841036864 -0.173460337027 -0.012940610897 -0.160807845270  0.040928062086  0.201194367431 -0.048810860759
  0.105882352941  0.003459238982  0.040059867521 -0.173098075912  0.025749120118  0.265578559232  0.033532093603 -0.092397639573 -0.017658140999 -0.243670168369  0.057141753880  0.265578559232 -0.052950882164
  0.109803921569  0.104898110442  0.024854273914 -0.185561289053  0.028284351410  0.283485490078  0.032817001694  0.047189004185 -0.031017902769 -0.246419546018  0.057956771906  0.283485490078 -0.055516090859
  0.113725490196  0.159741057781  0.009066715780 -0.076372196944  0.007904100870  0.206108061868  0.031495287125  0.122319123382 -0.020476610819 -0.193880505878  0.042936331809  0.206108061868 -0.030233264605
  0.117647058824  0.160243740190 -0.002835957168 -0.034239496215  0.001970013520  0.143542745386  0.021635467286  0.211787428460 -0.022977116030 -0.126123504276  0.027213762239  0.143542745386 -0.016624571086
  0.121568627451  0.176853743154 -0.023330443215  0.074714021571 -0.015680561117  0.060378498604  0.003963204180  0.221555357906 -0.008076451937  0.011241698141 -0.005591543120  0.060378498604  0.016169055755
  0.125490196078  0.079889400133 -0.022665314178  0.134247847231 -0.025309417367  0.122475105217 -0.005735338123  0.189995307609  0.001044621785  0.086640226078 -0.023557004405  0.122475105217  0.034096993425
  0.129411764706  0.050514861622 -0.031711774348  0.150895015330 -0.025037986367  0.213425174640 -0.024853145415  0.134360591351  0.007820142159  0.191612278511 -0.046277273766  0.213425174640  0.046376804455
  0.133333333333 -0.058910510417 -0.021048411080  0.183474275387 -0.031209221026  0.254924301048 -0.026173483572  0.013233096997  0.020973839992  0.213247517010 -0.051927645096  0.254924301048  0.054639221810
  0.137254901961 -0.109234522425 -0.013175684191  0.096703945314 -0.013309413550  0.216413198167 -0.031216925682 -0.055389263478  0.015315830846  0.201052283040 -0.046166792483  0.216413198167  0.036524194285
  0.141176470588 -0.138231797813 -0.003195809939  0.081671559851 -0.011720581637  0.184727851559 -0.024001785666 -0.162610809123  0.022458350879  0.158193618045 -0.036476963749  0.184727851559  0.029863944868
  0.145098039216 -0.172580782126  0.013558508658 -0.032136359851  0.008418671582  0.064084361099 -0.011416564044 -0.187622687609  0.010526486188  0.043719397466 -0.008124037335  0.064084361099 -0.002556575688
  0.149019607843 -0.098387893550  0.014110065724 -0.080662254551  0.016444486409  0.057124774784 -0.002859830654 -0.192755012240  0.006586943350 -0.021500241088  0.007416837746  0.057124774784 -0.017811568826
  0.152941176471 -0.093724600596  0.025760463746 -0.124113386350  0.021640139083  0.158939367083  0.016494702967 -0.159185672674 -0.001136623037 -0.139680624513  0.034025265242  0.158939367083 -0.036795911028
  0.156862745098  0.018669338427  0.017372097992 -0.169577353324  0.030236421825  0.213201618156  0.018795651327 -0.061304658388 -0.012622567251 -0.172254769442  0.042449112670  0.213201618156 -0.048609586117
  0.160784313725  0.057044062698  0.015290642583 -0.106988593562  0.016167398170  0.212080758117  0.028915460733 -0.003035589735 -0.010234554924 -0.195814596360  0.045294460056  0.212080758117 -0.038430053421
  0.164705882353  0.111425662209  0.006278181959 -0.116834131380  0.019062843317  0.208235603469  0.023579971667  0.113340390903 -0.020058951904 -0.173441892132  0.040812684711  0.208235603469 -0.038380361708
  0.168627450980  0.154968810919 -0.006653181732 -0.003340344702 -0.002148039143  0.098014984583  0.016485845335  0.146422667735 -0.010543940546 -0.085672438168  0.018330413359  0.098014984583 -0.008296687872
  0.172549019608  0.105898352636 -0.008162976738  0.028458100082 -0.007153354070  0.051243867696  0.008982297253  0.183749249991 -0.011097295439 -0.032886640481  0.006042543355  0.051243867696  0.002645966876
  0.176470588235  0.123245787418 -0.020799171258  0.095219217660 -0.017367060332  0.106109157338 -0.008992803508  0.167846782620 -0.003028407693  0.089707744708 -0.022222154699  0.106109157338  0.026731412778
  0.180392156863  0.013891590967 -0.013974267437  0.144566033663 -0.026685857343  0.162698350755 -0.011744969200  0.097025568297  0.005783384299  0.126723786397 -0.031662843218  0.162698350755  0.039708013313
  0.184313725490 -0.007205707622 -0.016293997980  0.108133293020 -0.017231008648  0.196069638980 -0.025516686404  0.050734719415  0.005793396169  0.180611611346 -0.041924691521  0.196069638980  0.037463130316
  0.188235294118 -0.082876805896 -0.007757382428  0.138395452395 -0.023923517623  0.214294788684 -0.021396725519 -0.066261514588  0.016652471349  0.173833397610 -0.041402386216  0.214294788684  0.042762979513
  0.192156862745 -0.126879683954  0.001341476211  0.031043284046 -0.002943480080  0.127502287532 -0.019730284603 -0.101844485066  0.009243574933  0.115580318932 -0.025573577174  0.127502287532  0.016534442656
  0.196078431373 -0.104614634656  0.003860822802  0.019629860390 -0.001792343354  0.094899145650 -0.012967434807 -0.165828470251  0.013412736908  0.075718788849 -0.016714085074  0.094899145650  0.010696670935
  0.200000000000 -0.139034041273  0.016318357409 -0.066149693575  0.012759924951  0.059145871613  0.002368823299 -0.163069898584  0.005368433714 -0.043081187580  0.011250358943  0.059145871613 -0.016845620716
  0.203921568627 -0.038702476160  0.010857643264 -0.110967193731  0.021163508831  0.107642839071  0.005404465861 -0.121486425847 -0.000285905567 -0.079775439477  0.020427168097  0.107642839071 -0.028912887287
  0.207843137255 -0.037502446979  0.016452869634 -0.101960100771  0.016866198337  0.171144991255  0.021394178649 -0.087174619676 -0.002144416874 -0.157863027681  0.036746238393  0.171144991255 -0.034308071970
  0.211764705882  0.054582427741  0.008216357005 -0.146536692606  0.026248990517  0.204512992095  0.018075379995  0.022781411518 -0.012762190092 -0.162032498334  0.038957344416  0.204512992095 -0.043358561152
  0.215686274510  0.091350324138  0.002847971709 -0.051118756611  0.006796383783  0.146772295405  0.021456826687  0.056939433464 -0.007273990004 -0.134542357671  0.030181954451  0.146772295405 -0.022287794767
  0.219607843137  0.096539061219 -0.000736743478 -0.061143091579  0.009790768500  0.134838074154  0.015109546732  0.141318143530 -0.014111801330 -0.106784263260  0.024553493853  0.134838074154 -0.021689509118
  0.223529411765  0.141669450380 -0.012120683928  0.038499169437 -0.008185055031  0.032322275261  0.003358695531  0.147496883914 -0.006372883909  0.000958943221 -0.001373614544  0.032322275261  0.007589539322
  0.227450980392  0.056007703703 -0.008033169064  0.071722518008 -0.014260326319  0.053458945742 -0.000013552020  0.135665927278 -0.003983419678  0.034154012248 -0.009418483134  0.053458945742  0.017089896068
  0.231372549020  0.074724567978 -0.015896532012  0.090276116298 -0.015397138295  0.139921344672 -0.016810072605  0.112238786442 -0.000678703871  0.129688873825 -0.030286820542  0.139921344672  0.029526002527
  0.235294117647 -0.028118968456 -0.007990155614  0.142026957440 -0.026100409142  0.181093931311 -0.014113863105  0.015939042977  0.008732370785  0.140666004376 -0.034114291560  0.181093931311  0.040568646937
  0.239215686275 -0.051513283603 -0.006122176210  0.063949491391 -0.009417195623  0.155360322124 -0.021883070481 -0.014291273291  0.005044469592  0.143546023652 -0.032420485498  0.155360322124  0.025708027533
  0.243137254902 -0.083525246749 -0.001482515567  0.093973679328 -0.016330905550  0.162633851050 -0.015704377581 -0.112256473534  0.013593099446  0.126211306584 -0.029578083628  0.162633851050  0.029915448049
  0.247058823529 -0.132254683721  0.008144212637 -0.013569609997  0.003934603739  0.049171686233 -0.008161705050 -0.123708167037  0.006405335965  0.035653293614 -0.007181857669  0.049171686233  0.000668398710
  0.250980392157 -0.066280711674  0.005516501680 -0.029942422044  0.006606046016  0.026163786352 -0.004286689208 -0.140512266192  0.007109629485  0.007782709908 -0.000779019372  0.026163786352 -0.005086355353
  0.254901960784 -0.102581654011  0.014712124408 -0.074815953140  0.013143254162  0.104940882613  0.011981633353 -0.126201322369  0.002699009003 -0.098021336957  0.023017283871  0.104940882613 -0.023642777945
  0.258823529412  0.004710890319  0.007299384046 -0.126225231898  0.023680741769  0.146738040743  0.009927072179 -0.048945502750 -0.004813826371 -0.112344358198  0.027504012899  0.146738040743 -0.034909905388
  0.262745098039  0.010537256638  0.008570634916 -0.070152855736  0.010878784788  0.154000112742  0.021188059120 -0.023948067538 -0.002828142630 -0.143592646832  0.032551672240  0.154000112742 -0.027000471752
  0.266666666667  0.067313037286  0.002976991180 -0.116541207988  0.021021035045  0.176624885592  0.015061458597  0.080508035965 -0.012163420913 -0.134532300434  0.031900337554  0.176624885592 -0.035109370763
  0.270588235294  0.112458309759 -0.004402559546 -0.007679084152 -0.000228527420  0.077002542395  0.012013286608  0.094261238944 -0.005753613319 -0.065949786120  0.014238790987  0.077002542395 -0.007646982309
  0.274509803922  0.070249723303 -0.003324496040 -0.011255194541  0.001154618478  0.062975611432  0.007445716499  0.137043829122 -0.009168062217 -0.044125050264  0.009679722680  0.062975611432 -0.006292176158
  0.278431372549  0.119813225869 -0.012979065652  0.057160624270 -0.010418635747  0.068655693618 -0.007102628276  0.129773422230 -0.003973615831  0.064615440026 -0.015376810770  0.068655693618  0.017162370229
  0.282352941176  0.014844109840 -0.006309176598  0.101051673904 -0.019343596560  0.104509813725 -0.005858348243  0.075558215559  0.001200639721  0.079621223071 -0.019770905132  0.104509813725  0.027032261716
  0.286274509804  0.028538730023 -0.010229812298  0.070543905170 -0.011333527466  0.143890904229 -0.019546591668  0.056137941928  0.000811504069  0.135700876201 -0.030885354365  0.143890904229  0.026462893138
  0.290196078431 -0.049404666318 -0.003891361874  0.127905400489 -0.023639745268  0.176801495698 -0.013517001470 -0.047673716158  0.010065326861  0.132728098083 -0.031776985400  0.176801495698  0.037227745416
  0.294117647059 -0.084415491586  0.000937562877  0.024856820510 -0.002811306367  0.100567273797 -0.014918167219 -0.061614332304  0.004649646604  0.089406579289 -0.019722496560  0.100567273797  0.013203355667
  0.298039215686 -0.068957966687  0.001461920999  0.048941810382 -0.008400518827  0.103121792417 -0.009514230673 -0.126290898921  0.010193228947  0.073650687913 -0.016934814746  0.103121792417  0.016335118051
  0.301960784314 -0.125821371251  0.010731069671 -0.038076982636  0.007565374105  0.033002819732  0.002350832349 -0.124208499779  0.004559355780 -0.030618295698  0.007803890026  0.033002819732 -0.010611746894
  0.305882352941 -0.030853416256  0.005186274528 -0.068762011753  0.013698200573  0.057166880811  0.002222464881 -0.095717518064  0.001913579248 -0.044673439021  0.011693684009  0.057166880811 -0.017872985047
  0.309803921569 -0.063073446031  0.011056062913 -0.065668947775  0.011232499904  0.125103193256  0.017249181191 -0.081583359069  0.000838150588 -0.120232744123  0.028066915018  0.125103193256 -0.024827132757
  0.313725490196  0.029890717811  0.004466462335 -0.127461852909  0.024465748916  0.162575034690  0.011611480305  0.013990393097 -0.007426524311 -0.122317055250  0.030039168289  0.162575034690 -0.036960763340
  0.317647058824  0.050062727697  0.002275438070 -0.038899901177  0.005529650615  0.117074977961  0.017171107062  0.027600281833 -0.003304017160 -0.105766135403  0.024213342671  0.117074977961 -0.017944806532
  0.321568627451  0.063217151713  0.000225044774 -0.079676347257  0.014880044389  0.132176523607  0.010895572987  0.107955549613 -0.009969436139 -0.095834769260  0.022861521824  0.132176523607 -0.025007026820
  0.325490196078  0.119206750587 -0.007671944981  0.017657403921 -0.004775722109  0.020757932086  0.002348568076  0.110545884224 -0.004440289990 -0.003378284322 -0.000335668102  0.020757932086  0.004171860823
  0.329411764706  0.044071118149 -0.003942512501  0.033014344821 -0.007507441145  0.014855056713  0.000861396865  0.108463297984 -0.004112283232  0.010779051715 -0.003918098051  0.014855056713  0.008424438279
  0.333333333333  0.088365862663 -0.010655901093  0.058437390533 -0.011335023842  0.100851044886 -0.014531785851  0.098296020819 -0.001802761841  0.099221446753 -0.024879626973  0.100851044886  0.023158277220
  0.337254901961 -0.010452564162 -0.004705912653  0.115741856399 -0.024162340551  0.137124717462 -0.009776744721  0.017934203270  0.004713420535  0.105595812417 -0.027641483457  0.137124717462  0.035387647156
  0.341176470588 -0.014313583727 -0.004871226511  0.049680962854 -0.008611038578  0.124469115211 -0.018980794085  0.003974170458  0.002175265443  0.115761281306 -0.028412627705  0.124469115211  0.022828860120
  0.345098039216 -0.054253572971 -0.001670962430  0.101488378708 -0.020971249341  0.150271563457 -0.011885181634 -0.085014605065  0.009174393916  0.108925821720 -0.028062980763  0.150271563457  0.032955525269
  0.349019607843 -0.102853066802  0.004483940677 -0.000251557478  0.001100965494  0.046086767018 -0.007250871722 -0.090688669571  0.004164509539  0.034319075753 -0.007959165858  0.046086767018  0.003461979990
  0.352941176471 -0.051226648806  0.002459272801  0.004672732219 -0.000499138526  0.040493608170 -0.003972679596 -0.113438931119  0.005921698108  0.021517285804 -0.005087556092  0.040493608170  0.003217170043
  0.356862745098 -0.105449897917  0.009669489050 -0.047613932258  0.009503845229  0.071881464414  0.010430134455 -0.107060085060  0.002701135646 -0.073663453308  0.018759335962  0.071881464414 -0.018260560099
  0.360784313725 -0.006097172781  0.004293044357 -0.094093752373  0.020290281608  0.102003131535  0.006875541560 -0.045681665668 -0.002034991744 -0.080920447486  0.021613472312  0.102003131535 -0.028836862544
  0.364705882353 -0.021712687309  0.006644682606 -0.053150320940  0.009693209800  0.122649869427  0.018924738648 -0.034180279584 -0.000848906314 -0.116644812253  0.029058991896  0.122649869427 -0.024088121415
  0.368627450980  0.041674856429  0.002532755664 -0.114400005549  0.024324391155  0.156366689663  0.011469357891  0.058567493271 -0.008012261667 -0.113296911655  0.029775733330  0.156366689663 -0.036697740120
  0.372549019608  0.078632768277 -0.001757138204 -0.014628398522  0.001943567773  0.071373057824  0.011216556713  0.064973276014 -0.003555721000 -0.060446236800  0.014716597106  0.071373057824 -0.009723401748
  0.376470588235  0.052618504349 -0.001137291008 -0.040884393915  0.008436470772  0.081448749668  0.006304374344  0.110789365331 -0.007199566570 -0.050975634512  0.013113766068  0.081448749668 -0.014261828905
  0.380392156863  0.113406252847 -0.008383577910  0.033767396720 -0.006933013467  0.040782073971 -0.005827734403  0.107654834779 -0.003306422833  0.044970719324 -0.011551575275  0.040782073971  0.012146731198
  0.384313725490  0.019750901205 -0.003624077787  0.065161427980 -0.014213129891  0.059842286130 -0.003828501951  0.068585824225 -0.000510145167  0.051861843820 -0.013956896648  0.059842286130  0.019548672542
  0.388235294118  0.054997853378 -0.007815549015  0.051713130393 -0.009596521817  0.112459418617 -0.017585499043  0.060076076323 -0.000430469796  0.109784846364 -0.027391106929  0.112459418617  0.023089309068
  0.392156862745 -0.027520089899 -0.003011882295  0.116645751581 -0.025051379547  0.148844492044 -0.010249830764 -0.030096880392  0.006364395274  0.109045238765 -0.028794313428  0.148844492044  0.036764453924
  0.396078431373 -0.047775386286 -0.000781974820  0.026185239911 -0.004242069916  0.090210975914 -0.014212802875 -0.036036255001  0.002667734023  0.080675783900 -0.019820958310  0.090210975914  0.014452051063
  0.400000000000 -0.049573361096 -0.000013664318  0.072056030675 -0.015309599142  0.114060669936 -0.007802538337 -0.100943561980  0.007775829287  0.074408833171 -0.019439915530  0.114060669936  0.023482217468
  0.403921568627 -0.110366597637  0.006662621077 -0.019404656309  0.004254232636  0.013610943678  0.001133477664 -0.099869399408  0.003504450339 -0.015457670803  0.004162615043  0.013610943678 -0.005843037541
  0.407843137255 -0.029682217204  0.002790016198 -0.031104803908  0.006890207128  0.014855974662  0.001027324374 -0.085187946079  0.002747140939 -0.021052629148  0.005773440208  0.014855974662 -0.008930407087
  0.411764705882 -0.081949323997  0.008332456894 -0.046482635190  0.008739049581  0.095424740231  0.015229121745 -0.079335645978  0.001499115789 -0.096162875634  0.024003291247  0.095424740231 -0.020508603784
  0.415686274510  0.013497511970  0.003154470052 -0.107778449885  0.023295159397  0.128844385636  0.008550744609  0.001753555939 -0.004378318608 -0.096729763139  0.025601227592  0.128844385636 -0.033540603337
  0.419607843137  0.013351586707  0.003032350806 -0.033844983200  0.005785839383  0.101399133888  0.016163023464  0.006514224094 -0.001632812716 -0.094037461173  0.023174776993  0.101399133888 -0.017587009369
  0.423529411765  0.043192449047  0.000949977154 -0.095392332075  0.020513112133  0.135442536192  0.008541417315  0.085089913582 -0.007672891337 -0.090335786203  0.023755770199  0.135442536192 -0.030202128690
  0.427450980392  0.096875493088 -0.004620084737  0.005888523887 -0.001722674289  0.024697901021  0.003384921681  0.084947127961 -0.003335245005 -0.012914980385  0.002918635826  0.024697901021 -0.000168365698
  0.431372549020  0.035731051840 -0.001878031631 -0.004875966478  0.000937899341  0.030236176112  0.001373154779  0.094895080419 -0.004544669590 -0.009084896794  0.002263143696  0.030236176112 -0.002028773155
  0.435294117647  0.100271240946 -0.008205283840  0.038532556107 -0.007346109947  0.073293990279 -0.012040748746  0.091051407728 -0.002290102160  0.077117310108 -0.019265865170  0.073293990279  0.016737958709
  0.439215686275 -0.000703241223 -0.003010491109  0.088909219757 -0.019298642837  0.098558577854 -0.006597237736  0.024687887042  0.002233734050  0.077873671258 -0.020626304655  0.098558577854  0.027465587802
  0.443137254902  0.021382849201 -0.004872769792  0.037646105612 -0.006590628141  0.104736000492 -0.017004377872  0.021377560804  0.000565678095  0.100177154411 -0.024713168665  0.104736000492  0.019105711658
  0.447058823529 -0.034538889656 -0.001642557859  0.109007932585 -0.023605724075  0.144227279452 -0.008633478924 -0.064645758657  0.006967658058  0.098189211217 -0.025905090802  0.144227279452  0.033967145600
  0.450980392157 -0.074481336418  0.002409146147  0.005849703303 -0.000478124268  0.048740487903 -0.007477448806 -0.064547066502  0.002867495808  0.038451148427 -0.009271699073  0.048740487903  0.005502796186
  0.454901960784 -0.038072396006  0.000967163519  0.039460437766 -0.008525709220  0.070200937849 -0.003296794488 -0.097571114892  0.005814576903  0.036420898647 -0.009570136678  0.070200937849  0.012385732916
  0.458823529412 -0.108546605370  0.007486328369 -0.028950208483  0.005635016903  0.048025615366  0.008235027186 -0.094969166579  0.002773737864 -0.054209137307  0.013579213642  0.048025615366 -0.012179194796
  0.462745098039 -0.010066515344  0.002638861817 -0.062034629368  0.013488551204  0.060931816695  0.004574942852 -0.047689626019 -0.000104526284 -0.054347114390  0.014373244583  0.060931816695 -0.019172925477
  0.466666666667 -0.053248299278  0.006208802112 -0.037942416854  0.006729149253  0.100606941716  0.016727266791 -0.045747025029  0.000436085041 -0.099187143069  0.024472577164  0.100606941716 -0.019088924234
  0.470588235294  0.024671241136  0.002081222137 -0.111926961749  0.024344245443  0.140166121333  0.008215692083  0.041204242404 -0.005770152529 -0.098019156480  0.025891596181  0.140166121333 -0.034576284395
  0.474509803922  0.045470585060 -0.000189367616 -0.015187310894  0.002226937546  0.068499688423  0.010918410316  0.040559982497 -0.002182478259 -0.059723143785  0.014546312551  0.068499688423 -0.009866244262
  0.478431372549  0.037148386441 -0.000124462571 -0.069533314078  0.015167131803  0.102673270507  0.004727464149  0.093497348124 -0.006511993081 -0.059197105353  0.015662671297  0.102673270507 -0.021284084241
  0.482352941176  0.106275796205 -0.006262688392  0.018767632001 -0.003811059168  0.021957800903 -0.004056910840  0.091389259274 -0.002949076615  0.029132208453 -0.007372094162  0.021957800903  0.007239711234
  0.486274509804  0.018316188140 -0.002104028724  0.029802788033 -0.006445475103  0.019595296432 -0.002625841367  0.066005488908 -0.001852188076  0.028184165616 -0.007394912513  0.019595296432  0.009451657923
  0.490196078431  0.079396591021 -0.006980611508  0.035308499208 -0.006321124521  0.089843713903 -0.015382590548  0.065099783492 -0.001294726705  0.091566532732 -0.022592906783  0.089843713903  0.017713609461
  0.494117647059 -0.014557892564 -0.002273933143  0.104128355329 -0.022704589867  0.124061771493 -0.007431615553 -0.016438150279  0.004213131564  0.090417578701 -0.023871359586  0.124061771493  0.032095347011
  0.498039215686 -0.012650563872 -0.001885252758  0.021812711905 -0.003468770965  0.082300634166 -0.013520332476 -0.014964587397  0.001366317592  0.075631017875 -0.018481661449  0.082300634166  0.013069230722
  0.501960784314 -0.033588553196 -0.000597723635  0.092434039864 -0.020258082282  0.125148599185 -0.005696614361 -0.083328878680  0.006632289130  0.076116776687 -0.020180128153  0.125148599185  0.028020993109
  0.505882352941 -0.093880484929  0.004647414024 -0.008829470076  0.002050065276  0.009452171570 -0.000228604220 -0.081103499896  0.002838425408 -0.003585584622  0.001077846843  0.009452171570 -0.002304834390
  0.509803921569 -0.023894282415  0.001473782780  0.004718125409 -0.001144807499  0.023345955185  0.000848271793 -0.078755683300  0.003501092742 -0.001409243594  0.000261251406  0.023345955185  0.000811955338
  0.513725490196 -0.097520810168  0.007159361810 -0.030346687344  0.005528738172  0.073375342333  0.013091144644 -0.078433815807  0.001952046330 -0.078086636157  0.019325778690  0.073375342333 -0.015253674957
  0.517647058824  0.004853741321  0.002252315173 -0.086490403006  0.018907014621  0.097548427189  0.006431024784 -0.008110779406 -0.002438353758 -0.076429393922  0.020169003511  0.097548427189 -0.026886908054
  0.521568627451 -0.020921001561  0.003671986797 -0.025716532541  0.004254855412  0.089713254645  0.015168482904 -0.010360758523 -0.000506177484 -0.085379506482  0.020974097810  0.089713254645 -0.015097473295
  0.525490196078  0.027972595085  0.001174599450 -0.106019770382  0.023400124789  0.135839208897  0.006291609171  0.067834171232 -0.006181580703 -0.086503611156  0.022964451116  0.135839208897 -0.032176816332
  0.529411764706  0.072450899739 -0.002744464744 -0.000780088416 -0.000435697672  0.032255495540  0.004362883014  0.065318931207 -0.002477484022 -0.021063633937  0.004938575288  0.032255495540 -0.002354699587
  0.533333333333  0.027286315334 -0.000822238700 -0.038077692746  0.008562259129  0.062028365353  0.000680240265  0.085463004011 -0.004687952747 -0.024299879989  0.006460137105  0.062028365353 -0.010704341455
  0.537254901961  0.105591621450 -0.006663955815  0.022746659265 -0.004615768477  0.050643907539 -0.010112605522  0.085455837444 -0.002344033591  0.059071359421 -0.015156149008  0.050643907539  0.012196285539
  0.541176470588  0.005299848473 -0.002121053829  0.060625491760 -0.013585772579  0.062358301971 -0.005506370655  0.031817111728  0.000595968295  0.057501993052 -0.015553005912  0.062358301971  0.019903494459
  0.545098039216  0.051876385468 -0.004971761090  0.027341671570 -0.005093592536  0.089398243147 -0.016042908303  0.034005275166 -0.000269805401  0.088236131059 -0.022574484933  0.089398243147  0.016678643472
  0.549019607843 -0.019679188703 -0.001685009075  0.108131303234 -0.024885450425  0.131773576369 -0.006884816130 -0.046664064363  0.005102425712  0.090339635565 -0.024654310668  0.131773576369  0.034347052046
  0.552941176471 -0.043101741490  0.000602479684  0.011028581876 -0.001570837807  0.053535788843 -0.008373766129 -0.045064372904  0.001939458722  0.043907529045 -0.011065762336  0.053535788843  0.007402612263
  0.556862745098 -0.028623290736  0.000128685648  0.066270099358 -0.015714210438  0.091969616793 -0.002127159048 -0.084692107691  0.005192891947  0.046664345922 -0.012908741389  0.091969616793  0.020224915533
  0.560784313725 -0.100831676335  0.005341386424 -0.014266074109  0.003309237835  0.026515722054  0.006512780517 -0.084836598685  0.002419379466 -0.036249415815  0.009982859371  0.026515722054 -0.008257858451
  0.564705882353 -0.014370574531  0.001800014975 -0.028757564114  0.006715769672  0.025327137487  0.004641642245 -0.051570992570  0.001058377961 -0.035526334648  0.009987643723  0.025327137487 -0.011104492185
  0.568627450980 -0.075299802382  0.005557761130 -0.027952510380  0.005606076226  0.082742254445  0.016006401263 -0.052804830975  0.000862666447 -0.085135209616  0.022868652447  0.082742254445 -0.017268424190
  0.572549019608  0.011422013126  0.001956021706 -0.099048079331  0.023945654136  0.117800176857  0.007400432170  0.023929503384 -0.003774445391 -0.086430192456  0.024652278258  0.117800176857 -0.033561328625
  0.576470588235  0.011330474574  0.001284149983 -0.018069103270  0.003363090420  0.069419930235  0.012054315382  0.022651362856 -0.001353665677 -0.062306182104  0.016655993863  0.069419930235 -0.011976059010
  0.580392156863  0.027033498235  0.000529487021 -0.088276650376  0.021701996702  0.115214677947  0.003733770734  0.078201474691 -0.005382111660 -0.064698317884  0.018781057090  0.115214677947 -0.028456347664
  0.584313725490  0.088163096068 -0.003900732973  0.006419715015 -0.001484397174  0.003149468574 -0.001960158384  0.078129060913 -0.002403244836  0.011965715308 -0.003326576244  0.003149468574  0.003070394695
  0.588235294118  0.019878182958 -0.001262435147 -0.005835798540  0.001739360244  0.022028482540 -0.003102907004  0.066513040497 -0.002555944640  0.010148227020 -0.002569838256  0.022028482540 -0.000037561203
  0.592156862745  0.092887645699 -0.005769156103  0.024487990282 -0.004856893257  0.069315237609 -0.014217551422  0.068163826851 -0.001473950513  0.074969140990 -0.020232017126  0.069315237609  0.015191614814
  0.596078431373 -0.003141998640 -0.001965044997  0.081059991402 -0.019672672636  0.093159607030 -0.007167080284 -0.000216787555  0.002289031159  0.075477773174 -0.021555468534  0.093159607030  0.028289313045
  0.600000000000  0.021938051766 -0.002874364682  0.021602380039 -0.004087885465  0.078631290815 -0.014492242780  0.001993972853  0.000628660092  0.074589985592 -0.020054011968  0.078631290815  0.014451612463
  0.603921568627 -0.022398856665 -0.001061049162  0.101757536087 -0.025075605136  0.127223117651 -0.005003909224 -0.065596443386  0.005151530153  0.077554213988 -0.022526742599  0.127223117651  0.033334681603
  0.607843137255 -0.066768282734  0.002314555761  0.001259954474 -0.000056829009  0.022801393570 -0.002676609388 -0.064966982405  0.002173670935  0.012290739645 -0.003243500861  0.022801393570  0.001832836477
  0.611764705882 -0.022362028021  0.000657576076  0.039526177883 -0.010051676551  0.058767603008  0.001438896459 -0.075384478496  0.003738363466  0.015525649790 -0.004903860268  0.058767603008  0.011091150706
  0.615686274510 -0.100967019592  0.005502543675 -0.018966417903  0.003749763727  0.050979287202  0.011250565728 -0.077404021985  0.001921552831 -0.059121147313  0.015948210829  0.050979287202 -0.011909279049
  0.619607843137 -0.004092437882  0.001779140341 -0.054852574462  0.013176758028  0.060379186514  0.006564203953 -0.022431127945 -0.000700836207 -0.058566467530  0.016550399065  0.060379186514 -0.020111038954
  0.623529411765 -0.052847558712  0.004118004355 -0.022583986976  0.004252307637  0.080851436271  0.015657629886 -0.025705382733  0.000115262254 -0.080220476607  0.021558316251  0.080851436271 -0.015416930505
  0.627450980392  0.016510325560  0.001427878492 -0.104451652498  0.025690045551  0.126441568451  0.005971922600  0.048231699883 -0.004470816806 -0.083356568981  0.024091343633  0.126441568451 -0.034708895386
  0.631372549020  0.038329854041 -0.000615877810 -0.007581154645  0.001264683258  0.043250731285  0.006970497783  0.046652636081 -0.001747027985 -0.034370756646  0.009183076567  0.043250731285 -0.006110685693
  0.635294117647  0.022493532229 -0.000056472851 -0.068862618451  0.017275610736  0.090738764268  0.000222651623  0.077659485930 -0.004502830102 -0.038921502823  0.011657007070  0.090738764268 -0.020839456960
  0.639215686275  0.098230667148 -0.004756300474  0.012737356057 -0.002542475403  0.029593259032 -0.007437952960  0.079612852380 -0.002151581445  0.039226457983 -0.010585478240  0.029593259032  0.007949426804
  0.643137254902  0.009768354863 -0.001438925108  0.022884211825 -0.005238245387  0.025631069072 -0.005686768254  0.042133181698 -0.000849787308  0.037226202886 -0.010265316391  0.025631069072  0.010023801782
  0.647058823529  0.078014968041 -0.004921375315  0.021473856192 -0.004009823624  0.076331447132 -0.015506509401  0.046337761086 -0.000798094687  0.079020814248 -0.021217427943  0.076331447132  0.015026845983
  0.650980392157 -0.010230647040 -0.001613520773  0.095972482324 -0.023517751794  0.113261843443 -0.006649984620 -0.027768594514  0.003422626068  0.081755171474 -0.023471266697  0.113261843443  0.032553996903
  0.654901960784 -0.005849435538 -0.001048780442  0.012154873536 -0.002103224607  0.059032657881 -0.010579326067 -0.024954675026  0.001178907326  0.052559350652 -0.014058591255  0.059032657881  0.009494493235
  0.658823529412 -0.020735221768 -0.000484885353  0.090776956290 -0.022646155170  0.113444581519 -0.001846904831 -0.073461148912  0.004805659228  0.058139065210 -0.017143488107  0.113444581519  0.028343190911
  0.662745098039 -0.084981195630  0.003614931232 -0.006552903988  0.001382206742  0.007329325414  0.003109725431 -0.074876174911  0.002158472344 -0.017086016946  0.004636145830  0.007329325414 -0.003705934616
  0.666666666667 -0.013667088182  0.000992965933  0.011492413303 -0.003293695678  0.027311775468  0.004562359638 -0.057428785440  0.002226521001 -0.013400957232  0.003293145829  0.027311775468  0.000937078016
  0.670588235294 -0.094811089535  0.005233550708 -0.018788118331  0.003482757423  0.065820326839  0.014075955613 -0.062293903212  0.001360697617 -0.071398841422  0.019156406262  0.065820326839 -0.013452322243
  0.674509803922  0.004202971607  0.001620134756 -0.077237028402  0.018791802427  0.089440795323  0.007029352954  0.006004501703 -0.002123590094 -0.073166396924  0.020809715785  0.089440795323 -0.027143402634
  0.678431372549 -0.027252397693  0.002533578203 -0.014901997173  0.002576416262  0.069101021407  0.013218293602  0.001799972003 -0.000532697216 -0.065560721740  0.017531524937  0.069101021407 -0.011801228819
  0.682352941176  0.017608552854  0.000922336418 -0.102994147060  0.025592134491  0.124687684997  0.003402819197  0.063421244797 -0.004648085760 -0.071750478093  0.020949526405  0.124687684997 -0.032897732839
  0.686274509804  0.062635814350 -0.002198042597  0.000972295851 -0.000375618872  0.015272786442  0.001367937982  0.063846774614 -0.001958335924 -0.005405912942  0.001390854030  0.015272786442 -0.000452006799
  0.690196078431  0.015786520195 -0.000493929798 -0.044671933617  0.011514121966  0.061170796451 -0.003205761108  0.067273597642 -0.003316215842 -0.010854155425  0.003751750054  0.061170796451 -0.011677916288
  0.694117647059  0.101492371143 -0.005048909152  0.015091585298 -0.002796659142  0.050496926184 -0.011506109162  0.072431466848 -0.001760328934  0.058258693117 -0.015625889963  0.050496926184  0.010936141524
  0.698039215686  0.001087774380 -0.001465499088  0.050224085081 -0.012008597352  0.058266361244 -0.007086569315  0.015233999889  0.000705749624  0.058548250915 -0.016405883641  0.058266361244  0.019056231625
  0.701960784314  0.057504954847 -0.003713564312  0.015949730939 -0.002730399601  0.072947846826 -0.014684046671  0.020857768492 -0.000126932381  0.072546490550 -0.019388723720  0.072947846826  0.012952083340
  0.705882352941 -0.013663189733 -0.001225442820  0.104243323226 -0.025794841572  0.123575926176 -0.004848447674 -0.048613339736  0.004071672039  0.078833402636 -0.022814745024  0.123575926176  0.034093679728
  0.709803921569 -0.033542382016  0.000644959541  0.003629138409 -0.000414871671  0.034656050000 -0.005618317369 -0.047643231012  0.001583946616  0.026402927901 -0.007003134715  0.034656050000  0.004201252703
  0.713725490196 -0.016305328744 -0.000006016889  0.073177276368 -0.018550650176  0.091521853361  0.001633192362 -0.071102212420  0.004037268364  0.033537715180 -0.010274755524  0.091521853361  0.021143081747
  0.717647058824 -0.097355283661  0.004405143617 -0.010922455900  0.002066656047  0.031847144697  0.008032497377 -0.076111485819  0.001971776502 -0.040905629016  0.010983899494  0.031847144697 -0.007771492856
  0.721568627451 -0.005346296621  0.001180443264 -0.017760757378  0.003880305754  0.027748762946  0.006788585076 -0.034241187393  0.000695949511 -0.039289064447  0.010689738745  0.027748762946 -0.009123727300
  0.725490196078 -0.081731159924  0.004494203787 -0.015560336935  0.002643792763  0.070570369876  0.014875357040 -0.041185763804  0.000739094203 -0.073193052807  0.019560772079  0.070570369876 -0.012974482550
  0.729411764706  0.009384702255  0.001379774010 -0.094367624874  0.023226334467  0.110497762598  0.006126541707  0.030433008214 -0.003151095192 -0.079014966423  0.022652148933  0.110497762598 -0.031859817180
  0.733333333333  0.000728478997  0.000898329925 -0.007088947628  0.000980098674  0.050376452036  0.009287999717  0.027739199040 -0.001080504278 -0.044261345049  0.011771336004  0.050376452036 -0.007297808301
  0.737254901961  0.015519478068  0.000460014678 -0.093965079652  0.023662011277  0.113059421742  0.000124968093  0.068842740393 -0.004340952669 -0.052873679253  0.015750742959  0.113059421742 -0.028424655924
  0.741176470588  0.082742898804 -0.003372471100  0.006585245966 -0.001376435790  0.011263340422 -0.003974056543  0.073235020561 -0.001986393368  0.020839195711 -0.005667633161  0.011263340422  0.004268900997
  0.745098039216  0.008593822345 -0.000809419197 -0.016710652607  0.004734919015  0.032907900582 -0.006118468771  0.049638021085 -0.001951679248  0.017038584034 -0.004206806282  0.032907900582 -0.001637381159
  0.749019607843  0.097248803059 -0.004802588835  0.013809821985 -0.002438906425  0.062035019182 -0.013833663578  0.057663707374 -0.001247284075  0.067515575545 -0.018177948330  0.062035019182  0.012042251535
  0.752941176471 -0.004765176310 -0.001400348280  0.074241673652 -0.018210270486  0.086788591046 -0.007206420490 -0.010205681368  0.001975906081  0.072480511301 -0.020638385527  0.086788591046  0.026563591852
  0.756862745098  0.032404010237 -0.002281260706  0.009504352926 -0.001469489250  0.061641674401 -0.012123013666 -0.005736727402  0.000504408527  0.057653665426 -0.015489773706  0.061641674401  0.009753206025
  0.760784313725 -0.013434934739 -0.000844038603  0.104247853088 -0.026454555369  0.122255511704 -0.002040739880 -0.060562745426  0.004173891421  0.067555353155 -0.019886652674  0.122255511704  0.033032678291
  0.764705882353 -0.058456741698  0.002004989501 -0.001240337729  0.000609545116  0.011487658239 -0.000271309892 -0.064148802685  0.001802076991  0.000838523909  0.000076917053  0.011487658239 -0.000551228105
  0.768627450980 -0.011582331096  0.000417172361  0.048852412939 -0.013048350852  0.063382329754  0.005193192570 -0.060543749713  0.002897977247  0.006412360349 -0.002382774753  0.063382329754  0.012205237663
  0.772549019608 -0.100880194344  0.004487066194 -0.010134003114  0.002266855012  0.047175012092  0.011936787296 -0.069062265610  0.001570744326 -0.055577635407  0.015792439106  0.047175012092 -0.010585502993
  0.776470588235 -0.001551329980  0.001358604280 -0.045685851617  0.011453100487  0.056066341547  0.008367019353 -0.011382427997 -0.000657648101 -0.060131505243  0.017573346141  0.056066341547 -0.019235097934
  0.780392156863 -0.061167439231  0.003278673354 -0.012143681601  0.002424820050  0.066444580017  0.014325378586 -0.016609157204  0.000042056827 -0.066102232219  0.018757635005  0.066444580017 -0.012349581030
  0.784313725490  0.009688969499  0.001180440808 -0.102087197747  0.027168617905  0.118210049789  0.004444601110  0.046169314874 -0.003523045639 -0.076303811935  0.023236790202  0.118210049789 -0.035472915566
  0.788235294118  0.027156403275 -0.000449786167 -0.004899066750  0.000846452620  0.030970081208  0.004772816642  0.049050631144 -0.001470011778 -0.022464579324  0.006274951338  0.030970081208 -0.004160735228
  0.792156862745  0.013559325519  0.000032335415 -0.075927757474  0.020996158183  0.091010009093 -0.003570680403  0.065046344287 -0.003455142958 -0.029068384801  0.009566435249  0.091010009093 -0.022794858702
  0.796078431373  0.092632351510 -0.003667575971  0.006881885822 -0.001395141111  0.029378344443 -0.008809044604  0.073436117305 -0.001731719589  0.039186470734 -0.011471295147  0.029378344443  0.007479155316
  0.800000000000  0.006419790844 -0.001120551048  0.010921940117 -0.002329585879  0.030261620184 -0.008876132707  0.030297396185 -0.000614219524  0.041608280670 -0.012167759793  0.030261620184  0.008642662605
  0.803921568627  0.083108346148 -0.003861664039  0.012920132105 -0.002477557492  0.064768162417 -0.015134283702  0.037092109075 -0.000576387122  0.067904635259 -0.019761309600  0.064768162417  0.012946084546
  0.807843137255 -0.005795265068 -0.001344419318  0.088767826746 -0.023982390150  0.104057409951 -0.006796087228 -0.028801076803  0.002655375497  0.077524693732 -0.023952617477  0.104057409951  0.033206868562
  0.811764705882  0.006543107364 -0.000948690344  0.008012563132 -0.001521815438  0.046656624451 -0.009018287289 -0.029545784846  0.001026196697  0.040605735357 -0.011805445276  0.046656624451  0.007768845137
  0.815686274510 -0.012768306014 -0.000485492003  0.095168844071 -0.026395466785  0.111254151504  0.001100203399 -0.063497127686  0.003718832563  0.049667167636 -0.016085484765  0.111254151504  0.030890986378
  0.819607843137 -0.075435006430  0.002678866500 -0.003260346126  0.000587591310  0.009274166271  0.004430027793 -0.071676386423  0.001774153368 -0.019500128018  0.005693685412  0.009274166271 -0.003624661483
  0.823529411765 -0.008964284319  0.000740159982  0.024851365257 -0.007505963635  0.040644155435  0.008251561513 -0.045787358646  0.001761659517 -0.018773427677  0.004934785252  0.040644155435  0.003550116642
  0.827450980392 -0.096765440433  0.004088651596 -0.011216523306  0.002045489098  0.056704345559  0.014140265117 -0.054899323900  0.001077123252 -0.062774353694  0.018285802845  0.056704345559 -0.011773169231
  0.831372549020  0.001946374339  0.001343970934 -0.065729947088  0.017538466444  0.079798639720  0.008591698670  0.009067623005 -0.001583572516 -0.071597207456  0.021854726023  0.079798639720 -0.026672262159
  0.835294117647 -0.040063919468  0.002175467929 -0.009504520750  0.001707560485  0.057042988530  0.012209928994  0.006843224961 -0.000481774375 -0.054119274332  0.015750847866  0.057042988530 -0.010095672602
  0.839215686275  0.010628820910  0.000859319054 -0.103576243064  0.028546706484  0.119708025916  0.001683049308  0.055699290582 -0.003592804096 -0.065587110667  0.020837628835  0.119708025916 -0.035302812517
  0.843137254902  0.049186664727 -0.001469431288 -0.000117189739 -0.000001656925  0.010809750185  0.000327955704  0.062837050489 -0.001631490844 -0.001391990943  0.000391731548  0.010809750185 -0.000214246138
  0.847058823529  0.010084483105 -0.000300188380 -0.057947230049  0.016560596119  0.071079088478 -0.006806335378  0.056144507665 -0.002666424836 -0.005815262161  0.002766284981  0.071079088478 -0.015348598475
  0.850980392157  0.099069542381 -0.003878055131  0.008761443020 -0.001555979353  0.043513312728 -0.011706036151  0.067195515036 -0.001447302507  0.051678937868 -0.015047345193  0.043513312728  0.009581878038
  0.854901960784  0.001285469549 -0.001192318548  0.034653102917 -0.008859103044  0.050606589671 -0.009754343653  0.010733045565  0.000398253872  0.058615262243 -0.017524779094  0.050606589671  0.017042721876
  0.858823529412  0.069154268334 -0.003120730666  0.009857306164 -0.001678193621  0.061386687678 -0.014067607091  0.016429363654 -0.000093873012  0.061748954806 -0.017956604697  0.061386687678  0.011285318641
  0.862745098039 -0.008051092529 -0.001110651096  0.099651015493 -0.027255661516  0.115294900830 -0.004549590292 -0.042761995904  0.003090539131  0.074868649082 -0.023419936219  0.115294900830  0.035646398490
  0.866666666667 -0.016737793581  0.000149129334  0.002748968530 -0.000386915176  0.028858881026 -0.004927364725 -0.047758488085  0.001320121040  0.021245317438 -0.006157081914  0.028858881026  0.003712201223
  0.870588235294 -0.010185250006 -0.000142897308  0.084437938350 -0.023734413464  0.097921177759  0.004615258037 -0.060535824983  0.003241972362  0.029674876399 -0.010120656274  0.097921177759  0.025386009122
  0.874509803922 -0.089483234025  0.003256767439 -0.006176495638  0.001114419600  0.026745349017  0.008139732351 -0.072702578950  0.001649127184 -0.035993054058  0.010484507745  0.026745349017 -0.006701611071
  0.878431372549 -0.003753982534  0.000917347074  0.000945226195 -0.001020170261  0.033305348071  0.010120251341 -0.028613679058  0.000771792443 -0.039836868701  0.011449367750  0.033305348071 -0.005450622169
  0.882352941176 -0.090264658423  0.003692929729 -0.009399333831  0.001537312389  0.059552520120  0.014434340917 -0.037958510161  0.000638249256 -0.062976559644  0.018302989861  0.059552520120 -0.011358370021
  0.886274509804  0.005427216996  0.001220327442 -0.083693534091  0.022644579963  0.098955269221  0.007246054072  0.026188910052 -0.002281961427 -0.076616615871  0.023609528513  0.098955269221 -0.031901121276
  0.890196078431 -0.018117360175  0.001138688719 -0.004578826132  0.000606748014  0.043234531370  0.008894194849  0.027946510881 -0.000879467142 -0.038133866805  0.011053477117  0.043234531370 -0.006590963323
  0.894117647059  0.009559438502  0.000540280511 -0.101101556407  0.028145225380  0.115142320930 -0.001795706445  0.058780266997 -0.003442859877 -0.050485791833  0.016406081108  0.115142320930 -0.032528274584
  0.898039215686  0.069014418117 -0.002304688829  0.003777307127 -0.000772478859  0.008335391274 -0.003837993620  0.070916538258 -0.001668598984  0.017462336679 -0.005106451061  0.008335391274  0.003455773575
  0.901960784314  0.005457478487 -0.000557665172 -0.036885695883  0.010931073095  0.051537988985 -0.009559715088  0.042888700509 -0.001803349170  0.017111780067 -0.004243411351  0.051537988985 -0.006790194867
  0.905882352941  0.100795070269 -0.003843504858  0.008447961189 -0.001369243706  0.052012207925 -0.013306315671  0.055660649282 -0.001096316642  0.057952822446 -0.016841033210  0.052012207925  0.010413317971
  0.909803921569 -0.003010066082 -0.001186109243  0.057465011078 -0.015220858009  0.073788323107 -0.009493179593 -0.007772917719  0.001267327790  0.070691189456 -0.021406449120  0.073788323107  0.024490612970
  0.913725490196  0.051260818477 -0.002257105709  0.005701576647 -0.000711934423  0.052702797712 -0.011830120590 -0.005337864522  0.000360235905  0.050514432149 -0.014639469498  0.052702797712  0.008652696958
  0.917647058824 -0.008493908639 -0.000851746021  0.105843915206 -0.029226445458  0.120305480840 -0.001453852595 -0.051313967780  0.003265450933  0.066238976946 -0.021011269749  0.120305480840  0.035965884991
  0.921568627451 -0.039970027116  0.001135122185 -0.001732751470  0.000541588896  0.010624123328 -0.000733170745 -0.062025104267  0.001510900508  0.001958112043 -0.000521103521  0.010624123328 -0.000165312041
  0.925490196078 -0.006503306045  0.000158134059  0.068900445613 -0.019688276499  0.080735409862  0.008017081542 -0.052300018137  0.002593372619  0.007348686294 -0.003378229383  0.080735409862  0.018296640916
  0.929411764706 -0.099365884289  0.003570234477 -0.007283206396  0.001237916022  0.039783583488  0.010837387123 -0.067822044790  0.001424243240 -0.047443457328  0.013797172458  0.039783583488 -0.008628177343
  0.933333333333  0.000926413531  0.001021262934 -0.023955731130  0.005830864721  0.047222778702  0.011014963767 -0.010583655062 -0.000164001974 -0.057672815709  0.017038138564  0.047222778702 -0.014246674080
  0.937254901961 -0.078731587362  0.003091217789 -0.006295333610  0.000771327038  0.056570230861  0.013453260415 -0.017875781299  0.000181272036 -0.057354440225  0.016622819065  0.056570230861 -0.009794020792
  0.941176470588  0.007226740928  0.001049055875 -0.097945786199  0.026799148656  0.112943785005  0.004859315885  0.039121704087 -0.002745872163 -0.075404801562  0.023489931981  0.112943785005 -0.035303800394
  0.945098039216  0.005687205004  0.000119001408  0.000072701891 -0.000394712225  0.027099164362  0.005087246060  0.046879062785 -0.001198554646 -0.020309135990  0.005833237301  0.027099164362 -0.002881385548
  0.949019607843  0.007061532231  0.000235090137 -0.093122135570  0.026229114473  0.104863634869 -0.005533943175  0.056127763025 -0.003068412055 -0.031177940365  0.010665088357  0.104863634869 -0.027768435834
  0.952941176471  0.085970157738 -0.002914897289  0.006071069529 -0.001174563749  0.024272096111 -0.007324459098  0.073249099310 -0.001592628821  0.032709356156 -0.009547631559  0.024272096111  0.006236117968
  0.956862745098  0.000844738712 -0.000752992662 -0.012940367486  0.004434018534  0.040174976173 -0.011577638441  0.027085995009 -0.000906480688  0.038796530560 -0.010944169989  0.040174976173  0.002322426580
  0.960784313725  0.097157459340 -0.003556925819  0.006505987608 -0.000857743727  0.054695843947 -0.013635202507  0.039456431826 -0.000688260476  0.058190762347 -0.016897725614  0.054695843947  0.010017490097
  0.964705882353 -0.005823931535 -0.001120276235  0.078130663410 -0.021111097098  0.094408027378 -0.008098874676 -0.023563031874  0.001952137254  0.077066655717 -0.023619963420  0.094408027378  0.030626611331
  0.968627450980  0.029849983699 -0.001318229377  0.001310122790  0.000249308026  0.040505273463 -0.008775637046 -0.026888792901  0.000768265060  0.035866139616 -0.010347046257  0.040505273463  0.005487414252
  0.972549019608 -0.007239477213 -0.000580865896  0.106385548212 -0.029774658613  0.118525341505  0.002265181265 -0.054214622702  0.003183910894  0.052102619099 -0.016918079108  0.118525341505  0.034170464587
  0.976470588235 -0.061809111507  0.001947094528 -0.004497613314  0.001131504473  0.006577234513  0.003200126301 -0.071361820101  0.001585214628 -0.015133941963  0.004579132279  0.006577234513 -0.003465248399
  0.980392156863 -0.002679704445  0.000425710437  0.048622855366 -0.014391638312  0.062221791207  0.011082214600 -0.040416535755  0.001824396018 -0.015753845665  0.003785403122  0.062221791207  0.009931417304
  0.984313725490 -0.103700290893  0.003575381692 -0.005783141409  0.001055295291  0.046777705019  0.012511416732 -0.057397789572  0.001100860735 -0.052847538211  0.015681911117  0.046777705019 -0.009513171699
  0.988235294118  0.003346927172  0.001091715647 -0.048422182117  0.012895374938  0.067935999244  0.010964359581  0.005661986608 -0.000963357292 -0.070921531935  0.021635363459  0.067935999244 -0.022675150844
  0.992156862745 -0.062115988004  0.002297829022 -0.002689209716  0.000244851880  0.148451696681  0.011570928982  0.003627028434 -0.000271935177 -0.047422359270  0.014021049652  0.148451696681 -0.007922334775
  0.996078431373  0.006222965442  0.000869681290 -0.105852551487  0.030232703187  0.164802565840  0.001626478132  0.046361928217 -0.002886309881 -0.068005342988  0.021881495089  0.164802565840 -0.037284993472
  1.000000000000  0.028602101648 -0.000736409604  0.001056980832 -0.000572502198  0.308382382272  0.001040058179  0.061621585297 -0.001388533002 -0.004203068704  0.000868309996  0.308382382272  0.000000000000
