             Rad         v_r[Re]         v_t[Re]         v_x[Re]         p[Re]          p_mg[Re]  p_no_phase[Re]         v_r[Im]         v_t[Im]         v_x[Im]         p[Im]          p_mg[Im]  p_no_phase[Im]
  0.250000000000  0.000000000000  0.004795800030 -0.365117524365  0.082472434809  0.519922460740 -0.062626952516  0.000000000000  0.005833343631  0.296129716447 -0.056990216957  0.519922460740 -0.078278043861
  0.252717391304  0.075034047062 -0.009980021461  0.247181303100 -0.063246278062  0.773066138599  0.138868598404 -0.599661928455 -0.014131333847 -0.652990831303  0.134769576531  0.773066138599  0.053651121372
  0.255434782609  0.238510451593  0.011118500254 -0.062882995515  0.021893408197  0.536784826431 -0.110674000752 -0.761489548407 -0.012243416836  0.519307420700 -0.109409216753  0.536784826431 -0.014176162760
  0.258152173913 -0.068268358132  0.011818886662 -0.193950560900  0.054133953764  0.700961742651 -0.167211207553  0.515420989541  0.011677812063  0.785535596342 -0.163821805821  0.700961742651 -0.042526239915
  0.260869565217 -0.139444747516 -0.009573981072  0.064633966801 -0.022616261467  0.492351115759  0.114974245799  0.760385702811  0.011944245656 -0.539460450667  0.113669293375  0.492351115759  0.014598847285
  0.263586956522  0.039064375340 -0.011608041351  0.106718001670 -0.035114847726  0.620756545700  0.160793601074 -0.535361489524 -0.010491545949 -0.754809056010  0.158723854884  0.620756545700  0.023910928332
  0.266304347826  0.077941160240  0.008358060440 -0.006831370946  0.010238406646  0.379890797473 -0.113683933174 -0.696615058839 -0.011564079911  0.532953029441 -0.113244934496  0.379890797473 -0.002281117633
  0.269021739130  0.031516922569  0.011208921393 -0.077186174258  0.027473561788  0.604732927038 -0.142807422297  0.491341332254  0.009115983446  0.670198143934 -0.141229936380  0.604732927038 -0.017513756424
  0.271739130435 -0.086116165819 -0.007157951778 -0.063261684932  0.006070923617  0.234979590352  0.095425685176  0.614754174459  0.011148028355 -0.446752411539  0.096086917364  0.234979590352 -0.012786336881
  0.274456521739 -0.081430417076 -0.010709557829  0.117542531743 -0.035025177392  0.668577084805  0.129049414393 -0.371060783673 -0.007585343521 -0.605877137889  0.126907805494  0.668577084805  0.026050005594
  0.277173913043  0.146266122805  0.005927014769  0.084102534058 -0.012891684678  0.130692632280 -0.064499470029 -0.586777755512 -0.010944105220  0.301491960452 -0.065563487682  0.130692632280  0.017452358491
  0.279891304348  0.065231818645  0.010246076716 -0.183801114803  0.049360993343  0.751417970819 -0.131645137732  0.225743699177  0.006124884127  0.618326612582 -0.128503307865  0.751417970819 -0.040238855692
  0.282608695652 -0.198828283043 -0.004728478468 -0.033890417263  0.004385396927  0.147367322603  0.036288163203  0.638327997340  0.010993669168 -0.169484730333  0.036685437819  0.147367322603 -0.006944225337
  0.285326086957  0.008482208054 -0.009889568236  0.211689530310 -0.056670470441  0.784609658139  0.148783024254 -0.130417085839 -0.005004382222 -0.698407721160  0.145170143971  0.784609658139  0.046362965981
  0.288043478261  0.191642159459  0.003678604935 -0.050709868686  0.012739127185  0.194060068639 -0.024609654612 -0.726568819581 -0.011081737437  0.115164768780 -0.023775749350  0.194060068639 -0.011042486968
  0.290760869565 -0.083569217622  0.009600725112 -0.169961778835  0.049160960830  0.738009553667 -0.165984040068  0.121380861907  0.004301605472  0.777779196326 -0.162940803442  0.738009553667 -0.037627170219
  0.293478260870 -0.123425322565 -0.002849733644  0.104481703448 -0.024656643858  0.191071050984  0.030078606588  0.774840954903  0.010901482667 -0.140691817829  0.028421359403  0.191071050984  0.022605335263
  0.296195652174  0.102625244131 -0.009268902774  0.086629706333 -0.031574448920  0.635881590704  0.168043729295 -0.164703884311 -0.003807015458 -0.785267281207  0.166240428745  0.635881590704  0.019852733278
  0.298913043478  0.045139863497  0.002207517537 -0.087707996672  0.021822788065  0.120792986953 -0.039260568048 -0.736627785267 -0.010317639333  0.182607979372 -0.037824911935  0.120792986953 -0.019119776107
  0.301630434783 -0.054764003658  0.008805140378 -0.025846593378  0.017331524085  0.550557386811 -0.151872902720  0.183054774391  0.003171575181  0.706960401576 -0.151029876657  0.550557386811 -0.006710200394
  0.304347826087 -0.017583160456 -0.001628271504  0.019313279101 -0.006894926513  0.046588845285  0.035569010430  0.635638442721  0.009505586968 -0.163707550966  0.035172448594  0.046588845285  0.004414368441
  0.307065217391 -0.015236454697 -0.008220449036  0.034260154534 -0.017428295357  0.551940868744  0.129465857132 -0.119828194284 -0.002196160116 -0.599268706494  0.128560866539  0.551940868744  0.008380556150
  0.309782608696  0.060298282774  0.000984663847  0.039111140729 -0.007457719031  0.144192309078 -0.013009293137 -0.547245423249 -0.008823762611  0.057694684515 -0.013564979572  0.144192309078  0.008389549213
  0.312500000000  0.044782957203  0.007631217213 -0.101779553525  0.031284066665  0.622976861501 -0.118234049778 -0.012845514750  0.001016495745  0.542383060355 -0.116328499811  0.622976861501 -0.023059101645
  0.315217391304 -0.135092233492 -0.000242425969 -0.035527994418  0.009116110361  0.215744975887 -0.018733180759  0.535153072532  0.008503361260  0.088235903964 -0.018139202586  0.215744975887 -0.007823175646
  0.317934782609 -0.006770127353 -0.007177718385  0.170442028948 -0.047193637345  0.683810691518  0.126476487323  0.144033285643  0.000005837836 -0.572302363759  0.123474115783  0.683810691518  0.038429088312
  0.320652173913  0.178963479082 -0.000502342956 -0.028490111950  0.003312156448  0.220776398309  0.042316356236 -0.596717892409 -0.008435807315 -0.193472930334  0.042653113906  0.220776398309 -0.006291621503
  0.323369565217 -0.067755840125  0.006898034913 -0.184097694213  0.052072902787  0.674253904511 -0.146060822511 -0.204829296609 -0.000612905352  0.649927886239 -0.142764065250  0.674253904511 -0.041945222120
  0.326086956522 -0.158056574697  0.001096312091  0.100062611476 -0.019236477161  0.180190761761 -0.047322128820  0.665293304512  0.008282960550  0.212743230226 -0.048789362886  0.180190761761  0.022606638590
  0.328804347826  0.117454745225 -0.006664510792  0.135540376441 -0.042407924075  0.586187848908  0.158714110350  0.186940099696  0.000877055821 -0.694538825946  0.156127149221  0.586187848908  0.031367976089
  0.331521739130  0.094973108596 -0.001478978431 -0.120871909670  0.024920680429  0.164921782885  0.039179076790 -0.667531599545 -0.007793985911 -0.173577986629  0.041025386755  0.164921782885 -0.027733059934
  0.334239130435 -0.103176015078  0.006283759128 -0.070680762376  0.027216133271  0.468333772118 -0.151108680706 -0.147727521256 -0.001105258314  0.651889996661 -0.149569709511  0.468333772118 -0.016672808064
  0.336956521739 -0.047308099179  0.001755980466  0.075898436342 -0.015122767201  0.252078435772 -0.034733628460  0.584275737952  0.006996279268  0.151298442931 -0.035881017044  0.252078435772  0.017598878542
  0.339673913043  0.039328408807 -0.005682775688  0.048276922932 -0.020344478917  0.403012463487  0.126173240923  0.160163887099  0.001568398444 -0.538476329787  0.125055378954  0.403012463487  0.011535116066
  0.342391304348  0.058499698473 -0.002095404314 -0.004505103330 -0.002369906728  0.379746825934  0.047801636785 -0.464665801824 -0.006140130816 -0.204644804884  0.047752924985  0.379746825934 -0.000980725883
  0.345108695652  0.019777224650  0.004975320234 -0.090288573589  0.028463847082  0.423601443876 -0.100640508070 -0.251301410992 -0.002304574868  0.426400803715 -0.098889666295  0.423601443876 -0.021467296663
  0.347826086957 -0.121746851255  0.002559926622 -0.033752227051  0.013427446001  0.466492404090 -0.076823646511  0.384183224432  0.005503205316  0.325732636398 -0.076069968704  0.466492404090 -0.008066212338
  0.350543478261 -0.026149333764 -0.004348418493  0.163628262938 -0.045138369693  0.465976178778  0.090539435294  0.378845435700  0.003098520152 -0.382016003825  0.087592895098  0.465976178778  0.038892137338
  0.353260869565  0.185971779155 -0.003047447212  0.009981861204 -0.009877190442  0.473204363411  0.105622112937 -0.380595166301 -0.005179862899 -0.445758462195  0.105188628190  0.473204363411  0.002485085545
  0.355978260870 -0.020898286236  0.003895478665 -0.208586917451  0.056338818512  0.457482152944 -0.097117825012 -0.466024060222 -0.003644133203  0.408922896983 -0.093401024555  0.457482152944 -0.049658251320
  0.358695652174 -0.199646688608  0.003384084924  0.049220915890 -0.003319053583  0.416550696493 -0.117162701127  0.421040376824  0.004995085133  0.493241614655 -0.117684226265  0.416550696493  0.011553990346
  0.361413043478  0.074130344700 -0.003545134823  0.190494575427 -0.052727574478  0.369947570729  0.105676704592  0.467361810106  0.003792979499 -0.444437194482  0.102234546632  0.369947570729  0.045437140555
  0.364130434783  0.155577511312 -0.003477405150 -0.085008762281  0.012428464325  0.366666320637  0.108503068391 -0.430215711285 -0.004637104209 -0.456151017924  0.109642903898  0.366666320637 -0.020077780017
  0.366847826087 -0.079739468078  0.003136639695 -0.129982482985  0.037902519147  0.234974674066 -0.098624934718 -0.408847281977 -0.003690851123  0.414462651964 -0.096206378975  0.234974674066 -0.031070734863
  0.369565217391 -0.097196901257  0.003396320176  0.058073653589 -0.007099577446  0.399732394227 -0.093581517787  0.356950931466  0.003925143868  0.393144768628 -0.094310437911  0.399732394227  0.013688032277
  0.372282608696  0.024883210739 -0.002569956591  0.084744853443 -0.025233474932  0.156480430845  0.071375344286  0.365821017046  0.003665768760 -0.299812956922  0.069779272892  0.156480430845  0.020283870697
  0.375000000000  0.080154970524 -0.003311029859  0.016475844719 -0.010429065074  0.497700742652  0.091026492634 -0.220880687595 -0.002984074095 -0.382336964955  0.090518320480  0.497700742652  0.004063173588
  0.377717391304  0.050750473563  0.001899706726 -0.098405783314  0.026022839498  0.196477836794 -0.036896800777 -0.396497637355 -0.003943882969  0.155003005670 -0.035160411439  0.196477836794 -0.023496144376
  0.380434782609 -0.122893761974  0.003346066697 -0.082291650382  0.027256628183  0.576819794843 -0.107556471122  0.096867169389  0.002156217568  0.451745084694 -0.105907424296  0.576819794843 -0.019771490100
  0.383152173913 -0.089924688568 -0.001292006166  0.161684339758 -0.039466778174  0.236501405867  0.014609591485  0.489509529654  0.004438368113 -0.061519781577  0.011874340161  0.236501405867  0.038538115812
  0.385869565217  0.190096160115 -0.003474121569  0.091584433569 -0.031208040536  0.576999305717  0.131739205189 -0.049668805713 -0.001709153729 -0.553233203254  0.129872245281  0.576999305717  0.022034602438
  0.388586956522  0.068490242549  0.000881895913 -0.220437900452  0.053334526073  0.222828494307 -0.013267833421 -0.572739174842 -0.004809910849  0.055992724122 -0.009555532586  0.222828494307 -0.052534221901
  0.391304347826 -0.223845189576  0.003543612401 -0.047395271106  0.021591591811  0.497159519522 -0.143897903799  0.076329850523  0.001591966419  0.604172158521 -0.142736114658  0.497159519522 -0.011540734249
  0.394021739130 -0.016694623851 -0.000656144128  0.223549330398 -0.054778760216  0.146724759914  0.023053436911  0.576757737991  0.004761916004 -0.097096233122  0.019263820542  0.146724759914  0.053294900312
  0.396739130435  0.194878866372 -0.003416827809  0.000757957188 -0.009780687305  0.400604544514  0.133595180294 -0.108049827935 -0.001465920711 -0.560821998153  0.133237345647  0.400604544514  0.000424171545
  0.399456521739 -0.007805351686  0.000465410999 -0.168143640326  0.041692924477  0.094304984718 -0.024139814458 -0.497098244150 -0.004315543980  0.101579752941 -0.021271715613  0.094304984718 -0.040100563518
  0.402173913043 -0.128406237255  0.003097760396 -0.005258850022  0.009104758765  0.378050402539 -0.109176202965  0.070992910954  0.000998708268  0.458308706414 -0.108805706447  0.378050402539 -0.001461195958
  0.404891304348 -0.028757300168 -0.000157122779  0.101971473499 -0.024547059963  0.207237426251  0.004362153499  0.399571043460  0.003812126886 -0.018454587049  0.002649283071  0.207237426251  0.024301203066
  0.407608695652  0.081574137213 -0.002735775503  0.069382562285 -0.023020034548  0.441758028277  0.090680513665  0.047319026622 -0.000169583189 -0.380776338386  0.089287394781  0.441758028277  0.016709437421
  0.410326086957  0.106233258956 -0.000286858489 -0.080896861781  0.017089220894  0.299651618213  0.029660235084 -0.362817587159 -0.003624675978 -0.124388735708  0.030933209859  0.299651618213 -0.019213937589
  0.413043478261 -0.092670796088  0.002499277852 -0.148954161250  0.042043372103  0.510853316980 -0.092168766334 -0.185363087996 -0.000692035434  0.387171177029 -0.089443557962  0.510853316980 -0.035675113329
  0.415760869565 -0.168414420410  0.000730496385  0.119317857140 -0.024173270126  0.310039014563 -0.058022168640  0.408395321404  0.003824736108  0.243357882406 -0.059862392587  0.310039014563  0.028306906950
  0.418478260870  0.147218788731 -0.002429305292  0.186286137452 -0.052142094004  0.512067355428  0.109095399764  0.260993717438  0.001184406674 -0.458299199529  0.105702769595  0.512067355428  0.044610169439
  0.421195652174  0.172794238675 -0.001002202094 -0.177530592379  0.037498099812  0.256613137919  0.065023129181 -0.480742407688 -0.004105217177 -0.272617008202  0.067816214600  0.256613137919 -0.042156127949
  0.423913043478 -0.190983621646  0.002403722945 -0.161151810405  0.047116072852  0.424793522363 -0.122116013187 -0.244232362340 -0.001192049646  0.512909816942 -0.119108351805  0.424793522363 -0.038657510445
  0.426630434783 -0.127979643913  0.001048932175  0.197108036042 -0.042999452488  0.202053180121 -0.053206872895  0.495816687133  0.004042855956  0.222961976065 -0.056357151076  0.202053180121  0.046841328636
  0.429347826087  0.178172474934 -0.002247157173  0.108339335194 -0.034001725072  0.300349370876  0.114206691670  0.184675043600  0.001003414790 -0.479605292102  0.112100401038  0.300349370876  0.026066238676
  0.432065217391  0.085640197425 -0.000988103908 -0.152714258720  0.033304276426  0.244136321933  0.041328346150 -0.416071259794 -0.003479334103 -0.173179516915  0.043768615425  0.244136321933 -0.036288211984
  0.434782608696 -0.111926742147  0.001891893890 -0.086390430111  0.026753521451  0.246590653644 -0.086005963175 -0.168219772885 -0.001068562777  0.361187927558 -0.084339182131  0.246590653644 -0.020780347711
  0.437500000000 -0.094368247932  0.001007399826  0.074349207929 -0.014210423377  0.366120042415 -0.047792320334  0.285139226287  0.002681039486  0.200469909713 -0.048907799751  0.366120042415  0.017601225134
  0.440217391304  0.041268678096 -0.001446089001  0.125498762765 -0.033853994750  0.293323711849  0.055623019501  0.240623024449  0.001598910681 -0.233744401883  0.053382860007  0.293323711849  0.030031690007
  0.442934782609  0.156558195981 -0.001198072769 -0.020494043911 -0.000498566226  0.458755863952  0.074133111306 -0.190516355559 -0.002121738161 -0.311147171101  0.074280630773  0.458755863952 -0.004705580128
  0.445652173913 -0.017482212693  0.001104532445 -0.200850427411  0.050837479374  0.350738269680 -0.042820601165 -0.365702416860 -0.002364335135  0.180182598539 -0.039356397866  0.350738269680 -0.047955932667
  0.448369565217 -0.226476784338  0.001470371933  0.026268877636  0.001245163245  0.460252120793 -0.103313483399  0.186405649294  0.002067171499  0.433611917203 -0.103480425922  0.460252120793  0.006006090944
  0.451086956522  0.048839492071 -0.000977359798  0.254831169828 -0.064294824963  0.354200155052  0.051457260098  0.456148711195  0.002880761180 -0.216569503255  0.047069392728  0.354200155052  0.060839975608
  0.453804347826  0.250926394314 -0.001630675477 -0.072681345851  0.008959590576  0.381656663389  0.114612061051 -0.245057704336 -0.002328654018 -0.480921839911  0.115523365366  0.381656663389 -0.017029317971
  0.456521739130 -0.093758983819  0.000989227007 -0.248061530700  0.063734064255  0.275954635622 -0.065862189754 -0.450601007153 -0.002836301134  0.277029240459 -0.061549164231  0.275954635622 -0.059266369257
  0.459239130435 -0.216164592490  0.001556206320  0.104000605540 -0.017307403573  0.298480481064 -0.102060753442  0.280589769580  0.002416440367  0.428154899384 -0.103527309433  0.298480481064  0.024516374607
  0.461956521739  0.098114287480 -0.000943305269  0.193860358063 -0.050765926408  0.163087882861  0.064614536686  0.368829764663  0.002380948558 -0.271671979951  0.061209017601  0.163087882861  0.046353907804
  0.464673913043  0.159518009022 -0.001312048432 -0.077449289019  0.012593982824  0.307124295675  0.080003235270 -0.225177631480 -0.001971884363 -0.335626068977  0.081084521963  0.307124295675 -0.018242545098
  0.467391304348 -0.043274883561  0.000698297434 -0.145818384350  0.037540970648  0.173595150262 -0.039691484789 -0.295326737748 -0.002011699378  0.166949899933 -0.037153212559  0.173595150262 -0.034846401763
  0.470108695652 -0.135771221992  0.001101449664  0.000954544502  0.004905838524  0.405293845884 -0.070592529029  0.090353930821  0.001099678648  0.296308614144 -0.070421867430  0.405293845884  0.000038848853
  0.472826086957 -0.037708070521 -0.000301618162  0.149953135823 -0.035927146002  0.246642646383  0.003951091679  0.304800646999  0.002139452003 -0.016952553635  0.001438138377  0.246642646383  0.035738171978
  0.475543478261  0.168527936076 -0.001087828281  0.074281118752 -0.023773552700  0.495713542695  0.084110779341  0.041636654003 -0.000295506425 -0.353233431812  0.082648575293  0.495713542695  0.017926115158
  0.478260869565  0.089723425990 -0.000044749445 -0.204121129823  0.047064132239  0.268956233017  0.019931785659 -0.395237660580 -0.002715622371 -0.083143625702  0.023285543405  0.268956233017 -0.048579553266
  0.480978260870 -0.229698453456  0.001245649022 -0.099304364547  0.031579711389  0.500922479707 -0.109589553189 -0.089839943762  0.000017437007  0.460229059879 -0.107641959984  0.500922479707 -0.023962461320
  0.483695652174 -0.084313277611  0.000161742062  0.260453804782 -0.060486037202  0.242088909157 -0.019487426817  0.488490724200  0.003258321541  0.081122199193 -0.023782530813  0.242088909157  0.062003303656
  0.486413043478  0.264885061976 -0.001377863045  0.070354428327 -0.025774573892  0.410729517270  0.124283615408  0.046619300946 -0.000273501705 -0.521806431893  0.122779818167  0.410729517270  0.017111263818
  0.489130434783  0.044214502871 -0.000057926265 -0.268114249080  0.063461306183  0.177751297417  0.003677694668 -0.498967342030 -0.003270856019 -0.014740831225  0.008142785906  0.177751297417 -0.063875792807
  0.491847826087 -0.241643603160  0.001291422759 -0.031350366462  0.015747458563  0.295587065541 -0.113834362580  0.014676818067  0.000598589119  0.477813815777 -0.113008907470  0.295587065541 -0.007793171042
  0.494565217391 -0.022395057006 -0.000070108824  0.218082201760 -0.052195944101  0.161968831634  0.004850741325  0.410118516747  0.002690507730 -0.020918673794  0.001197663656  0.161968831634  0.051983856027
  0.497282608696  0.177699133550 -0.000977231426  0.034301515116 -0.014370594354  0.266898313215  0.085270359965 -0.004306003824 -0.000457230093 -0.357900507732  0.084471254605  0.266898313215  0.008418583496
  0.500000000000  0.054748993891  0.000009719192 -0.150419438155  0.035026202497  0.274800441402  0.010132749260 -0.290472478874 -0.001963541580 -0.042133002804  0.012617117962  0.274800441402 -0.035823929425
  0.502717391304 -0.124514571854  0.000629604574 -0.093202639915  0.026617419481  0.337753823599 -0.061106118423 -0.103585828263 -0.000274375759  0.256591755107 -0.059387586760  0.337753823599 -0.022392292699
  0.505434782609 -0.128595571235  0.000273082765  0.118180527332 -0.024920514734  0.365411568438 -0.043759116224  0.233875797499  0.001663715554  0.183252524429 -0.045616691314  0.365411568438  0.028054488558
  0.508152173913  0.121405315413 -0.000479613524  0.172189840447 -0.045298907699  0.418800029445  0.059506364925  0.246527953758  0.001179264756 -0.249945763253  0.056472144122  0.418800029445  0.041232106832
  0.510869565217  0.194526124416 -0.000593909512 -0.140495996537  0.028048673687  0.361529511705  0.074012884093 -0.276110905753 -0.001980562533 -0.309939692282  0.076164597235  0.361529511705 -0.033314665777
  0.513586956522 -0.161157834741  0.000586201295 -0.217848512721  0.057542632091  0.432422622770 -0.078021516949 -0.327953909338 -0.001654430139  0.327366332446 -0.074173170776  0.432422622770 -0.052205906408
  0.516304347826 -0.210435778197  0.000709582736  0.186392202526 -0.038515837160  0.287419567926 -0.081099674053  0.362091491088  0.002534828050  0.339271460561 -0.084003804431  0.287419567926  0.044305211200
  0.519021739130  0.197297516709 -0.000774872289  0.206426023923 -0.056143632124  0.348390705754  0.095497646483  0.302947648504  0.001448244457 -0.399887548395  0.091790562220  0.348390705754  0.049576347756
  0.521739130435  0.178331586613 -0.000540761934 -0.203099199708  0.043766955235  0.215046979898  0.065169184728 -0.393938027993 -0.002702137904 -0.272198489770  0.068402807377  0.215046979898 -0.048450673777
  0.524456521739 -0.185882370406  0.000788064322 -0.163998313340  0.045745990255  0.227693051055 -0.090757661421 -0.219220784596 -0.000900425466  0.378913145114 -0.087768993491  0.227693051055 -0.039485930862
  0.527173913043 -0.141489547170  0.000256536342  0.163056565637 -0.035718134401  0.238790128386 -0.046508211147  0.318365814587  0.002173372746  0.193847378711 -0.049130726907  0.238790128386  0.039071725677
  0.529891304348  0.124257461621 -0.000520668138  0.142188457906 -0.038534167087  0.205937810159  0.061613643131  0.175514349257  0.000650874866 -0.256009253276  0.059059607753  0.205937810159  0.034302744513
  0.532608695652  0.145077228342 -0.000135236230 -0.087624792891  0.017735220341  0.359307919572  0.047711065838 -0.175489952178 -0.001249634061 -0.197934975010  0.049073844400  0.359307919572 -0.021128995274
  0.535326086957 -0.052351195888  0.000128823453 -0.171701830593  0.043409121370  0.261938249164 -0.027151281400 -0.232980852654 -0.001057462896  0.111636087955 -0.024170091764  0.261938249164 -0.041609531027
  0.538043478261 -0.195825444310  0.000314729511  0.026744197323 -0.001406143603  0.456631785077 -0.073456538609  0.063739916960  0.000582494275  0.301959065129 -0.073736134469  0.456631785077  0.006567473020
  0.540760869565  0.015848275971  0.000098320463  0.235517619531 -0.058248385833  0.303615145132  0.010870563117  0.358958233247  0.001853315023 -0.043087003230  0.006807325384  0.303615145132  0.057628508471
  0.543478260870  0.256998581860 -0.000654201654 -0.013553484344 -0.003870024232  0.453146798596  0.105975642811 -0.050629786658 -0.000573347642 -0.430449265632  0.105964831205  0.453146798596 -0.003561694890
  0.546195652174 -0.025128044331 -0.000005470915 -0.285459691406  0.071944780180  0.299257935874 -0.019439154515 -0.455939873810 -0.002390632427  0.075967237213 -0.014435299932  0.299257935874 -0.070756968215
  0.548913043478 -0.282627615419  0.000847930049  0.035582450152 -0.000823162423  0.361927482209 -0.120600200343  0.110922438468  0.001001550032  0.483205503291 -0.120954936177  0.361927482209  0.009293323375
  0.551630434783  0.047653941895 -0.000265327650  0.285946768930 -0.074239759307  0.232467785259  0.036215264375  0.450634134193  0.002255055842 -0.141118148292  0.031091569549  0.232467785259  0.071879636792
  0.554347826087  0.258484048135 -0.000710237885 -0.048103485026  0.005065278156  0.272767131451  0.107859845739 -0.150802218297 -0.001254749561 -0.426135024183  0.108481079747  0.272767131451 -0.012651299657
  0.557065217391 -0.039435055803  0.000392540731 -0.244335245199  0.064630388829  0.191878074517 -0.035976514598 -0.359772676495 -0.001635923244  0.138780083830 -0.031526969111  0.191878074517 -0.062263370764
  0.559782608696 -0.212261028165  0.000364704353  0.015610773798  0.001382581087  0.282427370223 -0.082257886126  0.094797294823  0.000908988242  0.320682921359 -0.082363337530  0.282427370223  0.004389882627
  0.562500000000 -0.015237184297 -0.000183817619  0.201649609443 -0.052489775265  0.270782367345  0.008140367802  0.272341212846  0.001117429324 -0.030094126701  0.004474757877  0.270782367345  0.052047424312
  0.565217391304  0.186324603808 -0.000133059797  0.056863939568 -0.019229252246  0.370994334761  0.069067188441  0.045829439184 -0.000090720629 -0.266107738902  0.067887030025  0.370994334761  0.014426935515
  0.567934782609  0.091000427046 -0.000230495530 -0.194205493047  0.048242851602  0.327158056783  0.032844444294 -0.267365184211 -0.001148586059 -0.127411414044  0.036312760633  0.327158056783 -0.050667857607
  0.570652173913 -0.199230076353  0.000222939255 -0.129381867545  0.038978633537  0.439613896719 -0.080549553421 -0.183386114908 -0.000654566305  0.308023070098 -0.078010932240  0.439613896719 -0.033418690356
  0.573369565217 -0.144981327701  0.000515376490  0.220967270398 -0.053640748201  0.303861019191 -0.060291180320  0.341492622238  0.001657738848  0.231787291162 -0.064206096596  0.303861019191  0.058006260724
  0.576086956522  0.229648508954 -0.000522871373  0.163484804828 -0.049586506014  0.414589676363  0.103859731918  0.233010635923  0.000846435971 -0.395800946942  0.100633655393  0.414589676363  0.042415919915
  0.578804347826  0.155301494731 -0.000447334715 -0.245403083246  0.060215420196  0.240683127274  0.059944622143 -0.411268554503 -0.002117120573 -0.229780206831  0.064320336153  0.240683127274 -0.064572786438
  0.581521739130 -0.236708792414  0.000704389780 -0.156453667990  0.048446341763  0.304452206340 -0.112709123085 -0.190526813278 -0.000503950792  0.428782074941 -0.109584893557  0.304452206340 -0.040651574379
  0.584239130435 -0.139907027739  0.000129023484  0.229917694253 -0.057361698467  0.207055833801 -0.043383453068  0.390269936500  0.002018014746  0.166160318326 -0.047518012347  0.207055833801  0.060549169675
  0.586956521739  0.198254343549 -0.000536646634  0.142228742198 -0.043422182282  0.220019188215  0.092303930710  0.136468249121  0.000137533319 -0.350711468850  0.089482239791  0.220019188215  0.037047827569
  0.589673913043  0.138381850975  0.000103557185 -0.170982651457  0.042379215509  0.283605590308  0.037071712816 -0.271185562422 -0.001347181981 -0.141685466947  0.040138712837  0.283605590308 -0.045086608702
  0.592391304348 -0.131395971899  0.000115325056 -0.158334550925  0.045122468925  0.243187928646 -0.053907879254 -0.160022551159 -0.000278204662  0.204416579581 -0.050872263049  0.243187928646 -0.041448340183
  0.595108695652 -0.173906025360  0.000000238276  0.102121034960 -0.023003505922  0.401373872179 -0.057001678519  0.134778104772  0.000614494825  0.217085870575 -0.058757253015  0.401373872179  0.027062607276
  0.597826086957  0.076141006227  0.000217335058  0.210091027681 -0.056782487569  0.293242327150  0.024768557058  0.273193480934  0.000968891445 -0.093388352238  0.020842468687  0.293242327150  0.055183131270
  0.600543478261  0.231313271200 -0.000361229984 -0.062244511573  0.010146153976  0.440357220092  0.092944245218 -0.075063567767 -0.000383201201 -0.353476241540  0.093885516479  0.440357220092 -0.016697362843
  0.603260869565 -0.057909938692 -0.000193539970 -0.265778626911  0.071264923970  0.315764306157 -0.022540960802 -0.397174299608 -0.001705399158  0.084709288360 -0.017592480523  0.315764306157 -0.069857639851
  0.605978260870 -0.271668017944  0.000638034524  0.059610218833 -0.007809400298  0.370920812128 -0.117601543345  0.110397239359  0.000733873586  0.447114400551 -0.118439445791  0.370920812128  0.016086206985
  0.608695652174  0.064555933187 -0.000120847620  0.286774908602 -0.077847364320  0.273968165964  0.038441950005  0.435599601443  0.001901545833 -0.145060361239  0.033070423917  0.273968165964  0.075339774021
  0.611413043478  0.268968277693 -0.000550746362 -0.065366443579  0.009669170531  0.263548098414  0.112345514152 -0.165418144826 -0.001175774349 -0.427128124548  0.113301062162  0.263548098414 -0.017581495837
  0.614130434783 -0.059220246525  0.000381550099 -0.263613978822  0.072241916837  0.203624779708 -0.045460515273 -0.366162820711 -0.001448462581  0.171817015771 -0.040499865347  0.203624779708 -0.069227705383
  0.616847826087 -0.233965595260  0.000155333613  0.042122175044 -0.005379798267  0.233937342728 -0.085148742787  0.142543523866  0.001105685445  0.323689004277 -0.085736143106  0.233937342728  0.011371898077
  0.619565217391  0.016129599222 -0.000291960665  0.223926482962 -0.060407367269  0.247189331617  0.024203224698  0.263054055674  0.000832079445 -0.091195578011  0.020021217718  0.247189331617  0.058856631686
  0.622282608696  0.202987861080  0.000198486394  0.020135577979 -0.009512826072  0.313806297788  0.063360631404 -0.016092829623 -0.000389013173 -0.240675452715  0.062848676832  0.313806297788  0.005087280958
  0.625000000000  0.054886104266 -0.000107084305 -0.205466772472  0.052737609053  0.318917644466  0.018105074108 -0.227407554582 -0.000681987937 -0.069483582050  0.021852706377  0.318917644466 -0.054138733603
  0.627717391304 -0.203132599775 -0.000195141945 -0.094718593701  0.029393403292  0.410294050573 -0.067806447873 -0.140853514596 -0.000493226500  0.257301607424 -0.065909493346  0.410294050573 -0.024704637157
  0.630434782609 -0.117926137117  0.000465593978  0.220450811249 -0.054286530014  0.310789173060 -0.053818758137  0.290805465417  0.001169401614  0.205225109651 -0.057763082910  0.310789173060  0.058199161170
  0.633152173913  0.227151833967 -0.000141586579  0.143581169426 -0.043889368070  0.425311458255  0.092722221646  0.223853765386  0.000886043937 -0.351798198148  0.089868756433  0.425311458255  0.037486792679
  0.635869565217  0.144747413432 -0.000453476053 -0.244917376475  0.060245309538  0.250336739049  0.060773815136 -0.383913263955 -0.001829788947 -0.231734407769  0.065153669473  0.250336739049 -0.064660972472
  0.638586956522 -0.241346546283  0.000462388225 -0.152602699806  0.047474069340  0.332485865102 -0.110875647293 -0.195810507094 -0.000582393096  0.420745917249 -0.107815173116  0.332485865102 -0.039805648481
  0.641304347826 -0.140354684055  0.000081177238  0.242386084770 -0.060741683633  0.196807372158 -0.043401229398  0.401485241556  0.001993187413  0.165718228230 -0.047773163460  0.196807372158  0.063938725076
  0.644021739130  0.218106103560 -0.000422087251  0.143440426897 -0.044304436550  0.222742323901  0.099404733348  0.122874775718  0.000031540681 -0.377204657637  0.096538576812  0.222742323901  0.037433659971
  0.646739130435  0.136694888952  0.000299072076 -0.198609499520  0.050229669326  0.232946774211  0.028717855782 -0.303086386740 -0.001424928116 -0.109774736399  0.032315519384  0.232946774211 -0.052369812229
  0.649456521739 -0.161821520185  0.000015869151 -0.151564732448  0.043935173921  0.220745070246 -0.061952426128 -0.112013112361  0.000078399886  0.234889081460 -0.059019984631  0.220745070246 -0.039693261269
  0.652173913043 -0.161368119170 -0.000322998738  0.134505020934 -0.032603726279  0.358021590323 -0.040600634880  0.153539809080  0.000565576606  0.154696405622 -0.042989922180  0.358021590323  0.035534839575
  0.654891304348  0.104086203414  0.000403604897  0.192138066013 -0.052170810598  0.270345663571  0.025796405100  0.208399284726  0.000520815904 -0.097383767739  0.022196663655  0.270345663571  0.050487927664
  0.657608695652  0.211496885783 -0.000033745841 -0.085859114954  0.017419321489  0.431864032775  0.076641433664 -0.063225416899 -0.000127831324 -0.291460542021  0.078053261887  0.431864032775 -0.022843710259
  0.660326086957 -0.073691948749 -0.000455240651 -0.246092986425  0.065701541488  0.312434626883 -0.016282066000 -0.350355470668 -0.001405240871  0.061052763421 -0.011708817080  0.312434626883 -0.064720037686
  0.663043478261 -0.257058575434  0.000421780075  0.069917700677 -0.011010880003  0.385446074476 -0.109833117791  0.083711806859  0.000420699393  0.417517585367 -0.110876690154  0.385446074476  0.018750096911
  0.665760869565  0.070374370650  0.000097152000  0.278738438409 -0.075371682111  0.303145732648  0.032678497274  0.426091528618  0.001845668200 -0.123241208456  0.027466614632  0.303145732648  0.073262686270
  0.668478260870  0.269523942087 -0.000445544157 -0.070559329391  0.010904429268  0.267525133862  0.113911238082 -0.158026076068 -0.001044075429 -0.433021987483  0.114957376795  0.267525133862 -0.018929735758
  0.671195652174 -0.066720591163  0.000322196289 -0.272325963876  0.074758317176  0.230802369695 -0.048638100794 -0.379627500378 -0.001499343109  0.183907016622 -0.043508581534  0.230802369695 -0.071527182282
  0.673913043478 -0.248087480276  0.000046566433  0.055199273840 -0.008573931163  0.198485909199 -0.088463339687  0.174212334101  0.001257759373  0.336291614709 -0.089283182156  0.198485909199  0.014806635093
  0.676630434783  0.035371396466 -0.000389387533  0.241635597691 -0.065939327424  0.230719597070  0.037249678700  0.265176472486  0.000748877641 -0.140752370663  0.032711358740  0.230719597070  0.063486134932
  0.679347826087  0.219081172886  0.000427323052 -0.006391618255 -0.002316710650  0.256280947536  0.059717709644 -0.072616620300 -0.000687862421 -0.226915433869  0.059702072290  0.256280947536 -0.001870758879
  0.682065217391  0.024910605436  0.000025016354 -0.218722733837  0.057233815067  0.309359634502  0.002916133630 -0.196916525176 -0.000352656996 -0.011766420636  0.006942076630  0.309359634502 -0.057579494437
  0.684782608696 -0.210219576928 -0.000544427577 -0.061961152056  0.020003639565  0.371814793485 -0.055825152245 -0.095075033255 -0.000300327257  0.211896627155 -0.054558015073  0.371814793485 -0.016133040053
  0.687500000000 -0.088598893248  0.000428150159  0.222343214018 -0.055315343727  0.317703073584 -0.045740124353  0.240479022339  0.000724785698  0.174479518582 -0.049736798077  0.317703073584  0.058663253905
  0.690217391304  0.224781558808  0.000203750257  0.118248150242 -0.036396782935  0.429570732682  0.079892535855  0.212547957598  0.000930843446 -0.303149492196  0.077533585728  0.429570732682  0.030876616372
  0.692934782609  0.127682772989 -0.000523672571 -0.241209635579  0.059187416494  0.260516292972  0.061879239667 -0.349203880471 -0.001527690034 -0.235863488521  0.066187534093  0.260516292972 -0.063678093869
  0.695652173913 -0.239793677102  0.000257159268 -0.142610296013  0.044585471312  0.366083025868 -0.106595281154 -0.208408817919 -0.000749441264  0.404526323480 -0.103727095548  0.366083025868 -0.037210490974
  0.698369565217 -0.137117344638  0.000141381975  0.246019488302 -0.061473731502  0.202102356524 -0.046622897671  0.407099309968  0.001977686744  0.177919231617 -0.051054165876  0.202102356524  0.064898789903
  0.701086956522  0.228772896282 -0.000375908139  0.144088530925 -0.044938630112  0.241020393828  0.106036363672  0.124626244551  0.000065825270 -0.402406989251  0.103142004320  0.241020393828  0.037603764582
  0.703804347826  0.137715952909  0.000384414382 -0.217678219997  0.055508676980  0.198408465825  0.024626880875 -0.339191830890 -0.001588219346 -0.094254938150  0.028585145758  0.198408465825 -0.057374563322
  0.706521739130 -0.186654420686  0.000010467586 -0.150154571490  0.044281281369  0.204182907084 -0.072448069586 -0.077495095013  0.000327392497  0.274783674323 -0.069517167489  0.204182907084 -0.039303252647
  0.709239130435 -0.154954376504 -0.000572972038  0.164684356138 -0.041465356862  0.312354179196 -0.026576008912  0.184607614804  0.000647029815  0.101476957934 -0.029552998868  0.312354179196  0.043433527511
  0.711956521739  0.133623443977  0.000511433320  0.179793272039 -0.049238369978  0.244894022747  0.030287343593  0.146665246499  0.000092556840 -0.114509970708  0.026904565493  0.244894022747  0.047232928562
  0.714673913043  0.194668612516  0.000257433072 -0.114128317364  0.025973082112  0.419032826565  0.059665684464 -0.061601873724  0.000038864324 -0.227005348769  0.061636331649  0.419032826565 -0.030226552417
  0.717391304348 -0.095442586645 -0.000693626616 -0.225998473657  0.060113385523  0.296277688791 -0.011469975529 -0.297415275189 -0.001066197502  0.042858656782 -0.007277259732  0.296277688791 -0.059456011383
  0.720108695652 -0.238374624960  0.000243793354  0.086120109809 -0.015908020251  0.404375783723 -0.100113120854  0.056130388849  0.000095878876  0.380538887714 -0.101476621558  0.404375783723  0.022976789680
  0.722826086957  0.079858712739  0.000346624954  0.263350126066 -0.070843243309  0.321180508729  0.025062097593  0.411352763135  0.001779130665 -0.094338197416  0.020149433715  0.321180508729  0.069257895332
  0.725543478261  0.261394837927 -0.000420609425 -0.076272815367  0.012310346975  0.285908992399  0.115282239819 -0.139474756068 -0.000827096296 -0.438073808747  0.116430472888  0.285908992399 -0.020435382110
  0.728260869565 -0.071162534825  0.000218337651 -0.272148691477  0.074734504871  0.267645596405 -0.048366125186 -0.398064904380 -0.001629658133  0.182762457272 -0.043237608298  0.267645596405 -0.071522408546
  0.730978260870 -0.255602226514  0.000060897080  0.061905467733 -0.009925833166  0.181055226433 -0.094733230310  0.194485014818  0.001339291658  0.359904312597 -0.095663436152  0.181055226433  0.016602115993
  0.733695652174  0.046757379696 -0.000474224575  0.255769727910 -0.070458368016  0.226752555211  0.048336314362  0.282059744343  0.000811918818 -0.182617006635  0.043507979802  0.226752555211  0.067237836400
  0.736413043478  0.235459590245  0.000532027734 -0.024662044089  0.002444900300  0.202980391391  0.060568407821 -0.127251509370 -0.000998800077 -0.229952359097  0.060889209075  0.202980391391 -0.006703826766
  0.739130434783  0.001069621189  0.000182253683 -0.235701111180  0.062886177871  0.297909547020 -0.013321609012 -0.181052066901 -0.000147691227  0.049728699995 -0.008938756211  0.297909547020 -0.062105615392
  0.741847826087 -0.222933729776 -0.000814813734 -0.032453337027  0.011637707785  0.324030950931 -0.046763979340 -0.041439997863 -0.000027613417  0.177141843835 -0.046061959330  0.324030950931 -0.008382754683
  0.744565217391 -0.058652783960  0.000366585223  0.230424613241 -0.058345127190  0.324856827135 -0.035150354176  0.194321615429  0.000307932880  0.133995378850 -0.039333695310  0.324856827135  0.060956919663
  0.747282608696  0.226733227544  0.000522635606  0.088908979383 -0.027843814381  0.421422010134  0.066743937738  0.193241149171  0.000910598309 -0.252065924610  0.064953173989  0.421422010134  0.023225838754
  0.750000000000  0.104591420715 -0.000617188763 -0.238772465874  0.058908386199  0.270767726465  0.062258427900 -0.306686634652 -0.001158473700 -0.236403863823  0.066548063391  0.270767726465 -0.063425001861
  0.752717391304 -0.235428748372  0.000064406584 -0.126215204313  0.039954318786  0.396700554513 -0.100108265759 -0.223842048275 -0.000942739882  0.376801483677 -0.097549291841  0.396700554513 -0.033023431908
  0.755434782609 -0.129374032365  0.000284540577  0.242672700904 -0.060862043355  0.211667719281 -0.052978358754  0.401072151084  0.001869738434  0.201036469458 -0.057382324426  0.211667719281  0.064731854458
  0.758152173913  0.229647102993 -0.000377371908  0.143950903245 -0.045524264940  0.273851323209  0.111653347610  0.143448143180  0.000227732498 -0.418056085952  0.108731696856  0.273851323209  0.037796435903
  0.760869565217  0.142369790962  0.000354534492 -0.225080480196  0.058384426181  0.189164588565  0.026826847340 -0.370273105386 -0.001712579083 -0.102345252331  0.030992454165  0.189164588565 -0.060411867190
  0.763586956522 -0.200424861108  0.000109159761 -0.157804557396  0.047696456219  0.205372400708 -0.085056668284 -0.068066867384  0.000409116846  0.315707978721 -0.081917008575  0.205372400708 -0.041841503440
  0.766304347826 -0.160802848586 -0.000711999128  0.185220238855 -0.048785442369  0.277382689884 -0.019593570372  0.221668651618  0.000780391559  0.074377801636 -0.023067359899  0.277382689884  0.050281353203
  0.769021739130  0.156204716679  0.000472104700  0.183092636205 -0.051956735757  0.231525680469  0.039049093601  0.106692680416 -0.000234019694 -0.142382855812  0.035497013911  0.231525680469  0.049342767211
  0.771739130435  0.192594590108  0.000461767041 -0.137494887326  0.034608044244  0.399556729000  0.048768034016 -0.071310215495  0.000096291361 -0.179512330500  0.051318167067  0.399556729000 -0.038117579352
  0.774456521739 -0.113282022167 -0.000776047244 -0.220303576278  0.060955129701  0.273169747208 -0.009924857559 -0.253196248197 -0.000662349230  0.033515811286 -0.005669233043  0.273169747208 -0.060408320971
  0.777173913043 -0.229526541272  0.000127578244  0.097050487056 -0.021046699493  0.411776233673 -0.095630427144  0.030359637152 -0.000180281689  0.345855156289 -0.097343711276  0.411776233673  0.027813361695
  0.779891304348  0.080568545487  0.000478371446  0.255429694202 -0.071983255476  0.304967768594  0.016332013775  0.391349318598  0.001472645868 -0.055017864742  0.011317807331  0.304967768594  0.071013711055
  0.782608695652  0.255578041959 -0.000453154811 -0.066706431262  0.011265818879  0.304330968123  0.122216361788 -0.096444674597 -0.000455678250 -0.436424770503  0.123308324533  0.304330968123 -0.019875172589
  0.785326086957 -0.053145790200  0.000149846629 -0.272909761541  0.079257571684  0.270238531049 -0.040297124630 -0.408332207403 -0.001486603670  0.139320624445 -0.034831146321  0.270238531049 -0.076623189505
  0.788043478261 -0.260974291586  0.000178817909  0.036487260089 -0.003782929433  0.191064443188 -0.108127315227  0.157790237380  0.001038946591  0.382360166741 -0.108659165638  0.191064443188  0.011384574389
  0.790760869565  0.018927976515 -0.000509261402  0.268535192503 -0.078934596347  0.240632790295  0.044306690656  0.303741781557  0.000765316670 -0.152873293021  0.038873262739  0.240632790295  0.076017880919
  0.793478260870  0.249301634079  0.000429377321  0.005345036622 -0.005793109076  0.195763000202  0.071147494022 -0.104295536381 -0.000864616273 -0.249581236114  0.070915897724  0.195763000202  0.000811638548
  0.796195652174  0.028834009459  0.000267970209 -0.251347552540  0.072279322491  0.315146624716 -0.009048918808 -0.188876206413 -0.000060595064  0.029277159861 -0.003995991453  0.315146624716 -0.071821901088
  0.798913043478 -0.232425236829 -0.000766712852 -0.060352973142  0.020240281621  0.299772120624 -0.049804949288 -0.062310906349 -0.000025224700  0.173272664948 -0.048506373257  0.299772120624 -0.016792982850
  0.801630434783 -0.084596801943  0.000302793127  0.233807587157 -0.064112127916  0.341988638885 -0.045901505046  0.176540458108  0.000081987147  0.162116070207 -0.050516256258  0.341988638885  0.067493028727
  0.804347826087  0.218621463328  0.000494861711  0.117845260882 -0.037680075687  0.388012160716  0.064323738282  0.226984692969  0.000879457770 -0.222782362471  0.061836346955  0.388012160716  0.033256256582
  0.807065217391  0.135166895012 -0.000592909150 -0.219945985273  0.058137389220  0.271398901294  0.080483466886 -0.267569121530 -0.000796061061 -0.282013773634  0.084763838442  0.271398901294 -0.063931806565
  0.809782608696 -0.205301515269  0.000111771320 -0.164126967575  0.052947381303  0.361103965101 -0.095524519081 -0.273509628633 -0.000974010957  0.330572047788 -0.092041930799  0.361103965101 -0.046370340374
  0.812500000000 -0.171048111079  0.000267478168  0.202655195892 -0.053640017395  0.190315648760 -0.074015119859  0.348275724907  0.001448040179  0.259076016611 -0.077963775263  0.190315648760  0.058969176283
  0.815217391304  0.182863070964 -0.000436308580  0.193822100718 -0.062036703751  0.253545579434  0.103872328185  0.200545408577  0.000338642767 -0.359115748759  0.099772072308  0.253545579434  0.054895887480
  0.817934782609  0.193411086500  0.000385258360 -0.171943335878  0.046568158913  0.182585642064  0.046120905680 -0.304939707533 -0.001313286698 -0.161734071299  0.049504319502  0.182585642064 -0.049921269346
  0.820652173913 -0.145047808117  0.000145803634 -0.212573605909  0.065369034289  0.229619263005 -0.069968019681 -0.123211929307  0.000263566417  0.241105056728 -0.065550301329  0.229619263005 -0.060617067481
  0.823369565217 -0.210586411666 -0.000736079560  0.125346870648 -0.033767718908  0.296260295029 -0.036792951382  0.141204546924  0.000437519918  0.128841746424 -0.039254595168  0.296260295029  0.036434335600
  0.826086956522  0.095318117323  0.000460601212  0.229490921159 -0.066883258857  0.254132727683  0.015246206006  0.155730450452 -0.000105837891 -0.050936582758  0.010587430482  0.254132727683  0.065977399175
  0.828804347826  0.228548101203  0.000452711974 -0.070481430957  0.016253604629  0.412931957057  0.065260866032  0.022153360452  0.000393113605 -0.227130366032  0.066562820897  0.412931957057 -0.020876018632
  0.831521739130 -0.043668185391 -0.000746226985 -0.247539162949  0.069986481803  0.252195906729  0.018820891252 -0.293024319802 -0.000753757515 -0.067490032228  0.023781442909  0.252195906729 -0.071480337957
  0.834239130435 -0.245022612801  0.000154309926  0.018227037033  0.001489250943  0.401176635353 -0.109546284598 -0.067434134498 -0.000440492516  0.380360062184 -0.109711434228  0.401176635353  0.006199048280
  0.836956521739 -0.001998243491  0.000385114902  0.261000159101 -0.074255763753  0.251633120936 -0.012436368257  0.412927122120  0.001514189347  0.045455775956 -0.017680974637  0.251633120936  0.075311832133
  0.839673913043  0.252194370147 -0.000439809263  0.026045628572 -0.015357590799  0.272015576193  0.128098657766 -0.000880361686 -0.000231369543 -0.444360320777  0.127335698721  0.272015576193  0.006400753271
  0.842391304348  0.041275437643  0.000295723395 -0.261367618952  0.075892155309  0.222254238017 -0.012363726221 -0.399047655049 -0.001437564775  0.040618803415 -0.007065279648  0.222254238017 -0.075210874798
  0.845108695652 -0.244260682761  0.000082525233 -0.065037399997  0.024964006008  0.172032444840 -0.102036299158  0.060464422672  0.000811659248  0.353573432815 -0.100534640923  0.172032444840 -0.017860830760
  0.847826086957 -0.079089880178 -0.000638684870  0.245125721461 -0.071339390207  0.261820851162  0.014191313171  0.260263836414  0.000606632983 -0.047121488456  0.009217046014  0.261820851162  0.070518573176
  0.850543478261  0.222228941310  0.000576630961  0.104602349672 -0.033441534886  0.193181001786  0.054950028433  0.003353201567 -0.000566275372 -0.189810761644  0.052737173455  0.193181001786  0.029665469738
  0.853260869565  0.119252005146  0.000324382295 -0.216226133099  0.060626635310  0.368307244163  0.024939180778 -0.123992424552  0.000145394855 -0.088411546519  0.029257580146  0.368307244163 -0.062527051482
  0.855978260870 -0.192199447480 -0.000871316688 -0.146971843819  0.044057618281  0.280080920293 -0.029520441597 -0.177790692928 -0.000402087485  0.101172618363 -0.026499549958  0.280080920293 -0.042093270299
  0.858695652174 -0.160241866701  0.000294424709  0.182051110023 -0.047404841294  0.369498671567 -0.080177826216  0.107895521721 -0.000076189014  0.279816845510 -0.083703842376  0.369498671567  0.053151372417
  0.861413043478  0.159919250502  0.000488545126  0.188299168988 -0.056843280253  0.348663387064  0.044211862742  0.331777123114  0.001239462607 -0.151784220651  0.040329378115  0.348663387064  0.053878831111
  0.864130434783  0.196394841218 -0.000544154881 -0.147509616735  0.035756360868  0.255219895198  0.108122672594 -0.199685723713 -0.000703130134 -0.376513055568  0.110899576735  0.255219895198 -0.043436403323
  0.866847826087 -0.127002980025  0.000202250496 -0.221718171880  0.068296580426  0.308764446727 -0.074183971286 -0.346986327331 -0.001199649121  0.255512446509 -0.069571070961  0.308764446727 -0.063255791963
  0.869565217391 -0.222256861704  0.000119068333  0.112433536323 -0.026749191348  0.148582439287 -0.090648537253  0.268641107995  0.001328903539  0.315580789265 -0.092749964711  0.148582439287  0.033180082664
  0.872282608696  0.091419003485 -0.000515607935  0.242294157869 -0.074352864748  0.239202423140  0.076445856397  0.238285040879  0.000408649213 -0.263202111847  0.071413273578  0.239202423140  0.069168165937
  0.875000000000  0.235865958240  0.000594884810 -0.073494399997  0.017836327321  0.168034347715  0.053602325778 -0.199255447368 -0.001061312007 -0.186675020211  0.054986708912  0.168034347715 -0.021644015349
  0.877717391304 -0.050619504147  0.000148730945 -0.249719976237  0.073886938979  0.281030063586 -0.034163660477 -0.139693976479  0.000252293663  0.116417943430 -0.029059688126  0.281030063586 -0.071670004385
  0.880434782609 -0.238912406846 -0.000901788712  0.028096303234 -0.005578728085  0.305273798787 -0.040730024873  0.011775444397  0.000049980517  0.141591209165 -0.041222027672  0.305273798787  0.008452387016
  0.883152173913  0.004257600915  0.000500004249  0.247471063366 -0.069594750149  0.289282918635 -0.025086380288  0.167980400185 -0.000040744071  0.089185741196 -0.030034852480  0.289282918635  0.071527583042
  0.885869565217  0.234743283114  0.000504396896  0.022873311236 -0.010804775847  0.412165675608  0.068855200510  0.154510477549  0.000799690202 -0.238739624070  0.068266058109  0.412165675608  0.005996601833
  0.888586956522  0.045023577164 -0.000728201503 -0.239843029297  0.065478999322  0.230816354832  0.056344409039 -0.301935373425 -0.000880168702 -0.197615482619  0.061080849323  0.230816354832 -0.069596530633
  0.891304347826 -0.226057459044  0.000183112923 -0.074827429181  0.028276203504  0.374906716202 -0.110041275037 -0.180506598839 -0.000738465085  0.381225138087 -0.108326755083  0.374906716202 -0.020619101326
  0.894021739130 -0.092467874657  0.000247807353  0.228962445107 -0.063198320764  0.195161042607 -0.042609111913  0.401659353565  0.001592128071  0.149869731053 -0.047151592331  0.195161042607  0.066345791039
  0.896739130435  0.213300862735 -0.000448117977  0.121540164876 -0.042290289981  0.240639616063  0.119534989578  0.088198251766 -0.000059053176 -0.413787478663  0.116859823312  0.240639616063  0.034001076420
  0.899456521739  0.133140204260  0.000508356632 -0.213319041661  0.060572589377  0.187359834389  0.012245800203 -0.350469302312 -0.001351080991 -0.044357873025  0.016529151601  0.187359834389 -0.061581586646
  0.902173913043 -0.194259934831  0.000007737233 -0.158422348292  0.050556525711  0.189067518541 -0.081572682242 -0.018732599145  0.000661842975  0.281740869860 -0.078223620113  0.189067518541 -0.044953248463
  0.904891304348 -0.164388220314 -0.000815790580  0.188779837470 -0.053651619386  0.293148295905 -0.010109848698  0.175738265159  0.000355051196  0.036712848143 -0.013901974180  0.293148295905  0.054493596946
  0.907608695652  0.165513174202  0.000691021840  0.185261788596 -0.054869101142  0.207237769631  0.026291109382  0.087801461877 -0.000329465001 -0.089656893782  0.022503121228  0.207237769631  0.053158125367
  0.910326086957  0.187521927594  0.000396346722 -0.152057293810  0.040561766399  0.408213839735  0.051270844773 -0.024125779543  0.000441103988 -0.179223108108  0.054245190164  0.408213839735 -0.044261699308
  0.913043478261 -0.125670186850 -0.000916768071 -0.206203278159  0.059262784665  0.252792140300  0.000139558462 -0.264845101010 -0.000720253921 -0.002268719838  0.004301132424  0.252792140300 -0.059418498044
  0.915760869565 -0.206757669456  0.000288310622  0.104636427389 -0.023646591951  0.378832253829 -0.104597149762  0.014098201396 -0.000290634868  0.363878789266 -0.106515066908  0.378832253829  0.031049268126
  0.918478260870  0.078228337214  0.000401338495  0.225964910214 -0.066044390273  0.298785143606  0.017705481873  0.400648057786  0.001514502611 -0.059472751432  0.013111663951  0.298785143606  0.064963783215
  0.921195652174  0.225068004625 -0.000498795408 -0.053628778034  0.007813811927  0.230496413879  0.123595914911 -0.115101083800 -0.000577578121 -0.429389595793  0.124448886188  0.230496413879 -0.016511533775
  0.923913043478 -0.030778552220  0.000373974933 -0.244582493959  0.073299739590  0.259505587954 -0.048569735102 -0.377579868723 -0.001308142892  0.166424897200 -0.043542463851  0.259505587954 -0.070069813860
  0.926630434783 -0.240024411285 -0.000024841019  0.007524907367  0.003595120572  0.120879802604 -0.093650759272  0.177934943243  0.001180436296  0.325085198175 -0.093628904709  0.120879802604  0.002971864174
  0.929347826087 -0.010194332933 -0.000657572406  0.255571992627 -0.076323067082  0.258945698561  0.046311087686  0.230270867430  0.000350401866 -0.158510810373  0.041065967567  0.258945698561  0.073259179755
  0.932065217391  0.244244235036  0.000784400624  0.030511974231 -0.011681887362  0.161354254349  0.047416927581 -0.087680692465 -0.000780768447 -0.164303078176  0.046713413091  0.161354254349  0.008381195241
  0.934782608696  0.044854960561  0.000194350203 -0.250563297295  0.071885122591  0.342124772115  0.002431541900 -0.112249539824  0.000355404435 -0.010579277621  0.007485056539  0.342124772115 -0.072232849351
  0.937500000000 -0.231565628171 -0.001019926513 -0.065513366847  0.020795512964  0.299319984436 -0.032013084999 -0.115888889256 -0.000347371310  0.110517056519 -0.030631716221  0.299319984436 -0.018598865206
  0.940217391304 -0.079923944420  0.000503332044  0.227364057087 -0.061464805779  0.320745888595 -0.063417410768  0.140169035471 -0.000069901830  0.222007585534 -0.067889402905  0.320745888595  0.066069095557
  0.942934782609  0.203862513973  0.000485945311  0.105658595387 -0.034116892511  0.391593707234  0.060886731285  0.274753407789  0.001178391164 -0.210326618189  0.058641072073  0.391593707234  0.029925635197
  0.945652173913  0.121485366510 -0.000669488132 -0.193704481159  0.050241898096  0.206008936551  0.088641329522 -0.273557596873 -0.000918455276 -0.309248167322  0.092387392564  0.206008936551 -0.056589692786
  0.948369565217 -0.171130506217  0.000285861203 -0.152806043110  0.050057800801  0.336886467948 -0.099540188453 -0.271278961389 -0.000971205311  0.343996191262 -0.096270383839  0.336886467948 -0.043191678692
  0.951086956522 -0.166865473459  0.000070072299  0.161576486697 -0.042476935448  0.136608562670 -0.064923428526  0.354261972716  0.001572646877  0.226675147264 -0.068065865301  0.136608562670  0.047140221602
  0.953804347826  0.143081406930 -0.000518512704  0.197850976329 -0.063072648437  0.231601502349  0.100362602823  0.148214010572  0.000031252347 -0.346401729622  0.096180964966  0.231601502349  0.056180823750
  0.956521739130  0.204364107297  0.000743113352 -0.136170998348  0.037487983748  0.165516844643  0.027600740573 -0.267820469597 -0.001161061949 -0.096958831638  0.030300976019  0.165516844643 -0.039518314653
  0.959239130435 -0.119562908547 -0.000015168205 -0.227002103937  0.068480908569  0.241923612066 -0.051621581538 -0.066080332130  0.000589270301  0.177025747533 -0.046940186258  0.241923612066 -0.065024827904
  0.961956521739 -0.222867229836 -0.000982874614  0.110219300884 -0.030232568013  0.318091836069 -0.024659582344  0.063003601134  0.000016918441  0.086445416091 -0.026843125693  0.318091836069  0.032038516886
  0.964673913043  0.090032304028  0.000747831897  0.234402601030 -0.066897877950  0.234062646339 -0.009495887787  0.138888480775 -0.000164224522  0.034973593909 -0.014216608641  0.234062646339  0.067729359591
  0.967391304348  0.222811745111  0.000431457259 -0.070842177966  0.016314923746  0.426951311894  0.067309304113  0.094244152688  0.000783633151 -0.233624207371  0.068620608165  0.426951311894 -0.021081323052
  0.970108695652 -0.044355342663 -0.000887687982 -0.228667517375  0.063838926204  0.219000615929  0.033855264098 -0.314984157936 -0.000949907534 -0.119358174304  0.038421172326  0.219000615929 -0.066373308451
  0.972826086957 -0.216782494098  0.000324836872  0.013709912453  0.003192782317  0.368182113887 -0.117571096302 -0.088264787226 -0.000514896707  0.406424636282 -0.117636388093  0.368182113887  0.005054797423
  0.975543478261 -0.014875542793  0.000233832632  0.225208851132 -0.064452670841  0.238354260586 -0.010281893621  0.426692091507  0.001660778937  0.038006780079 -0.014832855650  0.238354260586  0.065333322652
  0.978260869565  0.217253606088 -0.000487611736  0.049609013730 -0.021991509563  0.209669009376  0.126335261088 -0.027606890786 -0.000445934815 -0.434967141513  0.125102149170  0.209669009376  0.013174825452
  0.980978260870  0.071769079807  0.000600840733 -0.230253784059  0.068219399147  0.218408718007 -0.022670122322 -0.361119465233 -0.001257621904  0.075142484339 -0.017935806410  0.218408718007 -0.066795547198
  0.983695652174 -0.222693994942 -0.000126813215 -0.100270753826  0.034115153269  0.141827188388 -0.083692309095  0.084971396107  0.000997586500  0.286279997352 -0.081502922835  0.141827188388 -0.028322561884
  0.986413043478 -0.110958269694 -0.000808174926  0.232571947337 -0.068959398849  0.305915392086  0.015971551044  0.177902658438  0.000156085198 -0.051832207837  0.011168781971  0.305915392086  0.068007719691
  0.989130434783  0.217023000028  0.000881628066  0.129946413323 -0.039681678702  0.175186473145  0.029888262224  0.024563907675 -0.000462736474 -0.100413846660  0.027175539748  0.175186473145  0.037680729377
  0.991847826087  0.132529685502  0.000221081821 -0.213343376875  0.060667349737  0.000000000000  0.038994095029 -0.050505780131  0.000520796596 -0.134401995001  0.043349958579  0.000000000000 -0.063554754234
  0.994565217391 -0.188176712053 -0.001009703915 -0.150952305570  0.045261244686  0.007551661793 -0.013476672641 -0.241192355095 -0.000728532198  0.042825972731 -0.010331764248  0.007551661793 -0.044426398881
  0.997282608696 -0.172883807417  0.000178243028  0.149202213130 -0.039573239256  0.017300156781 -0.086444909592  0.028310589997 -0.000381833204  0.291133885798 -0.089436447922  0.017300156781  0.045740540966
  1.000000000000  0.000000000000 -0.002488419712  0.006830073783 -0.013048695283  0.016538509719  0.186292500562  0.000000000000 -0.000010883955 -0.619610190895  0.185834946436  0.016538509719 -0.000000000000
