             Rad         v_r[Re]         v_t[Re]         v_x[Re]         p[Re]          p_mg[Re]  p_no_phase[Re]         v_r[Im]         v_t[Im]         v_x[Im]         p[Im]          p_mg[Im]  p_no_phase[Im]
  0.300000000000 -0.015345832509  0.165319420547  0.176332310028  0.195079437813  0.076313618400  0.290199602533 -0.016984880416  0.186114194672  0.204711827640  0.217757743716  0.076313618400 -0.035476931874
  0.329166666667  0.011982194467  0.156004190890  0.182678822238  0.201953250834  0.089452464462  0.294346872278 -0.035956193355  0.169849781502  0.205078573395  0.218020860037  0.089452464462 -0.040964981556
  0.358333333333  0.032215827349  0.150272859294  0.191637634684  0.211747582496  0.099382827685  0.304095481742 -0.049646491401  0.159657953452  0.209925684921  0.223076127791  0.099382827685 -0.046107867739
  0.387500000000  0.047673054984  0.147326993849  0.203232384882  0.224476335118  0.106642393607  0.318961183928 -0.059590671936  0.153771984141  0.218699000400  0.232323519154  0.106642393607 -0.051260176818
  0.416666666667  0.059637330732  0.145790225057  0.216288449365  0.238843100725  0.111669547551  0.337143158374 -0.066671824495  0.150492573135  0.230181954433  0.244471607702  0.111669547551 -0.056097098836
  0.445833333333  0.069041941240  0.145397673327  0.230828678547  0.254867043228  0.114757240599  0.358417789079 -0.071485360659  0.149144355467  0.244110664687  0.259234426322  0.114757240599 -0.060797911037
  0.475000000000  0.076386949136  0.145366002883  0.245882030786  0.271479647610  0.116132457784  0.381433210535 -0.074415281468  0.148883548354  0.259631549991  0.275708962344  0.116132457784 -0.065002591369
  0.504166666667  0.082090730983  0.145731276206  0.261629104171  0.288875527519  0.115981205327  0.406265176833 -0.075704687680  0.149499884196  0.276708062603  0.293851872629  0.115981205327 -0.068895569812
  0.533333333333  0.086365882432  0.145974392330  0.277204181156  0.306103791867  0.114438732601  0.431782232545 -0.075565591520  0.150504449066  0.294661228939  0.312946828827  0.114438732601 -0.072106537337
  0.562500000000  0.089419550335  0.146245530615  0.292873266950  0.323453574770  0.111654373002  0.458202105292 -0.074100551744  0.151866392400  0.313555226552  0.333057660660  0.111654373002 -0.074836161463
  0.591666666667  0.091350451095  0.146154948240  0.307819920524  0.340029079052  0.107734636834  0.484499143906 -0.071461423676  0.153261071513  0.332795757056  0.353558609444  0.107734636834 -0.076707525492
  0.620833333333  0.092270470741  0.145898222698  0.322367245202  0.356182226066  0.102829011100  0.510968756031 -0.067693306526  0.154731697498  0.352495176121  0.374564424814  0.102829011100 -0.077943677497
  0.650000000000  0.092231850161  0.145158406621  0.335725587560  0.371047145251  0.097057741680  0.536641806862 -0.062928410328  0.156039572576  0.372104103764  0.395497379742  0.097057741680 -0.078164777932
  0.679166666667  0.091301096278  0.144149333739  0.348265370489  0.385027501342  0.090602766377  0.561865651501 -0.057191448593  0.157259713036  0.391761004864  0.416499474061  0.090602766377 -0.077620733990
  0.708333333333  0.089512527781  0.142600467376  0.359215941293  0.397278539569  0.083647021523  0.585706481724 -0.050609415074  0.158203551233  0.410943067472  0.437021323709  0.083647021523 -0.075932816653
  0.737500000000  0.086911031852  0.140732293710  0.368992395732  0.408252614337  0.076461438171  0.608553878804 -0.043205066397  0.158959784490  0.429805828020  0.457222456900  0.076461438171 -0.073380847633
  0.766666666667  0.083525845340  0.138307208688  0.376842212203  0.417124969644  0.069381998803  0.629501312209 -0.035104051551  0.159372052676  0.447844675874  0.476572799164  0.069381998803 -0.069591458744
  0.795833333333  0.079392579726  0.135546941374  0.383224969934  0.424396379905  0.062888099891  0.648977709718 -0.026337093501  0.159534616421  0.465229144232  0.495246084573  0.062888099891 -0.064876065311
  0.825000000000  0.074541317552  0.132239380402  0.387408841965  0.429264791567  0.057612071300  0.666102381915 -0.017027727528  0.159313640135  0.481469512433  0.512727911825  0.057612071300 -0.058870957622
  0.854166666667  0.069005290677  0.128604642175  0.389898058314  0.432279575126  0.054315783364  0.681343492067 -0.007220222740  0.158805233630  0.496749075132  0.529205962754  0.054315783364 -0.051919436664
  0.883333333333  0.062818074142  0.124451674153  0.389985646724  0.432665866823  0.053709409827  0.693848126512  0.002966929226  0.157892479269  0.510592370606  0.544180738921  0.053709409827 -0.043671572702
  0.912500000000  0.056014594276  0.119996936934  0.388219207559  0.431020262494  0.056126007065  0.704123534472  0.013472786925  0.156671514927  0.523197144961  0.557854643366  0.056126007065 -0.034500985609
  0.941666666667  0.048632891511  0.115065760051  0.383915126038  0.426593415764  0.248935743252  0.711341430388  0.024187727998  0.155037943761  0.534099697251  0.569740409366  0.248935743252 -0.024071681513
  0.970833333333  0.040712125333  0.109855084375  0.377611522961  0.419971431849  0.230621455748  0.715993325077  0.035031750668  0.153079736207  0.543486615619  0.580028568151  0.230621455748 -0.012755464921
  1.000000000000  0.032295160743  0.104093904128  0.368249470175  0.409994679587  0.219254633567  0.716843863380  0.045903717296  0.150645891535  0.550692617688  0.588021672369  0.219254633567  0.000000000000
