             Rad         v_r[Re]         v_t[Re]         v_x[Re]         p[Re]          p_mg[Re]  p_no_phase[Re]         v_r[Im]         v_t[Im]         v_x[Im]         p[Im]          p_mg[Im]  p_no_phase[Im]
  0.250000000000  0.000000000000  0.000000000000  0.000000000000  0.000000000000  0.000000000000  0.000000000000  0.000000000000  0.000000000000  0.000000000001  0.000000000000  0.000000000000 -0.000000000000
  0.252717391304  0.000000000000 -0.000000000000  0.000000000000  0.000000000000  0.000000000000  0.000000000000 -0.000000000000 -0.000000000000  0.000000000000  0.000000000000  0.000000000000 -0.000000000000
  0.255434782609  0.000000000000 -0.000000000000  0.000000000000  0.000000000000  0.000000000000  0.000000000000 -0.000000000000 -0.000000000000  0.000000000000  0.000000000000  0.000000000000 -0.000000000000
  0.258152173913  0.000000000000 -0.000000000000  0.000000000000  0.000000000000  0.000000000000  0.000000000000 -0.000000000000 -0.000000000000  0.000000000000  0.000000000000  0.000000000000 -0.000000000000
  0.260869565217  0.000000000000 -0.000000000000  0.000000000000  0.000000000000  0.000000000000  0.000000000000 -0.000000000000 -0.000000000000  0.000000000000  0.000000000000  0.000000000000 -0.000000000000
  0.263586956522  0.000000000000 -0.000000000000 -0.000000000000 -0.000000000000  0.000000000000 -0.000000000000 -0.000000000000 -0.000000000000 -0.000000000000 -0.000000000000  0.000000000000 -0.000000000000
  0.266304347826  0.000000000000 -0.000000000000 -0.000000000000 -0.000000000000  0.000000000000 -0.000000000000 -0.000000000000 -0.000000000000 -0.000000000000 -0.000000000000  0.000000000000 -0.000000000000
  0.269021739130  0.000000000000 -0.000000000000 -0.000000000000 -0.000000000000  0.000000000000 -0.000000000000 -0.000000000000 -0.000000000000 -0.000000000000 -0.000000000000  0.000000000000 -0.000000000000
  0.271739130435 -0.000000000000 -0.000000000000 -0.000000000000 -0.000000000000  0.000000000000 -0.000000000000 -0.000000000000 -0.000000000000 -0.000000000000 -0.000000000000  0.000000000000  0.000000000000
  0.274456521739 -0.000000000000 -0.000000000000 -0.000000000000 -0.000000000000  0.000000000000 -0.000000000000 -0.000000000000 -0.000000000000 -0.000000000000 -0.000000000000  0.000000000000  0.000000000000
  0.277173913043 -0.000000000000  0.000000000000 -0.000000000000 -0.000000000000  0.000000000000 -0.000000000000  0.000000000000  0.000000000000 -0.000000000000 -0.000000000000  0.000000000000  0.000000000000
  0.279891304348 -0.000000000000  0.000000000000 -0.000000000000 -0.000000000000  0.000000000000 -0.000000000000  0.000000000000  0.000000000000 -0.000000000000 -0.000000000000  0.000000000000  0.000000000000
  0.282608695652 -0.000000000000  0.000000000000 -0.000000000000 -0.000000000000  0.000000000000 -0.000000000000  0.000000000000  0.000000000000 -0.000000000000 -0.000000000000  0.000000000000 -0.000000000000
  0.285326086957 -0.000000000000  0.000000000000 -0.000000000000 -0.000000000000  0.000000000000 -0.000000000000  0.000000000000  0.000000000000 -0.000000000000 -0.000000000000  0.000000000000  0.000000000000
  0.288043478261 -0.000000000000  0.000000000000 -0.000000000000 -0.000000000000  0.000000000000 -0.000000000000  0.000000000000  0.000000000000 -0.000000000000 -0.000000000000  0.000000000000 -0.000000000000
  0.290760869565 -0.000000000000  0.000000000000  0.000000000000 -0.000000000000  0.000000000000  0.000000000000  0.000000000000  0.000000000000  0.000000000000  0.000000000000  0.000000000000  0.000000000000
  0.293478260870 -0.000000000000  0.000000000000  0.000000000000 -0.000000000000  0.000000000000  0.000000000000  0.000000000000  0.000000000000  0.000000000000  0.000000000000  0.000000000000  0.000000000000
  0.296195652174 -0.000000000000  0.000000000000  0.000000000000  0.000000000000  0.000000000000  0.000000000000  0.000000000000  0.000000000000  0.000000000000  0.000000000000  0.000000000000  0.000000000000
  0.298913043478 -0.000000000000  0.000000000000  0.000000000000  0.000000000000  0.000000000000  0.000000000000  0.000000000000  0.000000000000  0.000000000000  0.000000000000  0.000000000000  0.000000000000
  0.301630434783 -0.000000000000  0.000000000000  0.000000000000  0.000000000000  0.000000000000  0.000000000000  0.000000000000  0.000000000000  0.000000000000  0.000000000000  0.000000000000  0.000000000000
  0.304347826087  0.000000000000 -0.000000000000  0.000000000000  0.000000000000  0.000000000000  0.000000000000 -0.000000000000 -0.000000000000  0.000000000000  0.000000000000  0.000000000000  0.000000000000
  0.307065217391  0.000000000000 -0.000000000000  0.000000000000  0.000000000000  0.000000000000  0.000000000000 -0.000000000000 -0.000000000000  0.000000000000  0.000000000000  0.000000000000 -0.000000000000
  0.309782608696  0.000000000000 -0.000000000000  0.000000000000  0.000000000000  0.000000000000  0.000000000000 -0.000000000000 -0.000000000000  0.000000000000  0.000000000000  0.000000000000  0.000000000000
  0.312500000000  0.000000000000 -0.000000000000  0.000000000000  0.000000000000  0.000000000000  0.000000000000 -0.000000000000 -0.000000000000  0.000000000000  0.000000000000  0.000000000000 -0.000000000000
  0.315217391304  0.000000000000 -0.000000000000  0.000000000000  0.000000000000  0.000000000000  0.000000000000 -0.000000000000 -0.000000000000 -0.000000000000  0.000000000000  0.000000000000  0.000000000000
  0.317934782609  0.000000000000 -0.000000000000 -0.000000000000  0.000000000000  0.000000000000  0.000000000000 -0.000000000000 -0.000000000000 -0.000000000000 -0.000000000000  0.000000000000 -0.000000000000
  0.320652173913  0.000000000000 -0.000000000000  0.000000000000  0.000000000000  0.000000000000  0.000000000000 -0.000000000000 -0.000000000000 -0.000000000000 -0.000000000000  0.000000000000 -0.000000000000
  0.323369565217  0.000000000000 -0.000000000000  0.000000000000 -0.000000000000  0.000000000000 -0.000000000000 -0.000000000000 -0.000000000000 -0.000000000000 -0.000000000000  0.000000000000  0.000000000000
  0.326086956522  0.000000000000 -0.000000000000 -0.000000000000 -0.000000000000  0.000000000000 -0.000000000000 -0.000000000000 -0.000000000000 -0.000000000000 -0.000000000000  0.000000000000  0.000000000000
  0.328804347826 -0.000000000000  0.000000000000 -0.000000000000 -0.000000000000  0.000000000000 -0.000000000000  0.000000000000  0.000000000000 -0.000000000001 -0.000000000000  0.000000000000  0.000000000000
  0.331521739130 -0.000000000000  0.000000000000  0.000000000000 -0.000000000000  0.000000000000 -0.000000000000  0.000000000000  0.000000000000  0.000000000000 -0.000000000000  0.000000000000  0.000000000000
  0.334239130435  0.000000000000 -0.000000000000  0.000000000000 -0.000000000000  0.000000000000  0.000000000000 -0.000000000000  0.000000000000  0.000000000000  0.000000000000  0.000000000000  0.000000000000
  0.336956521739  0.000000000000  0.000000000000 -0.000000000000 -0.000000000000  0.000000000000  0.000000000000  0.000000000000 -0.000000000000 -0.000000000000  0.000000000000  0.000000000000  0.000000000000
  0.339673913043 -0.000000000000 -0.000000000000  0.000000000000 -0.000000000000  0.000000000000 -0.000000000000 -0.000000000000 -0.000000000000  0.000000000000 -0.000000000000  0.000000000000  0.000000000000
  0.342391304348  0.000000000000 -0.000000000000 -0.000000000000 -0.000000000000  0.000000000000 -0.000000000000  0.000000000000 -0.000000000000  0.000000000000 -0.000000000000  0.000000000000  0.000000000000
  0.345108695652 -0.000000000000  0.000000000000 -0.000000000000 -0.000000000000  0.000000000000 -0.000000000000  0.000000000000  0.000000000000 -0.000000000000  0.000000000000  0.000000000000  0.000000000000
  0.347826086957  0.000000000000  0.000000000000 -0.000000000000  0.000000000000  0.000000000000  0.000000000000  0.000000000000  0.000000000000  0.000000000000  0.000000000000  0.000000000000 -0.000000000000
  0.350543478261 -0.000000000000 -0.000000000000 -0.000000000000 -0.000000000000  0.000000000000  0.000000000000  0.000000000000 -0.000000000000 -0.000000000000  0.000000000000  0.000000000000  0.000000000000
  0.353260869565  0.000000000000  0.000000000000  0.000000000000 -0.000000000000  0.000000000000 -0.000000000000  0.000000000000 -0.000000000000  0.000000000000 -0.000000000000  0.000000000000  0.000000000000
  0.355978260870  0.000000000000  0.000000000000 -0.000000000000  0.000000000000  0.000000000000  0.000000000000 -0.000000000000  0.000000000000 -0.000000000000  0.000000000000  0.000000000000 -0.000000000000
  0.358695652174  0.000000000000 -0.000000000000 -0.000000000000 -0.000000000000  0.000000000000 -0.000000000000  0.000000000000 -0.000000000000  0.000000000000  0.000000000000  0.000000000000  0.000000000000
  0.361413043478  0.000000000000 -0.000000000000  0.000000000000 -0.000000000000  0.000000000000 -0.000000000000  0.000000000000 -0.000000000000 -0.000000000000 -0.000000000000  0.000000000000  0.000000000000
  0.364130434783  0.000000000000  0.000000000000  0.000000000000 -0.000000000000  0.000000000000 -0.000000000000  0.000000000000  0.000000000000  0.000000000000 -0.000000000000  0.000000000000  0.000000000000
  0.366847826087  0.000000000000 -0.000000000000 -0.000000000000  0.000000000000  0.000000000000  0.000000000000 -0.000000000000 -0.000000000000 -0.000000000000 -0.000000000000  0.000000000000 -0.000000000000
  0.369565217391 -0.000000000000 -0.000000000000  0.000000000000 -0.000000000000  0.000000000000 -0.000000000000  0.000000000000 -0.000000000000  0.000000000000 -0.000000000000  0.000000000000  0.000000000000
  0.372282608696  0.000000000000  0.000000000000  0.000000000000 -0.000000000000  0.000000000000 -0.000000000000 -0.000000000000  0.000000000000 -0.000000000000 -0.000000000000  0.000000000000  0.000000000000
  0.375000000000 -0.000000000000  0.000000000000 -0.000000000000 -0.000000000000  0.000000000000  0.000000000000  0.000000000000 -0.000000000000 -0.000000000000  0.000000000000  0.000000000000  0.000000000000
  0.377717391304 -0.000000000000 -0.000000000000  0.000000000000 -0.000000000000  0.000000000000 -0.000000000000  0.000000000000 -0.000000000000  0.000000000000 -0.000000000000  0.000000000000 -0.000000000000
  0.380434782609  0.000000000000 -0.000000000000  0.000000000000 -0.000000000000  0.000000000000  0.000000000000  0.000000000000  0.000000000000  0.000000000000  0.000000000000  0.000000000000  0.000000000000
  0.383152173913  0.000000000000  0.000000000000  0.000000000000 -0.000000000000  0.000000000000 -0.000000000000 -0.000000000000  0.000000000000 -0.000000000000 -0.000000000000  0.000000000000  0.000000000000
  0.385869565217  0.000000000000 -0.000000000000 -0.000000000000  0.000000000000  0.000000000000  0.000000000000  0.000000000000 -0.000000000000 -0.000000000000  0.000000000000  0.000000000000 -0.000000000000
  0.388586956522  0.000000000000 -0.000000000000  0.000000000000 -0.000000000000  0.000000000000 -0.000000000000  0.000000000000 -0.000000000000  0.000000000000 -0.000000000000  0.000000000000 -0.000000000000
  0.391304347826  0.000000000000  0.000000000000  0.000000000000  0.000000000000  0.000000000000 -0.000000000000 -0.000000000000  0.000000000000  0.000000000000 -0.000000000000  0.000000000000 -0.000000000000
  0.394021739130  0.000000000000 -0.000000000000 -0.000000000000  0.000000000000  0.000000000000  0.000000000000  0.000000000000 -0.000000000000 -0.000000000000 -0.000000000000  0.000000000000 -0.000000000000
  0.396739130435  0.000000000000 -0.000000000000  0.000000000000 -0.000000000000  0.000000000000 -0.000000000000 -0.000000000000 -0.000000000000  0.000000000000 -0.000000000000  0.000000000000 -0.000000000000
  0.399456521739  0.000000000000  0.000000000000 -0.000000000000  0.000000000000  0.000000000001 -0.000000000000 -0.000000000000  0.000000000000 -0.000000000000 -0.000000000000  0.000000000001 -0.000000000000
  0.402173913043 -0.000000000000  0.000000000001 -0.000000000000  0.000000000000  0.000000000004  0.000000000000  0.000000000000  0.000000000000  0.000000000001  0.000000000000  0.000000000004 -0.000000000000
  0.404891304348  0.000000000000 -0.000000000001  0.000000000006  0.000000000000  0.000000000027  0.000000000000 -0.000000000000 -0.000000000006 -0.000000000001 -0.000000000000  0.000000000027 -0.000000000000
  0.407608695652 -0.000000000000 -0.000000000031 -0.000000000027 -0.000000000000  0.000000000152 -0.000000000000 -0.000000000000  0.000000000023 -0.000000000034 -0.000000000000  0.000000000152  0.000000000000
  0.410326086957 -0.000000000001  0.000000000208 -0.000000000113 -0.000000000000  0.000000000775  0.000000000000  0.000000000004  0.000000000102  0.000000000241  0.000000000000  0.000000000775  0.000000000000
  0.413043478261  0.000000000027  0.000000000023  0.000000001445  0.000000000001  0.000000003596  0.000000000000 -0.000000000004 -0.000000001258 -0.000000000006 -0.000000000000  0.000000003596 -0.000000000001
  0.415760869565 -0.000000000082 -0.000000005726 -0.000000002942 -0.000000000003  0.000000015329 -0.000000000007 -0.000000000128  0.000000002436 -0.000000006512 -0.000000000006  0.000000015329  0.000000000000
  0.418478260870 -0.000000000439  0.000000020303 -0.000000021965 -0.000000000023  0.000000060371  0.000000000015  0.000000000638  0.000000019580  0.000000023801  0.000000000025  0.000000060371  0.000000000031
  0.421195652174  0.000000003509  0.000000044162  0.000000126712  0.000000000149  0.000000220760  0.000000000106  0.000000000789 -0.000000109436  0.000000047954  0.000000000056  0.000000220760 -0.000000000119
  0.423913043478 -0.000000002207 -0.000000458039 -0.000000002904 -0.000000000004  0.000000752530 -0.000000000635 -0.000000015169 -0.000000007354 -0.000000525874 -0.000000000678  0.000000752530 -0.000000000239
  0.426630434783 -0.000000053119  0.000000547123 -0.000001781613 -0.000000002494  0.000002399280 -0.000000000021  0.000000028688  0.000001564314  0.000000666317  0.000000000930  0.000002399280  0.000000002662
  0.429347826087  0.000000163235  0.000004376803  0.000004127055  0.000000006210  0.000007172906  0.000000009180  0.000000148624 -0.000003504154  0.000004936489  0.000000007455  0.000007172906 -0.000000003142
  0.432065217391  0.000000303017 -0.000014978499  0.000010652002  0.000000017268  0.000020151896 -0.000000020074 -0.000000688827 -0.000009600592 -0.000017416089 -0.000000028084  0.000020151896 -0.000000026152
  0.434782608696 -0.000002386747 -0.000013459789 -0.000059216877 -0.000000101804  0.000053290821 -0.000000059434 -0.000000244913  0.000051345520 -0.000014208053 -0.000000024738  0.000053290821  0.000000086276
  0.437500000000  0.000001415655  0.000149020481  0.000011390499  0.000000019730  0.000132810485  0.000000298117  0.000007031821 -0.000006846323  0.000170749393  0.000000311586  0.000132810485  0.000000092746
  0.440217391304  0.000017790788 -0.000130979831  0.000424922515  0.000000820003  0.000312218180  0.000000009258 -0.000009465028 -0.000373258577 -0.000159001905 -0.000000303291  0.000312218180 -0.000000874245
  0.442934782609 -0.000037067703 -0.000806977906 -0.000677984842 -0.000001367393  0.000692614837 -0.000002220876 -0.000038287034  0.000574916891 -0.000911785150 -0.000001855084  0.000692614837  0.000000615474
  0.445652173913 -0.000067237516  0.001824681066 -0.001648639989 -0.000003528946  0.001450111935  0.000002952395  0.000114532708  0.001475095120  0.002125943036  0.000004508310  0.001450111935  0.000004905271
  0.448369565217  0.000300975968  0.002128804436  0.005556683750  0.000012347125  0.002864199332  0.000009306642  0.000083028061 -0.004805669303  0.002329349108  0.000005246396  0.002864199332 -0.000009662431
  0.451086956522  0.000011189910 -0.010991623789  0.001819284248  0.000004378321  0.005332507561 -0.000025848642 -0.000692524439 -0.001806196134 -0.012636955728 -0.000029342271  0.005332507561 -0.000014559749
  0.453804347826 -0.001412428516  0.001848244707 -0.025455285076 -0.000061621254  0.009344767127 -0.000016373784  0.000328436160  0.022255043785  0.002621373031  0.000006008829  0.009344767127  0.000059709163
  0.456521739130  0.001284505158  0.040170061962  0.016174058911  0.000040007346  0.015378976474  0.000121845962  0.002560016467 -0.013334169917  0.045715091489  0.000115150496  0.015378976474  0.000003712935
  0.459239130435  0.004100217031 -0.039609529119  0.073081107158  0.000191236675  0.023694827439 -0.000044689351 -0.003409377830 -0.064583791015 -0.046801890298 -0.000120881336  0.023694827439 -0.000221780579
  0.461956521739 -0.007403318184 -0.091627855925 -0.104152684733 -0.000279361043  0.034016400547 -0.000360810086 -0.005702241008  0.089200337596 -0.102942114601 -0.000279530797  0.034016400547  0.000161233187
  0.464673913043 -0.006598193598  0.169279101808 -0.124620432956 -0.000351057358  0.045196963891  0.000383953967  0.013891607489  0.112106589128  0.196240202978  0.000545094642  0.045196963891  0.000522445010
  0.467391304348  0.023023163093  0.111893913629  0.323776493078  0.000929497981  0.055001916941  0.000665251304  0.005601679083 -0.280793014557  0.121940166058  0.000357102524  0.055001916941 -0.000740897707
  0.470108695652  0.001447955029 -0.412952796561  0.078115567965  0.000241287342  0.060279532726 -0.001225908969 -0.033985569473 -0.076071099422 -0.474127807173 -0.001404447880  0.060279532726 -0.000726526414
  0.472826086957 -0.044731045918  0.002735950703 -0.618284347422 -0.001887061439  0.057714016376 -0.000643782586  0.006472949562  0.540611147041  0.014755808586  0.000031621654  0.057714016376  0.001774132122
  0.475543478261  0.017205632957  0.627972225739  0.144380291762  0.000436215955  0.045269998003  0.002255241734  0.052241526220 -0.114550110092  0.715610964520  0.002247535171  0.045269998003  0.000394440649
  0.478260869565  0.053572362418 -0.226274592044  0.727723189756  0.002349146265  0.024747153428  0.000036321031 -0.027633748401 -0.640881775909 -0.272276810244 -0.000858379570  0.024747153428 -0.002500796762
  0.480978260870 -0.032932113119 -0.563953328205 -0.340277769443 -0.001105825505  0.016982206924 -0.002370386287 -0.047396029494  0.287417092164 -0.638239652957 -0.002115034595  0.016982206924  0.000278370680
  0.483695652174 -0.035273711027  0.249618418665 -0.467618291418 -0.001588233795  0.037965566329  0.000347626668  0.028374954267  0.414138861340  0.293686101961  0.000978749015  0.037965566329  0.001832918962
  0.486413043478  0.012126640203  0.239543225137  0.113262449614  0.000382792117  0.052293140457  0.001015492957  0.021572348045 -0.095145722131  0.271314448089  0.000940837677  0.052293140457 -0.000021895054
  0.489130434783  0.011481267693  0.141652469374  0.115583993738  0.000402293926  0.049675637092  0.000675469825  0.012513026979 -0.098750216932  0.160278680298  0.000569407406  0.049675637092 -0.000172643309
  0.491847826087  0.037150680351 -0.028218903960  0.429899715530  0.001548069542  0.030563520326  0.000432273939 -0.007823757162 -0.376583898296 -0.040281773240 -0.000128554980  0.030563520326 -0.001492040526
  0.494565217391 -0.008670985758 -0.509218956313 -0.031366196251 -0.000089918232  0.018336483362 -0.002021756089 -0.051569240297  0.017677386065 -0.581163306465 -0.002129866795  0.018336483362 -0.000675958701
  0.497282608696 -0.049039169286  0.013881408954 -0.541425893993 -0.002016439932  0.040064868348 -0.000652292409  0.007926461776  0.474797295945  0.026493349179  0.000071928522  0.040064868348  0.001909376423
  0.500000000000 -0.000562498961  0.284238835835 -0.042216309521 -0.000178015606  0.052473299293  0.001079794994  0.030558343699  0.042540492829  0.324930958933  0.001223871827  0.052473299293  0.000602988040
  0.502717391304  0.004866291316  0.168384293128  0.030614426512  0.000103789981  0.043764763842  0.000723951275  0.017678965776 -0.023508023531  0.192114174540  0.000735318925  0.043764763842  0.000165411104
  0.505434782609  0.036513996629  0.193234963524  0.362600740445  0.001377312903  0.021145621834  0.001281651191  0.016490049301 -0.312892408156  0.212167648451  0.000845891050  0.021145621834 -0.000984831319
  0.508152173913  0.026053502276 -0.381717416345  0.318150571543  0.001272811814  0.026861735947 -0.001116689546 -0.045548459445 -0.288869482673 -0.443915571322 -0.001681525007  0.026861735947 -0.001789016690
  0.510869565217 -0.036283255107 -0.263372020318 -0.349934089884 -0.001311734181  0.047929858968 -0.001554288497 -0.024472023884  0.299749221329 -0.290518301318 -0.001162786561  0.047929858968  0.000810497636
  0.513586956522 -0.018635026582  0.069291238488 -0.204698361573 -0.000794277229  0.053901582103 -0.000009944770  0.009993653339  0.181276157437  0.085038246173  0.000292729849  0.053901582103  0.000846444435
  0.516304347826 -0.021883866521  0.118512579665 -0.247424459392 -0.000953352201  0.044386577969  0.000125381915  0.015577202708  0.221309081526  0.146042884806  0.000498350714  0.044386577969  0.001068416225
  0.519021739130  0.017227696291  0.448785557257  0.150677880682  0.000423347778  0.027625250096  0.001889798608  0.044726701881 -0.110580106070  0.505091737499  0.001861257548  0.027625250096  0.000268633999
  0.521739130435  0.049989034450 -0.139505320151  0.592530713771  0.002083751831  0.012606376614  0.000289645732 -0.020161274465 -0.529079260985 -0.192652891456 -0.000485837551  0.012606376614 -0.002119944615
  0.524456521739 -0.019867876714 -0.460709275521 -0.219337748164 -0.000512758205  0.003784874846 -0.001753519637 -0.039691759582  0.162373110555 -0.510612341720 -0.001681225774  0.003784874846 -0.000120871668
  0.527173913043 -0.023151641377  0.150658848004 -0.338191278591 -0.001009685643  0.000509085937  0.000028773137  0.015071693482  0.310429443498  0.198877999757  0.000416451418  0.000509085937  0.001091819119
  0.529891304348  0.008302728977  0.160159699558  0.139552676898  0.000243525773  0.000056099111  0.000492803040  0.009486064668 -0.107969134439  0.169518591688  0.000434511449  0.000056099111 -0.000072458025
  0.532608695652  0.002346833913 -0.058068629362  0.059502383629  0.000117480640  0.000030931300 -0.000044619458 -0.002969452506 -0.059404963620 -0.073339382859 -0.000092635294  0.000030931300 -0.000142800919
  0.535326086957 -0.000469011141 -0.013029042256 -0.026617263338 -0.000015874544  0.000069281068 -0.000017269520 -0.000197982425  0.021822864469 -0.011281568334 -0.000012423044  0.000069281068  0.000010396963
  0.538043478261 -0.000003540304  0.004604414444  0.000532586063  0.000000600267  0.000037216482 -0.000001824573 -0.000055987288  0.000102296544  0.005260287529 -0.000002182407  0.000037216482 -0.000001339461
  0.540760869565  0.000017783388 -0.000496435545 -0.000126851986 -0.000000175408  0.000116549142  0.000000051359  0.000025308031  0.000354937123  0.000091441569  0.000000121975  0.000116549142  0.000000207384
  0.543478260870  0.000069028565  0.000086748620  0.000234439516 -0.000000652465  0.000126662967  0.000001914353 -0.000005909619  0.000662283736 -0.000341491323  0.000002298450  0.000126662967  0.000001429629
  0.546195652174 -0.000037011827  0.000020670416 -0.000042166922  0.000000264612  0.000178412549  0.000004502047 -0.000003897586 -0.000357090755 -0.001110511608  0.000004718198  0.000178412549  0.000001436307
  0.548913043478 -0.000116436405  0.000031415370  0.000078940893 -0.000000430093  0.000124650416 -0.000000173650 -0.000005125045 -0.000593165021 -0.000341784614 -0.000000021611  0.000124650416  0.000000394072
  0.551630434783 -0.000125706787  0.000054730820 -0.000028329596  0.000000541894  0.000150928988  0.000000313995 -0.000015534182 -0.000503428665 -0.000306300336  0.000000129143  0.000150928988 -0.000000460145
  0.554347826087 -0.000178384003  0.000010147289  0.000009840865 -0.000000040200  0.000065450964 -0.000003980607 -0.000003191408 -0.000545981496  0.000087749916 -0.000004245730  0.000065450964 -0.000001477366
  0.557065217391 -0.000123588239  0.000039852007 -0.000033753897  0.000000682677  0.000079907523 -0.000003507707 -0.000016238023 -0.000316159286  0.000159215210 -0.000004015614  0.000079907523 -0.000002070553
  0.559782608696 -0.000150919154 -0.000006232526 -0.000017169200  0.000000208403  0.000020068842 -0.000006356948  0.000001722907 -0.000328122241  0.000344116636 -0.000006884465  0.000020068842 -0.000002651132
  0.562500000000 -0.000064293586  0.000023305975 -0.000036037015  0.000000690509  0.000014908132 -0.000005625424 -0.000012254120 -0.000104844709  0.000372724614 -0.000006285538  0.000014908132 -0.000002887801
  0.565217391304 -0.000079510609 -0.000019107708 -0.000025569870  0.000000322182  0.000102773144 -0.000007158197  0.000007954581 -0.000120722627  0.000442181316 -0.000007785629  0.000102773144 -0.000003078967
  0.567934782609  0.000018891662  0.000010181317 -0.000032497011  0.000000601696  0.000086256819 -0.000006261556 -0.000006772263  0.000079298184  0.000429455975 -0.000006932571  0.000086256819 -0.000003035703
  0.570652173913  0.000005182626 -0.000028983939 -0.000025135787  0.000000340609  0.000172984332 -0.000006724032  0.000013978297  0.000051697072  0.000428616454 -0.000007327911  0.000172984332 -0.000002932863
  0.573369565217  0.000102762966  0.000000448636 -0.000024542859  0.000000447364  0.000148161931 -0.000005792752 -0.000001446324  0.000228038229  0.000392351357 -0.000006371787  0.000148161931 -0.000002691436
  0.576086956522  0.000084185765 -0.000035904869 -0.000020643798  0.000000295953  0.000221372902 -0.000005390635  0.000018788183  0.000185988315  0.000346059579 -0.000005883505  0.000221372902 -0.000002375767
  0.578804347826  0.000172960006 -0.000006279542 -0.000014043587  0.000000251716  0.000187755491 -0.000004542241  0.000002900968  0.000337826598  0.000302770467 -0.000004958436  0.000187755491 -0.000002004368
  0.581521739130  0.000146545453 -0.000039707752 -0.000014492538  0.000000212477  0.000243767648 -0.000003446750  0.000021826312  0.000280248398  0.000224945444 -0.000003770768  0.000243767648 -0.000001543939
  0.584239130435  0.000221294369 -0.000010249048 -0.000002447171  0.000000035496  0.000202274280 -0.000002787425  0.000005896093  0.000405195694  0.000186238963 -0.000002997388  0.000202274280 -0.000001102658
  0.586956521739  0.000186360887 -0.000040245276 -0.000007923628  0.000000109865  0.000239068016 -0.000001157868  0.000022841723  0.000332466019  0.000085701387 -0.000001281416  0.000239068016 -0.000000559856
  0.589673913043  0.000243654881 -0.000011648270  0.000009148479 -0.000000181892  0.000191802710 -0.000000785501  0.000007413854  0.000427745585  0.000059588935 -0.000000771375  0.000191802710 -0.000000105315
  0.592391304348  0.000201096091 -0.000037529938 -0.000001705516  0.000000005218  0.000208782294  0.000001218905  0.000021800147  0.000341955117 -0.000056343990  0.000001302798  0.000208782294  0.000000459977
  0.595108695652  0.000238950593 -0.000010727417  0.000019819149 -0.000000382113  0.000158833603  0.000001218165  0.000007492015  0.000405594004 -0.000063957421  0.000001449947  0.000158833603  0.000000874317
  0.597826086957  0.000190874858 -0.000031808054  0.000003565934 -0.000000086589  0.000156765670  0.000003437781  0.000018843255  0.000310673781 -0.000187993678  0.000003713084  0.000156765670  0.000001405756
  0.600543478261  0.000208687226 -0.000007869736  0.000028751003 -0.000000548750  0.000107976256  0.000002997372  0.000006299852  0.000342285896 -0.000172735920  0.000003418165  0.000107976256  0.000001732266
  0.603260869565  0.000158191565 -0.000023575679  0.000007393836 -0.000000153442  0.000088866274  0.000005278504  0.000014266825  0.000243877297 -0.000297478729  0.000005709040  0.000088866274  0.000002180386
  0.605978260870  0.000156711526 -0.000003609384  0.000035266384 -0.000000668551  0.000045539176  0.000004360381  0.000004119842  0.000244997774 -0.000256591384  0.000004922972  0.000045539176  0.000002381112
  0.608695652174  0.000107641454 -0.000013548725  0.000009406100 -0.000000186825  0.000012508605  0.000006564363  0.000008496431  0.000150065104 -0.000375020435  0.000007098253  0.000012508605  0.000002707256
  0.611413043478  0.000088856416  0.000001394400  0.000038882033 -0.000000732601  0.000021405530  0.000005166447  0.000001323633  0.000124095714 -0.000307682168  0.000005810298  0.000021405530  0.000002757553
  0.614130434783  0.000045492904 -0.000002599818  0.000009405747 -0.000000182524  0.000064809300  0.000007178442  0.000002052352  0.000040330745 -0.000413780723  0.000007753958  0.000064809300  0.000002937201
  0.616847826087  0.000012397609  0.000006413789  0.000039361833 -0.000000737113  0.000084654311  0.000005338917 -0.000001662671 -0.000007811885 -0.000321394312  0.000005996644  0.000084654311  0.000002828258
  0.619565217391 -0.000020928008  0.000008325544  0.000007409308 -0.000000140979  0.000134547001  0.000007074510 -0.000004496131 -0.000072718904 -0.000410677064  0.000007626834  0.000134547001  0.000002853032
  0.622282608696 -0.000064659648  0.000010726058  0.000036745454 -0.000000683716  0.000137459926  0.000004872106 -0.000004401740 -0.000137150225 -0.000296973244  0.000005476546  0.000137459926  0.000002592799
  0.625000000000 -0.000083990224  0.000018301320  0.000003658648 -0.000000067157  0.000189913510  0.000006280606 -0.000010582751 -0.000176286748 -0.000366803253  0.000006748795  0.000189913510  0.000002470775
  0.627717391304 -0.000134390307  0.000013691727  0.000031346286 -0.000000579179  0.000173850649  0.000003830633 -0.000006491605 -0.000250794454 -0.000237702696  0.000004321762  0.000173850649  0.000002083104
  0.630434782609 -0.000136560777  0.000026510348 -0.000001397049  0.000000030052  0.000225474343  0.000004894725 -0.000015696673 -0.000258760849 -0.000287362211  0.000005228134  0.000225474343  0.000001837378
  0.633152173913 -0.000189760992  0.000014825847  0.000023719147 -0.000000434629  0.000189812827  0.000002341169 -0.000007609684 -0.000337443416 -0.000150593544  0.000002672138  0.000189812827  0.000001359466
  0.635869565217 -0.000172761533  0.000032320968 -0.000007146192  0.000000138851  0.000237961253  0.000003073110 -0.000019429386 -0.000310965794 -0.000181119508  0.000003236610  0.000237961253  0.000001025144
  0.638586956522 -0.000225347944  0.000013853232  0.000014602497 -0.000000264344  0.000183635433  0.000000577573 -0.000007548743 -0.000388787579 -0.000045628802  0.000000719236  0.000183635433  0.000000503575
  0.641304347826 -0.000188590006  0.000035342994 -0.000012880219  0.000000245875  0.000226574258  0.000001012578 -0.000021510905 -0.000327141201 -0.000059453467  0.000000990014  0.000226574258  0.000000123557
  0.644021739130 -0.000237879411  0.000010740974  0.000004842534 -0.000000084273  0.000156073604 -0.000001258850 -0.000006240477 -0.000400340600  0.000065334086 -0.000001315362  0.000156073604 -0.000000390608
  0.646739130435 -0.000182333087  0.000035457734 -0.000017871146  0.000000337669  0.000193026968 -0.000001071079 -0.000021831570 -0.000305537494  0.000064877713 -0.000001275522  0.000193026968 -0.000000770562
  0.649456521739 -0.000226542992  0.000005704573 -0.000004691959  0.000000089562  0.000110266308 -0.000002961704 -0.000003763979 -0.000371847191  0.000169867609 -0.000003204597  0.000110266308 -0.000001227100
  0.652173913043 -0.000154728387  0.000032819750 -0.000021451984  0.000000402180  0.000141341376 -0.000002966184 -0.000020447394 -0.000248566607  0.000179104961 -0.000003328798  0.000141341376 -0.000001563457
  0.654891304348 -0.000193026671 -0.000000812921 -0.000013194615  0.000000242613  0.000051594239 -0.000004341964 -0.000000338180 -0.000307229895  0.000256331814 -0.000004740570  0.000051594239 -0.000001918128
  0.657608695652 -0.000108857692  0.000027831025 -0.000023090872  0.000000430072  0.000077521963 -0.000004487205 -0.000017568766 -0.000162496997  0.000271797452 -0.000004967645  0.000077521963 -0.000002174270
  0.660326086957 -0.000141292916 -0.000008186323 -0.000019997433  0.000000363139  0.000018247342 -0.000005248105  0.000003700871 -0.000214089293  0.000315131519 -0.000005756594  0.000018247342 -0.000002393248
  0.663043478261 -0.000049787479  0.000021091099 -0.000022450798  0.000000415745  0.000014036339 -0.000005493422 -0.000013534120 -0.000056733351  0.000334043411 -0.000006039289  0.000014036339 -0.000002543260
  0.665760869565 -0.000077114755 -0.000015673223 -0.000024630033  0.000000443203  0.000081411689 -0.000005581775  0.000007935327 -0.000102820873  0.000339735243 -0.000006144354  0.000081411689 -0.000002606399
  0.668478260870  0.000016000730  0.000013329103 -0.000019428559  0.000000357956  0.000062302024 -0.000005902294 -0.000008771667  0.000057233624  0.000360337141 -0.000006454898  0.000062302024 -0.000002637567
  0.671195652174 -0.000007428330 -0.000022491326 -0.000026856655  0.000000479243  0.000139087703 -0.000005307408  0.000011909607  0.000014547803  0.000327348039 -0.000005864421  0.000139087703 -0.000002540183
  0.673913043478  0.000081325115  0.000005325323 -0.000014168985  0.000000259969  0.000120735722 -0.000005696271 -0.000003753494  0.000167087503  0.000349082557 -0.000006196932  0.000120735722 -0.000002453985
  0.676630434783  0.000060424799 -0.000027899949 -0.000026687850  0.000000472174  0.000183089632 -0.000004454922  0.000015178468  0.000125668051  0.000279171127 -0.000004949168  0.000183089632 -0.000002207008
  0.679347826087  0.000139083716 -0.000002169242 -0.000007053214  0.000000129245  0.000164887828 -0.000004922522  0.000001053020  0.000261016315  0.000302667751 -0.000005318733  0.000164887828 -0.000002018516
  0.682065217391  0.000119482022 -0.000031277107 -0.000024366566  0.000000427037  0.000208528270 -0.000003115359  0.000017353994  0.000219184685  0.000200228088 -0.000003497978  0.000208528270 -0.000001647042
  0.684782608696  0.000183014878 -0.000008506951  0.000001337478 -0.000000023301  0.000190275226 -0.000003685821  0.000005231419  0.000328967943  0.000227113015 -0.000003936628  0.000190275226 -0.000001382862
  0.687500000000  0.000163886230 -0.000032184254 -0.000020331023  0.000000352239  0.000212597721 -0.000001430136  0.000018146615  0.000285913243  0.000098785037 -0.000001665443  0.000212597721 -0.000000923300
  0.690217391304  0.000208356778 -0.000013203777  0.000010278204 -0.000000184386  0.000194781074 -0.000002135577  0.000008455325  0.000363697633  0.000131340744 -0.000002215625  0.000194781074 -0.000000618309
  0.692934782609  0.000189478340 -0.000030412213 -0.000015159045  0.000000258490  0.000194776641  0.000000424789  0.000017395989  0.000319757430 -0.000014564747  0.000000355990  0.000194776641 -0.000000114454
  0.695652173913  0.000212337440 -0.000015980028  0.000018971264 -0.000000339668  0.000178600483 -0.000000448559  0.000010516770  0.000361500396  0.000026154541 -0.000000350428  0.000178600483  0.000000192274
  0.698369565217  0.000194195773 -0.000026003944 -0.000009500231  0.000000157560  0.000156846647  0.000002258027  0.000015088687  0.000318275904 -0.000128047615  0.000002356949  0.000156846647  0.000000693794
  0.701086956522  0.000194446184 -0.000016778034  0.000026623873 -0.000000475156  0.000144137219  0.000001190695  0.000011341137  0.000322557946 -0.000076957841  0.000001456080  0.000144137219  0.000000963424
  0.703804347826  0.000178238771 -0.000019252323 -0.000004003154  0.000000060985  0.000102686985  0.000003883037  0.000011361033  0.000282847796 -0.000229963652  0.000004133346  0.000102686985  0.000001417850
  0.706521739130  0.000156461316 -0.000015755761  0.000032525058 -0.000000578555  0.000095710339  0.000002609672  0.000010987585  0.000250873134 -0.000167070880  0.000003014532  0.000095710339  0.000001616089
  0.709239130435  0.000143991172 -0.000010673767  0.000000755274 -0.000000021143  0.000038009445  0.000005137461  0.000006486940  0.000218430381 -0.000309919979  0.000005507527  0.000038009445  0.000001984893
  0.711956521739  0.000102233943 -0.000013257715  0.000036114586 -0.000000640444  0.000039321098  0.000003665796  0.000009635242  0.000153809199 -0.000234994704  0.000004168710  0.000039321098  0.000002085726
  0.714673913043  0.000095706547 -0.000000960996  0.000004332174 -0.000000081165  0.000032385414  0.000005899546  0.000000851989  0.000132944298 -0.000359928430  0.000006346235  0.000032385414  0.000002340224
  0.717391304348  0.000037250693 -0.000009766503  0.000037038290 -0.000000655164  0.000022631990  0.000004260680  0.000007556707  0.000041290613 -0.000274274505  0.000004811132  0.000022631990  0.000002328700
  0.720108695652  0.000038991063  0.000009079837  0.000006468548 -0.000000114553  0.000098730536  0.000006100111 -0.000005083868  0.000036355654 -0.000375281702  0.000006573685  0.000098730536  0.000002452570
  0.722826086957 -0.000031984297 -0.000005839701  0.000035186538 -0.000000621354  0.000076379062  0.000004349385  0.000005081315 -0.000075249147 -0.000281949122  0.000004893174  0.000076379062  0.000002326389
  0.725543478261 -0.000019871504  0.000018601379  0.000007124370 -0.000000120236  0.000156670906  0.000005729023 -0.000010831911 -0.000060455431 -0.000355161347  0.000006178620  0.000156670906  0.000002316916
  0.728260869565 -0.000098697572 -0.000002037044  0.000030715334 -0.000000542099  0.000121895644  0.000003943887  0.000002551084 -0.000184075886 -0.000259039135  0.000004428833  0.000121895644  0.000002086669
  0.730978260870 -0.000074700376  0.000026790677  0.000006497844 -0.000000100531  0.000201089117  0.000004835703 -0.000015925293 -0.000146948231 -0.000302967263  0.000005214829  0.000201089117  0.000001954618
  0.733695652174 -0.000156670669  0.000001157390  0.000024052015 -0.000000424695  0.000154690328  0.000003110445  0.000000272494 -0.000274431788 -0.000210751872  0.000003491823  0.000154690328  0.000001642658
  0.736413043478 -0.000120248422  0.000032944375  0.000005025176 -0.000000060671  0.000229314522  0.000003523629 -0.000019971608 -0.000214220289 -0.000226362985  0.000003795081  0.000229314522  0.000001410801
  0.739130434783 -0.000201083279  0.000003413274  0.000015887944 -0.000000280048  0.000173597427  0.000001960937 -0.000001532223 -0.000337824159 -0.000146341004  0.000002206072  0.000173597427  0.000001048763
  0.741847826087 -0.000153015080  0.000036544410  0.000003346221 -0.000000007943  0.000241466397  0.000001939007 -0.000022704246 -0.000256291317 -0.000136950957  0.000002078665  0.000241466397  0.000000749109
  0.744565217391 -0.000229297811  0.000004623675  0.000007155983 -0.000000121725  0.000180266290  0.000000638342 -0.000002768326 -0.000369298475 -0.000078370457  0.000000729813  0.000180266290  0.000000374117
  0.747282608696 -0.000171926507  0.000037341402  0.000002197843  0.000000049533  0.000240536633  0.000000253711 -0.000024027960 -0.000271273619 -0.000049259835  0.000000252668  0.000240536633  0.000000043881
  0.750000000000 -0.000241441116  0.000004943177 -0.000001024682  0.000000035392  0.000178692111 -0.000000703221 -0.000003494091 -0.000368624858 -0.000020780072 -0.000000766289  0.000178692111 -0.000000306483
  0.752717391304 -0.000178654889  0.000035453113  0.000002174474  0.000000104249  0.000231598719 -0.000001357372 -0.000024049242 -0.000262130037  0.000021635633 -0.000001492832  0.000231598719 -0.000000630044
  0.755434782609 -0.000240504919  0.000004745575 -0.000007486697  0.000000176930  0.000173703577 -0.000001922302 -0.000003905898 -0.000341057672  0.000015054508 -0.000002125329  0.000173703577 -0.000000923623
  0.758152173913 -0.000177196291  0.000031454933  0.000003347322  0.000000150618  0.000219912377 -0.000002742950 -0.000023072601 -0.000236313327  0.000064597806 -0.000002993750  0.000219912377 -0.000001208905
  0.760869565217 -0.000231559604  0.000004451471 -0.000011325469  0.000000291289  0.000168688369 -0.000002912766 -0.000004256333 -0.000296765823  0.000026018070 -0.000003229261  0.000168688369 -0.000001424349
  0.763586956522 -0.000172363612  0.000026353555  0.000004976268  0.000000185516  0.000208595818 -0.000003799924 -0.000021534109 -0.000203455234  0.000078299788 -0.000004138528  0.000208595818 -0.000001649974
  0.766304347826 -0.000219861880  0.000004286635 -0.000012399930  0.000000371810  0.000164051353 -0.000003616238 -0.000004712449 -0.000247865553  0.000021025543 -0.000004013055  0.000164051353 -0.000001779235
  0.769021739130 -0.000167515661  0.000021288899  0.000005811203  0.000000207648  0.000197661842 -0.000004485588 -0.000019856212 -0.000171591720  0.000073992921 -0.000004880959  0.000197661842 -0.000001935556
  0.771739130435 -0.000208529909  0.000004199670 -0.000011630047  0.000000417704  0.000158004170 -0.000004019190 -0.000005243324 -0.000203783442  0.000016508116 -0.000004461929  0.000158004170 -0.000001982271
  0.774456521739 -0.000163029566  0.000017053806  0.000005051980  0.000000216657  0.000185539273 -0.000004812488 -0.000018281327 -0.000144611986  0.000068715015 -0.000005234334  0.000185539273 -0.000002070059
  0.777173913043 -0.000197580876  0.000004039557 -0.000010411309  0.000000433124  0.000148990701 -0.000004143516 -0.000005656933 -0.000168428316  0.000023607631 -0.000004600905  0.000148990701 -0.000002046265
  0.779891304348 -0.000157105460  0.000013862810  0.000003026616  0.000000213276  0.000171376923 -0.000004834994 -0.000016828322 -0.000122851807  0.000071726444 -0.000005257134  0.000171376923 -0.000002075037
  0.782608695652 -0.000185449496  0.000003742073 -0.000009532896  0.000000425250  0.000137111395 -0.000004040974 -0.000005771159 -0.000141314308  0.000039918082 -0.000004488130  0.000137111395 -0.000001998669
  0.785326086957 -0.000148190574  0.000011543252  0.000000768698  0.000000199988  0.000155707765 -0.000004634815 -0.000015420206 -0.000105223291  0.000079743112 -0.000005037775  0.000155707765 -0.000001984353
  0.788043478261 -0.000171287138  0.000003339536 -0.000008956181  0.000000402239  0.000123609269 -0.000003783710 -0.000005546712 -0.000120367351  0.000055762838 -0.000004203950  0.000123609269 -0.000001875775
  0.790760869565 -0.000136392712  0.000009829322 -0.000000918294  0.000000180530  0.000139659432 -0.000004300740 -0.000014020087 -0.000090613700  0.000085637329 -0.000004672728  0.000139659432 -0.000001835924
  0.793478260870 -0.000155625145  0.000002892494 -0.000008414614  0.000000371337  0.000109814469 -0.000003444343 -0.000005071741 -0.000103679963  0.000064866853 -0.000003828868  0.000109814469 -0.000001713073
  0.796195652174 -0.000122960215  0.000008509205 -0.000001839019  0.000000158513  0.000124185534 -0.000003907085 -0.000012650570 -0.000078252565  0.000086288427 -0.000004242926  0.000124185534 -0.000001661998
  0.798913043478 -0.000139587874  0.000002448727 -0.000007796352  0.000000337738  0.000096630084 -0.000003078502 -0.000004470165 -0.000089950401  0.000066862174 -0.000003424416  0.000096630084 -0.000001537374
  0.801630434783 -0.000109226197  0.000007446740 -0.000002168161  0.000000136493  0.000109837298 -0.000003503581 -0.000011351448 -0.000067652179  0.000082492005 -0.000003802581  0.000109837298 -0.000001484308
  0.804347826087 -0.000124126172  0.000002035773 -0.000007122012  0.000000304545  0.000084515912 -0.000002720309 -0.000003839304 -0.000078372533  0.000064082900 -0.000003028306  0.000084515912 -0.000001365029
  0.807065217391 -0.000096095443  0.000006561045 -0.000002147025  0.000000115893  0.000096839319 -0.000003117781 -0.000010150810 -0.000058494024  0.000076181055 -0.000003381728  0.000096839319 -0.000001314900
  0.809782608696 -0.000109789601  0.000001665975 -0.000006442641  0.000000273318  0.000073635015 -0.000002386984 -0.000003236578 -0.000068449574  0.000058880426 -0.000002659568  0.000073635015 -0.000001204289
  0.812500000000 -0.000084028874  0.000005804541 -0.000001954881  0.000000097331  0.000085220981 -0.000002762293 -0.000009060224 -0.000050553090  0.000068911784 -0.000002994103  0.000085220981 -0.000001159251
  0.815217391304 -0.000096801976  0.000001342622 -0.000005795069  0.000000244698  0.000063988376 -0.000002085287 -0.000002689073 -0.000059861042  0.000052806837 -0.000002325682  0.000063988376 -0.000001058418
  0.817934782609 -0.000073190397  0.000005148299 -0.000001697480  0.000000080964  0.000074914015 -0.000002441242 -0.000008079675 -0.000043657280  0.000061602691 -0.000002644179  0.000074914015 -0.000001019104
  0.820652173913 -0.000085192428  0.000001064281 -0.000005197384  0.000000218829  0.000055500493 -0.000001816395 -0.000002205870 -0.000052385298  0.000046704325 -0.000002027962  0.000055500493 -0.000000928023
  0.823369565217 -0.000063581672  0.000004573626 -0.000001429629  0.000000066716  0.000065809274 -0.000002154469 -0.000007203009 -0.000037666957  0.000054705309 -0.000002331758  0.000065809274 -0.000000894319
  0.826086956522 -0.000074892704  0.000000827341 -0.000004655307  0.000000195622  0.000048065974 -0.000001578828 -0.000001786789 -0.000045857670  0.000040969819 -0.000001764792  0.000048065974 -0.000000812441
  0.828804347826 -0.000055127751  0.000004067517 -0.000001176883  0.000000054416  0.000057785994 -0.000001899877 -0.000006421514 -0.000032464557  0.000048402234 -0.000002054529  0.000057785994 -0.000000783911
  0.831521739130 -0.000065793791  0.000000627401 -0.000004168126  0.000000174885  0.000041572728 -0.000001370014 -0.000001427430 -0.000040148290  0.000035759219 -0.000001533344  0.000041572728 -0.000000710486
  0.834239130435 -0.000047723712  0.000003620262 -0.000000949505  0.000000043858  0.000050725637 -0.000001674638 -0.000005725838 -0.000027949044  0.000042738800 -0.000001809386  0.000050725637 -0.000000686579
  0.836956521739 -0.000057775104  0.000000459967 -0.000003732289  0.000000156394  0.000035912652 -0.000001187055 -0.000001121806 -0.000035150268  0.000031108693 -0.000001330431  0.000035912652 -0.000000620811
  0.839673913043 -0.000041257863  0.000003224171 -0.000000750241  0.000000034837  0.000044517804 -0.000001475769 -0.000005106906 -0.000024032654  0.000037696227 -0.000001593059  0.000044517804 -0.000000600964
  0.842391304348 -0.000050718284  0.000000320785 -0.000003343254  0.000000139922  0.000030986043 -0.000001027090 -0.000000863627 -0.000030773161  0.000026999179 -0.000001152904  0.000030986043 -0.000000542080
  0.845108695652 -0.000035622446  0.000002872894 -0.000000578358  0.000000027161  0.000039062305 -0.000001300402 -0.000004556303 -0.000020638757  0.000033228922 -0.000001402403  0.000039062305 -0.000000525765
  0.847826086957 -0.000044513104  0.000000205981 -0.000002996344  0.000000125258  0.000026702996 -0.000000887450 -0.000000646881 -0.000026939155  0.000023388715 -0.000000997823  0.000026702996 -0.000000473046
  0.850543478261 -0.000030718062  0.000002561042 -0.000000431650  0.000000020653  0.000034269422 -0.000001145884 -0.000004066397 -0.000017700299  0.000029282509 -0.000001234512  0.000034269422 -0.000000459780
  0.853260869565 -0.000039059524  0.000000112104 -0.000002687123  0.000000112204  0.000022983402 -0.000000765706 -0.000000466071 -0.000023580656  0.000020228007 -0.000000862514  0.000022983402 -0.000000412572
  0.855978260870 -0.000026455067  0.000002283963 -0.000000307420  0.000000015159  0.000030059395 -0.000001009816 -0.000003630345 -0.000015158562  0.000025802144 -0.000001086759  0.000030059395 -0.000000401927
  0.858695652174 -0.000034267962  0.000000036112 -0.000002411522  0.000000100583  0.000019756360 -0.000000659685 -0.000000316282 -0.000020638633  0.000017467612 -0.000000744585  0.000019756360 -0.000000359638
  0.861413043478 -0.000022753591  0.000002037597 -0.000000202924  0.000000010539  0.000026361596 -0.000000890052 -0.000003242046 -0.000012962130  0.000022736093 -0.000000956791  0.000026361596 -0.000000351238
  0.864130434783 -0.000030058774 -0.000000024647 -0.000002165877  0.000000090239  0.000016959359 -0.000000567456 -0.000000193179 -0.000018061388  0.000015061045 -0.000000641907  0.000016959359 -0.000000313338
  0.866847826087 -0.000019542940  0.000001818385 -0.000000115577  0.000000006672  0.000023113630 -0.000000784681 -0.000002896076 -0.000011065998  0.000020037081 -0.000000842519  0.000023113630 -0.000000306852
  0.869565217391 -0.000026361433 -0.000000072479 -0.000001946910  0.000000081029  0.000014537416 -0.000000487310 -0.000000092964 -0.000015803576  0.000012965941 -0.000000552596  0.000014537416 -0.000000272867
  0.872282608696 -0.000016760790  0.000001623193 -0.000000043027  0.000000003453  0.000020260442 -0.000000692009 -0.000002587622 -0.000009430792  0.000017662591 -0.000000742088  0.000020260442 -0.000000268010
  0.875000000000 -0.000023113627 -0.000000109377 -0.000001751703  0.000000072829  0.000012442241 -0.000000417739 -0.000000012329 -0.000013825396  0.000011144302 -0.000000474991  0.000012442241 -0.000000237516
  0.877717391304 -0.000014352324  0.000001449254  0.000000016826  0.000000000787  0.000017753494 -0.000000610540 -0.000002312415 -0.000008022088  0.000015574719 -0.000000653860  0.000017753494 -0.000000234039
  0.880434782609 -0.000020260376 -0.000000137059 -0.000001577662  0.000000065526  0.000010631474 -0.000000357415  0.000000051599 -0.000012091909  0.000009562354 -0.000000407627  0.000010631474 -0.000000206659
  0.883152173913 -0.000012269403  0.000001294127  0.000000065837 -0.000000001407  0.000015550017 -0.000000538950 -0.000002066668 -0.000006809807  0.000013739834 -0.000000576388  0.000015550017 -0.000000204347
  0.885869565217 -0.000017753205 -0.000000157002 -0.000001422488  0.000000059024  0.000009067981 -0.000000305171  0.000000101306 -0.000010572433  0.000008190225 -0.000000349218  0.000009067981 -0.000000179743
  0.888586956522 -0.000010469801  0.000001155651  0.000000105635 -0.000000003199  0.000013612329 -0.000000476073 -0.000001847028 -0.000005767685  0.000012128182 -0.000000508396  0.000013612329 -0.000000178413
  0.891304347826 -0.000015549396 -0.000000170471 -0.000001284137  0.000000053233  0.000007719234 -0.000000259981  0.000000138939 -0.000009240030  0.000007001581 -0.000000298632  0.000007719234 -0.000000156284
  0.894021739130 -0.000008916505  0.000001031918  0.000000137648 -0.000000004651  0.000011907237 -0.000000420881 -0.000001650517 -0.000004872799  0.000010713495 -0.000000448760  0.000011907237 -0.000000155777
  0.896739130435 -0.000013611313 -0.000000178546 -0.000001160799  0.000000048077  0.000006556757 -0.000000220946  0.000000166347 -0.000008071047  0.000005973257 -0.000000254877  0.000006556757 -0.000000135855
  0.899456521739 -0.000007577100  0.000000921236  0.000000163118 -0.000000005818  0.000010405496 -0.000000372468 -0.000001474496 -0.000004105155  0.000009472609 -0.000000396490  0.000010405496 -0.000000136037
  0.902173913043 -0.000011905798 -0.000000182148 -0.000001050872  0.000000043487  0.000005555628 -0.000000187276  0.000000185114 -0.000007044709  0.000005084903 -0.000000217082  0.000005555628 -0.000000118082
  0.904891304348 -0.000006423205  0.000000822108  0.000000183132 -0.000000006745  0.000009081338 -0.000000330038 -0.000001316623 -0.000003447322  0.000008385125 -0.000000350717  0.000009081338 -0.000000118838
  0.907608695652 -0.000010403639 -0.000000182057 -0.000000952933  0.000000039403  0.000004694050 -0.000000158283  0.000000196598 -0.000006142772  0.000004318663 -0.000000184486  0.000004694050 -0.000000102636
  0.910326086957 -0.000005429991  0.000000733206  0.000000198637 -0.000000007475  0.000007912050 -0.000000292893 -0.000001174818 -0.000002884110  0.000007433091 -0.000000310676  0.000007912050 -0.000000103870
  0.913043478261 -0.000009079092 -0.000000178930 -0.000000865725  0.000000035771  0.000003952968 -0.000000133363  0.000000201956 -0.000005349203  0.000003658878 -0.000000156423  0.000003952968 -0.000000089230
  0.915760869565 -0.000004575741  0.000000653354  0.000000210461 -0.000000008041  0.000006877601 -0.000000260418 -0.000001047236 -0.000002402288  0.000006600725 -0.000000275697  0.000006877601 -0.000000090860
  0.918478260870 -0.000007909466 -0.000000173318 -0.000000788134  0.000000032544  0.000003315735 -0.000000111989  0.000000202165 -0.000004649908  0.000003091822 -0.000000132310  0.000003315735 -0.000000077611
  0.921195652174 -0.000003841470  0.000000581506  0.000000219328 -0.000000008475  0.000005960324 -0.000000232077 -0.000000932235 -0.000001990334  0.000005874152 -0.000000245192  0.000005960324 -0.000000079570
  0.923913043478 -0.000006874749 -0.000000165680 -0.000000719173  0.000000029679  0.000002767826 -0.000000093702  0.000000198052 -0.000004032487  0.000002605445 -0.000000111641  0.000002767826 -0.000000067560
  0.926630434783 -0.000003210596  0.000000516731  0.000000225879 -0.000000008803  0.000005144632 -0.000000207398 -0.000000828354 -0.000001638223  0.000005241171 -0.000000218649  0.000005144632 -0.000000069793
  0.929347826087 -0.000005957285 -0.000000156393 -0.000000657969  0.000000027140  0.000002296597 -0.000000078103  0.000000190304 -0.000003486020  0.000002189150 -0.000000093972  0.000002296597 -0.000000058883
  0.932065217391 -0.000002668646  0.000000458201  0.000000230687 -0.000000009049  0.000004416782 -0.000000185970 -0.000000734295 -0.000001337239  0.000004691033 -0.000000195618  0.000004416782 -0.000000061345
  0.934782608696 -0.000005141500 -0.000000145757 -0.000000603747  0.000000024893  0.000001891083 -0.000000064843  0.000000179487 -0.000003000878  0.000001833561 -0.000000078920  0.000001891083 -0.000000051414
  0.937500000000 -0.000002203017  0.000000405175  0.000000234271 -0.000000009233  0.000003764677 -0.000000167435 -0.000000648903 -0.000001079818  0.000004214225 -0.000000175707  0.000003764677 -0.000000054069
  0.940217391304 -0.000004413659 -0.000000134010 -0.000000555813  0.000000022911  0.000001541842 -0.000000053621  0.000000166055 -0.000002568568  0.000001530311 -0.000000066150  0.000001541842 -0.000000045006
  0.942934782609 -0.000001802771  0.000000356986  0.000000237118 -0.000000009372  0.000003177717 -0.000000151480 -0.000000571150 -0.000000859422  0.000003802253 -0.000000158574  0.000003177717 -0.000000047826
  0.945652173913 -0.000003761673 -0.000000121323 -0.000000513536  0.000000021166  0.000001240844 -0.000000044175  0.000000150363 -0.000002181587  0.000001271826 -0.000000055372  0.000001240844 -0.000000039530
  0.948369565217 -0.000001458475  0.000000313035  0.000000239695 -0.000000009483  0.000002646691 -0.000000137832 -0.000000500128 -0.000000670437  0.000003447417 -0.000000143922  0.000002646691 -0.000000042494
  0.951086956522 -0.000003174946 -0.000000107810 -0.000000476317  0.000000019635  0.000000981385 -0.000000036278  0.000000132667 -0.000001833327  0.000001051139 -0.000000046334  0.000000981385 -0.000000034875
  0.953804347826 -0.000001162081  0.000000272777  0.000000242461 -0.000000009580  0.000002163707 -0.000000126251 -0.000000435041 -0.000000508110  0.000003142561 -0.000000131488  0.000002163707 -0.000000037967
  0.956521739130 -0.000002644272 -0.000000093525 -0.000000443537  0.000000018298  0.000000758022 -0.000000029732  0.000000113125 -0.000001518001  0.000000861788 -0.000000038816  0.000000758022 -0.000000030943
  0.959239130435 -0.000000906828  0.000000235722  0.000000245861 -0.000000009675  0.000001722152 -0.000000116527 -0.000000375206 -0.000000368509  0.000002880824 -0.000000121042  0.000001722152 -0.000000034151
  0.961956521739 -0.000002161759 -0.000000078468 -0.000000414465  0.000000017133  0.000000566459 -0.000000024365  0.000000091804 -0.000001230644  0.000000697950 -0.000000032626  0.000000566459 -0.000000027646
  0.964673913043 -0.000000687132  0.000000201442  0.000000250264 -0.000000009781  0.000001316614 -0.000000108474 -0.000000320072 -0.000000248511  0.000002655421 -0.000000112381  0.000001316614 -0.000000030962
  0.967391304348 -0.000001720782 -0.000000062606 -0.000000388081  0.000000016121  0.000000403390 -0.000000020026  0.000000068678 -0.000000967203  0.000000555149 -0.000000027595  0.000000403390 -0.000000024906
  0.970108695652 -0.000000498373  0.000000169599  0.000000255802 -0.000000009910  0.000000942693 -0.000000101928 -0.000000269259 -0.000000145765  0.000002459609 -0.000000105325  0.000000942693 -0.000000028323
  0.972826086957 -0.000001315890 -0.000000045919 -0.000000362795  0.000000015242  0.000000266729 -0.000000016588  0.000000043649 -0.000000724786  0.000000432043 -0.000000023579  0.000000266729 -0.000000022651
  0.975543478261 -0.000000336394  0.000000140027  0.000000262036 -0.000000010077  0.000000596671 -0.000000096751 -0.000000222627 -0.000000058545  0.000002287123 -0.000000099719  0.000000596671 -0.000000026167
  0.978260869565 -0.000000942547 -0.000000028517 -0.000000336135  0.000000014472  0.000000160177 -0.000000013950  0.000000016615 -0.000000502077  0.000000333588 -0.000000020461  0.000000160177 -0.000000020820
  0.980978260870 -0.000000196484  0.000000112864  0.000000267484 -0.000000010300  0.000000276589 -0.000000092845 -0.000000180383  0.000000014671  0.000002133614 -0.000000095453  0.000000276589 -0.000000024437
  0.983695652174 -0.000000596542 -0.000000010819 -0.000000304878  0.000000013790  0.000000120446 -0.000000012052 -0.000000012408 -0.000000299745  0.000000273897 -0.000000018169  0.000000120446 -0.000000019365
  0.986413043478 -0.000000071880  0.000000088675  0.000000269473 -0.000000010602  0.000000076058 -0.000000090177 -0.000000143143  0.000000075956  0.000001999061 -0.000000092482  0.000000076058 -0.000000023094
  0.989130434783 -0.000000273220  0.000000006267 -0.000000267203  0.000000013190  0.000000133433 -0.000000010830 -0.000000043039 -0.000000120354  0.000000270751 -0.000000016632  0.000000133433 -0.000000018257
  0.991847826087  0.000000045915  0.000000067947  0.000000261611 -0.000000010834  0.000000000000 -0.000000088234 -0.000000111351  0.000000127373  0.000001877622 -0.000000090313  0.000000000000 -0.000000022103
  0.994565217391  0.000000025051  0.000000018705 -0.000000255529  0.000000014124  0.000000000000 -0.000000005577 -0.000000071815  0.000000024712  0.000000235841 -0.000000011364  0.000000000000 -0.000000017250
  0.997282608696  0.000000114560  0.000000031080  0.000000015086  0.000000000563  0.000000000000 -0.000000049282 -0.000000068412  0.000000109958  0.000001062982 -0.000000052969  0.000000000000 -0.000000019426
  1.000000000000  0.000000000000 -0.000000111835 -0.000002007630  0.000000107940  0.000000000000  0.000000302513  0.000000000000 -0.000000292523 -0.000005252184  0.000000282601  0.000000000000  0.000000000000
