             Rad         v_r[Re]         v_t[Re]         v_x[Re]         p[Re]          p_mg[Re]  p_no_phase[Re]         v_r[Im]         v_t[Im]         v_x[Im]         p[Im]          p_mg[Im]  p_no_phase[Im]
  0.000000000000  0.007606832498 -0.001230532557 -0.000001201722 -0.000003770525  0.033536600178  0.000021341600  0.001208331683  0.007746594064  0.000007565220  0.000023736653  0.033536600178  0.000011053582
  0.003921568627  0.012365167243 -0.001739487220 -0.000000970054  0.000001072493  0.044449466091 -0.000006070433  0.001964184613  0.010950625644  0.000006106800 -0.000006751685  0.044449466091 -0.000003144096
  0.007843137255  0.026636120136 -0.003772138462  0.000009816616  0.000024112812  0.051025370772 -0.000136481267  0.004231099854  0.023746812107 -0.000061798723 -0.000151797828  0.051025370772 -0.000070688557
  0.011764705882  0.033121332264 -0.004701940672  0.000020273213  0.000037243449  0.060460713384 -0.000210802169  0.005261264156  0.029600212932 -0.000127626329 -0.000234459366  0.060460713384 -0.000109182026
  0.015686274510  0.043899069302 -0.006255561299  0.000037555342  0.000057009814  0.066828329448 -0.000322682045  0.006973288331  0.039380749218 -0.000236422827 -0.000358894922  0.066828329448 -0.000167128638
  0.019607843137  0.050393547655 -0.007177546006  0.000053050414  0.000070477541  0.075390191558 -0.000398910917  0.008004924556  0.045184936373 -0.000333969240 -0.000443678552  0.075390191558 -0.000206610313
  0.023529411765  0.059712056867 -0.008510178133  0.000074454336  0.000088863564  0.081542536416 -0.000502977900  0.009485153011  0.053574279721 -0.000468713743 -0.000559424414  0.081542536416 -0.000260510346
  0.027450980392  0.066000825742 -0.009402231253  0.000093178621  0.000102149641  0.089501285512 -0.000578178609  0.010484112654  0.059190038008 -0.000586589075 -0.000643064496  0.089501285512 -0.000299459499
  0.031372549020  0.074456670349 -0.010607756602  0.000116668129  0.000119199299  0.095457113409 -0.000674681619  0.011827308386  0.066779203742 -0.000734462999 -0.000750397521  0.095457113409 -0.000349441878
  0.035294117647  0.080532833621 -0.011469376395  0.000136425597  0.000131832032  0.102960343444 -0.000746184326  0.012792496012  0.072203374553 -0.000858842551 -0.000829924595  0.102960343444 -0.000386475702
  0.039215686275  0.088393033278 -0.012588231040  0.000159236228  0.000147479360  0.108738592465 -0.000834749991  0.014041074613  0.079246920615 -0.001002442731 -0.000928429509  0.108738592465 -0.000432347046
  0.043137254902  0.094275112965 -0.013421943611  0.000176288886  0.000159140942  0.115874757133 -0.000900755873  0.014975432409  0.084495406582 -0.001109794639 -0.001001842878  0.115874757133 -0.000466533866
  0.047058823529  0.101685434038 -0.014476078186  0.000192932990  0.000173323677  0.121487479974 -0.000981031769  0.016152548605  0.091131519209 -0.001214574573 -0.001091127708  0.121487479974 -0.000508111640
  0.050980392157  0.107392133725 -0.015284600589  0.000198942928  0.000183775110  0.128307587297 -0.001040188071  0.017059047603  0.096221425048 -0.001252409047 -0.001156922804  0.128307587297 -0.000538750817
  0.054901960784  0.114439934630 -0.016287546117  0.000196255123  0.000196424421  0.133752468096 -0.001111784613  0.018178578121  0.102535286336 -0.001235488460 -0.001236554242  0.133752468096 -0.000575833241
  0.058823529412  0.119983157770 -0.017073185492  0.000170641064  0.000205437999  0.140271802108 -0.001162802492  0.019059109164  0.107481136237 -0.001074239803 -0.001293297584  0.140271802108 -0.000602257236
  0.062745098039  0.126718814918 -0.018033911453  0.000115909837  0.000216430777  0.145517011153 -0.001225022871  0.020129056207  0.113529211914 -0.000729689314 -0.001362500623  0.145517011153 -0.000634483408
  0.066666666667  0.132096274324 -0.018798358172  0.000008644579  0.000223698534  0.151701180608 -0.001266159199  0.020983255977  0.118341647294 -0.000054420373 -0.001408253461  0.151701180608 -0.000655789392
  0.070588235294  0.138534882496 -0.019722929547 -0.000174168419  0.000232747680  0.156662359552 -0.001317378399  0.022006017324  0.124162118344  0.001096445626 -0.001465220718  0.156662359552 -0.000682317659
  0.074509803922  0.143715142589 -0.020466959754 -0.000470392967  0.000237706700  0.162413467219 -0.001345447016  0.022828892338  0.128846025285  0.002961273430 -0.001496439325  0.162413467219 -0.000696855405
  0.078431372549  0.149822736388 -0.021359068260 -0.000924033293  0.000244127489  0.166961150760 -0.001381789418  0.023799072646  0.134462132249  0.005817083655 -0.001536860240  0.166961150760 -0.000715678442
  0.082352941176  0.154722483393 -0.022081809166 -0.001568044531  0.000245632030  0.172181422940 -0.001390305289  0.024577388659  0.139012016261  0.009871339354 -0.001546331801  0.172181422940 -0.000720089117
  0.086274509804  0.160402377803 -0.022942313154 -0.002421833586  0.000247956307  0.176283854191 -0.001403460962  0.025479629687  0.144429162726  0.015246213173 -0.001560963865  0.176283854191 -0.000726902914
  0.090196078431  0.164893749523 -0.023639778343 -0.003411014784  0.000243884790  0.181085852098 -0.001380415710  0.026193076020  0.148819928059  0.021473423628 -0.001535332368  0.181085852098 -0.000714966949
  0.094117647059  0.170049381533 -0.024465474680 -0.004409665556  0.000239672773  0.185000134576 -0.001356575216  0.027012038907  0.154017949281  0.027760248058 -0.001508816383  0.185000134576 -0.000702619100
  0.098039215686  0.174101014311 -0.025129736870 -0.005165541658  0.000227224711  0.189737459460 -0.001286117765  0.027655633498  0.158199691165  0.032518728676 -0.001430451870  0.189737459460 -0.000666126651
  0.101960784314  0.178843551341 -0.025914587283 -0.005508334352  0.000214197601  0.193798263058 -0.001212382838  0.028408976989  0.163140574299  0.034676717781 -0.001348442067  0.193798263058 -0.000627936680
  0.105882352941  0.182709365104 -0.026538951842 -0.005327352026  0.000191897661  0.198688578332 -0.001086162635  0.029023054564  0.167071147896  0.033537376439 -0.001208056848  0.198688578332 -0.000562562698
  0.109803921569  0.187388029928 -0.027281991689 -0.004741271358  0.000170278365  0.202966558866 -0.000963794954  0.029766252070  0.171748820210  0.029847812114 -0.001071956497  0.202966558866 -0.000499184074
  0.113725490196  0.191398550509 -0.027869636152 -0.003925790334  0.000139627813  0.207957981107 -0.000790309335  0.030403316063  0.175448229123  0.024714099540 -0.000879001517  0.207957981107 -0.000409329632
  0.117647058824  0.196228311314 -0.028578779328 -0.003085448245  0.000112150691  0.212340021078 -0.000634785695  0.031170514894  0.179912511098  0.019423878654 -0.000706024292  0.212340021078 -0.000328778344
  0.121568627451  0.200453319630 -0.029139478552 -0.002355868872  0.000076015502  0.217301533535 -0.000430256404  0.031841649879  0.183442291164  0.014830944312 -0.000478541775  0.217301533535 -0.000222845268
  0.125490196078  0.205382935443 -0.029823895824 -0.001777568983  0.000045511068  0.221671508761 -0.000257597833  0.032624710498  0.187750915702  0.011190362463 -0.000286506657  0.221671508761 -0.000133419183
  0.129411764706  0.209710714678 -0.030365180325 -0.001380621688  0.000006006812  0.226509075496 -0.000033999239  0.033312170459  0.191158473907  0.008691452915 -0.000037814791  0.226509075496 -0.000017609429
  0.133333333333  0.214610791065 -0.031029970019 -0.001107467449 -0.000025837638  0.230799014065  0.000146243979  0.034090538794  0.195343536596  0.006971860046  0.000162656157  0.230799014065  0.000075745017
  0.137254901961  0.218926654947 -0.031555009251 -0.000971982243 -0.000067717934  0.235463616728  0.000383291226  0.034776106022  0.198648825659  0.006118937559  0.000426305947  0.235463616728  0.000198520313
  0.141176470588  0.223704320374 -0.032201770975 -0.000895141289 -0.000100163253  0.239641846236  0.000566935429  0.035535029596  0.202720396545  0.005635199294  0.000630559554  0.239641846236  0.000293636251
  0.145098039216  0.227941138655 -0.032711067779 -0.000912398291 -0.000144126179  0.244111146398  0.000815770599  0.036208040572  0.205926582010  0.005743837616  0.000907320162  0.244111146398  0.000422516936
  0.149019607843  0.232547981742 -0.033339662018 -0.000941329308 -0.000176924807  0.248164982656  0.001001414575  0.036939829324  0.209883782796  0.005925967567  0.001113797966  0.248164982656  0.000518668629
  0.152941176471  0.236674474203 -0.033832604638 -0.001041808175 -0.000222993349  0.252429107904  0.001262167775  0.037595315242  0.212987013466  0.006558514019  0.001403814101  0.252429107904  0.000653722090
  0.156862745098  0.241088433128 -0.034442214422 -0.001125580520 -0.000256095864  0.256354290220  0.001449531783  0.038296464691  0.216824701067  0.007085887588  0.001612204967  0.256354290220  0.000750764649
  0.160784313725  0.245092072642 -0.034917844323 -0.001273691655 -0.000304403505  0.260408277880  0.001722958537  0.038932435639  0.219818942662  0.008018294321  0.001916316941  0.260408277880  0.000892382200
  0.164705882353  0.249303397237 -0.035507428812 -0.001387195512 -0.000337818541  0.264203773968  0.001912091453  0.039601396988  0.223530564658  0.008732837222  0.002126675230  0.264203773968  0.000990340940
  0.168627450980  0.253179975870 -0.035964739826 -0.001566427093 -0.000388518603  0.268044084667  0.002199059580  0.040217184543  0.226409483026  0.009861157066  0.002445848252  0.268044084667  0.001138972055
  0.172549019608  0.257183764911 -0.036533193550 -0.001697935339 -0.000422255652  0.271709786694  0.002390015124  0.040853179243  0.229988080136  0.010689043324  0.002658233714  0.271709786694  0.001237874800
  0.176470588235  0.260932263160 -0.036971227483 -0.001901160011 -0.000475486626  0.275332838979  0.002691308501  0.041448621459  0.232745643142  0.011968407314  0.002993339632  0.275332838979  0.001393925478
  0.180392156863  0.264725021102 -0.037517423034 -0.002045307708 -0.000509536313  0.278868629025  0.002884033614  0.042051094247  0.236184117967  0.012875862940  0.003207693252  0.278868629025  0.001493744746
  0.184313725490  0.268345332468 -0.037935289431 -0.002269757982 -0.000565411178  0.282270254184  0.003200291717  0.042626174207  0.238814719921  0.014288848852  0.003559443307  0.282270254184  0.001657546193
  0.188235294118  0.271923522205 -0.038458080065 -0.002424075442 -0.000599740885  0.285675677349  0.003394601771  0.043194563222  0.242105853342  0.015260326368  0.003775559737  0.285675677349  0.001758186359
  0.192156862745  0.275415530230 -0.038854951919 -0.002668942332 -0.000658345759  0.288850969772  0.003726312038  0.043749262426  0.244604287962  0.016801841375  0.004144496070  0.288850969772  0.001929991038
  0.196078431373  0.278775034667 -0.039353163264 -0.002832232753 -0.000692900891  0.292125161804  0.003921898026  0.044282913673  0.247740686940  0.017829806541  0.004362031625  0.292125161804  0.002031292056
  0.200000000000  0.282138290082 -0.039728267660 -0.003097558823 -0.000754296820  0.295068487448  0.004269405985  0.044817160757  0.250102088491  0.019500118593  0.004748538540  0.295068487448  0.002211278928
  0.203921568627  0.285274264356 -0.040200688594 -0.003269161152 -0.000789003764  0.298210198489  0.004465851240  0.045315304639  0.253076128621  0.020580409864  0.004967029794  0.298210198489  0.002313024992
  0.207843137255  0.288507913611 -0.040553298456 -0.003555343084 -0.000853229204  0.300915255523  0.004829374554  0.045828964017  0.255295919918  0.022382016207  0.005371349381  0.300915255523  0.002501306792
  0.211764705882  0.291414793441 -0.040998674018 -0.003734809570 -0.000887998459  0.303922897424  0.005026172499  0.046290716658  0.258099700820  0.023511814848  0.005590232905  0.303922897424  0.002603235526
  0.215686274510  0.294517602155 -0.041328102357 -0.004042387650 -0.000955071582  0.306382777385  0.005405814023  0.046783592251  0.260173557055  0.025448116750  0.006012479563  0.306382777385  0.002799865527
  0.219607843137  0.297189163742 -0.041745129018 -0.004229362886 -0.000989800602  0.309254452747  0.005602384236  0.047207965012  0.262798872608  0.026625185364  0.006231109797  0.309254452747  0.002901676310
  0.223529411765  0.300159563432 -0.042050725447 -0.004558960364 -0.001059721209  0.311461662588  0.005998142840  0.047679807668  0.264722699382  0.028700106385  0.006671282269  0.311461662588  0.003106653927
  0.227450980392  0.302588983858 -0.042438048129 -0.004753183077 -0.001094296879  0.314195128981  0.006193845075  0.048065716741  0.267161018933  0.029922800174  0.006888947117  0.314195128981  0.003208015154
  0.231372549020  0.305425100617 -0.042719196662 -0.005105563248 -0.001167047963  0.316141511010  0.006605624501  0.048516228795  0.268930938424  0.032141145499  0.007346938341  0.316141511010  0.003421290530
  0.235294117647  0.307604979620 -0.043075406247 -0.005307002152 -0.001201348842  0.318733987520  0.006799771388  0.048862498661  0.271173391126  0.033409267505  0.007562873293  0.318733987520  0.003521846186
  0.239215686275  0.310304598787 -0.043331522632 -0.005683302986 -0.001276898016  0.320410394301  0.007227388324  0.049291328318  0.272785725280  0.035778201014  0.008038479386  0.320410394301  0.003743324378
  0.243137254902  0.312226879684 -0.043655151509 -0.005892547111 -0.001310796645  0.322857989930  0.007419258430  0.049596679186  0.274823072055  0.037095459371  0.008251882046  0.322857989930  0.003842700808
  0.247058823529  0.314787254780 -0.043885676451 -0.006294902421 -0.001389097857  0.324253367331  0.007862452215  0.050003390173  0.276274299929  0.039628414103  0.008744813095  0.324253367331  0.004072246811
  0.250980392157  0.316442903406 -0.044175186499 -0.006514141401 -0.001422463745  0.326549595485  0.008051306941  0.050266386984  0.278096857820  0.041008593252  0.008954861975  0.326549595485  0.004170061466
  0.254901960784  0.318860191612 -0.044379566326 -0.006947225591 -0.001503460180  0.327648631620  0.008509755997  0.050650368875  0.279383493872  0.043734996058  0.009464760311  0.327648631620  0.004407508722
  0.258823529412  0.320238290712 -0.044633315659 -0.007182651257 -0.001536164817  0.329780720458  0.008694867970  0.050869277443  0.280980926680  0.045217075552  0.009670646410  0.329780720458  0.004503384872
  0.262745098039  0.322506085754 -0.044810949750 -0.007657454525 -0.001619795025  0.330558050623  0.009168224482  0.051229512613  0.282099189816  0.048206113230  0.010197125186  0.330558050623  0.004748553235
  0.266666666667  0.323591513043 -0.045027104105 -0.007925074550 -0.001651722054  0.332498024508  0.009348935104  0.051401930789  0.283459950274  0.049890866460  0.010398115993  0.332498024508  0.004842149767
  0.270588235294  0.325697201230 -0.045177207937 -0.008467989969 -0.001737934019  0.332904389822  0.009836904653  0.051736415576  0.284404901664  0.053308691804  0.010940847750  0.332904389822  0.005094886748
  0.274509803922  0.326464906082 -0.045353511914 -0.008807430066 -0.001769001808  0.334588282420  0.010012751880  0.051858364113  0.285514791312  0.055445575239  0.011136429369  0.334588282420  0.005185964352
  0.278431372549  0.328380858185 -0.045474770724 -0.009481493973 -0.001857785858  0.334519166389  0.010515279721  0.052162709664  0.286278154111  0.059689022059  0.011695353217  0.334519166389  0.005446241597
  0.282352941176  0.328782191669 -0.045607972959 -0.009987327978 -0.001887999113  0.335802254595  0.010686290190  0.052226460768  0.287116704569  0.062873408100  0.011885555273  0.335802254595  0.005534814070
  0.286274509804  0.330445233418 -0.045697692437 -0.010938488378 -0.001979464065  0.335035184616  0.011203992243  0.052490631963  0.287681517235  0.068861265524  0.012461356253  0.335035184616  0.005802950584
  0.290196078431  0.330376973218 -0.045782154623 -0.011823572025 -0.002009030577  0.335614003834  0.011371342076  0.052479788953  0.288213233582  0.074433148765  0.012647486862  0.335614003834  0.005889627082
  0.294117647059  0.331644173548 -0.045834288555 -0.013363562665 -0.002103573028  0.333723099313  0.011906463122  0.052681081450  0.288541433273  0.084127879944  0.013242661675  0.333723099313  0.006166785520
  0.298039215686  0.330886601835 -0.045858873983 -0.015047102608 -0.002133153044  0.333081081437  0.012073889383  0.052560742544  0.288696206366  0.094726299674  0.013428877288  0.333081081437  0.006253501603
  0.301960784314  0.331458253808 -0.045859998119 -0.017714586819 -0.002231797101  0.329479125180  0.012632225993  0.052651548433  0.288703283161  0.111518961713  0.014049873024  0.329479125180  0.006542684216
  0.305882352941  0.329590763466 -0.045802378305 -0.020761974261 -0.002262956380  0.327142124560  0.012808591066  0.052354900946  0.288340548095  0.130703235498  0.014246030604  0.327142124560  0.006634030031
  0.309803921569  0.328956695394 -0.045726079267 -0.024990362066 -0.002367864483  0.321642872965  0.013402382887  0.052254180371  0.287860221368  0.157322282420  0.014906460499  0.321642872965  0.006941576174
  0.313725490196  0.325399340465 -0.045547722773 -0.029301261392 -0.002403554274  0.318011820634  0.013604391170  0.051689100928  0.286737410476  0.184460765623  0.015131139089  0.318011820634  0.007046203530
  0.317647058824  0.323091277822 -0.045356478420 -0.034051402663 -0.002518152378  0.311622448397  0.014253029502  0.051322469322  0.285533466412  0.214364416663  0.015852570625  0.311622448397  0.007382156653
  0.321568627451  0.317660120867 -0.045015403963 -0.037332757311 -0.002562107387  0.308157375289  0.014501819864  0.050459739792  0.283386294153  0.235021588469  0.016129281397  0.308157375289  0.007511014131
  0.325490196078  0.314074030145 -0.044690635985 -0.039462851681 -0.002689216789  0.302298597731  0.015221273567  0.049890095720  0.281341776374  0.248431210436  0.016929475533  0.302298597731  0.007883645082
  0.329411764706  0.307763774494 -0.044184899905 -0.038895076718 -0.002742866618  0.299967962628  0.015524937715  0.048887722941  0.278158006799  0.244856886346  0.017267218282  0.299967962628  0.008040923667
  0.333333333333  0.304341607752 -0.043763445966 -0.037261982142 -0.002881123937  0.294987208856  0.016307489898  0.048344117899  0.275504820130  0.234576036257  0.018137592103  0.294987208856  0.008446235590
  0.337254901961  0.298555376676 -0.043141878019 -0.034066807755 -0.002941169910  0.293596989724  0.016647356953  0.047424985483  0.271591852085  0.214461396622  0.018515600616  0.293596989724  0.008622264963
  0.341176470588  0.296253600729 -0.042679796538 -0.031439146572 -0.003085185730  0.289032634299  0.017462502911  0.047059352507  0.268682902107  0.197919433216  0.019422226036  0.289032634299  0.009044458375
  0.345098039216  0.291334521284 -0.041982247932 -0.028647524646 -0.003146294224  0.288027220417  0.017808383952  0.046277965570  0.264291611633  0.180345284760  0.019806923453  0.288027220417  0.009223602607
  0.349019607843  0.289961516580 -0.041500246258 -0.027158752823 -0.003290632070  0.283394547920  0.018625352610  0.046059866238  0.261257257697  0.170972992330  0.020715576126  0.283394547920  0.009646740061
  0.352941176471  0.285453679416 -0.040731900058 -0.025748387169 -0.003348801510  0.282376873498  0.018954598272  0.045343804399  0.256420273840  0.162094291684  0.021081771265  0.282376873498  0.009817268232
  0.356862745098  0.284460715100 -0.040224015274 -0.025493028432 -0.003489930995  0.277395089802  0.019753407243  0.045186073801  0.253222977493  0.160486727169  0.021970226286  0.277395089802  0.010231000131
  0.360784313725  0.279885406804 -0.039376086023 -0.025080068141 -0.003542999108  0.276162198693  0.020053778815  0.044459294294  0.247884993001  0.157887010712  0.022304306950  0.276162198693  0.010386573372
  0.364705882353  0.278880333764 -0.038832779818 -0.025548395588 -0.003678925607  0.270702658050  0.020823138292  0.044299640246  0.244464707536  0.160835281037  0.023160007518  0.270702658050  0.010785052319
  0.368627450980  0.273960237148 -0.037897153972 -0.025642540769 -0.003725869238  0.269166040248  0.021088844598  0.043518091733  0.238574645071  0.161427954911  0.023455532618  0.269166040248  0.010922671172
  0.372549019608  0.272742612349 -0.037312814550 -0.026448636080 -0.003855400555  0.263180048904  0.021822006614  0.043324674220  0.234896042440  0.166502581437  0.024270973479  0.263180048904  0.011302402152
  0.376470588235  0.267350674624 -0.036284766374 -0.026758517154 -0.003895745912  0.261306536349  0.022050365935  0.042468174595  0.228424151993  0.168453381418  0.024524960343  0.261306536349  0.011420677658
  0.380392156863  0.265833084036 -0.035657426732 -0.027698829003 -0.004018040339  0.254783365349  0.022742566329  0.042227108055  0.224474849296  0.174372943762  0.025294842678  0.254783365349  0.011779193140
  0.384313725490  0.259921214402 -0.034534814260 -0.028083080420 -0.004051556576  0.252564895926  0.022932272051  0.041288018179  0.217407646517  0.176791928717  0.025505838057  0.252564895926  0.011877448557
  0.388235294118  0.258070900669 -0.033864750067 -0.029060997832 -0.004165910413  0.245511942027  0.023579527806  0.040994099165  0.213189379168  0.182948230053  0.026225731857  0.245511942027  0.012212685594
  0.392156862745  0.251628503021 -0.032647093755 -0.029455454463 -0.004192474820  0.242951870696  0.023729885379  0.039970735867  0.205523845167  0.185431460082  0.026392963254  0.242951870696  0.012290561190
  0.396078431373  0.249437503859 -0.031935870897 -0.030425114713 -0.004298233923  0.235386020050  0.024328493957  0.039622699585  0.201046470928  0.191535779947  0.027058750465  0.235386020050  0.012600602104
  0.400000000000  0.242471883364 -0.030623828393 -0.030800758861 -0.004317777509  0.232493229402  0.024439112881  0.038516223277  0.192786745807  0.193900579411  0.027181783558  0.232493229402  0.012657895623
  0.403921568627  0.239943512190 -0.029873800916 -0.031738482794 -0.004414304282  0.224437261980  0.024985465418  0.038114596056  0.188065084141  0.199803850000  0.027789450312  0.224437261980  0.012940871254
  0.407843137255  0.232471345907 -0.028468925636 -0.032081558071 -0.004426791638  0.221223692641  0.025056145278  0.036927655859  0.179220947150  0.201963618052  0.027868062194  0.221223692641  0.012977478896
  0.411764705882  0.229614375322 -0.027682991315 -0.032972956394 -0.004513455512  0.212704844135  0.025546672680  0.036473831212  0.174273240475  0.207575254188  0.028413638859  0.212704844135  0.013231540682
  0.415686274510  0.221658161147 -0.026187640537 -0.033276229638 -0.004518878652  0.209184474923  0.025577368271  0.035210000877  0.164859531430  0.209484455775  0.028447779251  0.209184474923  0.013247439032
  0.419607843137  0.218484383923 -0.025369122895 -0.034110665781 -0.004595056333  0.200233892650  0.026008542631  0.034705852064  0.159706702381  0.214737496851  0.028927341998  0.200233892650  0.013470759742
  0.423529411765  0.210071020303 -0.023786436458 -0.034369715886 -0.004593434020  0.196422320167  0.025999360152  0.033369404360  0.149743187568  0.216368299708  0.028917129020  0.196422320167  0.013466003807
  0.427450980392  0.206594242163 -0.022939024377 -0.035137999637 -0.004658513838  0.187074872630  0.026367719340  0.032817124396  0.144408458825  0.221204890428  0.029326827185  0.187074872630  0.013656790279
  0.431372549020  0.197754490732 -0.021272934268 -0.035349679772 -0.004649892934  0.182989128484  0.026318924045  0.031412945754  0.133919891357  0.222537484246  0.029272555855  0.182989128484  0.013631517441
  0.435294117647  0.193990115155 -0.020400645880 -0.036043145129 -0.004703280966  0.173283336986  0.026621106389  0.030814981453  0.128428558345  0.226903069361  0.029608650505  0.173283336986  0.013788028546
  0.439215686275  0.184758412655 -0.018655897434 -0.036204970921 -0.004687738409  0.168941786439  0.026533133745  0.029348542088  0.117444811609  0.227921814223  0.029510805163  0.168941786439  0.013742464350
  0.443137254902  0.180723260353 -0.017763052390 -0.036815148246 -0.004728865444  0.158919773277  0.026765917454  0.028707565391  0.111824067911  0.231763074678  0.029769712939  0.158919773277  0.013863031405
  0.447058823529  0.171137651096 -0.015945227130 -0.036925085793 -0.004706510268  0.154342020422  0.026639384608  0.027184908573  0.100380279372  0.232455166523  0.029628979991  0.154342020422  0.013797495493
  0.450980392157  0.166849859924 -0.015036418952 -0.037443644812 -0.004734839217  0.144049412480  0.026799729689  0.026503800644  0.094659042661  0.235719660578  0.029807319741  0.144049412480  0.013880543978
  0.454901960784  0.156951944627 -0.013151952274 -0.037500089540 -0.004705814392  0.139256160729  0.026635445867  0.024931534573  0.082795725187  0.236074998102  0.029624599226  0.139256160729  0.013795455478
  0.458823529412  0.152430875929 -0.012232014626 -0.037918938784 -0.004720847942  0.128741889005  0.026720537477  0.024213370928  0.077004424924  0.238711787392  0.029719240211  0.128741889005  0.013839527483
  0.462745098039  0.142265716499 -0.010288200316 -0.037920822659 -0.004685331896  0.123754696187  0.026519512610  0.022598653606  0.064767495222  0.238723646985  0.029495655401  0.123754696187  0.013735409474
  0.466666666667  0.137531817326 -0.009362158823 -0.038232358989 -0.004686620272  0.113070601234  0.026526804961  0.021846682223  0.058937769309  0.240684867334  0.029503766133  0.113070601234  0.013739186445
  0.470588235294  0.127147738872 -0.007367125651 -0.038179405903 -0.004644827989  0.107911431822  0.026290255876  0.020197190007  0.046378400571  0.240351510804  0.029240670411  0.107911431822  0.013616669165
  0.474509803922  0.122222300113 -0.006440118346 -0.038376987511 -0.004631976569  0.097111519301  0.026217515376  0.019414792904  0.040542594563  0.241595349903  0.029159766635  0.097111519301  0.013578994244
  0.478431372549  0.111670501272 -0.004402746454 -0.038270200072 -0.004584160023  0.091801935935  0.025946868272  0.017738658606  0.027716690108  0.240923088989  0.028858746257  0.091801935935  0.013438816374
  0.482352941176  0.106575215423 -0.003479874715 -0.038348998634 -0.004556836310  0.080941027461  0.025792212944  0.016929281598  0.021906918803  0.241419151015  0.028686734791  0.080941027461  0.013358714816
  0.486274509804  0.095909033128 -0.001409578099 -0.038191502885 -0.004503283680  0.075500816699  0.025489098955  0.015234977693  0.008873742731  0.240427665155  0.028349603943  0.075500816699  0.013201721179
  0.490196078431  0.090665195830 -0.000495600577 -0.038149954757 -0.004461222310  0.064632271853  0.025251026803  0.014402003554  0.003119963359  0.240166106466  0.028084814229  0.064632271853  0.013078415048
  0.494117647059  0.079938772867  0.001598193040 -0.037948252906 -0.004402254492  0.059077445583  0.024917262233  0.012698130528 -0.010061133815  0.238896329119  0.027713593050  0.059077445583  0.012905546371
  0.498039215686  0.074565925671  0.002499521662 -0.037790199699 -0.004345257026  0.048249905496  0.024594650078  0.011844663398 -0.015735284335  0.237901333886  0.027354775861  0.048249905496  0.012738453932
  0.501960784314  0.063831960894  0.004608572951 -0.037555278511 -0.004281217537  0.042591017217  0.024232179271  0.010139592368 -0.029012433413  0.236422430243  0.026951626898  0.042591017217  0.012550717263
  0.505882352941  0.058345917419  0.005495952026 -0.037291874173 -0.004209138846  0.031845843101  0.023824205661  0.009268144213 -0.034598767095  0.234764216103  0.026497868596  0.031845843101  0.012339413056
  0.509803921569  0.047652449657  0.007615909388 -0.037037187377 -0.004140367168  0.026091239483  0.023434950130  0.007569506061 -0.047944573373  0.233160881670  0.026064929003  0.026091239483  0.012137803615
  0.513725490196  0.042063632725  0.008493605094 -0.036683638167 -0.004053068317  0.015468154584  0.022940828677  0.006681732527 -0.053469947166  0.230935176876  0.025515354947  0.015468154584  0.011881880342
  0.517647058824  0.031451511036  0.010629762333 -0.036409599140 -0.003979832348  0.009645549426  0.022526304748  0.004996016052 -0.066917736824  0.229210013987  0.025054311219  0.009645549426  0.011667183489
  0.521568627451  0.025768163962  0.011513772017 -0.035960751215 -0.003877053657  0.000785794778  0.021944565639  0.004093226575 -0.072482859121  0.226384373455  0.024407286647  0.000785794778  0.011365879879
  0.525490196078  0.015276619716  0.013691936287 -0.035601757232 -0.003799387721  0.006574302359  0.021504967589  0.002426663610 -0.086195096403  0.224124392079  0.023918354863  0.006574302359  0.011138196237
  0.529411764706  0.009526113134  0.014619599594 -0.034959402445 -0.003680450679  0.016657989548  0.020831770373  0.001513205966 -0.092035032150  0.220080564262  0.023169608331  0.016657989548  0.010789523184
  0.533333333333 -0.000776064651  0.016900351674 -0.034289269144 -0.003597813005  0.022212248969  0.020364031719 -0.000123276476 -0.106393092345  0.215861861866  0.022649377875  0.022212248969  0.010547264511
  0.537254901961 -0.006492895872  0.017934503695 -0.033194241679 -0.003461050634  0.031758288444  0.019589941111 -0.001031384850 -0.112903408439  0.208968315479  0.021788415226  0.031758288444  0.010146335142
  0.541176470588 -0.016451721515  0.020408709717 -0.031908826485 -0.003371812233  0.036998403703  0.019084841589 -0.002613326421 -0.128479322763  0.200876217746  0.021226631091  0.036998403703  0.009884725931
  0.545098039216 -0.021937205159  0.021601196695 -0.030241007801 -0.003213957509  0.046040437806  0.018191365857 -0.003484685648 -0.135986407805  0.190376768346  0.020232885366  0.046040437806  0.009421962712
  0.549019607843 -0.031365040526  0.024312622866 -0.028627700072 -0.003115361842  0.051246175712  0.017633303142 -0.004982280367 -0.153055698462  0.180220482753  0.019612194262  0.051246175712  0.009132921958
  0.552941176471 -0.036540269908  0.025605021202 -0.026996939234 -0.002932160177  0.059968216372  0.016596360835 -0.005804356261 -0.161191757297  0.169954324284  0.018458881477  0.059968216372  0.008595852239
  0.556862745098 -0.045470340765  0.028431552833 -0.026054890497 -0.002822065706  0.065416840778  0.015973213581 -0.007222881981 -0.178985673465  0.164023827678  0.017765801746  0.065416840778  0.008273101862
  0.560784313725 -0.050611618471  0.029640990598 -0.024953494473 -0.002611037156  0.073725469797  0.014778767930 -0.008039564713 -0.186599469097  0.157090189188  0.016437309860  0.073725469797  0.007654455496
  0.564705882353 -0.059225658213  0.032352381822 -0.024793591723 -0.002490223359  0.079350990757  0.014094948070 -0.009407889458 -0.203668539756  0.156083550487  0.015676748561  0.079350990757  0.007300280593
  0.568627450980 -0.064606814871  0.033338928672 -0.023576096030 -0.002252465215  0.086885504512  0.012749209874 -0.010262676531 -0.209879166147  0.148419027632  0.014179985380  0.086885504512  0.006603274377
  0.572549019608 -0.072812562053  0.035766980352 -0.023376181976 -0.002124052203  0.092436225724  0.012022377589 -0.011566144736 -0.225164524204  0.147160505036  0.013371584602  0.092436225724  0.006226821792
  0.576470588235 -0.078368424838  0.036501374422 -0.021353115459 -0.001863001702  0.098813274746  0.010544801993 -0.012448683563 -0.229787768592  0.134424657471  0.011728188615  0.098813274746  0.005461532243
  0.580392156863 -0.085809642261  0.038558384882 -0.020648320391 -0.001730483160  0.104046514593  0.009794731941 -0.013630707589 -0.242737304088  0.129987748213  0.010893942220  0.104046514593  0.005073043984
  0.584313725490 -0.091291631508  0.039051123920 -0.017739198747 -0.001450412190  0.108967372460  0.008209498324 -0.014501511737 -0.245839253145  0.111673901637  0.009130806328  0.108967372460  0.004251994473
  0.588235294118 -0.097589716538  0.040678001502 -0.016556004977 -0.001316863764  0.113703383938  0.007453599012 -0.015501951235 -0.256080965279  0.104225320302  0.008290076487  0.113703383938  0.003860487030
  0.592156862745 -0.102758155642  0.040936222812 -0.012961997629 -0.001022396364  0.116955871958  0.005786879965 -0.016322948506 -0.257706550602  0.081599900245  0.006436310493  0.116955871958  0.002997233285
  0.596078431373 -0.107618080846  0.042080100697 -0.011467935812 -0.000890512401  0.121068586738  0.005040401701 -0.017094938898 -0.264907625933  0.072194305622  0.005606058974  0.121068586738  0.002610605342
  0.600000000000 -0.112295448526  0.042104488436 -0.007401722432 -0.000586600062  0.122507202777  0.003320223214 -0.017837930355 -0.265061154508  0.046596198317  0.003692834073  0.122507202777  0.001719663029
  0.603921568627 -0.115507662520  0.042716359726 -0.005742256152 -0.000458846920  0.125907027252  0.002597125872 -0.018348184780 -0.268913079011  0.036149329954  0.002888587391  0.125907027252  0.001345144906
  0.607843137255 -0.119569451491  0.042506395753 -0.001368300318 -0.000150796623  0.125438989632  0.000853526077 -0.018993392664 -0.267591288981  0.008613885966  0.000949312735  0.125438989632  0.000442071856
  0.611764705882 -0.120990253825  0.042543078551  0.000355671974 -0.000029491943  0.128061444061  0.000166927761 -0.019219084564 -0.267822218870 -0.002239068270  0.000185661169  0.128061444061  0.000086457892
  0.615686274510 -0.124347979876  0.042100704274  0.004908283334  0.000277046739  0.125640719967 -0.001568116122 -0.019752453317 -0.265037332007 -0.030899205654 -0.001744097392  0.125640719967 -0.000812183744
  0.619607843137 -0.123885737746  0.041527096363  0.006626814166  0.000389720536  0.127440793616 -0.002205862659 -0.019679026985 -0.261426287653 -0.041717904168 -0.002453414804  0.127440793616 -0.001142495615
  0.623529411765 -0.126475719557  0.040858513560  0.011244925259  0.000688811069  0.123067087063 -0.003898749166 -0.020090440945 -0.257217346135 -0.070790383220 -0.004336284893  0.123067087063 -0.002019302429
  0.627450980392 -0.124084970149  0.039649717065  0.012905217168  0.000790829101  0.124017039396 -0.004476182855 -0.019710674695 -0.249607587496 -0.081242449172 -0.004978520871  0.124017039396 -0.002318376107
  0.631372549020 -0.125862754334  0.038766210879  0.017479266733  0.001076336566  0.117737102576 -0.006092187655 -0.019993072520 -0.244045634877 -0.110037546886 -0.006775881230  0.117737102576 -0.003155363120
  0.635294117647 -0.121543205328  0.036909582585  0.019037449358  0.001165870498  0.117825986826 -0.006598959917 -0.019306919917 -0.232357568894 -0.119846802400 -0.007339525826  0.117825986826 -0.003417838702
  0.639215686275 -0.122481394849  0.035827877495  0.023455602687  0.001431576186  0.109735614944 -0.008102884398 -0.019455949638 -0.225547891095 -0.147660483687 -0.009012227694  0.109735614944 -0.004196775287
  0.643137254902 -0.116279219527  0.033325018436  0.024872812577  0.001507039885  0.108969515576 -0.008530017533 -0.018470745225 -0.209791596785 -0.156582270974 -0.009487295692  0.108969515576 -0.004418002901
  0.647058823529 -0.116367003165  0.032067372124  0.029019160563  0.001746777739  0.099215265644 -0.009886961117 -0.018484689498 -0.201874313002 -0.182684851129 -0.010996521782  0.099215265644 -0.005120812791
  0.650980392157 -0.108376810546  0.028936012876  0.030260131069  0.001806874201  0.097617705573 -0.010227113939 -0.017215461748 -0.182161409975 -0.190497155400 -0.011374848132  0.097617705573 -0.005296990173
  0.654901960784 -0.107620197425  0.027530111295  0.034015271552  0.002014686220  0.086397749617 -0.011403353656 -0.017095275112 -0.173310812095 -0.214136959825 -0.012683090929  0.086397749617 -0.005906207031
  0.658823529412 -0.097986729772  0.023805816937  0.035048244919  0.002058452490  0.084009976127 -0.011651075735 -0.015565016074 -0.149865193851 -0.220639855909 -0.012958613530  0.084009976127 -0.006034511206
  0.662745098039 -0.096408951534  0.022284479053  0.038291319644  0.002228760322  0.071573684362 -0.012615037474 -0.015314388834 -0.140287887703 -0.241056043417 -0.014030755530  0.071573684362 -0.006533781664
  0.666666666667 -0.085327927005  0.018022077612  0.039088617741  0.002255607936  0.068454672079 -0.012766998032 -0.013554187985 -0.113454714114 -0.246075288679 -0.014199769807  0.068454672079 -0.006612487503
  0.670588235294 -0.082969720189  0.016422759854  0.041700338138  0.002383397417  0.055100616004 -0.013490301062 -0.013179591067 -0.103386499842 -0.262516899764 -0.015004245260  0.055100616004 -0.006987112159
  0.674509803922 -0.070687421163  0.011697381675  0.042239236519  0.002393146178  0.051326695102 -0.013545480158 -0.011228569922 -0.073638740351 -0.265909436579 -0.015065616810  0.051326695102 -0.007015691398
  0.678431372549 -0.067607030139  0.010061467488  0.044105659078  0.002474160697  0.037398823950 -0.014004031574 -0.010739255339 -0.063340139913 -0.277659160576 -0.015575628995  0.037398823950 -0.007253191670
  0.682352941176 -0.054418331046  0.004969066475  0.044369355633  0.002467063676  0.033062898745 -0.013963861627 -0.008644254170 -0.031281854873 -0.279319214311 -0.015530950989  0.033062898745 -0.007232386209
  0.686274509804 -0.050691140828  0.003340925751  0.045386244678  0.002498001087  0.018944725333 -0.014138970895 -0.008052196697 -0.021032190856 -0.285720854480 -0.015725711833  0.018944725333 -0.007323081598
  0.690196078431 -0.036935731940 -0.002001866529  0.045364740063  0.002474758718  0.014155148161 -0.014007416440 -0.005867174695  0.012602386899 -0.285585476080 -0.015579393726  0.014155148161 -0.007254944814
  0.694117647059 -0.032653496453 -0.003576065176  0.045442303159  0.002453465126  0.000261962691 -0.013886892280 -0.005186949277  0.022512468368 -0.286073760459 -0.015445343786  0.000261962691 -0.007192521016
  0.698039215686 -0.018710141728 -0.009032929319  0.045132888810  0.002415226146  0.004858615514 -0.013670455293 -0.002972072417  0.056865164807 -0.284125898654 -0.015204617235  0.004858615514 -0.007080420516
  0.701960784314 -0.013979871633 -0.010506677883  0.044200404489  0.002340878155  0.018089009467 -0.013249637192 -0.002220677506  0.066142881037 -0.278255613092 -0.014736572973  0.018089009467 -0.006862463684
  0.705882352941 -0.000258718930 -0.015923658657  0.043607028858  0.002289224860  0.023403798753 -0.012957273656 -0.000041097038  0.100244498968 -0.274520124651 -0.014411399044  0.023403798753 -0.006711038093
  0.709803921569  0.004798453568 -0.017251881728  0.041616110556  0.002162489513  0.035520070819 -0.012239937144  0.000762225733  0.108606085910 -0.261986660330 -0.013613559699  0.035520070819 -0.006339503711
  0.713725490196  0.017865021788 -0.022460773866  0.040745732782  0.002099404096  0.040874509265 -0.011882866494  0.002837826632  0.141397719656 -0.256507355243 -0.013216416924  0.040874509265 -0.006154563978
  0.717647058824  0.023114000544 -0.023601974695  0.037668903782  0.001922562475  0.051415536083 -0.010881922758  0.003671617482  0.148581942064 -0.237137737483 -0.012103142636  0.051415536083 -0.005636139213
  0.721568627451  0.035080242523 -0.028425331752  0.036520049619  0.001850369607  0.056622803216 -0.010473302897  0.005572433533  0.178946509780 -0.229905334903 -0.011648665558  0.056622803216 -0.005424500290
  0.725490196078  0.040368379482 -0.029344151549  0.032336166418  0.001627385644  0.065103679749 -0.009211188247  0.006412444593  0.184730772813 -0.203566458627 -0.010244910544  0.065103679749 -0.004770805715
  0.729411764706  0.050778881733 -0.033601957716  0.030868476043  0.001548663584  0.069903867991 -0.008765612416  0.008066134182  0.211535017686 -0.194326880621 -0.009749330125  0.069903867991 -0.004540025965
  0.733333333333  0.055921669732 -0.034271928190  0.025515391199  0.001285175560  0.075758041242 -0.007274240167  0.008883056821  0.215752695041 -0.160627507900 -0.008090589161  0.075758041242 -0.003767590633
  0.737254901961  0.064297531568 -0.037788607864  0.023578351467  0.001202624481  0.079727450627 -0.006806991647  0.010213547433  0.237891312776 -0.148433226324 -0.007570903843  0.079727450627 -0.003525585818
  0.741176470588  0.069038281342 -0.038193732868  0.016837252297  0.000905842581  0.082172942876 -0.005127172265  0.010966607022  0.240441703607 -0.105995861685 -0.005702567333  0.082172942876 -0.002655546938
  0.745098039216  0.074819965124 -0.040799005752  0.014038602192  0.000822101575  0.084597655986 -0.004653188627  0.011885017109  0.256842725542 -0.088377468603 -0.005175391051  0.084597655986 -0.002410053763
  0.749019607843  0.078740223183 -0.040928978628  0.005335776752  0.000500650382  0.082489336023 -0.002833738230  0.012507743063  0.257660946160 -0.033590412771 -0.003151753487  0.082489336023 -0.001467694958
  0.752941176471  0.081155434054 -0.042429805161  0.000954084170  0.000418097684  0.082454329629 -0.002366480552  0.012891394972  0.267109126826 -0.006006263491 -0.002632057984  0.082454329629 -0.001225685399
  0.756862745098  0.083550123085 -0.042253731325 -0.010670273120  0.000082085822  0.074551612701 -0.000464615110  0.013271787025  0.266000685990  0.067172765119 -0.000516756374  0.074551612701 -0.000240640877
  0.760784313725  0.081467909454 -0.042312986942 -0.017089838184  0.000002858668  0.071833806417 -0.000016180385  0.012941031129  0.266373718959  0.107585970233 -0.000017996223  0.071833806417 -0.000008380403
  0.764705882353  0.081433336528 -0.041702721353 -0.031874102877 -0.000334737417  0.057886349881  0.001894651939  0.012935539281  0.262531902857  0.200657621582  0.002107278573  0.057886349881  0.000981308389
  0.768627450980  0.073628475219 -0.039495879991 -0.038309590267 -0.000407701525  0.053905884563  0.002307637104  0.011695751077  0.248639134156  0.241171062808  0.002566610851  0.053905884563  0.001195208261
  0.772549019608  0.070944322250 -0.038105498890 -0.053578228397 -0.000725525470  0.034979916748  0.004106556861  0.011269378198  0.239886242632  0.337291999101  0.004567413732  0.034979916748  0.002126933509
  0.776470588235  0.057169570494 -0.031716454320 -0.055148476762 -0.000785385865  0.031037422688  0.004445373519  0.009081283616  0.199665173744  0.347177212287  0.004944253967  0.031037422688  0.002302418843
  0.780392156863  0.053238393401 -0.029051654591 -0.067280559436 -0.001041123217  0.008792080841  0.005892876085  0.008456823194  0.182889411377  0.423552533772  0.006554201990  0.008792080841  0.003052132488
  0.784313725490  0.034546776925 -0.015411506469 -0.063276743655 -0.001074636740  0.004106278143  0.006082566443  0.005487693481  0.097020337952  0.398347239207  0.006765180281  0.004106278143  0.003150379948
  0.788235294118  0.030653100911 -0.011444497662 -0.070700559284 -0.001192917701  0.017510721933  0.006752050167  0.004869190037  0.072046755007  0.445082521238  0.007509796576  0.017510721933  0.003497129649
  0.792156862745  0.008683212648  0.011135501677 -0.065975001548 -0.001186193267  0.023967098159  0.006713989107  0.001379312737 -0.070101526944  0.415333631368  0.007467464126  0.023967098159  0.003477416457
  0.796078431373  0.004055432036  0.015408270251 -0.063125951603 -0.001074599092  0.037522707656  0.006082353354  0.000644198097 -0.096999964926  0.397397955253  0.006764943278  0.037522707656  0.003150269581
  0.800000000000 -0.017293894916  0.042517647080 -0.059682839660 -0.001025026507  0.044772454696  0.005801766872 -0.002747104154 -0.267662119665  0.375722469797  0.006452868079  0.044772454696  0.003004943750
  0.803921568627 -0.023670324879  0.045438277429 -0.038092435596 -0.000637706083  0.042525432865  0.003609489123 -0.003759988603 -0.286048417202  0.239804005045  0.004014562745  0.042525432865  0.001869484248
  0.807843137255 -0.037058081652  0.065136494028 -0.034346016429 -0.000560454445  0.047655494272  0.003172236043 -0.005886609727 -0.410054959683  0.216219104080  0.003528239095  0.047655494272  0.001643015150
  0.811764705882 -0.044218058491  0.065170561620  0.006350400074  0.000025929836  0.027405877091 -0.000146765828 -0.007023959191 -0.410269426004 -0.039977789490 -0.000163236571  0.027405877091 -0.000076015302
  0.815686274510 -0.041998860473  0.062856857819  0.011097386553  0.000100432457  0.027294809246 -0.000568459152 -0.006671443571 -0.395703924246 -0.069861580104 -0.000632254276  0.027294809246 -0.000294425442
  0.819607843137 -0.047065398748  0.059474949751  0.056498931582  0.000661905040  0.002582984226 -0.003746457977 -0.007476254078 -0.374413736655 -0.355678755169 -0.004166902879  0.002582984226 -0.001940425344
  0.823529411765 -0.027066523032  0.027208606705  0.060521567757  0.000699321071  0.008875767622 -0.003958236974 -0.004299468581 -0.171286838381 -0.381002530089 -0.004402448699  0.008875767622 -0.002050113305
  0.827450980392 -0.026956830488  0.021712269920  0.083756724350  0.000934208692  0.029625974152 -0.005287727689 -0.004282044118 -0.136685649104 -0.527275235463 -0.005881141032  0.029625974152 -0.002738704367
  0.831372549020  0.002551000349 -0.031042866391  0.084286883478  0.000915156688  0.038851233264 -0.005179891174  0.000405221825  0.195424723363 -0.530612755900 -0.005761202603  0.038851233264 -0.002682851957
  0.835294117647  0.008765863175 -0.035443979843  0.059476350890  0.000620077684  0.031583340080 -0.003509710371  0.001392441625  0.223131133204 -0.374422557277 -0.003903586359  0.031583340080 -0.001817805244
  0.839215686275  0.029259129677 -0.076246411490  0.055196988704  0.000558448962  0.036612674930 -0.003160884781  0.004647760210  0.479995425846 -0.347482610393 -0.003515613942  0.036612674930 -0.001637135923
  0.843137254902  0.038370156754 -0.075998605079 -0.017049459445 -0.000143535919  0.002528723936  0.000812429662  0.006095030501  0.478435405616  0.107331773219  0.000903604289  0.002528723936  0.000420786544
  0.847058823529  0.031192258466 -0.062002166157 -0.023784242556 -0.000199255064  0.002601215761  0.001127806377  0.004954834247  0.390323368229  0.149729376260  0.001254374043  0.002601215761  0.000584131489
  0.850980392157  0.036159317433 -0.056558537093 -0.091484672266 -0.000760157395  0.027859703701  0.004302577507  0.005743842645  0.356053990815  0.575925127034  0.004785432724  0.027859703701  0.002228459652
  0.854901960784  0.002497411940  0.022639309620 -0.094833500741 -0.000759164510  0.038839478327  0.004296957661  0.000396709402 -0.142521659050  0.597007068029  0.004779182193  0.038839478327  0.002225548932
  0.858823529412 -0.002569006132  0.027992863421 -0.070503051823 -0.000534097735  0.013385024279  0.003023054061 -0.000408082011 -0.176223983998  0.443839148918  0.003362315218  0.013385024279  0.001565748436
  0.862745098039 -0.027514730121  0.095863318379 -0.066115483772 -0.000481217577  0.013485169689  0.002723746342 -0.004370665473 -0.603490097832  0.416218011672  0.003029417798  0.013485169689  0.001410726202
  0.866666666667 -0.038358547373  0.093492243450  0.064331252375  0.000412644588  0.026426738754 -0.002335615403 -0.006093186372 -0.588563426527 -0.404985707218 -0.002597729003  0.026426738754 -0.001209699228
  0.870588235294 -0.013219283832  0.020248868022  0.071422237937  0.000438198322  0.040786497786 -0.002480252452 -0.002099859500 -0.127473068423 -0.449625718018 -0.002758597893  0.040786497786 -0.001284611958
  0.874509803922 -0.013318189189  0.013245582161  0.106840933777  0.000610638882  0.010719469091 -0.003456285676 -0.002115570438 -0.083385155131 -0.672597680400 -0.003844166096  0.010719469091 -0.001790134672
  0.878431372549  0.026099508904 -0.126008429689  0.104473062560  0.000566816988  0.021606591746 -0.003208248762  0.004145860124  0.793263167256 -0.657691177486 -0.003568293329  0.021606591746 -0.001661667433
  0.882352941176  0.040281457807 -0.121153431864 -0.130770489969 -0.000622372079  0.001500606511  0.003522696912  0.006398637241  0.762699410796  0.823241852256  0.003918030309  0.001500606511  0.001824531440
  0.886274509804 -0.010586734957  0.086086832233 -0.137074211923 -0.000613866006  0.004976631406  0.003474551568 -0.001681683838 -0.541944006174  0.862925788077  0.003864481871  0.004976631406  0.001799595235
  0.890196078431 -0.021339047504  0.086010489391  0.056119345554  0.000216505303  0.000007838098 -0.001225444696 -0.003389669378 -0.541463403650 -0.353289140329 -0.001362969787  0.000007838098 -0.000634701887
  0.894117647059  0.001482025208 -0.025813374916  0.061552959705  0.000220928818  0.000525298060 -0.001250482294  0.000235417043  0.162503410239 -0.387495470647 -0.001390817221  0.000525298060 -0.000647669759
  0.898039215686  0.004915008125 -0.026580594009 -0.011401870652 -0.000033914322  0.000014694061  0.000191958930  0.000780740215  0.167333298592  0.071778404414  0.000213501452  0.000014694061  0.000099422434
  0.901960784314  0.000007741043  0.003744611293 -0.013202922559 -0.000035922568  0.000021676609  0.000203325828  0.000001229651 -0.023573519819  0.083116599358  0.000226143997  0.000021676609  0.000105309760
  0.905882352941 -0.000518793542  0.003996705222  0.001070349162  0.000002246044  0.000000614280 -0.000012712865 -0.000082409423 -0.025160531331 -0.006738188616 -0.000014139562  0.000000614280 -0.000006584450
  0.909803921569 -0.000014512112 -0.000238219279  0.001351299344  0.000002522706  0.000000197017 -0.000014278802 -0.000002305223  0.001499666177 -0.008506859425 -0.000015881235  0.000000197017 -0.000007395505
  0.913725490196  0.000021408198 -0.000269416588 -0.000036125274 -0.000000043632  0.000000001536  0.000000246962  0.000003400654  0.001696063167  0.000227420098  0.000000274677  0.000000001536  0.000000127910
  0.917647058824  0.000000606674  0.000004557153 -0.000055466516 -0.000000056846  0.000000000121  0.000000321757  0.000000096369 -0.000028688729  0.000349179375  0.000000357866  0.000000000121  0.000000166649
  0.921568627451 -0.000000194577  0.000005975741  0.000000078466 -0.000000000032  0.000000000004  0.000000000183 -0.000000030908 -0.000037619188 -0.000000493966  0.000000000204  0.000000000004  0.000000000095
  0.925490196078 -0.000000001517  0.000000003388  0.000000511955  0.000000000099  0.000000000001 -0.000000000558 -0.000000000241 -0.000000021325 -0.000003222919 -0.000000000621  0.000000000001 -0.000000000289
  0.929411764706 -0.000000000120 -0.000000010426  0.000000001084 -0.000000000000  0.000000000000  0.000000000002 -0.000000000019  0.000000065631 -0.000000006824  0.000000000002  0.000000000000  0.000000000001
  0.933333333333  0.000000000004  0.000000000031  0.000000000328 -0.000000000000  0.000000000000  0.000000000001  0.000000000001 -0.000000000198 -0.000000002060  0.000000000001  0.000000000000  0.000000000001
  0.937254901961  0.000000000001  0.000000000023 -0.000000000005  0.000000000000  0.000000000000 -0.000000000000  0.000000000000 -0.000000000142  0.000000000033 -0.000000000000  0.000000000000 -0.000000000000
  0.941176470588 -0.000000000000 -0.000000000001 -0.000000000004 -0.000000000000  0.000000000000 -0.000000000000 -0.000000000000  0.000000000004  0.000000000021 -0.000000000000  0.000000000000 -0.000000000000
  0.945098039216 -0.000000000000 -0.000000000001  0.000000000000 -0.000000000000  0.000000000000 -0.000000000000  0.000000000000  0.000000000004 -0.000000000002 -0.000000000000  0.000000000000  0.000000000000
  0.949019607843  0.000000000000 -0.000000000001 -0.000000000000 -0.000000000000  0.000000000000 -0.000000000000  0.000000000000 -0.000000000000 -0.000000000001  0.000000000000  0.000000000000  0.000000000000
  0.952941176471  0.000000000000  0.000000000000  0.000000000002 -0.000000000000  0.000000000000 -0.000000000000 -0.000000000000 -0.000000000001  0.000000000000 -0.000000000000  0.000000000000  0.000000000000
  0.956862745098 -0.000000000000  0.000000000003  0.000000000000 -0.000000000000  0.000000000000 -0.000000000000  0.000000000000  0.000000000002  0.000000000002 -0.000000000000  0.000000000000  0.000000000000
  0.960784313725 -0.000000000000  0.000000000000 -0.000000000005  0.000000000000  0.000000000000  0.000000000000 -0.000000000000  0.000000000002 -0.000000000001  0.000000000000  0.000000000000 -0.000000000000
  0.964705882353  0.000000000000 -0.000000000006 -0.000000000000 -0.000000000000  0.000000000000  0.000000000000 -0.000000000000 -0.000000000001 -0.000000000004  0.000000000000  0.000000000000  0.000000000000
  0.968627450980  0.000000000000 -0.000000000001  0.000000000006 -0.000000000000  0.000000000001 -0.000000000000  0.000000000000 -0.000000000005 -0.000000000005  0.000000000000  0.000000000001  0.000000000000
  0.972549019608  0.000000000000  0.000000000002  0.000000000003 -0.000000000000  0.000000000001 -0.000000000000  0.000000000000 -0.000000000010  0.000000000006 -0.000000000000  0.000000000001  0.000000000000
  0.976470588235 -0.000000000000  0.000000000004  0.000000000003 -0.000000000000  0.000000000000 -0.000000000000  0.000000000000  0.000000000002  0.000000000018 -0.000000000000  0.000000000000 -0.000000000000
  0.980392156863 -0.000000000001  0.000000000005 -0.000000000001  0.000000000000  0.000000000000 -0.000000000000  0.000000000000  0.000000000014  0.000000000006 -0.000000000000  0.000000000000 -0.000000000000
  0.984313725490 -0.000000000001  0.000000000001 -0.000000000004  0.000000000000  0.000000000000  0.000000000000  0.000000000000  0.000000000008 -0.000000000003  0.000000000000  0.000000000000 -0.000000000000
  0.988235294118 -0.000000000000  0.000000000001 -0.000000000003  0.000000000000  0.000000000000  0.000000000000  0.000000000000  0.000000000006 -0.000000000002  0.000000000000  0.000000000000 -0.000000000000
  0.992156862745 -0.000000000000 -0.000000000001 -0.000000000005  0.000000000000  0.007843719141  0.000000000000 -0.000000000000  0.000000000004 -0.000000000005  0.000000000000  0.007843719141 -0.000000000000
  0.996078431373 -0.000000000000 -0.000000000001 -0.000000000003  0.000000000000  0.011087922158  0.000000000000 -0.000000000000  0.000000000002 -0.000000000005  0.000000000000  0.011087922158  0.000000000000
  1.000000000000  0.000000000000 -0.000000000002 -0.000000000004  0.000000000000  0.024044544368  0.000000000000 -0.000000000000  0.000000000001 -0.000000000006  0.000000000000  0.024044544368  0.000000000000
