             Rad         v_r[Re]         v_t[Re]         v_x[Re]         p[Re]          p_mg[Re]  p_no_phase[Re]         v_r[Im]         v_t[Im]         v_x[Im]         p[Im]          p_mg[Im]  p_no_phase[Im]
  0.000000000000 -0.156108021586  0.000000000000 -0.117763775686  0.059811406613  0.053333109334 -0.026015278779 -0.086193571671  0.000000000000 -0.064668921489  0.030769848942  0.053333109334  0.062027358761
  0.015625000000 -0.231222127278  0.088760952700  0.109558702155 -0.055472796020  0.441054180509  0.017902456353 -0.121545783586 -0.187059838057  0.047509106556 -0.022293148293  0.441054180509 -0.057041367582
  0.031250000000 -0.251102848542  0.183602365893  0.424856715393 -0.215297144664  0.379828172800  0.076031921381 -0.118965972933 -0.362309099152  0.197507656371 -0.093092748511  0.379828172800 -0.221896974420
  0.046875000000  0.035528096795  0.188208281477  0.697816042551 -0.353319152873  0.090065056411  0.113818898933 -0.039776562061 -0.397157077408  0.302183957449 -0.141783609723  0.090065056411 -0.363293647093
  0.062500000000  0.410928353501  0.131577745007  0.346048778421 -0.177136193742  0.254308423703  0.127212941343  0.160208234599 -0.145626452781  0.291995651582 -0.141446999142  0.254308423703 -0.187620234129
  0.078125000000  0.290974236406 -0.015241618793 -0.262169415931  0.131680083700  0.151766580127 -0.003709101642  0.244138146549  0.090448436356 -0.035092913653  0.014013314781  0.151766580127  0.132371673704
  0.093750000000 -0.087530736984 -0.075040267695 -0.343920197647  0.175477611372  0.099984339269 -0.105504512192  0.021215194305  0.096898522417 -0.248169652415  0.119542707969  0.099984339269  0.184259732520
  0.109375000000 -0.216906535895 -0.023009838741 -0.062009966617  0.032263333865  0.256522279210 -0.041976296561 -0.132756653516  0.014588461978 -0.090848075726  0.044626231349  0.256522279210  0.035642864131
  0.125000000000 -0.126962449560  0.010098125987  0.166569265403 -0.083915765576  0.209411620027  0.011655968930 -0.083148248600 -0.035779376135  0.040974180010 -0.018250878996  0.209411620027 -0.085082834253
  0.140625000000  0.086175883750  0.019058235912  0.237221326811 -0.119950695618  0.320729248081  0.032825763083 -0.050700938443 -0.045081173822  0.090943444367 -0.042301952149  0.320729248081 -0.122882438993
  0.156250000000  0.246654356860  0.028358876167 -0.028162248646  0.011865587122  0.318152715346  0.083433748954  0.070464941448  0.005846852592  0.164607954255 -0.082760762486  0.318152715346  0.005380102287
  0.171875000000 -0.005027076328 -0.010030512962 -0.336989259568  0.169356626992  0.361028472580 -0.008324259870  0.209351272043  0.052807896640 -0.052251504374  0.021587573570  0.361028472580  0.170523890221
  0.187500000000 -0.317540283344 -0.046151360542 -0.032930665086  0.020792022594  0.375385042485 -0.156836904742 -0.045115618451  0.003196685051 -0.318480445536  0.158940533545  0.375385042485  0.033114750762
  0.203125000000 -0.016705613466  0.005394371633  0.398680235512 -0.199887983625  0.379303646034 -0.007507988887 -0.317713822112 -0.053021097718  0.026956998874 -0.008093544200  0.379303646034 -0.199910834019
  0.218750000000  0.359041050195  0.051217068710  0.030413936633 -0.020808835207  0.392673183812  0.203908270687  0.037829648269 -0.002033016661  0.412758313856 -0.206156795730  0.392673183812 -0.036810992840
  0.234375000000 -0.004685915012 -0.005412784123 -0.432107113302  0.216687867290  0.377620866832  0.006647678643  0.375355794310  0.049792662030 -0.032209470309  0.010269657573  0.377620866832  0.216829209440
  0.250000000000 -0.375342884909 -0.049024013456  0.011886922242  0.000184540561  0.383306826681 -0.226192200286 -0.054671515832 -0.002950368332 -0.453055568885  0.226896580484  0.383306826681  0.017865632382
  0.265625000000  0.049667244939  0.008087900087  0.437582999316 -0.219865673889  0.360299245139  0.009149181397 -0.389519439907 -0.044381271129  0.064514973442 -0.026363099149  0.360299245139 -0.221251485941
  0.281250000000  0.367012855175  0.042982974685 -0.072191519298  0.030051278834  0.357753186282  0.227303944575  0.088876786640  0.008414615914  0.448929997861 -0.225648304293  0.357753186282  0.012375514960
  0.296875000000 -0.101835263952 -0.011474360267 -0.415573670694  0.209490060699  0.332430042581 -0.033810397336  0.369531733950  0.037556305869 -0.111726567601  0.050288519648  0.332430042581  0.212771891405
  0.312500000000 -0.336224484110 -0.035221669574  0.133731201561 -0.061362214910  0.323523366641 -0.211673308992 -0.129493792642 -0.012793898468 -0.411046989388  0.207522541330  0.323523366641 -0.045003742497
  0.328125000000  0.149301259031  0.014283920261  0.369768994215 -0.187227952775  0.298649006168  0.060533444132 -0.325109945013 -0.030063244044  0.160570384008 -0.075352941028  0.298649006168 -0.192530709664
  0.343750000000  0.287801625747  0.027091199481 -0.185103806913  0.087895603546  0.285746623828  0.184084041656  0.166372946804  0.015514866671  0.350216985934 -0.177775110676  0.285746623828  0.073774607462
  0.359375000000 -0.184635791492 -0.015892585292 -0.306808219947  0.156259808893  0.262611536210 -0.083739679287  0.265663308085  0.022603407742 -0.200541715293  0.096209307818  0.262611536210  0.163282040957
  0.375000000000 -0.228374731260 -0.019443618490  0.219846381227 -0.106277512147  0.247772291038 -0.149326846132 -0.192447943629 -0.016550670800 -0.276743609785  0.141475055667  0.247772291038 -0.094929415823
  0.390625000000  0.204333544574  0.016170492512  0.234787571902 -0.120552085270  0.226918567035  0.099864433660 -0.199747179182 -0.015744821879  0.225334559799 -0.109592119376  0.226918567035 -0.128725804646
  0.406250000000  0.165027465691  0.012782379729 -0.235671228437  0.115239193336  0.211664824205  0.111836407626  0.204281067449  0.016158387657  0.199775178020 -0.103169761503  0.211664824205  0.106848908739
  0.421875000000 -0.208047916881 -0.015291183593 -0.161674809827  0.084062888953  0.193250817091 -0.107407139981  0.134562894170  0.009869974659 -0.232775136461  0.114305620451  0.193250817091  0.092714887946
  0.437500000000 -0.104109333321 -0.007353917990  0.233504165477 -0.115143413178  0.178584930406 -0.075359856352 -0.201626592445 -0.014716913873 -0.126740214852  0.066589432335  0.178584930406 -0.109604060818
  0.453125000000  0.197707629533  0.013573945268  0.094122852854 -0.050136773402  0.162569730464  0.106571714836 -0.075588961033 -0.005170621293  0.223974497467 -0.110815779847  0.162569730464 -0.058619985561
  0.468750000000  0.050468691485  0.003214871347 -0.216438271838  0.107465650447  0.149076287953  0.042725148135  0.186544336515  0.012625230990  0.062992558807 -0.034455317917  0.149076287953  0.104453801633
  0.484375000000 -0.176619687924 -0.011372030106 -0.036818467482  0.021163397283  0.135316696017 -0.098734890957  0.026420885784  0.001675056401 -0.202191994843  0.100690319699  0.135316696017  0.028945658973
  0.500000000000 -0.007132866110 -0.000288668835  0.188724379561 -0.094290022572  0.123278851096 -0.015745991010 -0.162413175217 -0.010241306937 -0.011726849770  0.008423751619  0.123278851096 -0.093346835592
  0.515625000000  0.148657681428  0.009003629321 -0.007681055749  0.001519279690  0.111583119060  0.085900656388  0.011163932207  0.000708948000  0.171722296137 -0.086043923725  0.111583119060 -0.005190592719
  0.531250000000 -0.024646930940 -0.001585092104 -0.154903996721  0.077873038451  0.101085797116 -0.004738678936  0.133053136063  0.007850261874 -0.025850758874  0.010840153627  0.101085797116  0.078480978397
  0.546875000000 -0.117609766396 -0.006716936476  0.038749615872 -0.017538145618  0.091244075472 -0.070234437950 -0.036954268709 -0.002148355422 -0.136980695338  0.069077788604  0.091244075472 -0.012101700546
  0.562500000000  0.045107061833  0.002608998425  0.119153359431 -0.060310460523  0.082256560581  0.018720288817 -0.102059519066 -0.005653615607  0.050163390884 -0.023491616053  0.082256560581 -0.061957715095
  0.578125000000  0.086724617278  0.004679602692 -0.057277342353  0.027285973524  0.074056958651  0.053721100317  0.051934373362  0.002844211015  0.101859954469 -0.051752131981  0.074056958651  0.023170043083
  0.593750000000 -0.055559518716 -0.002995093425 -0.084863524119  0.043320930420  0.066494133075 -0.026813634042  0.072378319881  0.003772850191 -0.062803421088  0.030281645644  0.066494133075  0.045548985772
  0.609375000000 -0.058457809114 -0.002983794357  0.065168923410 -0.031675336862  0.059729378976 -0.037955405667 -0.057869044507 -0.003000058136 -0.069362336315  0.035595248371  0.059729378976 -0.028805135871
  0.625000000000  0.057955322452  0.002941565697  0.054443092957 -0.028140785759  0.053491230798  0.030029825868 -0.046104378579 -0.002261573230  0.066055637996 -0.032321077363  0.053491230798 -0.030573933724
  0.640625000000  0.034393400339  0.001659744741 -0.064854391090  0.031895558558  0.047960596474  0.024050833791  0.056908380283  0.002800463964  0.041468051690 -0.021631049458  0.047960596474  0.030112893423
  0.656250000000 -0.054492550281 -0.002618354601 -0.029303798340  0.015511046774  0.042947549991 -0.029563780624  0.024457323582  0.001121682670 -0.062468894160  0.030866394954  0.042947549991  0.017869241301
  0.671875000000 -0.015299072100 -0.000692552557  0.058876455965 -0.029205573608  0.038459515669 -0.012640551090 -0.051256708489 -0.002398864619 -0.019180717117  0.010396227141  0.038459515669 -0.028306598819
  0.687500000000  0.047308735051  0.002160362289  0.009976181010 -0.005730715042  0.034560494337  0.026619216383 -0.007880507726 -0.000320127642  0.054516807634 -0.027148359940  0.034560494337 -0.007828911895
  0.703125000000  0.001267630824  0.000038717132 -0.049586214548  0.024779495782  0.030941149247  0.003940410169  0.042928838353  0.001912972480  0.002685974666 -0.002015516720  0.030941149247  0.024547074909
  0.718750000000 -0.038272295397 -0.001666508972  0.003698876474 -0.001250536575  0.027997392794 -0.022282211960 -0.003790217748 -0.000195980282 -0.044363999452  0.022252430139  0.027997392794  0.000487359240
  0.734375000000  0.008099445513  0.000359641318  0.038953359666 -0.019608735630  0.025105261657  0.002154357385 -0.033598017072 -0.001425647234  0.008434288373 -0.003693664343  0.025105261657 -0.019836945670
  0.750000000000  0.028869091290  0.001202763658 -0.012350366588  0.005724146923  0.022870060605  0.017444375430  0.011132397981  0.000487139356  0.033734950906 -0.017050152712  0.022870060605  0.004378051090
  0.765625000000 -0.013502596677 -0.000563805102 -0.028479236455  0.014455449868  0.020609486152 -0.005961951377  0.024526187764  0.000989202963 -0.014977480857  0.007110061169  0.020609486152  0.014965565024
  0.781250000000 -0.020168455272 -0.000807441910  0.016865670638 -0.008117428323  0.018742439966 -0.012769605653 -0.014950169726 -0.000612553952 -0.023869542896  0.012174050335  0.018742439966 -0.007144040566
  0.796875000000  0.015774661253  0.000630867234  0.019190868102 -0.009846795214  0.017061491247  0.007912949039 -0.016558977457 -0.000631428940  0.017916710110 -0.008706770087  0.017061491247 -0.010495354155
  0.812500000000  0.012847312170  0.000497381045 -0.018211581421  0.008903729661  0.015185502416  0.008694483919  0.016115132313  0.000624441296  0.015542713926 -0.008025036239  0.015185502416  0.008251276138
  0.828125000000 -0.015746624222 -0.000609175478 -0.011690107568  0.006097290505  0.014051556840 -0.008465481282  0.010164786348  0.000362007033 -0.018235595301  0.008967904113  0.014051556840  0.006777601519
  0.843750000000 -0.007249879890 -0.000273987612  0.017300683842 -0.008534753397  0.011852512358 -0.005451121438 -0.015444537065 -0.000565102768 -0.009124438324  0.004800621892  0.011852512358 -0.008134694903
  0.859375000000  0.014155154542  0.000536215417  0.006232617795 -0.003346713960  0.011217137825  0.008041174437 -0.005498280049 -0.000178420851  0.016807933549 -0.008327301565  0.011217137825 -0.003985468525
  0.875000000000  0.003462402051  0.000128531949 -0.014906824771  0.007397179658  0.008529629659  0.003102148529  0.013618297311  0.000466161941  0.004658915168 -0.002533403433  0.008529629659  0.007177260922
  0.890625000000 -0.011591823053 -0.000438269146 -0.002814715485  0.001602524472  0.008312443584 -0.006982327179  0.002472182741  0.000070815112 -0.014320846240  0.007128888266  0.008312443584  0.002153192920
  0.906250000000 -0.001386015896 -0.000046395548  0.011626946181 -0.005792450108  0.005142448536 -0.001579723686 -0.011131178775 -0.000349348682 -0.001946942643  0.001131769943  0.005142448536 -0.005686638245
  0.921875000000  0.008489514067  0.000331243624  0.001250800928 -0.000778083072  0.005320908234  0.005528391632 -0.000826276601 -0.000025552579  0.011235705329 -0.005606074523  0.005320908234 -0.001212588464
  0.937500000000  0.000795166015  0.000010236077 -0.007882529810  0.003936466744  0.001731817195  0.000723276146  0.008274323498  0.000228263879  0.000621571983 -0.000417784685  0.001731817195  0.003891938603
  0.953125000000 -0.005139015382 -0.000222195413 -0.001229167355  0.000720473679  0.003183567937 -0.003809015349  0.000187877232  0.000027427244 -0.007780042637  0.003876950522  0.003183567937  0.001020406659
  0.968750000000 -0.001373332164 -0.000002215231  0.003951677940 -0.001974765967  0.000000000000 -0.000313591682 -0.005140624787 -0.000110648851 -0.000213186463  0.000160188769  0.000000000000 -0.001956277415
  0.984375000000  0.001727447580  0.000111247285  0.002338988264 -0.001224248655  0.207050452157  0.001851432957 -0.000122945735 -0.000060639155  0.003965241582 -0.001952774957  0.207050452157 -0.001372702010
  1.000000000000  0.002722093660  0.000005538103 -0.000021644002  0.000008052949  0.406174484785  0.000103338000  0.001650851572  0.000000774399  0.000205273093 -0.000103023746  0.406174484785 -0.000000000000
