             Rad         v_r[Re]         v_t[Re]         v_x[Re]         p[Re]          p_mg[Re]  p_no_phase[Re]         v_r[Im]         v_t[Im]         v_x[Im]         p[Im]          p_mg[Im]  p_no_phase[Im]
  0.250000000000  0.000000000000  0.078412094213  0.344622359030  0.006599711139  0.069663073223  0.008285254960  0.000000000000 -0.059511661352 -0.261554666161 -0.005008918309  0.069663073223 -0.000000000012
  0.252016129032 -0.015857690094  0.002429064605  0.256062819237  0.004971850976  0.083875753115  0.006241644837 -0.020893967022 -0.001843563441 -0.194341497140 -0.003773437179  0.083875753115 -0.000000000009
  0.254032258065 -0.029137891231 -0.041718299199  0.261037486328  0.005135234310  0.101414117946  0.006446755719 -0.038391854982  0.031662530111 -0.198117071638 -0.003897438632  0.101414117946 -0.000000000009
  0.256048387097 -0.042115377815 -0.092749357015  0.224414038860  0.004475280705  0.106690957936  0.005618252204 -0.055490888643  0.070393073679 -0.170321331387 -0.003396560090  0.106690957936 -0.000000000008
  0.258064516129 -0.050707769102 -0.121108441030  0.218046533505  0.004402467986  0.118746091315  0.005526843364 -0.066812155431  0.091916490712 -0.165488648035 -0.003341298131  0.118746091315 -0.000000000008
  0.260080645161 -0.061310730283 -0.164247942477  0.170770077541  0.003499065217  0.114592709972  0.004392714595 -0.080782533205  0.124657656814 -0.129607697967 -0.002655651355  0.114592709972 -0.000000000006
  0.262096774194 -0.064500886840 -0.176603071402  0.149729027048  0.003107583387  0.120599505534  0.003901249635 -0.084985858248  0.134034708351 -0.113638377366 -0.002358532214  0.120599505534 -0.000000000005
  0.264112903226 -0.071788915826 -0.208514549657  0.097522932075  0.002065722115  0.107643589827  0.002593300530 -0.094588507585  0.158254251346 -0.074016027322 -0.001567800939  0.107643589827 -0.000000000004
  0.266129032258 -0.069277955336 -0.204076904802  0.067514085518  0.001459292711  0.107959325740  0.001831991116 -0.091280085907  0.154886255370 -0.051240506125 -0.001107545137  0.107959325740 -0.000000000003
  0.268145161290 -0.072909412475 -0.223372092301  0.016800349343  0.000409291771  0.087706139425  0.000513823500 -0.096064865105  0.169530535384 -0.012750797064 -0.000310636178  0.087706139425 -0.000000000001
  0.270161290323 -0.065076808202 -0.203452868039 -0.016608537492 -0.000300790918  0.083372274931 -0.000377611897 -0.085744687678  0.154412636282  0.012605219497  0.000228288345  0.083372274931  0.000000000001
  0.272177419355 -0.065267688918 -0.210668368546 -0.060458739281 -0.001240544768  0.057904006295 -0.001557375691 -0.085996190599  0.159888914233  0.045885778896  0.000941524147  0.057904006295  0.000000000002
  0.274193548387 -0.053023460316 -0.178133422187 -0.092599382587 -0.001953392149  0.050383819261 -0.002452281873 -0.069863291855  0.135196183740  0.070279249053  0.001482546962  0.050383819261  0.000000000003
  0.276209677419 -0.050403387269 -0.175166844375 -0.125677265992 -0.002688560515  0.022066608710 -0.003375209743 -0.066411104335  0.132944669150  0.095384047173  0.002040510517  0.022066608710  0.000000000005
  0.278225806452 -0.035006338212 -0.133797075962 -0.153101026191 -0.003323681282  0.013002414302 -0.004172538198 -0.046124074300  0.101546660046  0.116197590624  0.002522541923  0.013002414302  0.000000000006
  0.280241935484 -0.030459947943 -0.123328645260 -0.173061456253 -0.003790091671  0.015764097392 -0.004758068217 -0.040133786448  0.093601537433  0.131346763289  0.002876528860  0.015764097392  0.000000000007
  0.282258064516 -0.013340547867 -0.077236173143 -0.193596814272 -0.004292134344  0.024747535550 -0.005388330884 -0.017577400336  0.058619184022  0.146932283411  0.003257559285  0.024747535550  0.000000000008
  0.284274193548 -0.007860715376 -0.062221165074 -0.199534815692 -0.004457006619  0.051718500597 -0.005595310978 -0.010357216395  0.047223389988  0.151438990357  0.003382690785  0.051718500597  0.000000000008
  0.286290322581  0.009530313362 -0.015379407278 -0.212157147150 -0.004796231181  0.059151998903 -0.006021172342  0.012557065493  0.011672358542  0.161018837991  0.003640148738  0.059151998903  0.000000000008
  0.288306451613  0.014961324005  0.001345536765 -0.204336291206 -0.004655713470  0.082357381678 -0.005844766885  0.019712922153 -0.001021208898  0.155083119335  0.003533501383  0.082357381678  0.000000000008
  0.290322580645  0.031266840406  0.045430712841 -0.208926481381 -0.004825389784  0.087007746555 -0.006057777954  0.041196941574 -0.034480104437  0.158566891143  0.003662278958  0.087007746555  0.000000000009
  0.292338709677  0.035760822299  0.061411130563 -0.188434034144 -0.004399722954  0.104810751917 -0.005523397261  0.047118176564 -0.046608606006  0.143013938599  0.003339214762  0.104810751917  0.000000000008
  0.294354838710  0.049789825294  0.099882528498 -0.185503194449 -0.004411695057  0.105718245653 -0.005538426997  0.065602679931 -0.075806867175  0.140789547819  0.003348301111  0.105718245653  0.000000000008
  0.296370967742  0.052601241224  0.113181167096 -0.153906594870 -0.003739298796  0.116832524753 -0.004694303015  0.069306979319 -0.085900005034  0.116808985217  0.002837979088  0.116832524753  0.000000000007
  0.298387096774  0.063364192991  0.143867847915 -0.144370070418 -0.003618888053  0.113335817249 -0.004543139776  0.083488159424 -0.109189975481  0.109571142389  0.002746592123  0.113335817249  0.000000000006
  0.300403225806  0.063912825714  0.153082629527 -0.103456248912 -0.002750593831  0.116837178542 -0.003453086157  0.084211033560 -0.116183628288  0.078519178856  0.002087591337  0.116837178542  0.000000000005
  0.302419354839  0.070632053589  0.174399583648 -0.088553744052 -0.002531936020  0.108632736533 -0.003178583884  0.093064235053 -0.132362348770  0.067208770285  0.001921638754  0.108632736533  0.000000000004
  0.304435483871  0.068518090612  0.178578927502 -0.040243917516 -0.001526580310  0.104013609193 -0.001916463739  0.090278894158 -0.135534304558  0.030543533044  0.001158613749  0.104013609193  0.000000000003
  0.306451612903  0.070634867075  0.189286240490 -0.021708522033 -0.001249475645  0.091303299904 -0.001568587482  0.093067942080 -0.143660729326  0.016475904956  0.000948302327  0.091303299904  0.000000000002
  0.308467741935  0.065674804893  0.187754202145  0.031771590822 -0.000172176304  0.078612660562 -0.000216149548  0.086532603387 -0.142497973145 -0.024113373996  0.000130674968  0.078612660562  0.000000000000
  0.310483870968  0.062882273870  0.186555761767  0.051248455918  0.000118420390  0.062368430403  0.000148664555  0.082853186603 -0.141588404556 -0.038895540083 -0.000089876367  0.062368430403 -0.000000000000
  0.312500000000  0.055198152957  0.178659178019  0.106959803269  0.001193794590  0.042441661320  0.001498685675  0.072728649675 -0.135595211509 -0.081178237290 -0.000906042621  0.042441661320 -0.000000000002
  0.314516129032  0.047525923670  0.163605133261  0.123114369083  0.001444599147  0.024755296402  0.001813544864  0.062619781060 -0.124169790181 -0.093438910336 -0.001096393306  0.024755296402 -0.000000000003
  0.316532258065  0.037705342136  0.148426333071  0.176952705850  0.002427318856  0.000485757704  0.003047247852  0.049680260519 -0.112649684441 -0.134300066993 -0.001842238487  0.000485757704 -0.000000000004
  0.318548387097  0.025658451729  0.116133844999  0.183578431337  0.002569652060  0.016012443662  0.003225932473  0.033807373019 -0.088140970145 -0.139328729157 -0.001950263728  0.016012443662 -0.000000000005
  0.320564516129  0.014966015891  0.092397758431  0.229854330314  0.003338192265  0.043062355239  0.004190755237  0.019719104145 -0.070126224336 -0.174450296261 -0.002533555182  0.043062355239 -0.000000000006
  0.322580645161 -0.000293668773  0.037497262789  0.218813094739  0.003279931843  0.050810187485  0.004117615301 -0.000386935652 -0.028458931331 -0.166070437528 -0.002489337838  0.050810187485 -0.000000000006
  0.324596774194 -0.009680453120  0.004649647149  0.248703587516  0.003667135964  0.073514121281  0.004603710040 -0.012754888451 -0.003528897287 -0.188756132913 -0.002783210368  0.073514121281 -0.000000000006
  0.326612903226 -0.026033697289 -0.078517978987  0.209418275943  0.003296164119  0.065512919011  0.004137993245 -0.034301793600  0.059592023685 -0.158940143659 -0.002501657490  0.065512919011 -0.000000000006
  0.328629032258 -0.030717712322 -0.114883115956  0.205688472536  0.003095732076  0.074127719416  0.003886371539 -0.040473414755  0.087191716538 -0.156109371193 -0.002349537540  0.074127719416 -0.000000000005
  0.330645161290 -0.044443560257 -0.221918939698  0.125006761162  0.002334296033  0.043305630804  0.002930467316 -0.058558483411  0.168427650344 -0.094875160671 -0.001771637863  0.043305630804 -0.000000000004
  0.332661290323 -0.039606368313 -0.234159808559  0.056775343253  0.001398169586  0.029561718724  0.001755257352 -0.052185037572  0.177717983037 -0.043090227786 -0.001061155116  0.029561718724 -0.000000000002
  0.334677419355 -0.044814516003 -0.321997133597 -0.064734593457  0.000395573565  0.014570269596  0.000496601710 -0.059047251767  0.244383019778  0.049130982181 -0.000300224605  0.014570269596 -0.000000000001
  0.336693548387 -0.026180771511 -0.240933247251 -0.214835304970 -0.001054436182  0.038052228411 -0.001323735603 -0.034495577433  0.182858753650  0.163051453275  0.000800275131  0.038052228411  0.000000000002
  0.338709677419 -0.017871777619 -0.205725050985 -0.291716274014 -0.001573834424  0.049546491004 -0.001975786393 -0.023547712811  0.156137132782  0.221401051511  0.001194477742  0.049546491004  0.000000000003
  0.340725806452  0.008808575053  0.015416117131 -0.423269134634 -0.002549958516  0.045239642616 -0.003201209265  0.011606108807 -0.011700219861  0.321244441357  0.001935317112  0.045239642616  0.000000000005
  0.342741935484  0.023004784344  0.209991536327 -0.229717296067 -0.001469282001  0.007158262317 -0.001844531636  0.030310921866 -0.159375225494  0.174346292717  0.001115126611  0.007158262317  0.000000000003
  0.344758064516  0.029953734332  0.330581511943 -0.132476201582 -0.000934678752  0.024954597733 -0.001173392532  0.039466803398 -0.250898221574  0.100544168917  0.000709384004  0.024954597733  0.000000000002
  0.346774193548  0.027349994091  0.395341247491  0.297553525493  0.001095354619  0.053507466312  0.001375104471  0.036036135854 -0.300048285603 -0.225831293258 -0.000831330598  0.053507466312 -0.000000000002
  0.348790322581 -0.004327585736  0.011553532219  0.428005022090  0.001828441026  0.021303077071  0.002295418656 -0.005701992731 -0.008768671513 -0.324838791608 -0.001387714028  0.021303077071 -0.000000000003
  0.350806451613 -0.015086505133 -0.162062401242  0.313043410128  0.001344676193  0.026774709285  0.001688101928 -0.019877859817  0.122998917927 -0.237587499722 -0.001020555758  0.026774709285 -0.000000000002
  0.352822580645 -0.032348374187 -0.458931650431  0.082368392655  0.000479643223  0.035169784820  0.000602142473 -0.042621961928  0.348310872683 -0.062514334542 -0.000364030132  0.035169784820 -0.000000000001
  0.354838709677 -0.012878948601 -0.272441313040 -0.499884809761 -0.001839004299  0.042612972218 -0.002308679753 -0.016969200794  0.206772122625  0.379392692059  0.001395731132  0.042612972218  0.000000000003
  0.356854838710  0.016186868383  0.186600214591 -0.364757767648 -0.001418979245  0.015920832467 -0.001781381727  0.021327689731 -0.141622142482  0.276836640593  0.001076948819  0.015920832467  0.000000000003
  0.358870967742  0.021262179615  0.296871038424 -0.163229756330 -0.000669131542  0.040762463644 -0.000840025466  0.028014879660 -0.225313312714  0.123884894017  0.000507844232  0.040762463644  0.000000000001
  0.360887096774  0.025762019126  0.429030841074  0.248784283509  0.000861684629  0.035196695474  0.001081755959  0.033943832603 -0.325617347423 -0.188817377963 -0.000653984368  0.035196695474 -0.000000000002
  0.362903225806 -0.009625068827 -0.055250456849  0.568517684947  0.002151603326  0.018066529976  0.002701115511 -0.012681914544  0.041932899645 -0.431482315053 -0.001632981363  0.018066529976 -0.000000000004
  0.364919354839 -0.024643279109 -0.342313789302  0.143868732798  0.000590781572  0.040754431695  0.000741665180 -0.032469789606  0.259802553541 -0.109190647072 -0.000448379720  0.040754431695 -0.000000000001
  0.366935483871 -0.021278448670 -0.319786806658 -0.064863087514 -0.000215398804  0.038121832315 -0.000270410927 -0.028036315638  0.242705469528  0.049228504061  0.000163479127  0.038121832315  0.000000000000
  0.368951612903 -0.010922267717 -0.226709801571 -0.458875891607 -0.001780011687  0.034881805275 -0.002234620629 -0.014391093541  0.172063723991  0.348268553952  0.001350958086  0.034881805275  0.000000000003
  0.370967741935  0.024638423329  0.282928221737 -0.401577611195 -0.001631927668  0.002807407501 -0.002048716454  0.032463391669 -0.214731269301  0.304781437657  0.001238568204  0.002807407501  0.000000000003
  0.372983870968  0.023046863950  0.316274206880  0.007362629537  0.000003791231  0.043393224729  0.000004759498  0.030366365622 -0.240039545979 -0.005587943035 -0.000002877393  0.043393224729 -0.000000000000
  0.375000000000  0.021088079237  0.308862486153  0.178523488573  0.000719328570  0.037938474245  0.000903042644  0.027785486380 -0.234414344684 -0.135492228615 -0.000545941779  0.037938474245 -0.000000000001
  0.377016129032 -0.001697241051  0.054368012029  0.507162445261  0.002152066509  0.040919638050  0.002701696989 -0.002236271382 -0.041263159117 -0.384916127999 -0.001633332900  0.040919638050 -0.000000000004
  0.379032258065 -0.026233727131 -0.298311627748  0.239985343788  0.001062858758  0.010747737613  0.001334309277 -0.034565351339  0.226406662722 -0.182139332615 -0.000806667532  0.010747737613 -0.000000000002
  0.381048387097 -0.022936013337 -0.279673058333  0.038537310921  0.000189791418  0.028550013160  0.000238263502 -0.030220309731  0.212260729723 -0.029248286504 -0.000144044139  0.028550013160 -0.000000000000
  0.383064516129 -0.024738300175 -0.336961545166 -0.244506383172 -0.001085125660  0.049876419399 -0.001362263070 -0.032594988612  0.255740413081  0.185570621723  0.000823567225  0.049876419399  0.000000000002
  0.385080645161  0.006497632236  0.012039341289 -0.440713492154 -0.002038553686  0.043585330874 -0.002559193377  0.008561228833 -0.009137381279  0.334484015017  0.001547181182  0.043585330874  0.000000000004
  0.387096774194  0.017260142788  0.164937652291 -0.240184841761 -0.001144071561  0.007673895665 -0.001436263553  0.022741827596 -0.125181119134  0.182290743643  0.000868304819  0.007673895665  0.000000000002
  0.389112903226  0.030153195227  0.317768015056 -0.165358381775 -0.000816420618  0.009255589934 -0.001024931673  0.039729611496 -0.241173286982  0.125500436082  0.000619630783  0.009255589934  0.000000000001
  0.391129032258  0.026349866464  0.325729025829  0.230437476168  0.001111071167  0.052332923810  0.001394834972  0.034718375605 -0.247215377578 -0.174892880775 -0.000843258833  0.052332923810 -0.000000000002
  0.393145161290  0.004639316072  0.091766856486  0.286351395855  0.001427872744  0.041507255586  0.001792546595  0.006112726156 -0.069647394848 -0.217329322329 -0.001083698632  0.041507255586 -0.000000000003
  0.395161290323 -0.005595542214 -0.005970073158  0.371338495563  0.001894973391  0.045652491674  0.002378943162 -0.007372642156  0.004531048120 -0.281831151389 -0.001438209448  0.045652491674 -0.000000000003
  0.397177419355 -0.031638294959 -0.295014668058  0.237423223443  0.001252856285  0.009301293699  0.001572831528 -0.041686367155  0.223904401426 -0.180194785159 -0.000950868099  0.009301293699 -0.000000000002
  0.399193548387 -0.025093549139 -0.257178749194 -0.010683263372 -0.000039785944  0.016403791948 -0.000049947140 -0.033063061835  0.195188443600  0.008108172065  0.000030195950  0.016403791948  0.000000000000
  0.401209677419 -0.027599585348 -0.294337734061 -0.132151394084 -0.000692190073  0.038337270837 -0.000868973067 -0.036364995321  0.223390635441  0.100297652943  0.000525344739  0.038337270837  0.000000000001
  0.403225806452 -0.005623172797 -0.107862168875 -0.374298799798 -0.002042963655  0.057632686356 -0.002564729637 -0.007409047994  0.081863096901  0.284077904583  0.001550528173  0.057632686356  0.000000000004
  0.405241935484  0.009917045911  0.057456929653 -0.269308114126 -0.001503762484  0.038460044937 -0.001887818318  0.013066621241 -0.043607524760  0.204394149245  0.001141295927  0.038460044937  0.000000000003
  0.407258064516  0.023177109062  0.177779410176 -0.291479890143 -0.001662152720  0.035801883591 -0.002086660882  0.030537975551 -0.134927502701  0.221221645553  0.001261507817  0.035801883591  0.000000000003
  0.409274193548  0.034842309534  0.318215319963 -0.030732724146 -0.000198902703  0.009634448288 -0.000249701778  0.045907951412 -0.241512773618  0.023324915500  0.000150959242  0.009634448288  0.000000000000
  0.411290322581  0.023251333143  0.223169406510  0.085266350239  0.000482234348  0.019167065796  0.000605395363  0.030635772613 -0.169376704928 -0.064713769107 -0.000365996693  0.019167065796 -0.000000000001
  0.413306451613  0.021644320070  0.228388199274  0.254641549672  0.001493476172  0.053390018476  0.001874904917  0.028518384901 -0.173337561104 -0.193262810059 -0.001133489025  0.053390018476 -0.000000000003
  0.415322580645 -0.005824584115 -0.006318948651  0.327277078644  0.001969781089  0.049469862269  0.002472856492 -0.007674425953  0.004795830746 -0.248390288105 -0.001494985516  0.049469862269 -0.000000000003
  0.417338709677 -0.011587605603 -0.064880793798  0.258016902232  0.001579822745  0.048444587717  0.001983304111 -0.015267737476  0.049241942426 -0.195824568427 -0.001199022640  0.048444587717 -0.000000000003
  0.419354838710 -0.032277370142 -0.243330728287  0.227083180135  0.001424048862  0.029728579903  0.001787746107 -0.042528407560  0.184678346417 -0.172347103473 -0.001080796457  0.029728579903 -0.000000000003
  0.421370967742 -0.029907407806 -0.251274647399 -0.009877792351 -0.000042820970  0.000459494191 -0.000053757300 -0.039405763934  0.190707465123  0.007496851592  0.000032499413  0.000459494191  0.000000000000
  0.423387096774 -0.029287569732 -0.249111278391 -0.060934649529 -0.000368272344  0.016322789965 -0.000462327851 -0.038589070192  0.189065554075  0.046246975849  0.000279504064  0.016322789965  0.000000000001
  0.425403225806 -0.017972654903 -0.182806999074 -0.278443316775 -0.001779914182  0.050712445688 -0.002234498221 -0.023680627922  0.138743242747  0.211327404783  0.001350884083  0.050712445688  0.000000000003
  0.427419354839  0.000277790953 -0.030798530589 -0.248074399453 -0.001616670582  0.045327538256 -0.002029562760  0.000366015161  0.023374859974  0.188278604194  0.001226988682  0.045327538256  0.000000000003
  0.429435483871  0.009868075503  0.036234835653 -0.312010462179 -0.002064930187  0.062570086475 -0.002592306346  0.013002098219 -0.027500799337  0.236803533304  0.001567199897  0.062570086475  0.000000000004
  0.431451612903  0.030658621724  0.212400266358 -0.190288964293 -0.001290446687  0.033450174335 -0.001620022390  0.040395557450 -0.161203355802  0.144421756818  0.000979397719  0.033450174335  0.000000000002
  0.433467741935  0.027403132115  0.195958450058 -0.101319485795 -0.000702266978  0.029566278384 -0.000881623580  0.036106150094 -0.148724671059  0.076897460621  0.000532992710  0.029566278384  0.000000000001
  0.435483870968  0.037827254956  0.288437208296  0.027639576749  0.000164975322  0.007963309878  0.000207109460  0.049840891886 -0.218912371027 -0.020977339630 -0.000125209709  0.007963309878 -0.000000000000
  0.437500000000  0.020222575102  0.172658128158  0.172843243521  0.001182753013  0.021838198695  0.001484824118  0.026645104978 -0.131040653304 -0.131181148503 -0.000897662503  0.021838198695 -0.000000000002
  0.439516129032  0.017874534199  0.158006443731  0.208951039128  0.001450270393  0.046093884041  0.001820664528  0.023551344859 -0.119920607466 -0.158585529497 -0.001100697556  0.046093884041 -0.000000000003
  0.441532258065 -0.004814283790  0.005185322173  0.310434971553  0.002198483996  0.055761734208  0.002759969345 -0.006343262237 -0.003935453328 -0.235607798571 -0.001668561928  0.055761734208 -0.000000000004
  0.443548387097 -0.013202460734 -0.066566455025  0.215621189776  0.001549719816  0.053010849137  0.001945512996 -0.017395457822  0.050521292265 -0.163647908592 -0.001176175714  0.053010849137 -0.000000000003
  0.445564516129 -0.027866432696 -0.166210020109  0.235971109744  0.001722313878  0.052138081926  0.002162186995 -0.036716591275  0.126146795712 -0.179092688607 -0.001307167743  0.052138081926 -0.000000000003
  0.447580645161 -0.033711210189 -0.227461829468  0.055717831441  0.000428086007  0.023956455261  0.000537417719 -0.044417623862  0.172634483260 -0.042287618374 -0.000324900256  0.023956455261 -0.000000000001
  0.449596774194 -0.032048140233 -0.217162666839  0.024245417736  0.000199127585  0.016944169297  0.000249984094 -0.042226376045  0.164817828383 -0.018401307912 -0.000151129918  0.016944169297 -0.000000000000
  0.451612903226 -0.031520501713 -0.232737829879 -0.148879855083 -0.001088434737  0.022439635326 -0.001366417273 -0.041531163705  0.176638757765  0.112993889614  0.000826078682  0.022439635326  0.000000000002
  0.453629032258 -0.014483069979 -0.119300677144 -0.176617976890 -0.001318581622  0.025486454183 -0.001655342892 -0.019082778431  0.090544469810  0.134046021023  0.001000751016  0.025486454183  0.000000000002
  0.455645161290 -0.010243735435 -0.100538010805 -0.261336907792 -0.001976910734  0.058272735936 -0.002481807025 -0.013497064774  0.076304352181  0.198344320622  0.001500396633  0.058272735936  0.000000000003
  0.457661290323  0.013566064144  0.057906998895 -0.249401222228 -0.001919184298  0.049511338252 -0.002409337453  0.017874538797 -0.043949109417  0.189285609917  0.001456584563  0.049511338252  0.000000000003
  0.459677419355  0.015408043278  0.073012180809 -0.216758442357 -0.001685516573  0.063554360602 -0.002115991783  0.020301515933 -0.055413341813  0.164511038076  0.001279240052  0.063554360602  0.000000000003
  0.461693548387  0.035229256717  0.204764263418 -0.170139927041 -0.001349628156  0.042859532690 -0.001694318605  0.046417789959 -0.155407933225  0.129129438795  0.001024314101  0.042859532690  0.000000000002
  0.463709677419  0.029932482449  0.183711924490 -0.048735132244 -0.000402667238  0.036253194414 -0.000505507083  0.039438802086 -0.139430045152  0.036988027359  0.000305608421  0.036253194414  0.000000000001
  0.465725806452  0.038422305889  0.240401592322 -0.003857938525 -0.000055315998  0.011437900989 -0.000069443517  0.050624926288 -0.182455248700  0.002928021925  0.000041982643  0.011437900989  0.000000000000
  0.467741935484  0.025911079266  0.178317301454  0.144702504849  0.001141419689  0.008747863454  0.001432934403  0.034140233064 -0.135335740792 -0.109823446903 -0.000866292154  0.008747863454 -0.000000000002
  0.469758064516  0.021917163701  0.152349754968  0.147147172802  0.001173251085  0.026212947396  0.001472895429  0.028877881511 -0.115627405641 -0.111678852664 -0.000890450917  0.026212947396 -0.000000000002
  0.471774193548  0.006914876121  0.073709730752  0.262907378434  0.002134305048  0.049078133985  0.002679399312  0.009110986075 -0.055942754481 -0.199536245388 -0.001619852658  0.049078133985 -0.000000000004
  0.473790322581 -0.005288592039 -0.007369048951  0.203550737167  0.001672535330  0.049932382600  0.002099695175 -0.006968207033  0.005592815114 -0.154486915058 -0.001269387805  0.049932382600 -0.000000000003
  0.475806451613 -0.015847250661 -0.064022347116  0.253832342786  0.002107993670  0.066465554926  0.002646368097 -0.020880212107  0.048590415532 -0.192648654212 -0.001599883368  0.066465554926 -0.000000000004
  0.477822580645 -0.029670585284 -0.157681103269  0.145225598211  0.001228969721  0.048005820556  0.001542844416 -0.039093728453  0.119673686993 -0.110220453963 -0.000932739147  0.048005820556 -0.000000000002
  0.479838709677 -0.030187028236 -0.160702412300  0.131748232951  0.001125476237  0.054636255633  0.001412919047 -0.039774189600  0.121966740402 -0.099991669675 -0.000854191708  0.054636255633 -0.000000000002
  0.481854838710 -0.040182292108 -0.231164667971  0.011420498741  0.000124081594  0.021756726665  0.000155771612 -0.052943870207  0.175444790435 -0.008667704394 -0.000094172996  0.021756726665 -0.000000000000
  0.483870967742 -0.029022309475 -0.171036917847 -0.039417146039 -0.000315014677  0.020652818259 -0.000395468356 -0.038239565374  0.129810219147  0.029916046371  0.000239083613  0.020652818259  0.000000000001
  0.485887096774 -0.033030792957 -0.202560911740 -0.126960438079 -0.001063754857  0.016397728230 -0.001335434237 -0.043521111500  0.153735676921  0.096357923760  0.000807347635  0.016397728230  0.000000000002
  0.487903225806 -0.013153206155 -0.095307150619 -0.181954045110 -0.001558977690  0.019685633885 -0.001957135300 -0.017330560378  0.072334337311  0.138095884607  0.001183202072  0.019685633885  0.000000000003
  0.489919354839 -0.012485829345 -0.093454740163 -0.204241379825 -0.001762378214  0.049426832567 -0.002212483627 -0.016451229972  0.070928431438  0.155011085372  0.001337574982  0.049426832567  0.000000000003
  0.491935483871  0.009913380041  0.027214427965 -0.239610109234 -0.002099148881  0.049393406340 -0.002635264379  0.013061791120 -0.020654668610  0.181854544511  0.001593170525  0.049393406340  0.000000000004
  0.493951612903  0.011901110161  0.043767173999 -0.187987442088 -0.001659986095  0.063233785870 -0.002083940909  0.015680808601 -0.033217544608  0.142674992987  0.001259863435  0.063233785870  0.000000000003
  0.495967741935  0.029881393849  0.140359906354 -0.197541695554 -0.001769620258  0.057251539614 -0.002221575265  0.039371488151 -0.106527587334  0.149926291431  0.001343071405  0.057251539614  0.000000000003
  0.497983870968  0.029861185752  0.151666256475 -0.088310935603 -0.000811463491  0.052096176395 -0.001018708512  0.039344862121 -0.115108657465  0.067024488327  0.000615868521  0.052096176395  0.000000000001
  0.500000000000  0.038228499826  0.196363831485 -0.082190634325 -0.000771369501  0.041597172161 -0.000968374652  0.050369568953 -0.149032339442  0.062379423038  0.000585438776  0.041597172161  0.000000000001
  0.502016129032  0.034611884170  0.190953242916  0.051365400830  0.000419948123  0.020285986586  0.000527201448  0.045604344775 -0.144925917877 -0.038984296620 -0.000318723926  0.020285986586 -0.000000000001
  0.504032258065  0.031495167383  0.173728533028  0.054608077186  0.000450011237  0.010096756876  0.000564942579  0.041497783393 -0.131853048034 -0.041445359025 -0.000341540633  0.010096756876 -0.000000000001
  0.506048387097  0.025147908936  0.152833920533  0.174714579553  0.001534058736  0.020100185623  0.001925852129  0.033134685874 -0.115994868051 -0.132601418135 -0.001164289577  0.020100185623 -0.000000000003
  0.508064516129  0.012264058272  0.082426040043  0.158057965737  0.001401619490  0.023756544564  0.001759588349  0.016159026161 -0.062558086618 -0.119959710620 -0.001063773455  0.023756544564 -0.000000000002
  0.510080645161  0.006104076534  0.058275892453  0.234322088744  0.002095021665  0.053785262905  0.002630083086  0.008042682953 -0.044229084957 -0.177841147243 -0.001590038133  0.053785262905 -0.000000000004
  0.512096774194 -0.012151730788 -0.042830173331  0.190101108257  0.001731221502  0.045782961890  0.002173369596 -0.016011024356  0.032506398362 -0.144279181557 -0.001313928276  0.045782961890 -0.000000000003
  0.514112903226 -0.014362212340 -0.052745825595  0.207148403367  0.001886573685  0.067654667891  0.002368398200 -0.018923537363  0.040031984122 -0.157217400638 -0.001431834405  0.067654667891 -0.000000000003
  0.516129032258 -0.032516318378 -0.156407581247  0.140606060259  0.001343639723  0.046207554056  0.001686800747 -0.042843243865  0.118707134422 -0.106714408359 -0.001019769118  0.046207554056 -0.000000000002
  0.518145161290 -0.027678462179 -0.136253679954  0.100287180145  0.000978104415  0.055342516106  0.001227908962 -0.036468922809  0.103411124785 -0.076113981684 -0.000742342355  0.055342516106 -0.000000000002
  0.520161290323 -0.040901180028 -0.216629528451  0.029015361907  0.000421538429  0.023605198166  0.000529197913 -0.053891071244  0.164413197548 -0.022021505855 -0.000319930905  0.023605198166 -0.000000000001
  0.522177419355 -0.027935152828 -0.157969434250 -0.051810608740 -0.000302455517  0.020349390125 -0.000379701629 -0.036807136377  0.119892518742  0.039322191719  0.000229551710  0.020349390125  0.000000000001
  0.524193548387 -0.033457768474 -0.197114698100 -0.100714046056 -0.000638055158  0.012638973919 -0.000801012280 -0.044083691063  0.149602217344  0.076437955935  0.000484258492  0.012638973919  0.000000000001
  0.526209677419 -0.014270714643 -0.102688312799 -0.194707596204 -0.001464665083  0.022422612182 -0.001838735574 -0.018802980721  0.077936345885  0.147775322726  0.001111622554  0.022422612182  0.000000000003
  0.528225806452 -0.012302389397 -0.093238515315 -0.187597408551 -0.001342354679  0.041470052660 -0.001685187507 -0.016209530948  0.070764325377  0.142378973043  0.001018793821  0.041470052660  0.000000000002
  0.530241935484  0.007640994535  0.019518154960 -0.262252021500 -0.001990427221  0.047379205029 -0.002498775577  0.010067713953 -0.014813503451  0.199038855537  0.001510655109  0.047379205029  0.000000000004
  0.532258064516  0.013555772663  0.072969232349 -0.161538424063 -0.001257770293  0.033114081620 -0.001579000556  0.017860978824 -0.055380745639  0.122601240085  0.000954597636  0.033114081620  0.000000000002
  0.534274193548  0.025071057807  0.162042185585 -0.187204674980 -0.001504775067  0.027298394636 -0.001889089511  0.033033427434 -0.122983575047  0.142080903880  0.001142064436  0.027298394636  0.000000000003
  0.536290322581  0.028643483958  0.237659171557  0.039495834092 -0.000240376703  0.027477454276 -0.000301768097  0.037740427871 -0.180373860395 -0.029975767474  0.000182436359  0.027477454276  0.000000000000
  0.538306451613  0.020019387516  0.197838786892  0.063249770073 -0.000070367840  0.009667997724 -0.000088339547  0.026377386623 -0.150151771942 -0.048004060279  0.000053406392  0.009667997724  0.000000000000
  0.540322580645  0.016503466623  0.236429043726  0.374197437957  0.001041888245  0.000405531697  0.001307982965  0.021744837067 -0.179440242290 -0.284000974977 -0.000790751746  0.000405531697 -0.000000000002
  0.542338709677 -0.016611718586 -0.249120862479  0.273842914728  0.001088509988  0.000000046649  0.001366511744 -0.021887468998  0.189072828017 -0.207835882571 -0.000826135795  0.000000046649 -0.000000000002
  0.544354838710 -0.005844866699 -0.199226240596 -0.213129831110 -0.000163704274  0.000843693094 -0.000205513790 -0.007701150126  0.151204794130  0.161757066436  0.000124245034  0.000843693094  0.000000000000
  0.546370967742  0.000245167487  0.056770528574 -0.053417338871 -0.000015362232  0.000055266163 -0.000019285694  0.000323030742 -0.043086573637  0.040541635995  0.000011659323  0.000055266163  0.000000000000
  0.548387096774  0.000000028202  0.001893729581  0.018266974812 -0.000021081120  0.000144953536 -0.000026465166  0.000000037159 -0.001437265445 -0.013863907472  0.000015999732  0.000144953536  0.000000000000
  0.550403225806 -0.000510061525  0.008581455910 -0.001501738101  0.000017368062  0.000784011864  0.000021803806 -0.000672053031 -0.006512983781  0.001139759500 -0.000013181669  0.000784011864 -0.000000000000
  0.552419354839  0.000033411608 -0.001048311486 -0.006567110804  0.000024415663  0.000896023307  0.000030651341  0.000044022871  0.000795626731  0.004984175949 -0.000018530518  0.000896023307 -0.000000000000
  0.554435483871  0.000087632840 -0.001111469032 -0.003723551584  0.000016993494  0.001085447239  0.000021333575  0.000115464336  0.000843560796  0.002826027579 -0.000012897387  0.001085447239 -0.000000000000
  0.556451612903  0.000473980752 -0.003631832300 -0.004330147162  0.000016477392  0.001099820501  0.000020685662  0.000624513290  0.002756416290  0.003286409501 -0.000012505685  0.001099820501 -0.000000000000
  0.558467741935  0.000541698181 -0.003211497223 -0.001081838338 -0.000003605233  0.000941830875 -0.000004525998  0.000713737239  0.002437398682  0.000821072278  0.000002736229  0.000941830875  0.000000000000
  0.560483870968  0.000656215961 -0.003425588830 -0.001085560390 -0.000003532792  0.000892787070 -0.000004435055  0.000864624959  0.002599885698  0.000823897167  0.000002681248  0.000892787070  0.000000000000
  0.562500000000  0.000664905434 -0.002913381185  0.001312810703 -0.000023949895  0.000507425371 -0.000030066617  0.000876074140  0.002211140465 -0.000996371118  0.000018177018  0.000507425371  0.000000000000
  0.564516129032  0.000569391520 -0.002294695321  0.001194264542 -0.000020865614  0.000452410810 -0.000026194621  0.000750225762  0.001741582497 -0.000906399295  0.000015836171  0.000452410810  0.000000000000
  0.566532258065  0.000539741688 -0.001873587121  0.002792270322 -0.000037591828  0.000059299812 -0.000047192654  0.000711159379  0.001421978119 -0.002119222135  0.000028530703  0.000059299812  0.000000000000
  0.568548387097  0.000306768137 -0.000923499902  0.002429186489 -0.000031383165  0.000069958450 -0.000039398319  0.000404195271  0.000700899701 -0.001843655944  0.000023818574  0.000069958450  0.000000000000
  0.570564516129  0.000273508636 -0.000663219252  0.003388319678 -0.000043196791  0.000628552441 -0.000054229105  0.000360372816  0.000503357038 -0.002571599894  0.000032784647  0.000628552441  0.000000000000
  0.572580645161 -0.000035850184  0.000406686904  0.002812435137 -0.000034523980  0.000559252736 -0.000043341287 -0.000047235919 -0.000308659188 -0.002134526428  0.000026202328  0.000559252736  0.000000000000
  0.574596774194 -0.000042293950  0.000470756832  0.003274474017 -0.000041274334  0.001103834084 -0.000051815658 -0.000055726174 -0.000357285715 -0.002485195565  0.000031325578  0.001103834084  0.000000000000
  0.576612903226 -0.000379996493  0.001545420920  0.002566031538 -0.000031089609  0.000934739894 -0.000039029789 -0.000500680373 -0.001172913022 -0.001947515895  0.000023595777  0.000934739894  0.000000000000
  0.578629032258 -0.000338100792  0.001392297413  0.002641532571 -0.000033130336  0.001420124311 -0.000041591712 -0.000445478929 -0.001056698370 -0.002004818177  0.000025144608  0.001420124311  0.000000000000
  0.580645161290 -0.000667331878  0.002394379722  0.001891068184 -0.000022519751  0.001146535371 -0.000028271219 -0.000879271204 -0.001817238993 -0.001435245551  0.000017091595  0.001146535371  0.000000000000
  0.582661290323 -0.000565104610  0.002016175568  0.001668263829 -0.000020504978  0.001541634432 -0.000025741880 -0.000744577363 -0.001530197080 -0.001266145905  0.000015562463  0.001541634432  0.000000000000
  0.584677419355 -0.000858547709  0.002888971971  0.000964413509 -0.000010608945  0.001173005541 -0.000013318433 -0.001131215669 -0.002192614841 -0.000731951502  0.000008051767  0.001173005541  0.000000000000
  0.586693548387 -0.000693147289  0.002294244277  0.000520077366 -0.000005392283  0.001460066702 -0.000006769454 -0.000913285385 -0.001741240172 -0.000394718039  0.000004092528  0.001460066702  0.000000000000
  0.588709677419 -0.000932007641  0.002998471393 -0.000054732236  0.000002671846  0.001018648521  0.000003354227 -0.001228005895 -0.002275720548  0.000041539591 -0.000002027825  0.001018648521 -0.000000000000
  0.590725806452 -0.000709150045  0.002215347994 -0.000648507265  0.000010121823  0.001192577859  0.000012706902 -0.000934370490 -0.001681361031  0.000492191225 -0.000007682061  0.001192577859 -0.000000000000
  0.592741935484 -0.000882695206  0.002729910310 -0.001021842603  0.000015351691  0.000711323524  0.000019272461 -0.001163032221 -0.002071893366  0.000775537900 -0.000011651323  0.000711323524 -0.000000000000
  0.594758064516 -0.000615832253  0.001807029366 -0.001696095283  0.000024042306  0.000778449995  0.000030182629 -0.000811415705 -0.001371463429  0.001287268872 -0.000018247154  0.000778449995 -0.000000000000
  0.596774193548 -0.000720982649  0.002129715575 -0.001810626918  0.000025650294  0.000297953861  0.000032201292 -0.000949961035 -0.001616369430  0.001374193828 -0.000019467553  0.000297953861 -0.000000000000
  0.598790322581 -0.000430036425  0.001134222677 -0.002501981099  0.000034659694  0.000273912639  0.000043511662 -0.000566612591 -0.000860829908  0.001898904159 -0.000026305329  0.000273912639 -0.000000000000
  0.600806451613 -0.000470618279  0.001280637353 -0.002321300587  0.000032165486  0.000161587230  0.000040380443 -0.000620082922 -0.000971952825  0.001761774836 -0.000024412325  0.000161587230 -0.000000000000
  0.602822580645 -0.000180130431  0.000293216393 -0.002976416526  0.000040730078  0.000254842188  0.000051132401 -0.000237338431 -0.000222539582  0.002258981781 -0.000030912509  0.000254842188 -0.000000000000
  0.604838709677 -0.000165596115  0.000293475144 -0.002490159683  0.000034029960  0.000602105884  0.000042721097 -0.000218188131 -0.000222735964  0.001889932175 -0.000025827387  0.000602105884 -0.000000000000
  0.606854838710  0.000097688875 -0.000599065067 -0.003070241856  0.000041611190  0.000739882107  0.000052238546  0.000128714089  0.000454666563  0.002330191476 -0.000031581238  0.000739882107 -0.000000000000
  0.608870967742  0.000154066918 -0.000705596591 -0.002297164352  0.000031010882  0.000961472669  0.000038930956  0.000202997353  0.000535519753  0.001743456393 -0.000023536026  0.000961472669 -0.000000000000
  0.610887096774  0.000364008012 -0.001419256238 -0.002781021565  0.000037330712  0.001120063283  0.000046864849  0.000479614077  0.001077159046  0.002110684776 -0.000028332526  0.001120063283 -0.000000000000
  0.612903225806  0.000447301749 -0.001590425838 -0.001769081013  0.000023533745  0.001188739972  0.000029544183  0.000589361246  0.001207069965  0.001342662138 -0.000017861176  0.001188739972 -0.000000000000
  0.614919354839  0.000581266126 -0.002053300818 -0.002153811697  0.000028573047  0.001348776760  0.000035870506  0.000765871650  0.001558373668  0.001634657429 -0.000021685806  0.001348776760 -0.000000000000
  0.616935483871  0.000677143373 -0.002250832987 -0.000976856235  0.000012623098  0.001250910663  0.000015846994  0.000892198751  0.001708292729  0.000741395036 -0.000009580429  0.001250910663 -0.000000000000
  0.618951612903  0.000718662423 -0.002411514910 -0.001275832106  0.000016583052  0.001399865102  0.000020818308  0.000946903924  0.001830243919  0.000968305833 -0.000012585877  0.001399865102 -0.000000000000
  0.620967741935  0.000815413966 -0.002606823428 -0.000027059393 -0.000000234792  0.001137411478 -0.000000294757  0.001074382991  0.001978475317  0.000020537004  0.000000178198  0.001137411478  0.000000000000
  0.622983870968  0.000756248220 -0.002440774017 -0.000265433602  0.000002997595  0.001270880853  0.000003763171  0.000996426673  0.001852450417  0.000201453549 -0.000002275056  0.001270880853 -0.000000000000
  0.625000000000  0.000846299839 -0.002619003980  0.000951710938 -0.000013290675  0.000861616148 -0.000016685068  0.001115077973  0.001987719872 -0.000722310756  0.000010087094  0.000861616148  0.000000000000
  0.627016129032  0.000687631365 -0.002132019903  0.000743291922 -0.000010373568  0.000983210209 -0.000013022942  0.000906017647  0.001618118323 -0.000564129010  0.000007873126  0.000983210209  0.000000000000
  0.629032258065  0.000768321361 -0.002293673642  0.001825719989 -0.000024766633  0.000459161122 -0.000031091947  0.001012334148  0.001740807083 -0.001385648869  0.000018796889  0.000459161122  0.000000000000
  0.631048387097  0.000520897054 -0.001521931613  0.001618209487 -0.000021788601  0.000579013959 -0.000027353336  0.000686329838  0.001155085572 -0.001228156650  0.000016536682  0.000579013959  0.000000000000
  0.633064516129  0.000594407733 -0.001681804637  0.002474008823 -0.000033094745  0.000016760449 -0.000041547030  0.000783186927  0.001276422840 -0.001877674314  0.000025117595  0.000016760449  0.000000000000
  0.635080645161  0.000277589593 -0.000688419397  0.002246723371 -0.000029803781  0.000115379169 -0.000037415566  0.000365749852  0.000522482946 -0.001705173694  0.000022619885  0.000115379169  0.000000000000
  0.637096774194  0.000350047601 -0.000871985623  0.002804850949 -0.000037127904  0.000502517963 -0.000046610244  0.000461219950  0.000661802412 -0.002128770331  0.000028178602  0.000502517963  0.000000000000
  0.639112903226 -0.000010132666  0.000259533226  0.002550804547 -0.000033462039  0.000343534297 -0.000042008131 -0.000013350721 -0.000196975398 -0.001935959214  0.000025396357  0.000343534297  0.000000000000
  0.641129032258  0.000069753415  0.000021753083  0.002768446706 -0.000036294126  0.000932625159 -0.000045563523  0.000091906548 -0.000016509725 -0.002101140959  0.000027545798  0.000932625159  0.000000000000
  0.643145161290 -0.000303801324  0.001196355771  0.002497359710 -0.000032414389  0.000735284480 -0.000040692913 -0.000400286221 -0.000907986455 -0.001895396709  0.000024601232  0.000735284480  0.000000000000
  0.645161290323 -0.000207686455  0.000875589608  0.002364047769 -0.000030673299  0.001248621409 -0.000038507155 -0.000273646030 -0.000664537693 -0.001794218247  0.000023279814  0.001248621409  0.000000000000
  0.647177419355 -0.000563826129  0.001996762992  0.002102474384 -0.000026957978  0.001007670848 -0.000033842954 -0.000742892848 -0.001515463707 -0.001595694449  0.000020460033  0.001007670848  0.000000000000
  0.649193548387 -0.000444522216  0.001572896249  0.001640462871 -0.000020985832  0.001407037702 -0.000026345542 -0.000585698955 -0.001193765704 -0.001245046084  0.000015927412  0.001407037702  0.000000000000
  0.651209677419 -0.000754864234  0.002552718004  0.001428909068 -0.000017985948  0.001125817331 -0.000022579498 -0.000994603143 -0.001937411452 -0.001084485160  0.000013650619  0.001125817331  0.000000000000
  0.653225806452 -0.000609195611  0.002020220461  0.000689808434 -0.000008494752  0.001385350053 -0.000010664283 -0.000802671319 -0.001533266993 -0.000523537170  0.000006447179  0.001385350053  0.000000000000
  0.655241935484 -0.000850636093  0.002788156634  0.000577166453 -0.000006856388  0.001076836856 -0.000008607487 -0.001120791387 -0.002116100010 -0.000438046386  0.000005203726  0.001076836856  0.000000000000
  0.657258064516 -0.000680622029  0.002160046492 -0.000364692954  0.000005165384  0.001185094442  0.000006484606 -0.000896782201 -0.001639389390  0.000276787449 -0.000003920321  0.001185094442 -0.000000000000
  0.659274193548 -0.000837524648  0.002669433896 -0.000328651966  0.000004801160  0.000871432570  0.000006027360 -0.001103515851 -0.002025994173  0.000249433773 -0.000003643890  0.000871432570 -0.000000000000
  0.661290322581 -0.000651010484  0.001978560105 -0.001385228798  0.000018209322  0.000831705775  0.000022859922 -0.000857766265 -0.001501648439  0.001051333572 -0.000013820152  0.000831705775 -0.000000000000
  0.663306451613 -0.000716458489  0.002210031479 -0.001158246676  0.000015314662  0.000542215782  0.000019225975 -0.000944000037 -0.001677326007  0.000879063167 -0.000011623220  0.000542215782 -0.000000000000
  0.665322580645 -0.000526831651  0.001507328002 -0.002237978675  0.000028941449  0.000371094962  0.000036332997 -0.000694149216 -0.001144002012  0.001698536818 -0.000021965409  0.000371094962 -0.000000000000
  0.667338709677 -0.000502814494  0.001468851716 -0.001793360446  0.000023202201  0.000138978119  0.000029127965 -0.000662504400 -0.001114800042  0.001361089262 -0.000017609548  0.000138978119 -0.000000000000
  0.669354838710 -0.000327800963  0.000818649687 -0.002811211833  0.000035982787  0.000136570076  0.000045172669 -0.000431907956 -0.000621322557  0.002133597989 -0.000027309505  0.000136570076 -0.000000000000
  0.671370967742 -0.000224348479  0.000542309718 -0.002144313005  0.000027376055  0.000278419052  0.000034367806 -0.000295599781 -0.000411591510  0.001627448299 -0.000020777337  0.000278419052 -0.000000000000
  0.673387096774 -0.000084020353  0.000015224175 -0.003030404472  0.000038453709  0.000625025140  0.000048274655 -0.000110704552 -0.000011554543  0.002299956486 -0.000029184836  0.000625025140 -0.000000000000
  0.675403225806  0.000082564551 -0.000448702922 -0.002162515367  0.000027290150  0.000648541090  0.000034259961  0.000108786399  0.000340547674  0.001641263168 -0.000020712139  0.000648541090 -0.000000000000
  0.677419354839  0.000168320504 -0.000784427610 -0.002868284713  0.000036087636  0.001030887516  0.000045304295  0.000221777764  0.000595349362  0.002176914035 -0.000027389081  0.001030887516 -0.000000000000
  0.679435483871  0.000377864035 -0.001375193785 -0.001847206492  0.000023010819  0.000917071060  0.000028887704  0.000497870663  0.001043717396  0.001401956271 -0.000017464296  0.000917071060 -0.000000000000
  0.681451612903  0.000392080794 -0.001462745145 -0.002348412061  0.000029260632  0.001302212118  0.000036733698  0.000516602552  0.001110165397  0.001782351366 -0.000022207656  0.001302212118 -0.000000000000
  0.683467741935  0.000623231436 -0.002117527776 -0.001245461970  0.000015201540  0.001044476296  0.000019083961  0.000821164811  0.001607119375  0.000945256107 -0.000011537364  0.001044476296 -0.000000000000
  0.685483870968  0.000554422772 -0.001919762358 -0.001541794347  0.000018933439  0.001405446123  0.000023768974  0.000730503059  0.001457023287  0.001170160598 -0.000014369727  0.001405446123 -0.000000000000
  0.687500000000  0.000787262933 -0.002581557822 -0.000445467570  0.000005024394  0.001011575075  0.000006307607  0.001037291413  0.001959299727  0.000338092171 -0.000003813315  0.001011575075 -0.000000000000
  0.689516129032  0.000631446644 -0.002087257838 -0.000557012647  0.000006514629  0.001329825581  0.000008178443  0.000831989104  0.001584145696  0.000422750448 -0.000004944344  0.001329825581 -0.000000000000
  0.691532258065  0.000849673891 -0.002711202447  0.000436003775 -0.000006027452  0.000822222365 -0.000007566843  0.001119523597  0.002057694842 -0.000330909527  0.000004574596  0.000822222365  0.000000000000
  0.693548387097  0.000611555943 -0.001938432024  0.000474772959 -0.000006335635  0.001088614039 -0.000007953734  0.000805781273  0.001471192822 -0.000360333796  0.000004808495  0.001088614039  0.000000000000
  0.695564516129  0.000803956877 -0.002495740332  0.001270158721 -0.000016342385  0.000502737395 -0.000020516175  0.001059287221  0.001894167665 -0.000963999960  0.000012403221  0.000502737395  0.000000000000
  0.697580645161  0.000497081221 -0.001491748663  0.001417854215 -0.000017933693  0.000717022779 -0.000022513898  0.000654950285  0.001132177913 -0.001076094966  0.000013610960  0.000717022779  0.000000000000
  0.699596774194  0.000658130476 -0.001970829175  0.001934473624 -0.000024418110  0.000098152187 -0.000030654413  0.000867147509  0.001495780971 -0.001468188553  0.000018532375  0.000098152187  0.000000000000
  0.701612903226  0.000303933983 -0.000808395225  0.002150541809 -0.000026800632  0.000267113447 -0.000033645422  0.000400461012  0.000613539829 -0.001632175713  0.000020340614  0.000267113447  0.000000000000
  0.703629032258  0.000433481956 -0.001213129931  0.002330145948 -0.000029072599  0.000334194447 -0.000036497642  0.000571152396  0.000920717376 -0.001768488113  0.000022064947  0.000334194447  0.000000000000
  0.705645161290  0.000059338703  0.000016291139  0.002581699245 -0.000031859192  0.000199597043 -0.000039995922  0.000078184206 -0.000012364327 -0.001959407062  0.000024179860  0.000199597043  0.000000000000
  0.707661290323  0.000161485608 -0.000329304118  0.002396260022 -0.000029608823  0.000732819648 -0.000037170816  0.000212772160  0.000249928731 -0.001818666066  0.000022471919  0.000732819648  0.000000000000
  0.709677419355 -0.000202039972  0.000866245694  0.002662958327 -0.000032572511  0.000620788832 -0.000040891419 -0.000266206269 -0.000657446034 -0.002021079474  0.000024721240  0.000620788832  0.000000000000
  0.711693548387 -0.000120668017  0.000559073393  0.002118670092 -0.000025910414  0.001040866332 -0.000032527846 -0.000158991224 -0.000424314473 -0.001607986348  0.000019664974  0.001040866332  0.000000000000
  0.713709677419 -0.000443032082  0.001621089478  0.002394921619 -0.000029006057  0.000942026948 -0.000036414106 -0.000583735566 -0.001230342449 -0.001817650271  0.000022014444  0.000942026948  0.000000000000
  0.715725806452 -0.000375302940  0.001332586853  0.001532316422 -0.000018455060  0.001214230489 -0.000023168420 -0.000494496185 -0.001011380429 -0.001162967229  0.000014006657  0.001214230489  0.000000000000
  0.717741935484 -0.000629264211  0.002173266323  0.001826462070 -0.000021804867  0.001124241069 -0.000027373756 -0.000829113547 -0.001649422716 -0.001386212079  0.000016549027  0.001124241069  0.000000000000
  0.719758064516 -0.000569510057  0.001890670508  0.000716556295 -0.000008243809  0.001227856661 -0.000010349250 -0.000750381946 -0.001434943730 -0.000543837733  0.000006256723  0.001227856661  0.000000000000
  0.721774193548 -0.000734072923  0.002443532569  0.001047129072 -0.000012089834  0.001148889052 -0.000015177537 -0.000967208676 -0.001854544049 -0.000794729325  0.000009175703  0.001148889052  0.000000000000
  0.723790322581 -0.000679669087  0.002165597016 -0.000216015601  0.000003344030  0.001079220238  0.000004198084 -0.000895526613 -0.001643602017  0.000163947251 -0.000002537986  0.001079220238 -0.000000000000
  0.725806451613 -0.000742310736  0.002392629710  0.000173540356 -0.000001287915  0.001019969188 -0.000001616844 -0.000978062754 -0.001815910803 -0.000131710229  0.000000977476  0.001019969188  0.000000000000
  0.727822580645 -0.000694570226  0.002131776372 -0.001135979806  0.000014750485  0.000788345117  0.000018517708 -0.000915160235 -0.001617933493  0.000862163499 -0.000011195031  0.000788345117 -0.000000000000
  0.729838709677 -0.000652451377  0.002027422903 -0.000668613873  0.000009079745  0.000762431122  0.000011398681 -0.000859664774 -0.001538733360  0.000507451341 -0.000006891165  0.000762431122 -0.000000000000
  0.731854838710 -0.000616630673  0.001808931420 -0.001916816596  0.000024465373  0.000394132604  0.000030713746 -0.000812467697 -0.001372907013  0.001454787571 -0.000018568245  0.000394132604 -0.000000000000
  0.733870967742 -0.000476600456  0.001400402705 -0.001364734240  0.000017621509  0.000417016062  0.000022121982 -0.000627964990 -0.001062849964  0.001035779017 -0.000013374025  0.000417016062 -0.000000000000
  0.735887096774 -0.000460933939  0.001258401661 -0.002455526930  0.000031247365  0.000052704208  0.000039227836 -0.000607322912 -0.000955076819  0.001863647292 -0.000023715508  0.000052704208 -0.000000000000
  0.737903225806 -0.000238276073  0.000602131254 -0.001830919521  0.000023277581  0.000032140886  0.000029222596 -0.000313950669 -0.000456993677  0.001389595107 -0.000017666758  0.000032140886 -0.000000000000
  0.739919354839 -0.000252110454  0.000572587141 -0.002691278718  0.000034306065  0.000499176324  0.000043067718 -0.000332178740 -0.000434570870  0.002042573524 -0.000026036939  0.000499176324 -0.000000000000
  0.741935483871  0.000031862758 -0.000253064082 -0.002029745760  0.000025468356  0.000345851343  0.000031972888  0.000041982117  0.000192065575  0.001540496315 -0.000019329470  0.000345851343 -0.000000000000
  0.743951612903 -0.000019431034 -0.000141579341 -0.002618626822  0.000033413516  0.000900341979  0.000041947215 -0.000025602177  0.000107453089  0.001987433624 -0.000025359530  0.000900341979 -0.000000000000
  0.745967741935  0.000301781109 -0.001046962755 -0.001978282719  0.000024160618  0.000681961886  0.000030331158  0.000397624402  0.000794603097  0.001501437914 -0.000018336948  0.000681961886 -0.000000000000
  0.747983870968  0.000209087244 -0.000783052854 -0.002291143517  0.000028919577  0.001227945741  0.000036305539  0.000275491699  0.000594305977  0.001738886819 -0.000021948809  0.001227945741 -0.000000000000
  0.750000000000  0.000544309070 -0.001680317059 -0.001744017878  0.000019833229  0.000958614277  0.000024898568  0.000717177325  0.001275293827  0.001323640216 -0.000015052632  0.000958614277 -0.000000000000
  0.752016129032  0.000412285608 -0.001277162832 -0.001811070787  0.000021658193  0.001474491567  0.000027189621  0.000543224256  0.000969315801  0.001374530708 -0.000016437707  0.001474491567 -0.000000000000
  0.754032258065  0.000742364590 -0.002093918063 -0.001425578617  0.000013342282  0.001176055686  0.000016749855  0.000978133711  0.001589200542  0.001081957480 -0.000010126261  0.001176055686 -0.000000000000
  0.756048387097  0.000579538062 -0.001590305375 -0.001302598658  0.000012754805  0.001650610584  0.000016012339  0.000763594766  0.001206978539  0.000988620582 -0.000009680390  0.001650610584 -0.000000000000
  0.758064516129  0.000891415875 -0.002280587391 -0.001120089582  0.000005714292  0.001346388083  0.000007173703  0.001174522506  0.001730875139  0.000850103451 -0.000004336921  0.001346388083 -0.000000000000
  0.760080645161  0.000710994035 -0.001732413016 -0.000872813300  0.000003379562  0.001776104097  0.000004242691  0.000936800117  0.001314832587  0.000662430586 -0.000002564953  0.001776104097 -0.000000000000
  0.762096774194  0.000997890060 -0.002280886827 -0.000887956643 -0.000002072344  0.001483713092 -0.000002601614  0.001314812050  0.001731102399  0.000673923781  0.000001572827  0.001483713092  0.000000000000
  0.764112903226  0.000813969872 -0.001744623514 -0.000574676681 -0.000005477146  0.001868636442 -0.000006875991  0.001072480264  0.001324099870  0.000436156748  0.000004156936  0.001868636442  0.000000000000
  0.766129032258  0.001073758185 -0.002161823362 -0.000733187858 -0.000009245877  0.001595555216 -0.000011607243  0.001414775291  0.001640737963  0.000556460428  0.000007017253  0.001595555216  0.000000000000
  0.768145161290  0.000896990824 -0.001677962734 -0.000393110376 -0.000013132379  0.001936152669 -0.000016486344  0.001181868014  0.001273506988  0.000298355143  0.000009966953  0.001936152669  0.000000000000
  0.770161290323  0.001129699367 -0.001989070906 -0.000613340318 -0.000015300215  0.001680366812 -0.000019207837  0.001488482950  0.001509625719  0.000465500911  0.000011612254  0.001680366812  0.000000000000
  0.772177419355  0.000964605890 -0.001574906906 -0.000267052760 -0.000019221497  0.001977036786 -0.000024130603  0.001270957090  0.001195291713  0.000202682425  0.000014588352  0.001977036786  0.000000000000
  0.774193548387  0.001170516852 -0.001808185783 -0.000475431098 -0.000019975818  0.001731821746 -0.000025077574  0.001542263745  0.001372341104  0.000360833297  0.000015160851  0.001731821746  0.000000000000
  0.776209677419  0.001015879430 -0.001461962866 -0.000135830717 -0.000023639814  0.001986385817 -0.000029677343  0.001338514702  0.001109571678  0.000103090112  0.000017941679  0.001986385817  0.000000000000
  0.778225806452  0.001195233677 -0.001641600867 -0.000294011209 -0.000023215748  0.001745603078 -0.000029144972  0.001574830439  0.001245909777  0.000223142816  0.000017619830  0.001745603078  0.000000000000
  0.780241935484  0.001046986929 -0.001351871653  0.000023739473 -0.000026475378  0.001962482711 -0.000033237100  0.001379501696  0.001026016825 -0.000018017316  0.000020093759  0.001962482711  0.000000000000
  0.782258064516  0.001200885710 -0.001495740565 -0.000083617377 -0.000025124444  0.001723261683 -0.000031541142  0.001582277512  0.001135207608  0.000063462264  0.000019068454  0.001723261683  0.000000000000
  0.784274193548  0.001055318546 -0.001249145258  0.000195626135 -0.000027950297  0.001908981235 -0.000035088708  0.001390479368  0.000948051576 -0.000148472457  0.000021213164  0.001908981235  0.000000000000
  0.786290322581  0.001186434893 -0.001369398121  0.000119734344 -0.000025919786  0.001671492057 -0.000032539611  0.001563237230  0.001039318717 -0.000090873606  0.000019672086  0.001671492057  0.000000000000
  0.788306451613  0.001041811874 -0.001154547459  0.000349869612 -0.000028358715  0.001833132808 -0.000035601435  0.001372683084  0.000876255609 -0.000265537122  0.000021523137  0.001833132808  0.000000000000
  0.790322580645  0.001154090140 -0.001259084949  0.000285479747 -0.000025871301  0.001599099955 -0.000032478744  0.001520620040  0.000955595407 -0.000216667776  0.000019635289  0.001599099955  0.000000000000
  0.792338709677  0.001010514125 -0.001067541033  0.000465995664 -0.000028002981  0.001742945421 -0.000035154848  0.001331445418  0.000810221191 -0.000353672178  0.000021253149  0.001742945421  0.000000000000
  0.794354838710  0.001108235356 -0.001161381495  0.000401333278 -0.000025240777  0.001514355717 -0.000031687186  0.001460202139  0.000881442370 -0.000304595998  0.000019156746  0.001514355717  0.000000000000
  0.796370967742  0.000966748890 -0.000987317189  0.000539406465 -0.000027145891  0.001645279727 -0.000034078859  0.001273780691  0.000749334484 -0.000409388057  0.000020602652  0.001645279727  0.000000000000
  0.798387096774  0.001053711838 -0.001073612116  0.000470430290 -0.000024244974  0.001423732999 -0.000030437058  0.001388362382  0.000814828902 -0.000357037883  0.000018400971  0.001423732999  0.000000000000
  0.800403225806  0.000915516072 -0.000913132425  0.000576140304 -0.000025989561  0.001545193255 -0.000032627206  0.001206276734  0.000693031198 -0.000437267580  0.000019725043  0.001545193255  0.000000000000
  0.802419354839  0.000994667248 -0.000993851519  0.000503062993 -0.000023044169  0.001331740698 -0.000028929572  0.001310565697  0.000754293781 -0.000381804807  0.000017489608  0.001331740698  0.000000000000
  0.804435483871  0.000860729370 -0.000844376617  0.000585891645 -0.000024676091  0.001446052192 -0.000030978281  0.001134090209  0.000640848274 -0.000444668460  0.000018728172  0.001446052192  0.000000000000
  0.806451612903  0.000934159156 -0.000920750517  0.000510386938 -0.000021747586  0.001241264188 -0.000027301846  0.001230840715  0.000698813027 -0.000387363390  0.000016505553  0.001241264188  0.000000000000
  0.808467741935  0.000805114676 -0.000780558277  0.000577764472 -0.000023298969  0.001349922100 -0.000029249447  0.001060812729  0.000592412692 -0.000438500258  0.000017682991  0.001349922100  0.000000000000
  0.810483870968  0.000874222620 -0.000853358723  0.000501566312 -0.000020425255  0.001154018149 -0.000025641796  0.001151868809  0.000647665336 -0.000380668885  0.000015501956  0.001154018149  0.000000000000
  0.812500000000  0.000750416366 -0.000721274250  0.000558747681 -0.000021916605  0.001257969196 -0.000027514031  0.000988742668  0.000547418473 -0.000424067271  0.000016633831  0.001257969196  0.000000000000
  0.814516129032  0.000816106390 -0.000790989432  0.000483183302 -0.000019119883  0.001070937209 -0.000024003036  0.001075295324  0.000600329524 -0.000366716912  0.000014511231  0.001070937209  0.000000000000
  0.816532258065  0.000697671063 -0.000666183560  0.000533662565 -0.000020563848  0.001170776846 -0.000025815785  0.000919245873  0.000505606830 -0.000405028665  0.000015607143  0.001170776846  0.000000000000
  0.818548387097  0.000760515514 -0.000733127150  0.000459612130 -0.000017856249  0.000992461962 -0.000022416674  0.001002049226  0.000556414353 -0.000348827329  0.000013552183  0.000992461962  0.000000000000
  0.820564516129  0.000647443804 -0.000614988792  0.000505625525 -0.000019260450  0.001088566962 -0.000024179503  0.000853066835  0.000466752037 -0.000383749667  0.000014617915  0.001088566962  0.000000000000
  0.822580645161  0.000707802670 -0.000679367453  0.000433617998 -0.000016647827  0.000918731402 -0.000020899626  0.000932595199  0.000515612881 -0.000329098817  0.000012635039  0.000918731402  0.000000000000
  0.824596774194  0.000600000955 -0.000567423827  0.000476563146 -0.000018016779  0.001011345025 -0.000022618203  0.000790556512  0.000430652120 -0.000361692476  0.000013674019  0.001011345025  0.000000000000
  0.826612903226  0.000658102015 -0.000629378886  0.000406886364 -0.000015501155  0.000849706239 -0.000019460098  0.000867110010  0.000477673547 -0.000308810570  0.000011764761  0.000849706239  0.000000000000
  0.828629032258  0.000555426545 -0.000523246028  0.000447624186 -0.000016837507  0.000938991422 -0.000021137749  0.000731825622  0.000397122928 -0.000339728957  0.000012778998  0.000938991422  0.000000000000
  0.830645161290  0.000611416865 -0.000582879122  0.000380411852 -0.000014418606  0.000785245568 -0.000018101069  0.000805598024  0.000442382074 -0.000288717468  0.000010943148  0.000785245568  0.000000000000
  0.832661290323  0.000513696822 -0.000482231315  0.000419468425 -0.000015723913  0.000871317540 -0.000019739747  0.000676842869  0.000365994391 -0.000318359853  0.000011933824  0.000871317540  0.000000000000
  0.834677419355  0.000567674905 -0.000539620124  0.000354759948 -0.000013400101  0.000725153581 -0.000016822442  0.000747963965  0.000409550215 -0.000269248693  0.000010170144  0.000725153581  0.000000000000
  0.836693548387  0.000474726598 -0.000444171030  0.000392455881 -0.000014675293  0.000808099609 -0.000018423314  0.000625496011  0.000337108149 -0.000297858407  0.000011137964  0.000808099609  0.000000000000
  0.838709677419  0.000526762109 -0.000499378903  0.000330234782 -0.000012444159  0.000669207617 -0.000015622355  0.000694057588  0.000379008729 -0.000250635067  0.000009444622  0.000669207617  0.000000000000
  0.840725806452  0.000438397498 -0.000408869897  0.000366766066 -0.000013689823  0.000749098839 -0.000017186158  0.000577629076  0.000310315993 -0.000278360859  0.000010390032  0.000749098839  0.000000000000
  0.842741935484  0.000488543195 -0.000461951699  0.000306983640 -0.000011548520  0.000617174781 -0.000014497972  0.000643700649  0.000350602969 -0.000232988375  0.000008764867  0.000617174781  0.000000000000
  0.844758064516  0.000404574910 -0.000376144633  0.000342471397 -0.000012765067  0.000694073219 -0.000016025222  0.000533064702  0.000285478818 -0.000259922171  0.000009688178  0.000694073219  0.000000000000
  0.846774193548  0.000452873799 -0.000427150276  0.000285060949 -0.000010710522  0.000568821641 -0.000013445952  0.000596702935  0.000324190074 -0.000216349924  0.000008128860  0.000568821641  0.000000000000
  0.848790322581  0.000373118036 -0.000345822951  0.000319581732 -0.000011898286  0.000642784310 -0.000014937068  0.000491617373  0.000262465868 -0.000242549826  0.000009030326  0.000642784310  0.000000000000
  0.850806451613  0.000419607613 -0.000394799502  0.000264467000 -0.000009927326  0.000523919772 -0.000012462731  0.000552871671  0.000299637122 -0.000200719936  0.000007534446  0.000523919772  0.000000000000
  0.852822580645  0.000343885752 -0.000317742795  0.000298071128 -0.000011086621  0.000595001042 -0.000013918106  0.000453101146  0.000241154146 -0.000226224133  0.000008414304  0.000595001042  0.000000000000
  0.854838709677  0.000388600485 -0.000364735704  0.000245171211 -0.000009196048  0.000482248816 -0.000011544687  0.000512016926  0.000276819895 -0.000186075200  0.000006979434  0.000482248816  0.000000000000
  0.856854838710  0.000316739961 -0.000291751717  0.000277893811 -0.000010327197  0.000550501727 -0.000012964728  0.000417334068  0.000221427951 -0.000210910351  0.000007837932  0.000550501727  0.000000000000
  0.858870967742  0.000359712722 -0.000336805510  0.000227126029 -0.000008513831  0.000443598068 -0.000010688235  0.000473954636  0.000255621989 -0.000172379624  0.000006461659  0.000443598068  0.000000000000
  0.860887096774  0.000291547446 -0.000267706332  0.000258993654 -0.000009617190  0.000509075026 -0.000012073387  0.000384140608  0.000203178460 -0.000196565884  0.000007299064  0.000509075026  0.000000000000
  0.862903225806  0.000332810299 -0.000310864986  0.000210275190 -0.000007877896  0.000407767187 -0.000009889884  0.000438508217  0.000235934163 -0.000159590508  0.000005979010  0.000407767187  0.000000000000
  0.864919354839  0.000268180822 -0.000245471837  0.000241309779 -0.000008953857  0.000470520284 -0.000011240641  0.000353352929  0.000186303363 -0.000183144526  0.000006795621  0.000470520284  0.000000000000
  0.866935483871  0.000307765449 -0.000286778948  0.000194558615 -0.000007285560  0.000374566394 -0.000009146267  0.000405509322  0.000217653818 -0.000147662252  0.000005529450  0.000374566394  0.000000000000
  0.868951612903  0.000246518971 -0.000224921558  0.000224779835 -0.000008334560  0.000434647517 -0.000010463178  0.000324811447  0.000170706518 -0.000170598956  0.000006325599  0.000434647517  0.000000000000
  0.870967741935  0.000284456867 -0.000264420395  0.000179915276 -0.000006734252  0.000343816368 -0.000008454157  0.000374798118  0.000200684565 -0.000136548540  0.000005111029  0.000343816368  0.000000000000
  0.872983870968  0.000226447162 -0.000205936525  0.000209341912 -0.000007756773  0.000401277176 -0.000009737827  0.000298364989  0.000156297633 -0.000158882187  0.000005887082  0.000401277176  0.000000000000
  0.875000000000  0.000262769693 -0.000243670012  0.000166284873 -0.000006221519  0.000315347973 -0.000007810473  0.000346223270  0.000184935849 -0.000126203606  0.000004721885  0.000315347973  0.000000000000
  0.877016129032  0.000207856983 -0.000188405067  0.000194935634 -0.000007218089  0.000370239805 -0.000009061565  0.000273870717  0.000142991953 -0.000147948394  0.000005478243  0.000370239805  0.000000000000
  0.879032258065  0.000242595382 -0.000224415727  0.000153608781 -0.000005745027  0.000289001889 -0.000007212287  0.000319641757  0.000170322612 -0.000116582956  0.000004360247  0.000289001889  0.000000000000
  0.881048387097  0.000190646183 -0.000172222425  0.000181502763 -0.000006716219  0.000341375631 -0.000008431518  0.000251193903  0.000130709972 -0.000137753379  0.000005097343  0.000341375631  0.000000000000
  0.883064516129  0.000223831487 -0.000206552296  0.000141830581 -0.000005302562  0.000264628196 -0.000006656819  0.000294918597  0.000156764979 -0.000107643771  0.000004024434  0.000264628196  0.000000000000
  0.885080645161  0.000174718444 -0.000157290377  0.000168987521 -0.000006248990  0.000314534123 -0.000007844960  0.000230207639  0.000119377141 -0.000128254808  0.000004742735  0.000314534123  0.000000000000
  0.887096774194  0.000206381416 -0.000189980924  0.000130896323 -0.000004892027  0.000242085928 -0.000006141434  0.000271926521  0.000144187967 -0.000099345104  0.000003712854  0.000242085928  0.000000000000
  0.889112903226  0.000159983129 -0.000143516879  0.000157336735 -0.000005814346  0.000289573544 -0.000007299310  0.000210792505  0.000108923604 -0.000119412325  0.000004412857  0.000289573544  0.000000000000
  0.891129032258  0.000190154164 -0.000174608894  0.000120754647 -0.000004511437  0.000221242631 -0.000005663643  0.000250545622  0.000132521207 -0.000091647975  0.000003424001  0.000221242631  0.000000000000
  0.893145161290  0.000146355018 -0.000130815719  0.000146499885 -0.000005410343  0.000266360501 -0.000006792126  0.000192836214  0.000099283928 -0.000111187587  0.000004106235  0.000266360501  0.000000000000
  0.895161290323  0.000175064043 -0.000160349224  0.000111356799 -0.000004158919  0.000201973920 -0.000005221093  0.000230662998  0.000121698684 -0.000084515382  0.000003156454  0.000201973920  0.000000000000
  0.897177419355  0.000133754033 -0.000119106187  0.000136429074 -0.000005035145  0.000244769504 -0.000006321104  0.000176233256  0.000090396859 -0.000103544242  0.000003821475  0.000244769504  0.000000000000
  0.899193548387  0.000161030408 -0.000147120334  0.000102656598 -0.000003832708  0.000184163051 -0.000004811568  0.000212172392  0.000111658483 -0.000077912275  0.000002908873  0.000184163051  0.000000000000
  0.901209677419  0.000122104977 -0.000108312754  0.000127078977 -0.000004687024  0.000224682544 -0.000005884074  0.000160884552  0.000082205073 -0.000096447890  0.000003557265  0.000224682544  0.000000000000
  0.903225806452  0.000147977396 -0.000134845731  0.000094610353 -0.000003531139  0.000167700506 -0.000004432980  0.000194973846  0.000102342548 -0.000071805495  0.000002679994  0.000167700506  0.000000000000
  0.905241935484  0.000111337271 -0.000098364771  0.000118406744 -0.000004364349  0.000205988686 -0.000005478989  0.000146697107  0.000074654949 -0.000089866010  0.000003312367  0.000205988686  0.000000000000
  0.907258064516  0.000135833660 -0.000123453708  0.000087176760 -0.000003252649  0.000152483610 -0.000004083365  0.000178973357  0.000093696455 -0.000066163694  0.000002468631  0.000152483610  0.000000000000
  0.909274193548  0.000101384706 -0.000089196180  0.000110371885 -0.000004065591  0.000188583686 -0.000005103929  0.000133583686  0.000067696353 -0.000083767871  0.000003085622  0.000188583686  0.000000000000
  0.911290322581  0.000124532136 -0.000112877053  0.000080316763 -0.000002995769  0.000138416167 -0.000003760878  0.000164082558  0.000085669194 -0.000060957229  0.000002273669  0.000138416167  0.000000000000
  0.913306451613  0.000092185208 -0.000080745239  0.000102936132 -0.000003789311  0.000172369642 -0.000004757088  0.000121462500  0.000061282425 -0.000078124430  0.000002875936  0.000172369642  0.000000000000
  0.915322580645  0.000114009802 -0.000103052780  0.000073993391 -0.000002759120  0.000125408129 -0.000003463790  0.000150218413  0.000078212962 -0.000056158041  0.000002094063  0.000125408129  0.000000000000
  0.917338709677  0.000083680620 -0.000072954271  0.000096063271 -0.000003534162  0.000157254675 -0.000004436774  0.000110256923  0.000055369390 -0.000072908203  0.000002682288  0.000157254675  0.000000000000
  0.919354838710  0.000104207470 -0.000093921870  0.000068171558 -0.000002541412  0.000113375319 -0.000003190480  0.000137302938  0.000071282965 -0.000051739501  0.000001928831  0.000113375319  0.000000000000
  0.921370967742  0.000075816505 -0.000065769424  0.000089718942 -0.000003298880  0.000143152659 -0.000004141403  0.000099895227  0.000049916378 -0.000068093109  0.000002503719  0.000143152659  0.000000000000
  0.923387096774  0.000095069593 -0.000085429036  0.000062817817 -0.000002341435  0.000102239190 -0.000002939430  0.000125262944  0.000064837241 -0.000047676225  0.000001777056  0.000102239190  0.000000000000
  0.925403225806  0.000068541972 -0.000059140464  0.000083870383 -0.000003082285  0.000129983001 -0.000003869490  0.000090310360  0.000044885260 -0.000063654286  0.000002339331  0.000129983001  0.000000000000
  0.927419354839  0.000086544105 -0.000077522501  0.000057900062 -0.000002158058  0.000091926658 -0.000002709219  0.000114029828  0.000058836495 -0.000043943844  0.000001637880  0.000091926658  0.000000000000
  0.929435483871  0.000061809534 -0.000053020586  0.000078486123 -0.000002883268  0.000117670499 -0.000003619645  0.000081439753  0.000040240516 -0.000059567846  0.000002188286  0.000117670499  0.000000000000
  0.931451612903  0.000078582281 -0.000070153806  0.000053387146 -0.000001990222  0.000082370018 -0.000002498518  0.000103539392  0.000053243949 -0.000040518721  0.000001510499  0.000082370018  0.000000000000
  0.933467741935  0.000055575009 -0.000047366270  0.000073535586 -0.000002700795  0.000106145280 -0.000003390568  0.000073225192  0.000035949115 -0.000055810585  0.000002049796  0.000106145280  0.000000000000
  0.935483870968  0.000071138658 -0.000063277654  0.000049248420 -0.000001836935  0.000073506954 -0.000002306083  0.000093731733  0.000048025223 -0.000037377592  0.000001394161  0.000073506954  0.000000000000
  0.937500000000  0.000049797465 -0.000042137174  0.000068988593 -0.000002533892  0.000095342852 -0.000003181039  0.000065612746  0.000031980439 -0.000052359598  0.000001923123  0.000095342852  0.000000000000
  0.939516129032  0.000064170993 -0.000056851786  0.000045453161 -0.000001697269  0.000065280669 -0.000002130745  0.000084551192  0.000043148245 -0.000034497142  0.000001288159  0.000065280669  0.000000000000
  0.941532258065  0.000044439227 -0.000037296090  0.000064814740 -0.000002381645  0.000085204292 -0.000002989909  0.000058552774  0.000028306249 -0.000049191810  0.000001807574  0.000085204292  0.000000000000
  0.943548387097  0.000057640297 -0.000050836928  0.000041969905 -0.000001570345  0.000057640151 -0.000001971406  0.000075946400  0.000038583207 -0.000031853489  0.000001191829  0.000057640151  0.000000000000
  0.945564516129  0.000039465960 -0.000032808977  0.000060982639 -0.000002243187  0.000075676575 -0.000002816089  0.000052000037  0.000024900709 -0.000046283398  0.000001702490  0.000075676575  0.000000000000
  0.947580645161  0.000051510948 -0.000045196815  0.000038765717 -0.000001455335  0.000050540557 -0.000001827022  0.000067870418  0.000034302586 -0.000029421638  0.000001104541  0.000050540557  0.000000000000
  0.949596774194  0.000034846822 -0.000028645083  0.000057459032 -0.000002117692  0.000066713058 -0.000002658543  0.000045913897  0.000021740479 -0.000043609121  0.000001607244  0.000066713058  0.000000000000
  0.951612903226  0.000045750889 -0.000039898339  0.000035805524 -0.000001351446  0.000043943686 -0.000001696600  0.000060281010  0.000030281253 -0.000027174969  0.000001025694  0.000043943686  0.000000000000
  0.953629032258  0.000030554705 -0.000024777206  0.000054207866 -0.000002004360  0.000058274074 -0.000002516267  0.000040258638  0.000018804914 -0.000041141615  0.000001521230  0.000058274074  0.000000000000
  0.955645161290  0.000040331922 -0.000034911866  0.000033051778 -0.000001257913  0.000037818378 -0.000001579180  0.000053141022  0.000026496718 -0.000025084985  0.000000954706  0.000037818378  0.000000000000
  0.957661290323  0.000026566513 -0.000021182084  0.000051189517 -0.000001902412  0.000050327491 -0.000002388282  0.000035003827  0.000016076359 -0.000038850808  0.000001443855  0.000050327491  0.000000000000
  0.959677419355  0.000035230066 -0.000030211804  0.000030464998 -0.000001173990  0.000032140565 -0.000001473823  0.000046418856  0.000022929558 -0.000023121722  0.000000891012  0.000032140565  0.000000000000
  0.961693548387  0.000022863408 -0.000017840935  0.000048360614 -0.000001811074  0.000042848957 -0.000002273616  0.000030124646  0.000013540560 -0.000036703783  0.000001374533  0.000042848957  0.000000000000
  0.963709677419  0.000030425894 -0.000025777501  0.000028006169 -0.000001098943  0.000026892407 -0.000001379610  0.000040088917  0.000019564098 -0.000021255568  0.000000834054  0.000026892407  0.000000000000
  0.965725806452  0.000019430840 -0.000014740091  0.000045675268 -0.000001729576  0.000035821289 -0.000002171303  0.000025601922  0.000011187143 -0.000034665712  0.000001312679  0.000035821289  0.000000000000
  0.967741935484  0.000025904686 -0.000021594549  0.000025642532 -0.000001032049  0.000022059635 -0.000001295631  0.000034131809  0.000016389404 -0.000019461662  0.000000783284  0.000022059635  0.000000000000
  0.969758064516  0.000016258023 -0.000011871546  0.000043089058 -0.000001657157  0.000029232141 -0.000002080389  0.000021421443  0.000009010031 -0.000032702882  0.000001257716  0.000029232141  0.000000000000
  0.971774193548  0.000021656052 -0.000017656493  0.000023358692 -0.000000972609  0.000017626038 -0.000001221010  0.000028533842  0.000013400576 -0.000017728318  0.000000738171  0.000017626038  0.000000000000
  0.973790322581  0.000013336332 -0.000009233041  0.000040567592 -0.000001593097  0.000023068951 -0.000001999968  0.000017571846  0.000007007511 -0.000030789189  0.000001209097  0.000023068951  0.000000000000
  0.975806451613  0.000017672529 -0.000013966641  0.000021174105 -0.000000919986  0.000013564444 -0.000001154947  0.000023285184  0.000010600125 -0.000016070303  0.000000698233  0.000013564444  0.000000000000
  0.977822580645  0.000010655965 -0.000006827037  0.000038101090 -0.000001536781  0.000017310640 -0.000001929270  0.000014040215  0.000005181449 -0.000028917212  0.000001166356  0.000017310640  0.000000000000
  0.979838709677  0.000013946522 -0.000010539126  0.000019163907 -0.000000873680  0.000009825600 -0.000001096815  0.000018375827  0.000007998778 -0.000014544643  0.000000663088  0.000009825600  0.000000000000
  0.981854838710  0.000008200495 -0.000004657746  0.000035723578 -0.000001487831  0.000011917542 -0.000001867818  0.000010804907  0.000003535044 -0.000027112775  0.000001129205  0.000011917542  0.000000000000
  0.983870967742  0.000010465288 -0.000007397420  0.000017470132 -0.000000833458  0.000006330676 -0.000001046320  0.000013788981  0.000005614348 -0.000013259135  0.000000632561  0.000006330676  0.000000000000
  0.985887096774  0.000005940146 -0.000002725871  0.000033527592 -0.000001446293  0.000006826232 -0.000001815672  0.000007826690  0.000002068827 -0.000025446109  0.000001097679  0.000006826232  0.000000000000
  0.987903225806  0.000007204847 -0.000004567938  0.000016277467 -0.000000799527  0.000002987033 -0.000001003724  0.000009493050  0.000003466884 -0.000012353950  0.000000606809  0.000002987033  0.000000000000
  0.989919354839  0.000003827262 -0.000001022376  0.000031652531 -0.000001412813  0.000002023391 -0.000001773640  0.000005042770  0.000000775943 -0.000024023012  0.000001072269  0.000002023391  0.000000000000
  0.991935483871  0.000004126854 -0.000002069223  0.000015717050 -0.000000772151  0.000000138306 -0.000000969355  0.000005437510  0.000001570458 -0.000011928616  0.000000586032  0.000000138306  0.000000000000
  0.993951612903  0.000001805835  0.000000465087  0.000030120635 -0.000001384108  0.000000000000 -0.000001737604  0.000002379354 -0.000000352983 -0.000022860364  0.000001050483  0.000000000000  0.000000000000
  0.995967741935  0.000001223258  0.000000026658  0.000014915250 -0.000000714401  0.098438276883 -0.000000896857  0.000001611754 -0.000000020233 -0.000011320082  0.000000542202  0.098438276883  0.000000000000
  0.997983870968  0.000000083614  0.000001221882  0.000022395577 -0.000001058502  0.003049439460 -0.000001328839  0.000000110169 -0.000000927359 -0.000016997352  0.000000803361  0.003049439460  0.000000000000
  1.000000000000  0.000000000000 -0.000002069669 -0.000036384907  0.000001766822  0.052373011190  0.000002218062  0.000000000000  0.000001570796  0.000027614698 -0.000001340948  0.052373011190  0.000000000000
