             Rad         v_r[Re]         v_t[Re]         v_x[Re]         p[Re]          p_mg[Re]  p_no_phase[Re]         v_r[Im]         v_t[Im]         v_x[Im]         p[Im]          p_mg[Im]  p_no_phase[Im]
  0.000000000000  0.042658981962  0.000000000000 -0.106575268833  0.000000000000  0.161793318501  0.000000000000 -0.037319977523  0.000000000000 -0.084812229632 -0.000000000000  0.161793318501 -0.000000000000
  0.003802281369  0.025245438716 -0.047825434251  0.062187307236  0.000000000000  0.235087637722  0.000000000000  0.029301453764  0.003967843953 -0.026429493557 -0.000000000000  0.235087637722  0.000000000000
  0.007604562738  0.006633945430  0.115103992439 -0.065330750657  0.000000000000  0.157784716165  0.000000000000  0.008169833474 -0.011415615591  0.000353446463  0.000000000000  0.157784716165  0.000000000000
  0.011406844106 -0.001921306765  0.254844384574  0.241542577540  0.000000000000  0.113296139193  0.000000000000 -0.161781910274 -0.001663136482 -0.003404423263 -0.000000000000  0.113296139193 -0.000000000000
  0.015209125475  0.001578516618 -0.024355648535  0.458599385671 -0.000000000000  0.055754451378 -0.000000000000 -0.235082338118  0.009388403997 -0.040545873299  0.000000000000  0.055754451378  0.000000000000
  0.019011406844 -0.004400296924 -0.023897047057 -0.246249145423 -0.000000000000  0.202529555585 -0.000000000000 -0.157723346535 -0.010451830249 -0.006314072868 -0.000000000000  0.202529555585 -0.000000000000
  0.022813688213 -0.003126122517 -0.111775791766 -0.076353423497  0.000000000000  0.056797804678  0.000000000000 -0.113253002230  0.032574943674 -0.008939349742  0.000000000000  0.056797804678  0.000000000000
  0.026615969582  0.009652805386  0.236425939498  0.138214275003  0.000000000000  0.045245367143  0.000000000000 -0.054912495815 -0.001611699176 -0.023824408680 -0.000000000000  0.045245367143  0.000000000000
  0.030418250951 -0.008952715446  0.051190153170 -0.441671444092 -0.000000000000  0.032008580091 -0.000000000000 -0.202331583723  0.005243440359 -0.030565027549  0.000000000000  0.032008580091 -0.000000000000
  0.034220532319  0.007295293863 -0.223225222252 -0.428997320143  0.000000000000  0.004301091267  0.000000000000  0.056327340641  0.014701146844  0.004491925708  0.000000000000  0.004301091267  0.000000000000
  0.038022813688 -0.004658875029  0.386510486103 -0.308301930537  0.000000000000  0.184229553655  0.000000000000 -0.045004867863 -0.013372775465  0.010826306414 -0.000000000000  0.184229553655 -0.000000000000
  0.041825095057  0.007695702787  0.102068338811 -0.323083210695  0.000000000000  0.006327220522  0.000000000000  0.031069685516  0.016391739755  0.031159063236  0.000000000000  0.006327220522  0.000000000000
  0.045627376426  0.004288701755 -0.147336262430 -0.578141386720 -0.000000000000  0.120818918323 -0.000000000000  0.000326225911 -0.015105243571  0.000179924107  0.000000000000  0.120818918323  0.000000000000
  0.049429657795  0.004117214192 -0.000348938384 -0.083558964492  0.000000000000  0.029084564622  0.000000000000  0.184183541576 -0.011900141708  0.003090373005 -0.000000000000  0.029084564622 -0.000000000000
  0.053231939163  0.000938756276  0.289221990466 -0.015476412147  0.000000000000  0.210166204808  0.000000000000  0.006257192356 -0.000645900842 -0.007246111841  0.000000000000  0.210166204808  0.000000000000
  0.057034220532  0.001965949664 -0.007593553362  0.147417695746 -0.000000000000  0.056381674574 -0.000000000000  0.120802922426  0.015986983431 -0.019586350836  0.000000000000  0.056381674574  0.000000000000
  0.060836501901  0.000011194778 -0.380712005959 -0.121114114485  0.000000000000  0.225103126732  0.000000000000 -0.029084562468  0.014213832930 -0.006613558542 -0.000000000000  0.225103126732 -0.000000000000
  0.064638783270  0.002479435198 -0.039024667747  0.148978773878  0.000000000000  0.033303120899  0.000000000000  0.210151578734 -0.004457821206 -0.030605595414 -0.000000000000  0.033303120899  0.000000000000
  0.068441064639 -0.006207068592  0.054291867221 -0.060115461017 -0.000000000000  0.292098902545 -0.000000000000 -0.056038964366  0.009779803846  0.011625901488  0.000000000000  0.292098902545  0.000000000000
  0.072243346008  0.006811860992 -0.068325366895 -0.452750897854 -0.000000000000  0.066923772646 -0.000000000000  0.225000036032 -0.003267785522  0.037245769248  0.000000000000  0.066923772646  0.000000000000
  0.076045627376 -0.000189162506 -0.074983625245 -0.226621615078  0.000000000000  0.169803230726  0.000000000000  0.033302583671 -0.020017947898 -0.018818103629 -0.000000000000  0.169803230726 -0.000000000000
  0.079847908745  0.002405083165 -0.055676061621 -0.276207590286 -0.000000000000  0.109565994999 -0.000000000000  0.292089000893  0.034021003685  0.040505094059  0.000000000000  0.109565994999  0.000000000000
  0.083650190114  0.011067438691  0.322403365873  0.438246791686  0.000000000000  0.125626097257 -0.000000000000  0.066002296521 -0.005855602620 -0.022721778148  0.000000000000  0.125626097257  0.000000000000
  0.087452471483 -0.002246849053  0.000136891454 -0.395036368816 -0.000000000000  0.037751153699 -0.000000000000  0.169788364838  0.008987345108 -0.006046594141  0.000000000000  0.037751153699 -0.000000000000
  0.091254752852  0.009577932111  0.171272931470  0.067387409101 -0.000000000000  0.079299022410 -0.000000000000  0.109146555038 -0.002536188285 -0.029308280524 -0.000000000000  0.079299022410 -0.000000000000
  0.095057034221 -0.010864996888  0.170977035623  0.170962362737 -0.000000000000  0.067446214305 -0.000000000000  0.125155376052 -0.022587573147 -0.068314722406  0.000000000000  0.067446214305  0.000000000000
  0.098859315589 -0.005977258050 -0.131023252201  0.283140823684 -0.000000000000  0.069398582597 -0.000000000000  0.037274951265  0.015823451609  0.014785532695  0.000000000000  0.069398582597  0.000000000000
  0.102661596958 -0.006318780140 -0.279870720821 -0.144645201143 -0.000000000000  0.064136031616 -0.000000000000  0.079046871999  0.017506422701  0.046490127482 -0.000000000000  0.064136031616 -0.000000000000
  0.106463878327  0.006095166384  0.318949919478  0.599376101245  0.000000000000  0.080234285463  0.000000000000  0.067170237240 -0.004055767287  0.015377694990  0.000000000000  0.080234285463  0.000000000000
  0.110266159696 -0.003362630993  0.052568545642 -0.098455560128  0.000000000000  0.057092648907  0.000000000000 -0.069317068455 -0.001087715753 -0.032244211373  0.000000000000  0.057092648907  0.000000000000
  0.114068441065  0.000372391988 -0.191294478184  0.059061849492 -0.000000000000  0.107129067617 -0.000000000000  0.064134950501  0.014002460374 -0.004079238601  0.000000000000  0.107129067617  0.000000000000
  0.117870722433 -0.003551604607 -0.065255223740  0.666873691086 -0.000000000000  0.024648203757 -0.000000000000 -0.080155640278  0.002161674558  0.000494591863  0.000000000000  0.024648203757 -0.000000000000
  0.121673003802 -0.000265468860  0.161493013257  0.046648260155  0.000000000000  0.102469287483 -0.000000000000 -0.057092031716 -0.012010927575 -0.040098274749  0.000000000000  0.102469287483  0.000000000000
  0.125475285171 -0.012266117931 -0.214631836726 -0.315962178446 -0.000000000000  0.028645477897 -0.000000000000 -0.106424524802  0.018357507363 -0.001144386130  0.000000000000  0.028645477897  0.000000000000
  0.129277566540  0.000550899453  0.044332511287 -0.031615236009 -0.000000000000  0.072832811547 -0.000000000000  0.024642046552  0.015595250947 -0.005019946834 -0.000000000000  0.072832811547 -0.000000000000
  0.133079847909 -0.013091467840  0.151906919207  0.247861985091  0.000000000000  0.020382390888 -0.000000000000 -0.101629564336 -0.019667502317 -0.050131668755  0.000000000000  0.020382390888  0.000000000000
  0.136882129278 -0.010047345333 -0.061028394082 -0.152178156643 -0.000000000000  0.147554333867 -0.000000000000 -0.026825626847  0.011977894094  0.005489541742 -0.000000000000  0.147554333867 -0.000000000000
  0.140684410646 -0.011808408140  0.035529079982 -0.074588477700 -0.000000000000  0.094879588337 -0.000000000000 -0.071869186269 -0.015823238234  0.002813299414  0.000000000000  0.094879588337  0.000000000000
  0.144486692015 -0.008868113700 -0.006055991112  0.359844485549 -0.000000000000  0.090508276762 -0.000000000000 -0.018352068487  0.001324430830  0.040207955975 -0.000000000000  0.090508276762 -0.000000000000
  0.148288973384 -0.001502429046  0.064891660758  0.392300285650  0.000000000000  0.139285733595  0.000000000000 -0.147546684646  0.013729293991  0.075104277832 -0.000000000000  0.139285733595  0.000000000000
  0.152091254753  0.007610763078 -0.180740851096 -0.289546765156 -0.000000000000  0.115356961528 -0.000000000000 -0.094573847169 -0.012743461377 -0.015368170819  0.000000000000  0.115356961528  0.000000000000
  0.155893536122 -0.003115514605  0.104658142575  0.234296096268  0.000000000000  0.249673287654  0.000000000000 -0.090454639080  0.018175294397  0.034277026900  0.000000000000  0.249673287654  0.000000000000
  0.159695817490  0.011530151410 -0.051690372149  0.047851059371  0.000000000000  0.035827936628  0.000000000000 -0.138807676990 -0.027095029124 -0.147140407901  0.000000000000  0.035827936628  0.000000000000
  0.163498098859 -0.033830737352  0.089947649569  0.622963820685  0.000000000000  0.281930928665  0.000000000000 -0.110284676104  0.005001959214 -0.024723349251  0.000000000000  0.281930928665  0.000000000000
  0.167300380228  0.004453876488 -0.184128112381 -0.509673016731 -0.000000000000  0.095806719153 -0.000000000000 -0.249633558545  0.002902159044 -0.005557710463  0.000000000000  0.095806719153  0.000000000000
  0.171102661597 -0.034356589085  0.023433952383  0.292464392009  0.000000000000  0.268893939739  0.000000000000 -0.010161979602  0.005713326720  0.050151558617 -0.000000000000  0.268893939739 -0.000000000000
  0.174904942966  0.015407826865 -0.165150467956 -0.430843497277 -0.000000000000  0.175899782176 -0.000000000000 -0.281509586709  0.004390478379 -0.003424228703  0.000000000000  0.175899782176  0.000000000000
  0.178707224335 -0.034684133782 -0.005658769391  0.040259379277  0.000000000000  0.146945501128  0.000000000000  0.089308108807  0.001984465600 -0.043262296773 -0.000000000000  0.146945501128 -0.000000000000
  0.182509505703  0.008770220035  0.027228703319 -0.316487269340 -0.000000000000  0.145467176496 -0.000000000000 -0.268750877336  0.021289084229  0.013554822992 -0.000000000000  0.145467176496 -0.000000000000
  0.186311787072 -0.031528141385 -0.115907609542 -0.597864516431  0.000000000000  0.114083830292  0.000000000000  0.173051176449 -0.004715344089  0.003232761663  0.000000000000  0.114083830292  0.000000000000
  0.190114068441  0.011588078573  0.063800794328  0.259548716202 -0.000000000000  0.132884915520 -0.000000000000 -0.146487872319  0.006824207686  0.043622292535 -0.000000000000  0.132884915520 -0.000000000000
  0.193916349810 -0.022469634446 -0.113016178975 -0.189443854094  0.000000000000  0.038923217362  0.000000000000  0.143721310061  0.005888434988 -0.001683078477  0.000000000000  0.038923217362  0.000000000000
  0.197718631179  0.014398102648  0.070348041916  0.175190844639 -0.000000000000  0.023261545738 -0.000000000000 -0.113171617352  0.013104573485  0.034183343945  0.000000000000  0.023261545738 -0.000000000000
  0.201520912548 -0.014546134658 -0.180783678629 -0.845686391576  0.000000000000  0.059361532888  0.000000000000  0.132086376054 -0.004773199977  0.016398523190  0.000000000000  0.059361532888  0.000000000000
  0.205323193916  0.020260574543  0.199125306549  0.864930600201 -0.000000000000  0.073381259493 -0.000000000000  0.033234409412  0.007906428739  0.064817249159 -0.000000000000  0.073381259493 -0.000000000000
  0.209125475285 -0.001642594368 -0.028183335393 -0.242775048867  0.000000000000  0.008607374745  0.000000000000 -0.023203478055 -0.004689739660 -0.008433538450 -0.000000000000  0.008607374745  0.000000000000
  0.212927756654  0.020033438992  0.137097734091  0.195049360442 -0.000000000000  0.036904742100 -0.000000000000  0.055878912919  0.004863842722  0.008045558930  0.000000000000  0.036904742100  0.000000000000
  0.216730038023 -0.001848496991  0.081730966785  0.276866961007  0.000000000000  0.043589963689  0.000000000000 -0.073357973688 -0.012414431887 -0.065568478109 -0.000000000000  0.043589963689 -0.000000000000
  0.220532319392  0.008585137794 -0.121032834863 -0.177206245866 -0.000000000000  0.033653044643 -0.000000000000 -0.000618311452  0.018444770339  0.071091387776  0.000000000000  0.033653044643 -0.000000000000
  0.224334600760  0.011332889082 -0.000314714590 -0.154177239128 -0.000000000000  0.033487166261 -0.000000000000 -0.035121583315 -0.005178903772  0.003140279069 -0.000000000000  0.033487166261 -0.000000000000
  0.228136882129  0.011504660524 -0.070548365282 -0.287111492961 -0.000000000000  0.028734354068 -0.000000000000  0.042044354207  0.009787058021  0.054037297212 -0.000000000000  0.028734354068 -0.000000000000
  0.231939163498  0.021143262118 -0.039728404786  0.059836976319 -0.000000000000  0.105463189486 -0.000000000000  0.026181861675 -0.005036102027 -0.041884804030  0.000000000000  0.105463189486 -0.000000000000
  0.235741444867  0.003268227622 -0.016292655361  0.168642548653 -0.000000000000  0.074753296505 -0.000000000000  0.033327301007  0.001700617888 -0.025043696006 -0.000000000000  0.074753296505 -0.000000000000
  0.239543726236  0.015285297311  0.123394895338  0.635908046581 -0.000000000000  0.176396220691 -0.000000000000 -0.024331518444 -0.001133997278  0.007918133969  0.000000000000  0.176396220691  0.000000000000
  0.243346007605  0.002704470041  0.006410622684  0.136732645721 -0.000000000000  0.075413609292 -0.000000000000 -0.105428507427 -0.014516392559 -0.039607274239 -0.000000000000  0.075413609292 -0.000000000000
  0.247148288973  0.007933896328  0.050708996223  0.334758481467 -0.000000000000  0.095017215600 -0.000000000000 -0.074331074440  0.012551264913  0.047897380083  0.000000000000  0.095017215600  0.000000000000
  0.250950570342  0.010646955464  0.055957155862  0.020154813601 -0.000000000000  0.079856160526 -0.000000000000 -0.176074612064 -0.004501437956 -0.028076785453 -0.000000000000  0.079856160526 -0.000000000000
  0.254752851711  0.002807860457  0.012309528655 -0.425660115902  0.000000000000  0.074774310500  0.000000000000 -0.075361318898 -0.000997723523 -0.011853474879  0.000000000000  0.074774310500  0.000000000000
  0.258555133080  0.007971214981  0.062486222732  0.085823609322 -0.000000000000  0.058815189577 -0.000000000000 -0.094682263345  0.000572360270  0.023893396757  0.000000000000  0.058815189577 -0.000000000000
  0.262357414449  0.005416365019  0.008728166690 -0.009844546286 -0.000000000000  0.115359312624  0.000000000000 -0.079672262199 -0.007297084620 -0.056369432652 -0.000000000000  0.115359312624 -0.000000000000
  0.266159695817 -0.003620099482 -0.055051482772 -0.721166599395 -0.000000000000  0.081775784228 -0.000000000000 -0.074686627923  0.002088545084 -0.029670884398 -0.000000000000  0.081775784228 -0.000000000000
  0.269961977186 -0.000709584914  0.097852592659  0.291633836048  0.000000000000  0.048224906044  0.000000000000  0.058810908973  0.004245851413  0.035953516678 -0.000000000000  0.048224906044 -0.000000000000
  0.273764258555  0.002753774808  0.016265090045 -0.094294229871  0.000000000000  0.112876507480  0.000000000000 -0.115326439872 -0.005730706863  0.005146441213  0.000000000000  0.112876507480  0.000000000000
  0.277566539924  0.000170057477 -0.068004223012 -0.311891635696  0.000000000000  0.001584961897  0.000000000000  0.081775607406  0.001976490435 -0.021877309695 -0.000000000000  0.001584961897 -0.000000000000
  0.281368821293 -0.002041049284 -0.010102993316 -0.078470088231  0.000000000000  0.141682638733  0.000000000000 -0.048181694458  0.007623579676 -0.034653884416  0.000000000000  0.141682638733  0.000000000000
  0.285171102662 -0.006416553250  0.003234117115 -0.234919610783  0.000000000000  0.022447064097  0.000000000000  0.112693982915 -0.000455360399  0.010726336553 -0.000000000000  0.022447064097 -0.000000000000
  0.288973384030 -0.000037076668 -0.021879975277 -0.101940671105 -0.000000000000  0.102210017960 -0.000000000000  0.001584528175  0.004937728078  0.029095972274  0.000000000000  0.102210017960  0.000000000000
  0.292775665399 -0.000992914644  0.038413195071 -0.136991052679  0.000000000000  0.080996858705  0.000000000000  0.141679159508 -0.004779686150 -0.033361332743 -0.000000000000  0.080996858705 -0.000000000000
  0.296577946768 -0.004469506514  0.088651021677  0.242202178948  0.000000000000  0.118874357360  0.000000000000  0.021997595279  0.010292603018  0.060199636622  0.000000000000  0.118874357360  0.000000000000
  0.300380228137  0.010198709920 -0.020626806896 -0.330525131392  0.000000000000  0.059578843478  0.000000000000  0.101699921767 -0.006767981695 -0.012694706495  0.000000000000  0.059578843478  0.000000000000
  0.304182509506 -0.005917034011 -0.001677315156 -0.071181866997 -0.000000000000  0.133340270417 -0.000000000000  0.080780442117  0.000606004110 -0.007638846891 -0.000000000000  0.133340270417 -0.000000000000
  0.307984790875  0.010339670607 -0.029390430225  0.128432145124  0.000000000000  0.056991985563  0.000000000000  0.118423832270  0.012510587563  0.066117933574 -0.000000000000  0.056991985563  0.000000000000
  0.311787072243  0.007206840737 -0.066724123530 -0.083947753935 -0.000000000000  0.169403142189 -0.000000000000  0.059141356399  0.003193170363  0.005150202441  0.000000000000  0.169403142189  0.000000000000
  0.315589353612  0.012455075403 -0.011247938338  0.034075375485  0.000000000000  0.091005930513  0.000000000000  0.132757292875 -0.006182293068 -0.024490471741 -0.000000000000  0.091005930513 -0.000000000000
  0.319391634981  0.003293270012 -0.072818945793 -0.157492211895 -0.000000000000  0.143229318949 -0.000000000000  0.056896755540  0.009662123805  0.037707622364  0.000000000000  0.143229318949  0.000000000000
  0.323193916350  0.019867355376 -0.046970829591 -0.178573130490 -0.000000000000  0.112496309304 -0.000000000000  0.168234101103  0.005464400605  0.017998942747  0.000000000000  0.112496309304  0.000000000000
  0.326996197719  0.006864944875  0.043200493172  0.155709970909  0.000000000000  0.061120202827  0.000000000000  0.090746635863 -0.005241189493 -0.027936451459 -0.000000000000  0.061120202827  0.000000000000
  0.330798479087  0.014915569967 -0.037023652856 -0.190695196106  0.000000000000  0.131111478038  0.000000000000  0.142450565387  0.004274712533  0.012235194900 -0.000000000000  0.131111478038  0.000000000000
  0.334600760456  0.008588443116  0.055875641277  0.445319143388 -0.000000000000  0.114100306405 -0.000000000000  0.112167991209  0.002181732193  0.007380933955  0.000000000000  0.114100306405  0.000000000000
  0.338403041825  0.015924768810  0.012322202394 -0.125483777277  0.000000000000  0.019058585686  0.000000000000  0.059009159729  0.000250552592 -0.016242478174  0.000000000000  0.019058585686  0.000000000000
  0.342205323194  0.004288914017 -0.025321465199 -0.357945374339 -0.000000000000  0.141642076160 -0.000000000000  0.131041309860 -0.003667078289 -0.043885503705 -0.000000000000  0.141642076160 -0.000000000000
  0.346007604563  0.007302321134  0.116686812427  0.622254794159  0.000000000000  0.017156150132  0.000000000000  0.113866395516  0.006959555257  0.026648311236 -0.000000000000  0.017156150132 -0.000000000000
  0.349809885932  0.007904617687 -0.047439007797 -0.216163451339 -0.000000000000  0.071925033146 -0.000000000000  0.017342050270 -0.001305830623 -0.023041651607  0.000000000000  0.071925033146  0.000000000000
  0.353612167300  0.003448103587  0.018256745584 -0.025277097667  0.000000000000  0.069047934275  0.000000000000  0.141600100002  0.000560731026  0.014984283624 -0.000000000000  0.069047934275  0.000000000000
  0.357414448669  0.009871199246  0.075178271987  0.296854864271 -0.000000000000  0.010202055374 -0.000000000000  0.014031853506 -0.001041539957 -0.018319245420  0.000000000000  0.010202055374  0.000000000000
  0.361216730038  0.000545400432  0.021922637233  0.324680552054 -0.000000000000  0.117917805063 -0.000000000000  0.071922965258  0.007920045717  0.029496768122  0.000000000000  0.117917805063  0.000000000000
  0.365019011407  0.014071040862  0.054539350345  0.304765183189  0.000000000000  0.012708674305  0.000000000000 -0.067598986950 -0.005496524071 -0.056491240744  0.000000000000  0.012708674305  0.000000000000
  0.368821292776 -0.009747129198  0.064034163063  0.195063656541  0.000000000000  0.075350398739  0.000000000000 -0.003012541495  0.000115801270  0.018583229876  0.000000000000  0.075350398739  0.000000000000
  0.372623574144  0.016582210201  0.016162120042  0.034559681542  0.000000000000  0.064932698520  0.000000000000 -0.116746045139  0.000776142424  0.006256456014 -0.000000000000  0.064932698520  0.000000000000
  0.376425855513 -0.008863194622  0.017896211545 -0.266357129801  0.000000000000  0.052101639710  0.000000000000 -0.009107918735 -0.000142396338 -0.016314339369  0.000000000000  0.052101639710  0.000000000000
  0.380228136882  0.013467394036  0.077197902033  0.325812140412 -0.000000000000  0.026256914935 -0.000000000000 -0.074137115455 -0.000221209408 -0.006226714077 -0.000000000000  0.026256914935 -0.000000000000
  0.384030418251 -0.010892781364  0.021657605296 -0.100452311562 -0.000000000000  0.124244817631 -0.000000000000 -0.064012519488  0.001075828955 -0.008045381371 -0.000000000000  0.124244817631 -0.000000000000
  0.387832699620  0.011484981379 -0.039054108922 -0.476206622188  0.000000000000  0.104095435129  0.000000000000 -0.050820036041 -0.003797519105 -0.011826764028  0.000000000000  0.104095435129  0.000000000000
  0.391634980989 -0.014036008770  0.151403195238  0.470213728103  0.000000000000  0.143906776496  0.000000000000  0.022190449291 -0.003280380201 -0.019731081383  0.000000000000  0.143906776496  0.000000000000
  0.395437262357  0.008553756784 -0.060820041796 -0.472663918114  0.000000000000  0.075821235577  0.000000000000 -0.123950021996  0.005519618222  0.050921684790  0.000000000000  0.075821235577  0.000000000000
  0.399239543726 -0.005204231601  0.019372470782  0.129137573203 -0.000000000000  0.097533906551 -0.000000000000  0.103965261449 -0.006073849225 -0.031899981647  0.000000000000  0.097533906551  0.000000000000
  0.403041825095  0.004404983276  0.065905144588  0.166465917587  0.000000000000  0.072831117035  0.000000000000 -0.143839342475  0.006257768497  0.042036201389 -0.000000000000  0.072831117035 -0.000000000000
  0.406844106464  0.002084424592 -0.009067663363 -0.268604522351  0.000000000000  0.099548241138  0.000000000000  0.075792578387 -0.002851419108 -0.019880691420 -0.000000000000  0.099548241138 -0.000000000000
  0.410646387833  0.002011444294  0.002221696517  0.053177414248  0.000000000000  0.022576451615  0.000000000000 -0.097513163311  0.001786197681  0.025486925737  0.000000000000  0.022576451615  0.000000000000
  0.414448669202  0.006757587464 -0.027757882233 -0.053192154866 -0.000000000000  0.006009135823 -0.000000000000  0.072516940229 -0.003656530989 -0.001001803023  0.000000000000  0.006009135823 -0.000000000000
  0.418250950570  0.002853462089  0.074478064479  0.539117842172  0.000000000000  0.060824395965  0.000000000000 -0.099507336753  0.000433860001  0.029459451316 -0.000000000000  0.060824395965 -0.000000000000
  0.422053231939  0.011893284065 -0.015164215235 -0.497565785593  0.000000000000  0.017333523681  0.000000000000 -0.019189735842 -0.003000681774 -0.024086767143  0.000000000000  0.017333523681  0.000000000000
  0.425855513308 -0.001491605637 -0.042012317571 -0.355639345699 -0.000000000000  0.074496910382 -0.000000000000 -0.005821067425 -0.001180876270 -0.005584100076 -0.000000000000  0.074496910382 -0.000000000000
  0.429657794677  0.010565468532  0.082410922441  0.106133355807 -0.000000000000  0.009245496066 -0.000000000000  0.059899733048  0.003408035717  0.015494112834 -0.000000000000  0.009245496066 -0.000000000000
  0.433460076046  0.000817095725 -0.045806659644 -0.057990077017 -0.000000000000  0.048616864918 -0.000000000000 -0.017314254179 -0.001880935177 -0.016005163979  0.000000000000  0.048616864918 -0.000000000000
  0.437262357414  0.007195870401  0.004441805906 -0.149782380815  0.000000000000  0.007342656665  0.000000000000  0.074148561049 -0.002233368681 -0.022954128519 -0.000000000000  0.007342656665 -0.000000000000
  0.441064638783 -0.003623939535  0.047568844769  0.146176660181 -0.000000000000  0.043071898838 -0.000000000000  0.008505660454  0.002350789599  0.025625861289 -0.000000000000  0.043071898838 -0.000000000000
  0.444866920152  0.011165376303  0.062440683982  0.005612342740 -0.000000000000  0.169547216259 -0.000000000000  0.047317374467 -0.002007178664 -0.022185384075  0.000000000000  0.169547216259 -0.000000000000
  0.448669201521 -0.007262811596 -0.076148118842 -0.073409928625  0.000000000000  0.138273735937  0.000000000000  0.001079895648 -0.000455993241  0.008120892597 -0.000000000000  0.138273735937 -0.000000000000
  0.452471482890  0.013383818677  0.035356920236  0.949856430081 -0.000000000000  0.055029009936 -0.000000000000  0.040939734576  0.001141373806  0.050143569919  0.000000000000  0.055029009936 -0.000000000000
  0.456273764259  0.001126585389 -0.011324516408 -0.535760040564  0.000000000000  0.009320511060  0.000000000000 -0.169543473323 -0.002720119219 -0.053717249200 -0.000000000000  0.009320511060 -0.000000000000
  0.460076045627  0.003136003258 -0.071454902560 -0.632487278663  0.000000000000  0.082859371168  0.000000000000  0.138238169597 -0.002909362084 -0.038779675128  0.000000000000  0.082859371168  0.000000000000
  0.463878326996 -0.006889414239  0.023543200428  0.794768473313  0.000000000000  0.046911747859  0.000000000000 -0.054596042951  0.002279811983  0.035551435505 -0.000000000000  0.046911747859 -0.000000000000
  0.467680608365  0.009124388285  0.004356155222  0.026167385446 -0.000000000000  0.015688095931 -0.000000000000 -0.001901963417 -0.000782391287 -0.000757390970 -0.000000000000  0.015688095931 -0.000000000000
  0.471482889734 -0.006163093638  0.035358684575  0.256402022599  0.000000000000  0.068646141409  0.000000000000 -0.082629847314 -0.000793337214  0.008528391717 -0.000000000000  0.068646141409 -0.000000000000
  0.475285171103  0.011141339431 -0.021191182513 -0.393308206125 -0.000000000000  0.087266527142 -0.000000000000 -0.045569536347  0.000750023967  0.014052785331 -0.000000000000  0.087266527142 -0.000000000000
  0.479087452471 -0.004167622323  0.059173492503  0.225248316199 -0.000000000000  0.091303949390 -0.000000000000 -0.015124393479 -0.001600821696 -0.030368195121 -0.000000000000  0.091303949390 -0.000000000000
  0.482889733840  0.004640665250 -0.036795158630 -0.555405259596  0.000000000000  0.046507967537  0.000000000000 -0.068489101005 -0.000392234980 -0.033685956637 -0.000000000000  0.046507967537  0.000000000000
  0.486692015209 -0.012073116077 -0.005302627819  0.154722571622 -0.000000000000  0.077689571436 -0.000000000000  0.086427348841 -0.001610622134 -0.021337554421 -0.000000000000  0.077689571436 -0.000000000000
  0.490494296578 -0.000356605277  0.020721528946  0.216174100968 -0.000000000000  0.052434032284 -0.000000000000 -0.091303252992  0.002153837209  0.004470093591 -0.000000000000  0.052434032284 -0.000000000000
  0.494296577947 -0.012523095267 -0.025643446873 -0.162079631843  0.000000000000  0.086450529912  0.000000000000  0.044790212428  0.001346567949 -0.028754207945 -0.000000000000  0.086450529912 -0.000000000000
  0.498098859316 -0.006191676180  0.036822441496  0.501060736673  0.000000000000  0.100969007675  0.000000000000 -0.077442447379 -0.001296926133 -0.017226833333 -0.000000000000  0.100969007675 -0.000000000000
  0.501901140684 -0.016425622824 -0.008163327594 -0.045271801324  0.000000000000  0.048364521222  0.000000000000 -0.049794845681 -0.000242960478 -0.001211154681  0.000000000000  0.048364521222  0.000000000000
  0.505703422053 -0.005705890420  0.031032063644  0.289604575073  0.000000000000  0.148658507357  0.000000000000 -0.086262024881  0.003881813061  0.048268735448 -0.000000000000  0.148658507357 -0.000000000000
  0.509505703422 -0.008243812647  0.017326666613 -0.273627299477  0.000000000000  0.102423099470  0.000000000000 -0.100631903808 -0.001690812861 -0.060434917915 -0.000000000000  0.102423099470 -0.000000000000
  0.513307984791 -0.015365014889 -0.029283497120  0.248812421105  0.000000000000  0.107418313652  0.000000000000 -0.045858949296  0.000260933907  0.037380769625  0.000000000000  0.107418313652  0.000000000000
  0.517110266160 -0.002217813333  0.015327284102  0.293591669933  0.000000000000  0.021953555100  0.000000000000 -0.148641962829 -0.000970420220 -0.003777910377  0.000000000000  0.021953555100  0.000000000000
  0.520912547529 -0.015762944813  0.006704433486 -0.175688652437  0.000000000000  0.137344419654  0.000000000000 -0.101202869899 -0.000540367266 -0.016529132179 -0.000000000000  0.137344419654 -0.000000000000
  0.524714828897 -0.005705819529  0.009691154023 -0.573702158135 -0.000000000000  0.058414845294 -0.000000000000 -0.107266666451  0.000433611616 -0.017544785652 -0.000000000000  0.058414845294 -0.000000000000
  0.528517110266 -0.019415732946  0.059017320159  0.252608394560 -0.000000000000  0.201653244045 -0.000000000000  0.010246360119  0.001399369623  0.004570750039 -0.000000000000  0.201653244045 -0.000000000000
  0.532319391635 -0.005327602690 -0.036086144687 -0.281824116539 -0.000000000000  0.043887493418 -0.000000000000 -0.137241051656 -0.002297692912 -0.013889219167  0.000000000000  0.043887493418  0.000000000000
  0.536121673004 -0.021606717353  0.022802763320  0.351080219622  0.000000000000  0.184348098254  0.000000000000  0.054271944096  0.001185498688  0.017475984870 -0.000000000000  0.184348098254 -0.000000000000
  0.539923954373 -0.002172168524  0.008418683407  0.067516991428 -0.000000000000  0.019617189367 -0.000000000000 -0.201641544622 -0.000119250156 -0.007284945633  0.000000000000  0.019617189367  0.000000000000
  0.543726235741 -0.022792360853 -0.030104812332 -0.118450358486  0.000000000000  0.145279253407  0.000000000000  0.037504937878 -0.003522388569 -0.013416793887  0.000000000000  0.145279253407  0.000000000000
  0.547528517110 -0.003896394052  0.020858949635  0.184940963118  0.000000000000  0.104668142316  0.000000000000 -0.184306916428  0.002971203656  0.036029831485 -0.000000000000  0.104668142316  0.000000000000
  0.551330798479 -0.016316226971 -0.001782456346 -0.162884155558 -0.000000000000  0.194040411166 -0.000000000000  0.010891044767 -0.002615613373 -0.016682236027  0.000000000000  0.194040411166  0.000000000000
  0.555133079848 -0.005981220368 -0.022033701999 -0.483746223741 -0.000000000000  0.111451131297 -0.000000000000 -0.145156076253 -0.000108382697  0.003872315182 -0.000000000000  0.111451131297 -0.000000000000
  0.558935361217 -0.015016128617  0.008540875989  0.316296415692 -0.000000000000  0.150817723748 -0.000000000000  0.103585403882  0.002245777373  0.028772255552  0.000000000000  0.150817723748  0.000000000000
  0.562737642586  0.000141149211  0.030140856219 -0.034152488186 -0.000000000000  0.110851359519  0.000000000000 -0.194040359829 -0.002442409327  0.008224996319 -0.000000000000  0.110851359519 -0.000000000000
  0.566539923954 -0.012689818776 -0.017327492480 -0.226849367959 -0.000000000000  0.146026452878 -0.000000000000  0.110726343599  0.001241446841 -0.002703623811  0.000000000000  0.146026452878 -0.000000000000
  0.570342205323  0.000527269162  0.001671846220  0.040639220571  0.000000000000  0.127995912439  0.000000000000 -0.150816802060  0.000617964594  0.016881356031  0.000000000000  0.127995912439  0.000000000000
  0.574144486692 -0.009037157048 -0.005995393235 -0.019303421353 -0.000000000000  0.076550454597 -0.000000000000  0.110482368275  0.000891165831  0.011017315896  0.000000000000  0.076550454597  0.000000000000
  0.577946768061  0.003630684026  0.012708964168 -0.036405696100  0.000000000000  0.018005113322  0.000000000000 -0.145981310700  0.002610787526  0.019994358736  0.000000000000  0.018005113322  0.000000000000
  0.581749049430 -0.005478700766 -0.051842564920 -0.450687476764  0.000000000000  0.039834771967  0.000000000000  0.127878604305 -0.002911255228 -0.035893265464 -0.000000000000  0.039834771967  0.000000000000
  0.585551330798 -0.001540348319  0.040658756697  0.834472316785  0.000000000000  0.061388251710  0.000000000000 -0.076534955583  0.004175173411  0.056129165431 -0.000000000000  0.061388251710 -0.000000000000
  0.589353612167  0.004212067470 -0.032750347959 -0.314689579875  0.000000000000  0.076204379607  0.000000000000 -0.017505501803 -0.002999291713 -0.025351191002  0.000000000000  0.076204379607  0.000000000000
  0.593155893536 -0.004981425590  0.009284667920  0.230378009891  0.000000000000  0.071632343035  0.000000000000 -0.039522075562  0.000281122277  0.009235249572 -0.000000000000  0.071632343035  0.000000000000
  0.596958174905  0.006340127564  0.007973465064  0.159713352216  0.000000000000  0.032974087958  0.000000000000 -0.061059972408  0.001572910191  0.031079707485  0.000000000000  0.032974087958  0.000000000000
  0.600760456274  0.001011689314  0.002243195218  0.062632066241  0.000000000000  0.123837847705  0.000000000000 -0.076197663717 -0.001988019485 -0.011495378131 -0.000000000000  0.123837847705 -0.000000000000
  0.604562737643  0.005131620481 -0.023776934851 -0.263402912114  0.000000000000  0.040359752151  0.000000000000 -0.071448296271  0.000680926319  0.011000107069  0.000000000000  0.040359752151  0.000000000000
  0.608365019011  0.003212797387  0.046771813740  0.294995079259  0.000000000000  0.097762717632  0.000000000000 -0.032817196858  0.001183201031  0.011490827730  0.000000000000  0.097762717632  0.000000000000
  0.612167300380  0.007503302064 -0.024179654696  0.030374541191  0.000000000000  0.035117341542  0.000000000000 -0.123610327167 -0.001356306241 -0.000401699733 -0.000000000000  0.035117341542 -0.000000000000
  0.615969581749  0.002572077555 -0.007381763040 -0.134815223119  0.000000000000  0.051317607837  0.000000000000 -0.040277711091 -0.001592413156 -0.030919178311  0.000000000000  0.051317607837  0.000000000000
  0.619771863118  0.001378246616  0.011734114391  0.023777224778 -0.000000000000  0.005572290034 -0.000000000000 -0.097753001975 -0.000162038943  0.000314261636  0.000000000000  0.005572290034  0.000000000000
  0.623574144487  0.001664157374 -0.021724707236 -0.217642692770 -0.000000000000  0.084094243058 -0.000000000000 -0.035077888437 -0.000501503829 -0.006311559011  0.000000000000  0.084094243058  0.000000000000
  0.627376425856 -0.000112699343 -0.006242070534 -0.143235435938 -0.000000000000  0.060201375609 -0.000000000000 -0.051317484087 -0.001390849267 -0.007025848900 -0.000000000000  0.060201375609 -0.000000000000
  0.631178707224  0.000438997593 -0.003816998185  0.156349958773 -0.000000000000  0.063593043716 -0.000000000000 -0.005554970507  0.000077000530  0.013221339857  0.000000000000  0.063593043716  0.000000000000
  0.634980988593  0.002456779147 -0.009018195916  0.283995581480 -0.000000000000  0.011807482557 -0.000000000000 -0.084058348495 -0.000081165514  0.009343906241 -0.000000000000  0.011807482557 -0.000000000000
  0.638783269962  0.002132085776  0.003438736227 -0.094112842171 -0.000000000000  0.024414512205 -0.000000000000 -0.060163608896 -0.000429782434 -0.017968266866  0.000000000000  0.024414512205 -0.000000000000
  0.642585551331 -0.000591058588  0.005434954670 -0.333930809684 -0.000000000000  0.014822770725 -0.000000000000 -0.063590296892  0.000180316593  0.008843797861  0.000000000000  0.014822770725  0.000000000000
  0.646387832700  0.003598147577  0.026133382882 -0.159757447787 -0.000000000000  0.057956744871 -0.000000000000  0.011245887175  0.001681580211  0.007914532049 -0.000000000000  0.057956744871 -0.000000000000
  0.650190114068  0.000667054669  0.000720241501 -0.014044469068  0.000000000000  0.012669537276 -0.000000000000 -0.024405397851 -0.000998752595 -0.018504751982  0.000000000000  0.012669537276  0.000000000000
  0.653992395437  0.000176268060 -0.001753229400  0.176567447280  0.000000000000  0.021213447785  0.000000000000  0.014821722624  0.000242882073 -0.001536432879 -0.000000000000  0.021213447785 -0.000000000000
  0.657794676806  0.000365001412  0.022396296466  0.044483413845  0.000000000000  0.035379027756  0.000000000000 -0.057955595502  0.001526857815  0.018538400160 -0.000000000000  0.035379027756 -0.000000000000
  0.661596958175  0.003496908812 -0.011030599476 -0.448812991195 -0.000000000000  0.012101561723 -0.000000000000  0.012177389028 -0.000404635658 -0.008371656349  0.000000000000  0.012101561723  0.000000000000
  0.665399239544 -0.001149605138  0.021665844020  0.277510843010  0.000000000000  0.016460832475  0.000000000000  0.021182275019 -0.000959297042 -0.014215228057  0.000000000000  0.016460832475  0.000000000000
  0.669201520913  0.001088950791  0.009055126318  0.176824253158 -0.000000000000  0.045507229650 -0.000000000000 -0.035362265074  0.000966064711  0.021144913198  0.000000000000  0.045507229650  0.000000000000
  0.673003802281  0.002774186634 -0.015052469347 -0.313379005379  0.000000000000  0.043408156424  0.000000000000 -0.011779290499 -0.000713879566  0.006107807885 -0.000000000000  0.043408156424 -0.000000000000
  0.676806083650  0.002670189732 -0.000693314404  0.171134520456  0.000000000000  0.020337139923  0.000000000000  0.016242816645 -0.000521229026 -0.001986870259 -0.000000000000  0.020337139923 -0.000000000000
  0.680608365019  0.002495742421 -0.001270374442  0.310134832630 -0.000000000000  0.053658457979  0.000000000000 -0.045438741402 -0.000607585032 -0.002888613256 -0.000000000000  0.053658457979 -0.000000000000
  0.684410646388  0.002133543853 -0.020599487638 -0.175537807982 -0.000000000000  0.002794701257 -0.000000000000 -0.043355692068  0.000373955971  0.006282985417  0.000000000000  0.002794701257 -0.000000000000
  0.688212927757  0.003123124006  0.009295717784  0.083745385504 -0.000000000000  0.017695654418 -0.000000000000 -0.020095903978 -0.001205838007 -0.020495301733 -0.000000000000  0.017695654418 -0.000000000000
  0.692015209125 -0.001774253481  0.006111746442 -0.084694512678  0.000000000000  0.005905484434  0.000000000000 -0.053629116507  0.000447598222  0.002707613136 -0.000000000000  0.005905484434 -0.000000000000
  0.695817490494  0.002771873386  0.005861844554 -0.176278454319 -0.000000000000  0.020219780550 -0.000000000000 -0.000356473062 -0.000827293156 -0.015552675654  0.000000000000  0.020219780550  0.000000000000
  0.699619771863 -0.004970511583  0.012402180904 -0.009685712866  0.000000000000  0.035855370495  0.000000000000 -0.016983232904 -0.000005812990 -0.004115449360 -0.000000000000  0.035855370495 -0.000000000000
  0.703422053232  0.001497578392  0.018336273101  0.034166687647  0.000000000000  0.006381190713  0.000000000000  0.005712443029 -0.000112040255 -0.002850439789  0.000000000000  0.006381190713  0.000000000000
  0.707224334601 -0.006032780450  0.004774862633 -0.146705006503 -0.000000000000  0.038245322453 -0.000000000000 -0.019298836378 -0.001040982573 -0.013849186631  0.000000000000  0.038245322453  0.000000000000
  0.711026615970 -0.001279332735 -0.022597383814 -0.081103397049  0.000000000000  0.055087259354  0.000000000000  0.035832539696  0.000705750157  0.002251666038 -0.000000000000  0.055087259354  0.000000000000
  0.714828897338 -0.006377290183  0.009514986952  0.036701987404  0.000000000000  0.005714809457  0.000000000000  0.000223080345 -0.000828709365 -0.018057387800  0.000000000000  0.005714809457  0.000000000000
  0.718631178707 -0.004855760379 -0.020552583835 -0.306970426847  0.000000000000  0.061120412806  0.000000000000  0.037935817912  0.000017653754 -0.003929235378 -0.000000000000  0.061120412806 -0.000000000000
  0.722433460076 -0.007481762317  0.011808229026  0.217393080152  0.000000000000  0.007736970585  0.000000000000  0.054576820865  0.000018112240  0.000158408530 -0.000000000000  0.007736970585 -0.000000000000
  0.726235741445 -0.004449630418 -0.019217536606 -0.052588971374  0.000000000000  0.050152695442  0.000000000000  0.003586061387  0.000273428508  0.017688904394 -0.000000000000  0.050152695442 -0.000000000000
  0.730038022814 -0.003843996235  0.009069931459 -0.024989711678 -0.000000000000  0.048195605644 -0.000000000000  0.060999414378  0.000174959756  0.005434077017  0.000000000000  0.048195605644  0.000000000000
  0.733840304183 -0.002970823803  0.002088820018  0.023494009637  0.000000000000  0.023686160232  0.000000000000  0.007143872883  0.000137128657 -0.003381344110 -0.000000000000  0.023686160232 -0.000000000000
  0.737642585551 -0.004178185053  0.013791842757  0.263049006788 -0.000000000000  0.003075221938 -0.000000000000  0.049978351611  0.000108475244  0.003102278765 -0.000000000000  0.003075221938 -0.000000000000
  0.741444866920 -0.002182178980  0.006858890408  0.136844174510  0.000000000000  0.013988663130  0.000000000000 -0.048146178439  0.000686685362  0.008267595855  0.000000000000  0.013988663130  0.000000000000
  0.745247148289 -0.002524996400  0.000662877445 -0.287144215388 -0.000000000000  0.024751801211 -0.000000000000  0.023551190622  0.000062741916 -0.003377398490 -0.000000000000  0.024751801211 -0.000000000000
  0.749049429658 -0.002538407911  0.021064961671  0.097232920155  0.000000000000  0.042007341788  0.000000000000  0.001735936417 -0.000077727538  0.002042022961 -0.000000000000  0.042007341788 -0.000000000000
  0.752851711027 -0.002053563062 -0.024244141489 -0.162492924225 -0.000000000000  0.062100322048 -0.000000000000  0.013837108619 -0.000314030966  0.002688874964  0.000000000000  0.062100322048 -0.000000000000
  0.756653992395 -0.001661605106  0.015503707858  0.331185442357  0.000000000000  0.057309050139  0.000000000000  0.024695965898  0.000435887969  0.012278576859 -0.000000000000  0.057309050139 -0.000000000000
  0.760456273764  0.000313488361 -0.010535180876 -0.240710227740 -0.000000000000  0.065876735613 -0.000000000000 -0.042006172036 -0.000086432367 -0.007775224987 -0.000000000000  0.065876735613 -0.000000000000
  0.764258555133 -0.002429404834  0.013257822072  0.103470928287 -0.000000000000  0.070559567246 -0.000000000000  0.062052783907  0.000968578615  0.017110610895  0.000000000000  0.070559567246  0.000000000000
  0.768060836502  0.003658657542 -0.003172289140 -0.036243430374  0.000000000000  0.051021319642  0.000000000000 -0.057192145027  0.000239324228  0.003733331499  0.000000000000  0.051021319642  0.000000000000
  0.771863117871 -0.001184684738 -0.008046729162  0.060269736936  0.000000000000  0.030335360968  0.000000000000  0.065866082449 -0.000485541308  0.004654850199 -0.000000000000  0.030335360968 -0.000000000000
  0.775665399240  0.004782089841  0.016875887839  0.097299542767 -0.000000000000  0.090219768286 -0.000000000000 -0.070397330536  0.000975501751  0.003700702729 -0.000000000000  0.090219768286 -0.000000000000
  0.779467680608 -0.000534193249 -0.024141071899 -0.195828882479  0.000000000000  0.031988393323  0.000000000000  0.051018523063 -0.001033614714 -0.007266908653  0.000000000000  0.031988393323  0.000000000000
  0.783269961977  0.003400678731 -0.002782798917 -0.137505298839 -0.000000000000  0.088858136883 -0.000000000000 -0.030144145522  0.000762894066 -0.000812254112  0.000000000000  0.088858136883  0.000000000000
  0.787072243346 -0.001093902363 -0.012315179552 -0.304215555304  0.000000000000  0.042277871625  0.000000000000  0.090213136334 -0.000075138582 -0.010073714867 -0.000000000000  0.042277871625  0.000000000000
  0.790874524715  0.001649001327  0.001202185639  0.053431529122  0.000000000000  0.088095881053  0.000000000000  0.031945862048 -0.000326605751  0.010667293167  0.000000000000  0.088095881053  0.000000000000
  0.794676806084  0.000718923950 -0.010309525917 -0.058110372177  0.000000000000  0.076587145005  0.000000000000  0.088855228539  0.000028806179  0.000340991524  0.000000000000  0.076587145005  0.000000000000
  0.798479087452  0.001812089178  0.004270269989  0.031427141908  0.000000000000  0.101852274274  0.000000000000  0.042239019425  0.000034467022 -0.005194621439  0.000000000000  0.101852274274  0.000000000000
  0.802281368821 -0.000269847793  0.003636556900 -0.175587878132  0.000000000000  0.031079768479  0.000000000000  0.088095467765 -0.000368595172  0.000130869812 -0.000000000000  0.031079768479  0.000000000000
  0.806083650190  0.001739001177 -0.013949777270 -0.081587662696 -0.000000000000  0.106367840390 -0.000000000000  0.076567399427 -0.000511307942  0.000723926449  0.000000000000  0.106367840390  0.000000000000
  0.809885931559 -0.000038242880  0.015838556738  0.246960123691  0.000000000000  0.004499187067  0.000000000000  0.101852267094  0.000710743257  0.004860109182  0.000000000000  0.004499187067  0.000000000000
  0.813688212928  0.002720217605  0.002305557463 -0.073504021704 -0.000000000000  0.128370212480 -0.000000000000  0.030960497814 -0.000333775066 -0.000239363434 -0.000000000000  0.128370212480 -0.000000000000
  0.817490494297  0.000105844324  0.018729563108  0.159792032596  0.000000000000  0.006943679322  0.000000000000  0.106367787728 -0.000049530435  0.003983421872  0.000000000000  0.006943679322  0.000000000000
  0.821292775665  0.003445717946  0.002385297052 -0.138964887419 -0.000000000000  0.125797848744 -0.000000000000  0.002893045471 -0.000226390597 -0.003859792108 -0.000000000000  0.125797848744 -0.000000000000
  0.825095057034 -0.000281239892  0.011176903257  0.043284185767  0.000000000000  0.007298611895  0.000000000000  0.128369904402  0.000387469487  0.012988450100  0.000000000000  0.007298611895  0.000000000000
  0.828897338403  0.005710533409  0.002166167579  0.009987000643  0.000000000000  0.091312747951 -0.000000000000 -0.003950251981 -0.000876758878 -0.008835240131  0.000000000000  0.091312747951  0.000000000000
  0.832699619772 -0.001588334904  0.003430588748 -0.036515446572  0.000000000000  0.039554673567  0.000000000000  0.125787821115  0.000531363312  0.007310807964  0.000000000000  0.039554673567  0.000000000000
  0.836501901141  0.006837450623  0.009987261097  0.209127736589 -0.000000000000  0.095527221817 -0.000000000000 -0.002553234140 -0.000445721073 -0.005324863095  0.000000000000  0.095527221817  0.000000000000
  0.840304182510 -0.002530265393 -0.010668624568 -0.240910556103 -0.000000000000  0.053423348401 -0.000000000000  0.091277684542 -0.000495634704  0.000154204853 -0.000000000000  0.053423348401 -0.000000000000
  0.844106463878  0.006695316566  0.011224408099  0.012345530988  0.000000000000  0.062913901610  0.000000000000  0.038983906129  0.000520057371 -0.001537130695  0.000000000000  0.062913901610  0.000000000000
  0.847908745247 -0.003043504853 -0.005401086403 -0.096183065037  0.000000000000  0.021962359504  0.000000000000  0.095478726354 -0.000637897074 -0.007658939369 -0.000000000000  0.021962359504 -0.000000000000
  0.851711026616  0.005375062892  0.005890943095  0.157757911972  0.000000000000  0.036264209070  0.000000000000  0.053152261036  0.000373245143  0.010381764363 -0.000000000000  0.036264209070 -0.000000000000
  0.855513307985 -0.001538841244  0.004332912372  0.123840657765 -0.000000000000  0.003493521190  0.000000000000  0.062895079167 -0.000864116558 -0.013264683997 -0.000000000000  0.003493521190 -0.000000000000
  0.859315589354  0.003190828998  0.008798127979  0.101919907505 -0.000000000000  0.013666719954 -0.000000000000  0.021729331451  0.000295438392  0.008601439310 -0.000000000000  0.013666719954 -0.000000000000
  0.863117870722 -0.000332850773  0.008927743333  0.094787308945  0.000000000000  0.044245248313  0.000000000000  0.036262681504 -0.001006458597 -0.007511971336 -0.000000000000  0.044245248313 -0.000000000000
  0.866920152091  0.002079000245  0.007508553456  0.075307923186 -0.000000000000  0.037854174555 -0.000000000000 -0.002807569819  0.000849879717  0.008246354099 -0.000000000000  0.037854174555 -0.000000000000
  0.870722433460  0.001080394284  0.002147773981  0.218150010247 -0.000000000000  0.041298580392 -0.000000000000  0.013623948858 -0.000628847895 -0.001365615548  0.000000000000  0.041298580392  0.000000000000
  0.874524714829  0.001974766076  0.001544449568 -0.151266836134 -0.000000000000  0.028131674086 -0.000000000000 -0.044201157194  0.000228919386  0.000528608620  0.000000000000  0.028131674086  0.000000000000
  0.878326996198  0.001032777695 -0.008450299707 -0.006507092056 -0.000000000000  0.040490614711 -0.000000000000  0.037840083265 -0.000111219339 -0.004838485847 -0.000000000000  0.040490614711 -0.000000000000
  0.882129277567  0.000973244085  0.005570248950  0.054556585212  0.000000000000  0.025699447308  0.000000000000 -0.041287111043 -0.000130177699 -0.001118777804 -0.000000000000  0.025699447308 -0.000000000000
  0.885931558935  0.000492338240 -0.004183635315 -0.012865299448 -0.000000000000  0.042501508894 -0.000000000000  0.028127365500 -0.000242817956 -0.007214119551 -0.000000000000  0.042501508894 -0.000000000000
  0.889733840304 -0.000583379497  0.000154290777  0.013344224649 -0.000000000000  0.009098336208 -0.000000000000 -0.040486411894 -0.000261343918 -0.003815976423  0.000000000000  0.009098336208  0.000000000000
  0.893536121673 -0.000397798248 -0.002535077402 -0.014569760474 -0.000000000000  0.020053612104 -0.000000000000  0.025696368391  0.000134175939  0.001826767259 -0.000000000000  0.020053612104 -0.000000000000
  0.897338403042 -0.000347193791  0.008878615831  0.197243904823  0.000000000000  0.014341800096  0.000000000000 -0.042500090762 -0.000269032911 -0.001190601848  0.000000000000  0.014341800096  0.000000000000
  0.901140684411 -0.000430545537 -0.007562420873 -0.124853244278 -0.000000000000  0.048859298546 -0.000000000000 -0.009088143501  0.000606187086  0.006549130935  0.000000000000  0.048859298546  0.000000000000
  0.904942965779  0.000975148838  0.001337023990 -0.126822103321  0.000000000000  0.038321760278  0.000000000000 -0.020029888745  0.000031574175  0.001605463262 -0.000000000000  0.038321760278 -0.000000000000
  0.908745247148  0.000137101565 -0.001801183149  0.182271073870  0.000000000000  0.031852645592  0.000000000000  0.014341144764  0.000013786885  0.003180288447 -0.000000000000  0.031852645592 -0.000000000000
  0.912547528517  0.001798197025 -0.008185206960 -0.131566166424  0.000000000000  0.054248695168  0.000000000000 -0.048826197291  0.000388106224  0.005058573767 -0.000000000000  0.054248695168 -0.000000000000
  0.916349809886  0.001322398657  0.001335242509 -0.065061084567  0.000000000000  0.019018885466  0.000000000000  0.038298936965  0.000160155771  0.004202263685 -0.000000000000  0.019018885466 -0.000000000000
  0.920152091255  0.002814976486 -0.008868822648 -0.062444265564  0.000000000000  0.057554934334  0.000000000000 -0.031728015044  0.000253811100  0.003232060518 -0.000000000000  0.057554934334 -0.000000000000
  0.923954372624  0.001929958143 -0.001457213602 -0.056380193486  0.000000000000  0.020541344397  0.000000000000  0.054214354087 -0.000128876320 -0.005983989368  0.000000000000  0.020541344397  0.000000000000
  0.927756653992  0.001857405782  0.007055247766 -0.009565282001 -0.000000000000  0.046066577077 -0.000000000000 -0.018927969995  0.000299134334  0.005057936215  0.000000000000  0.046066577077  0.000000000000
  0.931558935361  0.002870992640  0.001477786702  0.000182104214  0.000000000000  0.008678921524  0.000000000000  0.057483283374  0.000205765526  0.004029287625 -0.000000000000  0.008678921524 -0.000000000000
  0.935361216730  0.002712498578 -0.004219223624  0.078633539065 -0.000000000000  0.050964872940 -0.000000000000 -0.020361463138 -0.000084855332 -0.002376543894 -0.000000000000  0.050964872940 -0.000000000000
  0.939163498099  0.002762969828 -0.003589768864 -0.150890238316 -0.000000000000  0.007145200825 -0.000000000000  0.045983644063  0.000527733132  0.010805859579  0.000000000000  0.007145200825 -0.000000000000
  0.942965779468  0.004748334292 -0.008567741042 -0.015930838068 -0.000000000000  0.015713804126 -0.000000000000  0.007264778062 -0.000396783993 -0.000524162674 -0.000000000000  0.015713804126 -0.000000000000
  0.946768060837  0.002805866565  0.003921135233  0.047088436009 -0.000000000000  0.001023288907 -0.000000000000  0.050887575955 -0.000051395329 -0.002536468791  0.000000000000  0.001023288907  0.000000000000
  0.950570342205  0.004121034622  0.005551434438  0.180271796141 -0.000000000000  0.012905256660 -0.000000000000 -0.005837034219 -0.000281922844 -0.002920992259 -0.000000000000  0.012905256660 -0.000000000000
  0.954372623574  0.001742495937 -0.000415406315 -0.070636667483  0.000000000000  0.025009898523  0.000000000000  0.015616893034 -0.000482570122 -0.014836560164 -0.000000000000  0.025009898523 -0.000000000000
  0.958174904943  0.000908817300  0.006858581715  0.136997852134 -0.000000000000  0.002308153540 -0.000000000000 -0.000470288530 -0.000461262357 -0.007357225713 -0.000000000000  0.002308153540 -0.000000000000
  0.961977186312 -0.000197312755 -0.000014562112  0.119767136130 -0.000000000000  0.008723150864 -0.000000000000 -0.012903748182 -0.000122556351 -0.002854744777 -0.000000000000  0.008723150864 -0.000000000000
  0.965779467681 -0.000120531247  0.003029653668 -0.065681752752 -0.000000000000  0.025625227768 -0.000000000000 -0.025009608081 -0.000542279020 -0.009715062853 -0.000000000000  0.025625227768 -0.000000000000
  0.969581749049 -0.002148208097 -0.001085895934 -0.152144276954  0.000000000000  0.002543378592  0.000000000000  0.000844259873  0.000133831465  0.002799950891 -0.000000000000  0.002543378592 -0.000000000000
  0.973384030418  0.000122960125  0.004045609624 -0.112132647415 -0.000000000000  0.002254424036 -0.000000000000  0.008722284208 -0.000271593448 -0.002007719374 -0.000000000000  0.002254424036 -0.000000000000
  0.977186311787 -0.002621550269  0.005729436369  0.032445817345  0.000000000000  0.005972952464  0.000000000000  0.025490778182 -0.000355203797 -0.005278289017  0.000000000000  0.005972952464  0.000000000000
  0.980988593156 -0.000822477392  0.006632892125  0.116792702691  0.000000000000  0.004856104777  0.000000000000  0.002406720923 -0.000290504153  0.005698680873  0.000000000000  0.004856104777  0.000000000000
  0.984790874525 -0.001773128472  0.002997959572  0.028777391162  0.000000000000  0.003939557098  0.000000000000  0.001392279841 -0.000101279114 -0.005955465904  0.000000000000  0.003939557098  0.000000000000
  0.988593155894 -0.001768091861 -0.000380306529 -0.016273588895  0.000000000000  0.000000000000  0.000000000000 -0.005705261808 -0.000283427361  0.002946453529  0.000000000000  0.000000000000  0.000000000000
  0.992395437262 -0.001201490941 -0.001263520924 -0.051296268083  0.000000000000  0.000000000000  0.000000000000  0.004705122009  0.000216096372  0.003949969728 -0.000000000000  0.000000000000  0.000000000000
  0.996197718631 -0.000786117000 -0.055592984778  0.056958204434 -0.000000000000  0.047989748353 -0.000000000000  0.003860327730 -0.001612220986  0.003315064533  0.000000000000  0.047989748353  0.000000000000
  1.000000000000  0.000000000000 -0.011748168885 -0.051599030870  0.000000000000  0.115668687875  0.000000000000  0.000000000000  0.002167801802  0.011343324320 -0.000000000000  0.115668687875  0.000000000000
