             Rad         v_r[Re]         v_t[Re]         v_x[Re]         p[Re]          p_mg[Re]  p_no_phase[Re]         v_r[Im]         v_t[Im]         v_x[Im]         p[Im]          p_mg[Im]  p_no_phase[Im]
  0.100000000000  0.235093199656 -0.121354456802  0.379241814897  0.022988398229  0.519205834845 -0.120315728937  0.102933252649 -0.056542930171 -0.620758185103  0.186513993422  0.519205834845 -0.144360872697
  0.114285714286  0.536522118264  0.060314261468  0.060340255923 -0.010241037078  0.424876432864  0.003814160320 -0.198013056620  0.008743622845 -0.001489732613  0.008857255385  0.424876432864 -0.012991612465
  0.128571428571  0.187906222198  0.044131202761 -0.504782203394  0.086146029342  0.551541121698 -0.013831641735 -0.082144287744  0.090980849253  0.145767796501 -0.108216030414  0.551541121698  0.137624610070
  0.142857142857 -0.515729415887 -0.013357972668 -0.283773974580  0.028886983801  0.460083521486  0.023480715823  0.059982235085  0.018461731296  0.212104098498 -0.088219719730  0.460083521486  0.089809981443
  0.157142857143 -0.287772642720 -0.043898624032  0.540483600710 -0.110333920249  0.459500823690  0.044583124782  0.312581012387 -0.066918610716 -0.039937852305  0.088978958061  0.459500823690 -0.134548035734
  0.171428571429  0.549947782463 -0.007088948422  0.267763838121  0.001429961838  0.323151569860 -0.069148151725 -0.041893263026 -0.008879043480 -0.400449393526  0.125488010942  0.323151569860 -0.104727354565
  0.185714285714  0.195498467018  0.044417556391 -0.519590116033  0.099120365471  0.218215350639 -0.032205873329 -0.416481927743  0.041067935086  0.086631709673 -0.094426650140  0.218215350639  0.133056457306
  0.200000000000 -0.443863670608  0.006300388587 -0.131610870846 -0.029330072150  0.176387787641  0.081297596259  0.118853055859  0.001710672108  0.398179023437 -0.104605276505  0.176387787641  0.072063984400
  0.214285714286 -0.085361358585 -0.034100359274  0.324586705706 -0.049811796776  0.082601905485  0.000431063617  0.311673507959 -0.016116560320 -0.139291088350  0.076548085792  0.082601905485 -0.091327097407
  0.228571428571  0.189635722498 -0.003003083041  0.087753892766  0.011925819209  0.345458305755 -0.041918895604 -0.107964031081 -0.007229648097 -0.215968752367  0.058901616923  0.345458305755 -0.043063114510
  0.242857142857  0.140087690783  0.016800594743 -0.057687466150  0.007484092175  0.317150145072  0.002199061065 -0.107182510327  0.004503955341  0.034908720108 -0.015682167432  0.317150145072  0.017236767141
  0.257142857143  0.030771411149  0.008260233224 -0.236320293092  0.045176520697  0.505608335487 -0.015329416854 -0.076656343806  0.016595453528  0.039977590685 -0.041835285457  0.505608335487  0.059633196380
  0.271428571429 -0.345376865771 -0.005073623089 -0.069442375929 -0.013950642732  0.409213980698  0.040962800350  0.007500773671 -0.008028445353  0.206002613275 -0.053991821822  0.409213980698  0.037838951409
  0.285714285714 -0.045941011599 -0.017804039139  0.446271906545 -0.090703979448  0.465802348671  0.038079226950  0.313805095517 -0.017138433514 -0.038555085638  0.070510905001  0.465802348671 -0.108392675429
  0.300000000000  0.497126104553  0.004454411903 -0.020349482602  0.059055346515  0.307749006845 -0.093453548369 -0.092224861538  0.015224874121 -0.387747367122  0.080900576093  0.307749006845 -0.036039859345
  0.314285714286 -0.098124237092  0.020959674305 -0.487151224604  0.083440326010  0.257057675797 -0.012170069704 -0.397275365577  0.007923220896  0.171093404458 -0.107083531597  0.257057675797  0.135207470753
  0.328571428571 -0.414223872113 -0.006356616124  0.155153982836 -0.086883164616  0.118559568152  0.104637826516  0.213050256511 -0.013096347622  0.352648619745 -0.058347545141  0.118559568152  0.002011362644
  0.342857142857  0.156074934779 -0.014095461399  0.314301443994 -0.043795171909  0.109331590770 -0.015203695176  0.265235868516 -0.001172647783 -0.220399686466  0.096081426205  0.109331590770 -0.104491651327
  0.357142857143  0.203840009644  0.004021024873 -0.103291820341  0.049985106015  0.288269755373 -0.058237171160 -0.156613853647  0.004295121896 -0.184540888354  0.029943768688  0.288269755373  0.001889974032
  0.371428571429  0.005880875332  0.007205399566 -0.122311809487  0.021303958497  0.321930570197 -0.001241934801 -0.118413624662  0.001387506921  0.059224431868 -0.030785563906  0.321930570197  0.037417471729
  0.385714285714 -0.085693866847  0.003225199700 -0.138111685021  0.019610525340  0.465065927176  0.006593148109 -0.067896670943  0.001992809269  0.100063405106 -0.042626581229  0.465065927176  0.046455661973
  0.400000000000 -0.263930850972 -0.005900096282  0.106819811225 -0.051109556070  0.442698244827  0.059787942578  0.115930831827 -0.007524177575  0.189445996815 -0.031061891825  0.442698244827 -0.001558771243
  0.414285714286  0.162775115889 -0.009284737137  0.360411619468 -0.061813517204  0.452627467699  0.001973843350  0.277747283830 -0.001090326616 -0.183697267473  0.092334172708  0.452627467699 -0.111097319055
  0.428571428571  0.395868949397  0.009016293070 -0.252178103184  0.103531650296  0.377178572179 -0.110659828778 -0.244078043918  0.011853980117 -0.322337683735  0.043618879749  0.377178572179  0.019385860270
  0.442857142857 -0.311584702012  0.009211218108 -0.378045030355  0.048390974696  0.278097979033  0.027777570942 -0.314478472149 -0.004356300538  0.317504588610 -0.126439903759  0.278097979033  0.132503366928
  0.457142857143 -0.311036919128 -0.010121531449  0.352613338613 -0.120061380375  0.166725640615  0.110355018189  0.328827704816 -0.009669978554  0.267606655169 -0.017389744071  0.166725640615 -0.050387579987
  0.471428571429  0.315192379179 -0.005480185810  0.223435834551 -0.011784260112  0.124401488707 -0.047114232853  0.207165246647  0.007134099592 -0.315978056784  0.105312104226  0.124401488707 -0.094919740547
  0.485714285714  0.149057482932  0.005767372542 -0.238961531784  0.077301169668  0.249972231592 -0.067621394326 -0.234777240644  0.003884288069 -0.151683370901  0.004860867634  0.249972231592  0.037768318675
  0.500000000000 -0.106206917440  0.004320088233 -0.109573235117  0.008616740686  0.320835727824  0.018010437301 -0.128520542819 -0.003518793988  0.134342745358 -0.046642581382  0.320835727824  0.043879411644
  0.514285714286 -0.123644383432  0.000489300012 -0.030649640445 -0.012056217864  0.417374242789  0.031510678805  0.013703898652 -0.001077913044  0.147672423538 -0.039476413433  0.417374242789  0.026661146412
  0.528571428571 -0.155204358660 -0.007772536653  0.189606508520 -0.057570539996  0.456919928047  0.046007869716  0.195953371035 -0.003177481063  0.086305344110  0.004420407656  0.456919928047 -0.034888149901
  0.542857142857  0.278265674451 -0.003140778773  0.229702619099 -0.019267103889  0.418296604179 -0.037438244134  0.159699025264  0.003841943393 -0.275129524882  0.099060538657  0.418296604179 -0.093715470907
  0.557142857143  0.253543396660  0.010149401806 -0.374036081777  0.121426593720  0.408978594390 -0.099994415243 -0.331537335083  0.006819643557 -0.182151770395 -0.003864854598  0.408978594390  0.068996171515
  0.571428571429 -0.418916198473  0.001853521165 -0.233575089358  0.010160170846  0.294656701941  0.063033098431 -0.182441879246 -0.006688722888  0.386164563092 -0.132190572128  0.294656701941  0.116637922364
  0.585714285714 -0.190359637650 -0.008553269498  0.441201399755 -0.137554818697  0.249683009655  0.107716167420  0.372471820977 -0.005630889313  0.161219895673  0.014646461742  0.249683009655 -0.086793284674
  0.600000000000  0.378562819636 -0.001006362651  0.141992279049  0.007251512547  0.230573433747 -0.065760177364  0.154769771786  0.007982272129 -0.347117224921  0.110191538980  0.230573433747 -0.088715042525
  0.614285714286  0.124883253182  0.004183133631 -0.296388591941  0.098483866286  0.308511167146 -0.084457097075 -0.266883392277  0.002697278714 -0.155681763330  0.003063412139  0.308511167146  0.050748942514
  0.628571428571 -0.164753314860  0.003945893532 -0.142855785323  0.013209427887  0.406131989030  0.026302973324 -0.187611168518 -0.005107357842  0.191681197710 -0.069089099581  0.406131989030  0.065237613846
  0.642857142857 -0.206749237680 -0.001231205093  0.053930274364 -0.045711801674  0.428751841733  0.069870804092  0.102072822380 -0.001774659769  0.245494922107 -0.058064977740  0.428751841733  0.024066183491
  0.657142857143 -0.045409886480 -0.008612611050  0.308062175174 -0.075885337101  0.536902014190  0.036119549515  0.305150917521  0.000114601631 -0.044413467330  0.051120862572  0.536902014190 -0.084067265448
  0.671428571429  0.406017349994  0.002204804712  0.087842546528  0.025473139227  0.434312003229 -0.082238301391  0.009649042308  0.004698999539 -0.382135994545  0.112331416823  0.434312003229 -0.080647937431
  0.685714285714  0.099237482267  0.010060940534 -0.504941360181  0.136652514669  0.465933243923 -0.083484058669 -0.417109175040  0.002851749659 -0.023475851020 -0.057999230725  0.465933243923  0.122752729006
  0.700000000000 -0.534322277888 -0.003984098412 -0.064257262950 -0.040468609342  0.359949285503  0.103317421728 -0.052568775846 -0.009132463978  0.452702220777 -0.127978129782  0.359949285503  0.085683256312
  0.714285714286 -0.038877864340 -0.006908380797  0.537380444951 -0.149616188180  0.316080708545  0.097285814333  0.432568408247 -0.001849500590  0.058208642870  0.052638109656  0.316080708545 -0.125264698472
  0.728571428571  0.454980372046  0.001748291103  0.014594073433  0.048313357612  0.348483983535 -0.100755801639  0.100432309773  0.010738399791 -0.412325136076  0.111066358174  0.348483983535 -0.067217444744
  0.742857142857  0.049574641953  0.003479472271 -0.365415348174  0.114820229705  0.351280545842 -0.091738012339 -0.356519064020 -0.000740637822 -0.141387797307 -0.008855550523  0.351280545842  0.069614962592
  0.757142857143 -0.237734534663  0.004497701281 -0.117917660949 -0.008743862926  0.519515626697  0.061289071906 -0.208300996979 -0.007492990262  0.313819666134 -0.099616727410  0.519515626697  0.079016436162
  0.771428571429 -0.240580396861 -0.003975244987  0.150345896513 -0.078173342877  0.456601900723  0.096297557254  0.252115369279  0.000198134168  0.280470113122 -0.056468057369  0.456601900723  0.005147184330
  0.785714285714  0.075303658358 -0.008830363603  0.375713188331 -0.078371224867  0.619424871365  0.005145015112  0.343114238883  0.001496480130 -0.222725623858  0.112187026928  0.619424871365 -0.136753452306
  0.800000000000  0.494746924203  0.006289573112 -0.064590432714  0.071913993677  0.507403878637 -0.121236457029 -0.158499108433  0.003725517111 -0.418566019486  0.112246289540  0.507403878637 -0.055430799101
  0.814285714286 -0.061252379210  0.007639915179 -0.600937795709  0.157659653998  0.520237317362 -0.071525202935 -0.452474796851  0.001316172253  0.129815502029 -0.112704193927  0.520237317362  0.180119258195
  0.828571428571 -0.617545778811 -0.006428623994  0.098285414920 -0.090453696590  0.501597315785  0.147353396491  0.048211848529 -0.009404149476  0.497040788009 -0.131694018860  0.501597315785  0.061742711090
  0.842857142857  0.087085487086 -0.003843955159  0.610836127630 -0.177167637779  0.402234101583  0.108178489981  0.499874798320  0.000525236234  0.002218016099  0.075300570181  0.402234101583 -0.159235555236
  0.857142857143  0.511201916483  0.000792487203 -0.068937258206  0.084428790579  0.572443786831 -0.147817864222  0.096537386338  0.011308247362 -0.519377973136  0.141906879871  0.572443786831 -0.073591183237
  0.871428571429  0.038884433606  0.003388572589 -0.429888675575  0.145475299456  0.447098991656 -0.120039199710 -0.500087860306 -0.003658222068 -0.169478166733 -0.004185655277  0.447098991656  0.082287137482
  0.885714285714 -0.314538645196  0.006407086392 -0.170694515003 -0.012982561408  0.729000264471  0.101567608600 -0.250714405558 -0.007105323927  0.505143652097 -0.167424811219  0.729000264471  0.133729709474
  0.900000000000 -0.353497799485 -0.008215265683  0.270646791426 -0.118342462008  0.577525735842  0.132147106250  0.450256809876  0.002104716577  0.323692193848 -0.060306134460  0.577525735842 -0.013375742119
  0.914285714286  0.234892575285 -0.008071917462  0.528247117947 -0.100470530348  0.728300305729 -0.017653951434  0.380424744747  0.001241002886 -0.426639822956  0.188608214167  0.728300305729 -0.212968833209
  0.928571428571  0.656422399506  0.012227683172 -0.275503439835  0.134765304050  0.701250150544 -0.164992241759 -0.317097806720  0.005572985457 -0.446638724934  0.095466946708  0.701250150544 -0.007292821743
  0.942857142857 -0.287808390672  0.003635265099 -0.743836466569  0.184728356117  0.651316883853 -0.066654067719 -0.500701813277 -0.000521007410  0.250150452717 -0.163730949067  0.651316883853  0.237675460433
  0.957142857143 -0.719988601452 -0.008308047123  0.327393416025 -0.165798617107  0.610356243485  0.208262664821  0.109716676509 -0.013123273237  0.577213768393 -0.127195918034  0.610356243485  0.017165239311
  0.971428571429  0.268139749492 -0.000661186229  0.686970988279 -0.197235194846  0.133880570428  0.117279072101  0.647960529956  0.005858878938 -0.016552832739  0.089652357744  0.133880570428 -0.182167194034
  0.985714285714  0.632308322940  0.000445064651 -0.098248945563  0.113189406732  0.060944737893 -0.195645514392  0.156204570779  0.013856659943 -0.669928047665  0.185581385616  0.060944737893 -0.094737137291
  1.000000000000  0.516923484063  0.023825130330  0.223862319761 -0.098033701940  0.101119127706  0.116605367060 -0.324537910859 -0.007213325587  0.289524466542 -0.063136399257  0.101119127706 -0.000000000000
