             Rad         v_r[Re]         v_t[Re]         v_x[Re]         p[Re]          p_mg[Re]  p_no_phase[Re]         v_r[Im]         v_t[Im]         v_x[Im]         p[Im]          p_mg[Im]  p_no_phase[Im]
  0.250000000000  0.000000000000 -0.004072736589  0.082928104509 -0.021769312585  0.467903093948 -0.056144069723  0.000000000000 -0.000987295474 -0.334615661991  0.070102638735  0.467903093948  0.047287697798
  0.252016129032  0.565706079772  0.011630053215  0.447839254170 -0.090868586846  0.746086999398 -0.033588699839  0.206341467297 -0.003224519610  0.348310292443 -0.079583791373  0.746086999398 -0.116027924087
  0.254032258065  0.580249712780  0.005769020507 -0.480929976801  0.100163437629  0.409743359531  0.061855728814  0.372136129167  0.010067914730 -0.168018027599  0.041689130026  0.409743359531  0.089132298370
  0.256048387097 -0.441964551707 -0.009773604332 -0.659695100058  0.135999528326  0.730531354387  0.071083447960 -0.153624999139  0.006244792038 -0.340304899942  0.080525241822  0.730531354387  0.141164194120
  0.258064516129 -0.688408099979 -0.007484357656  0.431747182714 -0.090172495489  0.308800353145 -0.058033659072 -0.287645786608 -0.008198774385  0.130806247060 -0.033178125462  0.308800353145 -0.076576506623
  0.260080645161  0.401797858694  0.008133179768  0.721411453033 -0.150139865528  0.680964283559 -0.092002784277  0.080300071165 -0.007750089550  0.258005434056 -0.063816883227  0.680964283559 -0.134722164067
  0.262096774194  0.694672289597  0.008761176013 -0.370623829443  0.078571845016  0.190254281141  0.061490002921  0.226067401030  0.006597167139 -0.019009588010  0.008660615123  0.190254281141  0.049674144425
  0.264112903226 -0.305107343093 -0.006398673805 -0.684800927222  0.142720355492  0.674722851307  0.089301409319  0.047614780199  0.008736779307 -0.229119746394  0.057242451594  0.674722851307  0.125184090162
  0.266129032258 -0.638123841823 -0.009448164266  0.225764645314 -0.049373565345  0.188220060573 -0.052535307475 -0.237718989524 -0.005043368906 -0.108850471160  0.020319402820  0.188220060573 -0.009522003694
  0.268145161290  0.120626588351  0.004462036621  0.628299682692 -0.130155024836  0.712846871222 -0.073910297640 -0.147125516737 -0.009070678263  0.274279283728 -0.066160659423  0.712846871222 -0.125915968996
  0.270161290323  0.604877096796  0.009679807627 -0.008629475307  0.003979993401  0.282808097241  0.022800853165  0.298955889468  0.003328217785  0.170140348720 -0.036057809049  0.282808097241 -0.028215723202
  0.272177419355  0.097587256907 -0.002329119808 -0.625490540717  0.128858708253  0.725449879782  0.066255686018  0.160945700445  0.008921275929 -0.331564761600  0.078328023405  0.725449879782  0.135462282623
  0.274193548387 -0.632604741015 -0.009676884612 -0.195794248820  0.039789278448  0.334426717080  0.015482119747 -0.328575567346 -0.001381922805 -0.145658494216  0.033412257182  0.334426717080  0.049597072268
  0.276209677419 -0.258431264330  0.000212276293  0.670322949465 -0.138563589540  0.659413314534 -0.075438907174 -0.114863838878 -0.008603799332  0.319990170221 -0.076453313367  0.659413314534 -0.139118470216
  0.278225806452  0.672649141508  0.009527410658  0.310004602033 -0.064662720903  0.365535260375 -0.040967918235  0.271699577666 -0.000587023442  0.099295120032 -0.024993446693  0.365535260375 -0.055924677269
  0.280241935484  0.321674097693  0.001615432189 -0.683766951522  0.142675510988  0.508293824849  0.089870119544  0.091471328678  0.008293634882 -0.223451147164  0.056118101730  0.508293824849  0.124213140974
  0.282258064516 -0.640377071988 -0.009109388833 -0.338611768694  0.070597489954  0.456594000383  0.044231547902 -0.157299475701  0.002235536889 -0.112632254855  0.028207680326  0.456594000383  0.061832426666
  0.284274193548 -0.335375083259 -0.003048214109  0.595694490684 -0.125439076368  0.324760215807 -0.089096254117 -0.145394566977 -0.007877108028  0.108775329551 -0.030645063137  0.324760215807 -0.093466246727
  0.286290322581  0.503443005679  0.008247473972  0.360555420910 -0.074195700403  0.589261291770 -0.036961592043  0.070055352486 -0.003380444058  0.200914739720 -0.047302748164  0.589261291770 -0.079852317786
  0.288306451613  0.384240098240  0.004216336425 -0.419203260435  0.088579828943  0.208325565912  0.064992057188  0.246652849345  0.007094271342 -0.058661554801  0.017791506661  0.208325565912  0.062761105053
  0.290322580645 -0.318258002582 -0.006944503186 -0.446074185562  0.091280799003  0.690640647045  0.039742293220 -0.064660974037  0.004153599190 -0.296636585845  0.068819023665  0.690640647045  0.107185784573
  0.292338709677 -0.500715047348 -0.005313579412  0.241383429154 -0.050425373552  0.169102649711 -0.030712537879 -0.310665915957 -0.005841133464  0.087698607149 -0.021780241105  0.169102649711 -0.045539402911
  0.294354838710  0.176783353926  0.005439378684  0.582397123967 -0.120223951692  0.709993632812 -0.060656523240  0.110214278509 -0.004853253047  0.318232149881 -0.075228742720  0.709993632812 -0.128194962773
  0.296370967742  0.629183224661  0.006357802376 -0.138929229216  0.028174232829  0.100480846466  0.008034345226  0.284803393864  0.004329312366 -0.127748352183  0.029087638615  0.100480846466  0.039690394461
  0.298387096774 -0.116850729596 -0.004017978995 -0.684125124680  0.143033316621  0.639536189370  0.086518091371 -0.122235891342  0.005627776657 -0.253870546801  0.062891062881  0.639536189370  0.130109320648
  0.300403225806 -0.680419142960 -0.007139855057  0.103822192126 -0.021164993447  0.070014690694 -0.005727099605 -0.202782515338 -0.002930024995  0.098359651295 -0.022422994431  0.070014690694 -0.030297655965
  0.302419354839  0.087100299082  0.002767466902  0.678586266449 -0.143290482145  0.539924137090 -0.095902702943  0.050099285488 -0.006307258811  0.174064206861 -0.045894203051  0.539924137090 -0.115935808598
  0.304435483871  0.621589817414  0.007424298359 -0.055020277518  0.012180128866  0.222716577647  0.010976028594  0.150441471682  0.001843956549  0.009709246407 -0.001334333494  0.222716577647  0.005446354870
  0.306451612903 -0.002891174420 -0.001534842131 -0.579584881013  0.122815590940  0.499636972283  0.080918241213  0.069954971399  0.006565206417 -0.159428800623  0.041710933742  0.499636972283  0.101369174854
  0.308467741935 -0.509929920423 -0.007194984885 -0.075054810966  0.014371316209  0.379198352123 -0.002822321574 -0.177452951708 -0.000929145829 -0.124109761031  0.027667357966  0.379198352123  0.031049185614
  0.310483870968 -0.163288770350  0.000139912567  0.473754957958 -0.100011226452  0.505713204986 -0.055479259611 -0.151457754625 -0.006260366502  0.217668964353 -0.053272978098  0.505713204986 -0.098804389401
  0.312500000000  0.434819118825  0.006681735136  0.267385174504 -0.055772805064  0.474845338971 -0.025865111859  0.246108589807 -0.000121605856  0.164978577488 -0.039114833643  0.474845338971 -0.063020409267
  0.314516129032  0.349698180018  0.001382904736 -0.432694453915  0.091320638306  0.476749785889  0.041352223841  0.146637557073  0.005605552251 -0.275904025930  0.065896533926  0.476749785889  0.104746387754
  0.316532258065 -0.427088012700 -0.006136388181 -0.432041881071  0.092881066236  0.486405439283  0.060344907066 -0.270816681734  0.001419735669 -0.126909154590  0.033121594435  0.486405439283  0.077989901104
  0.318548387097 -0.465228378140 -0.002775157105  0.440958334717 -0.094529786609  0.371134257655 -0.045959284190 -0.095082343871 -0.004966718800  0.256695895941 -0.062365199728  0.371134257655 -0.103503830317
  0.320564516129  0.429261809355  0.005599564141  0.496979483221 -0.108854623099  0.472862932840 -0.078388665693  0.207423859221 -0.002718561482  0.083280639406 -0.024606158308  0.472862932840 -0.079435565635
  0.322580645161  0.479608596159  0.003782960839 -0.414453857398  0.091078597569  0.194190321770  0.054706372095  0.081029907159  0.004489694361 -0.158470889551  0.040761161616  0.194190321770  0.083450560715
  0.324596774194 -0.357778974140 -0.004901367391 -0.478140990877  0.105709837659  0.517702515025  0.072624620018 -0.098665307317  0.003642480484 -0.108533573151  0.030382927415  0.517702515025  0.082603611443
  0.326612903226 -0.450231139039 -0.004374431903  0.290082117332 -0.065376538972  0.035410036181 -0.046101309679 -0.144538142695 -0.003966562541  0.056331341626 -0.016590887518  0.035410036181 -0.049234323825
  0.328629032258  0.192071221609  0.003874986831  0.458564725819 -0.101593961907  0.596399335088 -0.057831353901  0.028609909100 -0.004063935710  0.200233953290 -0.051383184715  0.596399335088 -0.098066810254
  0.330645161290  0.458661681419  0.004732518295 -0.093508230328  0.021553611380  0.154779653437  0.014489113492  0.240094473199  0.003098978623 -0.023414546581  0.006785590734  0.154779653437  0.017339780719
  0.332661290323  0.001868576385 -0.002555086605 -0.499241412720  0.111268454818  0.631731993793  0.055265878548 -0.035360699720  0.004205867496 -0.282068032705  0.071242179859  0.631731993793  0.120007499337
  0.334677419355 -0.524090003953 -0.005053022260 -0.084384358000  0.019789562897  0.197519443984  0.023172348269 -0.284643346401 -0.001858341179  0.055844328726 -0.012066280984  0.197519443984  0.000514015709
  0.336693548387 -0.136283927061  0.001180667017  0.574517645807 -0.129886247441  0.578675008048 -0.069954069706  0.073371877056 -0.004368783605  0.283306868297 -0.073075602595  0.578675008048 -0.131593727436
  0.338709677419  0.582947702869  0.005344611557  0.177035230052 -0.041897017622  0.214784753636 -0.044059341406  0.243428198247  0.000545973731 -0.078880273573  0.016277245337  0.214784753636 -0.008892875589
  0.340725806452  0.187190532255 -0.000007144919 -0.598256377216  0.137303751254  0.445193791649  0.084829759163 -0.063036778042  0.004600584261 -0.211483352013  0.057076696242  0.445193791649  0.122122812458
  0.342741935484 -0.554714426861 -0.005413191611 -0.205469736697  0.048262047129  0.320308434883  0.042653322391 -0.164792808010  0.000489845630  0.026811364575 -0.003734178528  0.320308434883  0.022888061766
  0.344758064516 -0.213353398090 -0.000903902080  0.513536121146 -0.118964305656  0.312635997607 -0.078460952078 -0.024755159419 -0.004656534715  0.143221855386 -0.040254326671  0.312635997607 -0.098065263142
  0.346774193548  0.426220672064  0.005056324051  0.250527122478 -0.057745816306  0.465147271471 -0.035885846739  0.128582467034 -0.001169213593  0.086825410774 -0.023617251342  0.465147271471 -0.051034888711
  0.348790322581  0.289577409319  0.001710683668 -0.353393255725  0.081616122764  0.265365059505  0.048054971649  0.136902949087  0.004271528610 -0.143063840007  0.038320498115  0.265365059505  0.076291361049
  0.350806451613 -0.267471208406 -0.004288291872 -0.362878662708  0.083317240720  0.567767924359  0.044452219597 -0.161865436934  0.001712519480 -0.182193203669  0.047655320331  0.567767924359  0.085069338365
  0.352822580645 -0.423329897507 -0.002588570607  0.209123933132 -0.047032077632  0.231471718900 -0.013227644267 -0.192753163486 -0.003456160779  0.195262964012 -0.048898576898  0.231471718900 -0.066544094976
  0.354838709677  0.161684708285  0.003358692066  0.504767232439 -0.116925049641  0.579676836977 -0.069924062795  0.210420222206 -0.002369178009  0.196247022250 -0.052897563402  0.579676836977 -0.107611546266
  0.356854838710  0.542257797179  0.003499460919 -0.138257757337  0.029986882926  0.132133819387 -0.003933616941  0.168276253017  0.002514180319 -0.220825923731  0.054105004160  0.132133819387  0.061734036645
  0.358870967742 -0.121829163764 -0.002526215064 -0.585525511479  0.136845178192  0.509174866187  0.092201639377 -0.196816695194  0.003125396736 -0.148478945342  0.042693943087  0.509174866187  0.109764444457
  0.360887096774 -0.567001105088 -0.004187141974  0.108366470128 -0.023662789738  0.030012376657  0.001608573850 -0.120561113786 -0.001761654434  0.162439890076 -0.039922045675  0.030012376657 -0.046380058637
  0.362903225806  0.081493463784  0.001817719282  0.554656417159 -0.130025683184  0.442858198469 -0.090411735730  0.104010391723 -0.003693892226  0.119043899317 -0.035366397347  0.442858198469 -0.099915856554
  0.364919354839  0.493377167019  0.004421229789 -0.036388764474  0.008065158049  0.211867450848  0.000512052199  0.125849177275  0.001233898962 -0.047048972255  0.011641179359  0.211867450848  0.014152795970
  0.366935483871  0.029606917967 -0.001035541341 -0.454425405405  0.105765326277  0.443013538121  0.065172279420  0.004916620902  0.003800766147 -0.161932123654  0.044285594314  0.443013538121  0.094340299455
  0.368951612903 -0.396731371149 -0.004235554704 -0.117591662620  0.027358320193  0.364262825580  0.016934406330 -0.196793300438 -0.000684749384 -0.041324780873  0.011313918970  0.364262825580  0.024283910898
  0.370967741935 -0.205199062354  0.000015104165  0.375571869107 -0.086006303524  0.446243183152 -0.038315695512 -0.052736719066 -0.003473421928  0.245917925527 -0.063229829806  0.446243183152 -0.099634346992
  0.372983870968  0.352945177496  0.003897899992  0.301733869350 -0.070982501433  0.427087799005 -0.051258373547  0.267751184200 -0.000116845016  0.050123393628 -0.015781546930  0.427087799005 -0.051576660172
  0.375000000000  0.363059133847  0.001142890208 -0.362283973605  0.082341985027  0.386623221443  0.030042789793  0.029588366461  0.003024076819 -0.287069281568  0.072846784123  0.386623221443  0.105755790558
  0.377016129032 -0.359382583582 -0.003632335875 -0.421563278419  0.099929600873  0.406390252477  0.079498663407 -0.264531920811  0.001102226030 -0.013402122396  0.008615497814  0.406390252477  0.061156475125
  0.379032258065 -0.427080939802 -0.002125459714  0.367168260132 -0.084138459455  0.249808374169 -0.037732534770 -0.002420519947 -0.002737636223  0.238532241408 -0.061395079949  0.249808374169 -0.097081883075
  0.381048387097  0.339964879458  0.003389125262  0.435613057185 -0.103272926832  0.401218559061 -0.082135093798  0.184123317627 -0.001935347095  0.013995140189 -0.008947018217  0.401218559061 -0.063239014210
  0.383064516129  0.404242987926  0.002700695249 -0.304552011718  0.070525952766  0.091785139010  0.039161823601  0.041721026128  0.002587568625 -0.141274033567  0.037494867601  0.091785139010  0.069614127030
  0.385080645161 -0.229545521927 -0.002915830468 -0.396170450860  0.092895713708  0.466423148175  0.063559973644 -0.098554944920  0.002337215336 -0.092883977305  0.027183984063  0.466423148175  0.072998029873
  0.387096774194 -0.374489624900 -0.002939661806  0.145906107626 -0.033624123827  0.164026978770 -0.016936311057 -0.143992544866 -0.002282550341  0.080827218759 -0.021091906606  0.164026978770 -0.035897236595
  0.389112903226  0.048028158424  0.002060714627  0.391338191896 -0.090329376404  0.530786866151 -0.047296969430  0.078216416062 -0.002364338109  0.203180297480 -0.053327996071  0.530786866151 -0.093628350884
  0.391129032258  0.403716992747  0.003121891324  0.044315991596 -0.011759536160  0.235875592473 -0.021903363633  0.233587548728  0.001601303031 -0.096049662111  0.022249324763  0.235875592473  0.012392005676
  0.393145161290  0.115188118183 -0.000981530380 -0.449524160705  0.103437936387  0.527342397565  0.050814089612 -0.116775627567  0.002342326296 -0.258682877418  0.067271252426  0.527342397565  0.112440012380
  0.395161290323 -0.472161424136 -0.003418041492 -0.171417394315  0.042496194430  0.214677833277  0.052267200670 -0.242483580549 -0.000663098584  0.137961535863 -0.030558588105  0.214677833277 -0.002809551955
  0.397177419355 -0.190826788639  0.000025315471  0.508029676695 -0.117770781538  0.433075709160 -0.066750496890  0.138644984987 -0.002516612174  0.225285543250 -0.060101369341  0.433075709160 -0.114133705563
  0.399193548387  0.494756034847  0.003690432347  0.205891268620 -0.050497627495  0.224998077070 -0.056885593395  0.182500603428 -0.000159465192 -0.123317981788  0.026629716688  0.224998077070 -0.004814712622
  0.401209677419  0.198645595705  0.000602324550 -0.479770821471  0.111943409593  0.298738793141  0.070791653847 -0.081403313245  0.002787096758 -0.156966922707  0.043512302283  0.298738793141  0.097021591138
  0.403225806452 -0.412442672943 -0.003633795673 -0.210243669031  0.050267956622  0.341230881466  0.044144966991 -0.132081835996  0.000602958560  0.025651328464 -0.003368151800  0.341230881466  0.024278257740
  0.405241935484 -0.222207449215 -0.001025444645  0.347667553918 -0.080816212579  0.249616480857 -0.048025155947 -0.035326819817 -0.002813290896  0.137275194301 -0.037127037727  0.249616480857 -0.074854936660
  0.407258064516  0.257504997764  0.003112914937  0.268297718010 -0.062506702071  0.465070274147 -0.038678961058  0.151446500964 -0.000770354865  0.094247920663 -0.025871238722  0.465070274147 -0.055500871780
  0.409274193548  0.315922239550  0.001534882470 -0.186116622730  0.041767765114  0.256438281211  0.009654705723  0.128963766322  0.002386106070 -0.188927692206  0.047304423984  0.256438281211  0.062362179151
  0.411290322581 -0.122910872988 -0.002333529219 -0.391860089123  0.091117020280  0.521365606510  0.054543653371 -0.217258612757  0.001004967196 -0.151681851501  0.041122810653  0.521365606510  0.083775812844
  0.413306451613 -0.443188905783 -0.002242632952  0.085935642833 -0.017190183422  0.198088572538  0.018022004539 -0.140975010856 -0.001672796637  0.248882103952 -0.060246876753  0.198088572538 -0.060003299217
  0.415322580645  0.067469762945  0.001653293174  0.504309392570 -0.118146361737  0.478192504643 -0.079615778167  0.247403361252 -0.001507372551  0.127468384997 -0.036836482698  0.478192504643 -0.094746066495
  0.417338709677  0.511997226471  0.002926407726 -0.061909896511  0.011647926085  0.078987765046 -0.020885828294  0.098391746287  0.001067213792 -0.236128430632  0.056904183247  0.078987765046  0.054199099896
  0.419354838710 -0.057265517223 -0.001226318507 -0.519323862185  0.122237005420  0.390616905687  0.088113098992 -0.189630543709  0.002101189618 -0.087188270316  0.027469015108  0.390616905687  0.089064662303
  0.421370967742 -0.470861368071 -0.003240915460  0.041183693508 -0.007978549408  0.129141935578  0.011455089846 -0.083412490400 -0.000794948780  0.139555570731 -0.033692099893  0.129141935578 -0.032674083958
  0.423387096774  0.005854907295  0.000862140222  0.431594700328 -0.101109384912  0.369839273790 -0.068113411132  0.078770470911 -0.002403897936  0.109206996728 -0.031564601334  0.369839273790 -0.081117168335
  0.425403225806  0.363309978011  0.003077480363  0.054769205166 -0.013408464571  0.295841480604 -0.014905043296  0.143483193740  0.000690717865 -0.031195412434  0.006700863200  0.295841480604 -0.001590023303
  0.427419354839  0.129140439345 -0.000257650162 -0.322937170979  0.074131532244  0.393910667133  0.034685780478 -0.000621651430  0.002229291969 -0.198730729793  0.051421748283  0.393910667133  0.083286114701
  0.429435483871 -0.282560174585 -0.002684992061 -0.221547419419  0.052496557764  0.400125053256  0.041388455448 -0.238622790564 -0.000390860806 -0.009842091546  0.005221259860  0.400125053256  0.032713084344
  0.431451612903 -0.295839890702 -0.000641021572  0.276661636305 -0.062072507933  0.373284256633 -0.014363598249  0.000969904721 -0.001793899025  0.280607937676 -0.070272159442  0.373284256633 -0.092654517856
  0.433467741935  0.273937849964  0.002413175806  0.371225883440 -0.088429625819  0.395779832172 -0.074267396500  0.283061244324 -0.000256931058 -0.018840419395 -0.000361287439  0.395779832172 -0.048002948537
  0.435483870968  0.398356674243  0.001538301081 -0.290755352679  0.065440977317  0.280484815653  0.017296287127 -0.037576832339  0.001499593777 -0.279076202992  0.070093691579  0.280484815653  0.094321183002
  0.437500000000 -0.288583222161 -0.002345745392 -0.421241223891  0.100610161046  0.345293301526  0.087100791251 -0.236771746916  0.001003589945  0.041716298375 -0.004415820097  0.345293301526  0.050550530524
  0.439516129032 -0.394852318693 -0.002068918430  0.282279353482 -0.064472658169  0.138141400320 -0.026817039898  0.027079918334 -0.001515363162  0.198869806278 -0.050931338048  0.138141400320 -0.077663190881
  0.441532258065  0.238000681388  0.002218257457  0.378858111879 -0.089845418125  0.369115777383 -0.071490214730  0.148416331549 -0.001439453918  0.011675052093 -0.007720147703  0.369115777383 -0.054963160722
  0.443548387097  0.339418049886  0.002165993608 -0.178778402078  0.040909285141  0.156429583821  0.017781460763  0.063425952815  0.001603242780 -0.120217001162  0.030897900293  0.156429583821  0.048083983887
  0.445564516129 -0.091863219530 -0.001717160913 -0.331343112049  0.077030136174  0.441758685010  0.046026494767 -0.103170709893  0.001417585988 -0.128773981809  0.034921968378  0.441758685010  0.070955954886
  0.447580645161 -0.322912064090 -0.002121215452 -0.000274651665  0.001531591639  0.263857079346  0.015739150819 -0.178813466992 -0.001381261633  0.112756336012 -0.026788166648  0.263857079346 -0.021730871515
  0.449596774194 -0.085019311165  0.000844978346  0.351781935085 -0.080626514258  0.476949067877 -0.036540370966  0.131308535227 -0.001208020387  0.225300403081 -0.058122773962  0.476949067877 -0.092432099100
  0.451612903226  0.375178853042  0.002263703620  0.159043949588 -0.039879630026  0.263680695470 -0.053080424375  0.233219990593  0.000749593327 -0.160907252627  0.036150947190  0.263680695470  0.008929973233
  0.453629032258  0.196571272619  0.000044301796 -0.420363123735  0.096805386544  0.430215716128  0.048553006098 -0.176012195889  0.001210142461 -0.234084980282  0.061109075787  0.430215716128  0.103673562717
  0.455645161290 -0.432582378571 -0.002595666901 -0.222208921758  0.055151943864  0.205498399482  0.068102003936 -0.200880310380 -0.000023199366  0.181265119280 -0.040158212312  0.205498399482 -0.004066446609
  0.457661290323 -0.213034434072 -0.000588821720  0.445096657962 -0.103441155229  0.309912202071 -0.061409831627  0.155382878925 -0.001522773464  0.175978481518 -0.047632618487  0.309912202071 -0.095905013000
  0.459677419355  0.405864387008  0.002778951227  0.210749007051 -0.051545127232  0.249419565377 -0.056474131117  0.142687286616 -0.000380185603 -0.113606118334  0.024231651219  0.249419565377 -0.007399025390
  0.461693548387  0.198786962750  0.000780925655 -0.360541738803  0.083872061838  0.237188818288  0.050609559731 -0.052089688331  0.001832301682 -0.136308412414  0.037106232673  0.237188818288  0.076485735429
  0.463709677419 -0.276685089994 -0.002496639885 -0.216005135529  0.051145495208  0.370721495109  0.039944934247 -0.139609935061  0.000371453089 -0.012460621083  0.005788294906  0.370721495109  0.032461797024
  0.465725806452 -0.240517796881 -0.000957169793  0.199855215238 -0.045230724690  0.269015142336 -0.014635326440 -0.066040207270 -0.001746869018  0.171968564248 -0.043476762398  0.269015142336 -0.061007004062
  0.467741935484  0.120149937599  0.001807712332  0.299159854330 -0.069660764677  0.464441185011 -0.042794451822  0.204505569646 -0.000278694691  0.107299324474 -0.029409623838  0.464441185011 -0.062339257317
  0.469758064516  0.351752246649  0.001418140410 -0.063149803586  0.011742258565  0.251536882750 -0.022494935381  0.117067433187  0.001225869170 -0.249202168307  0.060034601206  0.251536882750  0.056885954860
  0.471774193548 -0.028718672946 -0.001109654300 -0.422837539291  0.098933527332  0.467220531476  0.065478349734 -0.267477820819  0.000489718892 -0.115801185455  0.033053072744  0.467220531476  0.081196885188
  0.473790322581 -0.455363365766 -0.002080808256  0.015008042497  0.000090123739  0.154069344681  0.035987930385 -0.091377346494 -0.000642518527  0.279404105069 -0.066578054910  0.154069344681 -0.056013519658
  0.475806451613  0.017683699743  0.000737911231  0.487990355363 -0.114949025147  0.382101804118 -0.083735931715  0.250914507646 -0.001024526033  0.074948904268 -0.024206699045  0.382101804118 -0.082386506181
  0.477822580645  0.463308416291  0.002541487003 -0.019600379714  0.001849301458  0.086237155238 -0.026095476152  0.060335200559  0.000402581077 -0.214697667362  0.051265863646  0.086237155238  0.044165991618
  0.479838709677 -0.012515768539 -0.000624827605 -0.437592493284  0.103013410800  0.324015895396  0.074393626313 -0.153560146224  0.001498240607 -0.072184384363  0.022893950865  0.324015895396  0.074843063505
  0.481854838710 -0.369428620336 -0.002492836010 -0.017488871597  0.005463032169  0.222818865979  0.017334204749 -0.097592434067 -0.000520115186  0.100324376701 -0.023607914412  0.222818865979 -0.016932326748
  0.483870967742 -0.068127002653  0.000387435124  0.317261467267 -0.073416340545  0.350553207979 -0.040446606082  0.052873040890 -0.001523764868  0.149238569141 -0.039625155377  0.350553207979 -0.072967006614
  0.485887096774  0.256662846151  0.002053507254  0.144759839548 -0.034741769754  0.363981787212 -0.031702561036  0.197763707174  0.000607053353 -0.027090165092  0.004538788495  0.363981787212 -0.014917734090
  0.487903225806  0.221651661105  0.000240808424 -0.228011179049  0.050824887716  0.358437367057  0.008480154192 -0.022776921771  0.001129094858 -0.255156448230  0.063620983419  0.358437367057  0.080986947883
  0.489919354839 -0.210424837256 -0.001651678179 -0.308636291285  0.073782855821  0.404504053425  0.064404640536 -0.280372857977 -0.000296829242  0.034806803763 -0.004218960309  0.404504053425  0.036245713079
  0.491935483871 -0.359761446416 -0.001093400222  0.220669248050 -0.048503284326  0.303015642184 -0.000889291598  0.055267016339 -0.000738260176  0.299520670145 -0.074069591016  0.303015642184 -0.088532943383
  0.493951612903  0.229644693739  0.001576501446  0.405925342675 -0.097378235235  0.343977067734 -0.088193354942  0.275210211911 -0.000346538191 -0.070783971750  0.011486691211  0.343977067734 -0.042853201939
  0.495967741935  0.398311790338  0.001715728437 -0.243842534309  0.054682909247  0.188638169461  0.012421568156 -0.070507069968  0.000726083649 -0.248831294389  0.062336657599  0.188638169461  0.081986487233
  0.497983870968 -0.230008339187 -0.001673207269 -0.389965642582  0.093300796312  0.309066379568  0.081996551095 -0.197267948011  0.000877175443  0.048351564718 -0.006363584340  0.309066379568  0.044967759636
  0.500000000000 -0.343943889818 -0.001827880879  0.201022655516 -0.045654927858  0.140423592737 -0.016231201905  0.004777424364 -0.001018116177  0.162133648482 -0.041180358557  0.140423592737 -0.059302128574
  0.502016129032  0.136410774243  0.001514345864  0.318019028923 -0.074825150845  0.365949181375 -0.053375090443  0.130293743703 -0.000932140473  0.057524579614 -0.017856066290  0.365949181375 -0.055396227512
  0.504032258065  0.285427794219  0.001614225959 -0.056625635145  0.011799480456  0.263116877264 -0.006780541901  0.118545355313  0.001169213425 -0.127204109621  0.030990700473  0.263116877264  0.032460368241
  0.506048387097  0.033328547397 -0.000873405271 -0.289204781077  0.066378846460  0.423386293122  0.030653677249 -0.136411118775  0.000619118171 -0.180819430061  0.046794261297  0.423386293122  0.075207753715
  0.508064516129 -0.298388588766 -0.001523121008 -0.121731544647  0.031115534544  0.310531092856  0.046624175932 -0.211856209358 -0.000846298136  0.165911768705 -0.037863169980  0.310531092856 -0.015099084396
  0.510080645161 -0.182815368139 -0.000004323279  0.338369222293 -0.077421167144  0.422075689601 -0.032851630960  0.189232746303 -0.000405507400  0.233374532735 -0.059957549658  0.422075689601 -0.092248117738
  0.512096774194  0.364275016064  0.001781287648  0.230335496994 -0.057554823422  0.245459251001 -0.073911008654  0.215776889113  0.000201311088 -0.210965473029  0.047176517945  0.245459251001  0.008680111997
  0.514112903226  0.235083867037  0.000632536497 -0.398583009579  0.092282358982  0.336262865922  0.049447118266 -0.202891929582  0.000617258523 -0.198106413696  0.052390584598  0.336262865922  0.093892436485
  0.516129032258 -0.389933651532 -0.002140896928 -0.235375677330  0.058372069726  0.202693415674  0.070538917494 -0.161553815043  0.000273179354  0.179459409608 -0.039649130783  0.202693415674 -0.001900845797
  0.518145161290 -0.210683708664 -0.000780365313  0.372654323985 -0.086898788847  0.238101371286 -0.051788837743  0.125946888827 -0.001081542441  0.145821968383 -0.039644955881  0.238101371286 -0.080256079615
  0.520161290323  0.307621676800  0.002138686653  0.205413195443 -0.049771647963  0.288556749463 -0.048685704886  0.135799922536 -0.000262206618 -0.063955115559  0.012561102244  0.288556749463 -0.016269614940
  0.522177419355  0.202689176430  0.000704801359 -0.238188690132  0.054810304356  0.266102978775  0.024221726741  0.001310921607  0.001304890125 -0.157191891822  0.040658982633  0.266102978775  0.063801491253
  0.524193548387 -0.149379946717 -0.001598827966 -0.235349591828  0.055431496505  0.400455245988  0.037604372789 -0.185412767972 -0.000033202486 -0.057574193909  0.016818366802  0.400455245988  0.044061541211
  0.526209677419 -0.274641780147 -0.000861848315  0.074316535068 -0.014765507733  0.289142124347  0.018321204904 -0.088526212266 -0.001006611190  0.234128165514 -0.057016419627  0.289142124347 -0.055975224667
  0.528225806452  0.016078825550  0.000839612506  0.342334623770 -0.080645008362  0.452136119420 -0.052055202957  0.265616766567  0.000111309358  0.104157602844 -0.029388386501  0.452136119420 -0.068246248834
  0.530241935484  0.389922898793  0.001398754597  0.019190494154 -0.008369830468  0.216702137701 -0.045364029410  0.091238900894  0.000434098403 -0.296796558966  0.071035178917  0.216702137701  0.055300592596
  0.532258064516  0.026793426126 -0.000352110343 -0.444746068396  0.106004162304  0.399180414163  0.076103946838 -0.287898038181  0.000280935291 -0.077517890597  0.024392002493  0.399180414163  0.077717703820
  0.534274193548 -0.448527659145 -0.001976185559 -0.024887879565  0.009321768799  0.115530307178  0.042819840647 -0.057008854279 -0.000106477763  0.269941549019 -0.064832389493  0.115530307178 -0.049564052980
  0.536290322581 -0.015669487610  0.000289721969  0.447516090322 -0.107563580389  0.313280093716 -0.079918220771  0.216134873730 -0.000859080975  0.057752678472 -0.019755044270  0.313280093716 -0.074654293842
  0.538306451613  0.392795676824  0.002121541893  0.022559583170 -0.007368904527  0.170975983856 -0.027658122081  0.071109488257  0.000251091326 -0.164741439355  0.039772382969  0.170975983856  0.029515614239
  0.540322580645  0.045954676808 -0.000322842268 -0.343042907955  0.082215167034  0.317827653597  0.051906297413 -0.105997262022  0.001102423558 -0.113421507048  0.032115613363  0.317827653597  0.071389653318
  0.542338709677 -0.268792301960 -0.001734211892 -0.099438127711  0.025002404369  0.322427780586  0.029226832017 -0.160919593355 -0.000551808437  0.066611773575 -0.015153065775  0.322427780586  0.000726578883
  0.544354838710 -0.165175821491  0.000019549074  0.219083699952 -0.051146816876  0.338369178952 -0.011713279532  0.044155804264 -0.000826812166  0.224449327686 -0.058129589653  0.338369178952 -0.076536560887
  0.546370967742  0.176665045109  0.001190236437  0.252112868447 -0.062792891017  0.408700495686 -0.056871243546  0.264204237716  0.000504022336 -0.042294489054  0.007409030716  0.408700495686 -0.027631550011
  0.548387096774  0.317815291958  0.000667693670 -0.164729256818  0.037345051149  0.298055048932 -0.010334461966 -0.054342560584  0.000387420686 -0.302623714634  0.077458463728  0.298055048932  0.085367823823
  0.550403225806 -0.163591015652 -0.000936383034 -0.386359767086  0.097454989041  0.376610153135  0.088751686743 -0.296195342405  0.000012240345  0.068692409294 -0.012401973712  0.376610153135  0.042123888013
  0.552419354839 -0.401916071503 -0.001341050312  0.176234156697 -0.040995407089  0.204594003681  0.005629605516  0.074159063111 -0.000273990966  0.286736192952 -0.074434590701  0.204594003681 -0.084790561013
  0.554435483871  0.175794028299  0.001024059540  0.415197686857 -0.105715798921  0.311595015839 -0.094590217619  0.240693314840 -0.000593809688 -0.061574106059  0.010330228892  0.311595015839 -0.048324264103
  0.556451612903  0.375623589655  0.001573882555 -0.164738196577  0.039518485080  0.145929892895  0.003680048021 -0.027241995871  0.000561438592 -0.207243766775  0.054869620561  0.145929892895  0.067519205935
  0.558467741935 -0.121112271082 -0.001078707787 -0.348930427796  0.088683237510  0.332045184704  0.068322341303 -0.164895494589  0.000764080029 -0.028570278171  0.011778856738  0.332045184704  0.057753924196
  0.560483870968 -0.298274995290 -0.001348642468  0.057001981019 -0.012875211868  0.262974904255  0.010390058482 -0.090130356044 -0.000840069213  0.150166952805 -0.039361775369  0.262974904255 -0.040089488966
  0.562500000000 -0.026740205087  0.000720042969  0.280205176005 -0.070078877480  0.377510060460 -0.034896141749  0.143459036217 -0.000490973074  0.159535471499 -0.044705173543  0.377510060460 -0.075444422600
  0.564516129032  0.262848508547  0.001060351018  0.120352861255 -0.033076581640  0.343798634274 -0.049538193144  0.202890774160  0.000686200949 -0.161275844639  0.040204142888  0.343798634274  0.016012519428
  0.566532258065  0.195097978237  0.000014383079 -0.280976635099  0.069712271184  0.377018682108  0.022996466521 -0.176330879756  0.000201121755 -0.241432464226  0.066193912866  0.377018682108  0.093341295157
  0.568548387097 -0.293611966755 -0.001086562700 -0.264641131957  0.071209097832  0.304934342282  0.085634520645 -0.237288555827 -0.000136866358  0.196338401413 -0.047595343708  0.304934342282 -0.001667702191
  0.570564516129 -0.286313312309 -0.000688586942  0.323504810274 -0.081214286929  0.304639250230 -0.033404920395  0.190321276067 -0.000294693875  0.232986440955 -0.064853218092  0.304639250230 -0.098416520928
  0.572580645161  0.320083695997  0.001374981691  0.303800544139 -0.081376788103  0.247529063211 -0.090592078054  0.199222273391 -0.000347762243 -0.172157205553  0.040913521789  0.247529063211 -0.009443161598
  0.574596774194  0.279209886378  0.000919712619 -0.312009417178  0.079082388336  0.215969838834  0.038474275177 -0.122583818065  0.000700896429 -0.183962083415  0.052126941846  0.215969838834  0.086550403585
  0.576612903226 -0.256410414545 -0.001496818816 -0.270145989199  0.071361798851  0.296002115105  0.066911604066 -0.164495507821  0.000385513385  0.061964032550 -0.012646171855  0.296002115105  0.027843657073
  0.578629032258 -0.247446700106 -0.000781684930  0.191191009584 -0.047713998663  0.261174686948 -0.013896240219 -0.006384962076 -0.000958703342  0.176570778203 -0.048723597400  0.261174686948 -0.066764579830
  0.580645161290  0.099825337907  0.001123402789  0.259947631457 -0.067083134858  0.381073319374 -0.044580237153  0.191514681416 -0.000086857267  0.071268966448 -0.022074993841  0.381073319374 -0.054772755918
  0.582661290323  0.273907765720  0.000711767002 -0.012184881872  0.000161786459  0.303157093611 -0.032600133177  0.112213136597  0.000733585016 -0.231038683179  0.060690605565  0.303157093611  0.051191865521
  0.584677419355  0.060998382266 -0.000408060477 -0.322761456009  0.082703988292  0.419217418526  0.047307105818 -0.253951598662 -0.000075049490 -0.141765889028  0.041405243746  0.419217418526  0.079475666894
  0.586693548387 -0.355283413223 -0.001010104551 -0.118246221014  0.034701961527  0.238152420615  0.068194117456 -0.137806280800 -0.000199194095  0.281555693246 -0.072253362051  0.238152420615 -0.042122877465
  0.588709677419 -0.138526134305 -0.000159906205  0.403266707335 -0.103985646711  0.363908525665 -0.065768290019  0.269656695673 -0.000200495339  0.133735837091 -0.040402388256  0.363908525665 -0.090110486220
  0.590725806452  0.403387421885  0.001486079652  0.150391460518 -0.042744620221  0.163623561119 -0.070356391976  0.114113241392 -0.000145203481 -0.250460959877  0.063706686630  0.163623561119  0.030587948401
  0.592741935484  0.138123674193  0.000280127101 -0.401343207591  0.103768200753  0.278276736913  0.068163790583 -0.194006252663  0.000695806694 -0.115505606696  0.035621867723  0.278276736913  0.085967753262
  0.594758064516 -0.342968417904 -0.001656415638 -0.141319213161  0.038887373166  0.230874518163  0.051182993140 -0.121663796474  0.000025529218  0.137398688720 -0.034182269204  0.230874518163 -0.007807466485
  0.596774193548 -0.146774280586 -0.000161920685  0.284500347741 -0.072561362192  0.291882209778 -0.036609187779  0.072318602804 -0.000910389659  0.158626188618 -0.045404719219  0.291882209778 -0.077372522130
  0.598790322581  0.197562562355  0.001284585248  0.185768764253 -0.049043498479  0.356494017227 -0.043126957074  0.195976978909  0.000302380326 -0.022296531255  0.003392339067  0.356494017227 -0.023597421066
  0.600806451613  0.230713611746  0.000274377708 -0.127211178432  0.030033176862  0.302908265310 -0.011491113400  0.008618148982  0.000621683398 -0.253342192091  0.068188267842  0.302908265310  0.073617836810
  0.602822580645 -0.066960751371 -0.000657854025 -0.304838790803  0.079724221805  0.422475549494  0.061837138089 -0.284097663068 -0.000341926708 -0.022001246788  0.009816024666  0.422475549494  0.051268647686
  0.604838709677 -0.356146278799 -0.000798309620  0.032165600824 -0.004247227000  0.230944297654  0.041495106676 -0.015742058837 -0.000142443583  0.316674753200 -0.083558939013  0.230944297654 -0.072651850274
  0.606854838710  0.020254528527  0.000281858389  0.417180211416 -0.109399322699  0.375350006493 -0.087863660524  0.302230328172 -0.000078596968  0.008968548402 -0.007890603337  0.375350006493 -0.065654021868
  0.608870967742  0.422457221923  0.001396831054 -0.020310973523  0.001560243294  0.134326918346 -0.039153512346  0.003935170351 -0.000021925351 -0.284738767214  0.075023171673  0.134326918346  0.064014944489
  0.610887096774 -0.023263383147 -0.000326420933 -0.426062772290  0.111597159579  0.301346394780  0.088147647271 -0.229769631639  0.000599831448 -0.019563306072  0.010795148214  0.301346394780  0.069285305308
  0.612903225806 -0.371984626445 -0.001572381708  0.012342008775 -0.000791928728  0.173706437223  0.025616271032 -0.050150424353 -0.000261363658  0.184962942979 -0.048726795676  0.173706437223 -0.041457622054
  0.614919354839 -0.018307694980  0.000445089497  0.325966750551 -0.084168271595  0.315396504235 -0.053477251665  0.133073473303 -0.000724632763  0.106341281008 -0.032252172785  0.315396504235 -0.072558143216
  0.616935483871  0.254120724702  0.001217687728  0.077132855560 -0.021653220373  0.321277586517 -0.032685367940  0.161963906238  0.000600890794 -0.105939124762  0.026793311556  0.321277586517  0.010881645982
  0.618951612903  0.147685069403 -0.000179005983 -0.209440404815  0.051941985916  0.328442145196  0.009750826568 -0.091449694411  0.000375591752 -0.229379181423  0.063009155539  0.328442145196  0.081074317536
  0.620967741935 -0.171480540183 -0.000740123388 -0.237718762495  0.063720802740  0.393779630617  0.065903136407 -0.264706213041 -0.000521651670  0.098495161446 -0.022704879268  0.393779630617  0.015252175452
  0.622983870968 -0.302269261731 -0.000503149111  0.165607018080 -0.039532084179  0.286141558874  0.010019955480  0.108869559616  0.000012300637  0.297411581668 -0.080289561607  0.286141558874 -0.088931433559
  0.625000000000  0.167370867473  0.000610511647  0.368240450744 -0.098278995207  0.341619557999 -0.097116878459  0.282597302645  0.000008147217 -0.120039534657  0.026624018139  0.341619557999 -0.030592665120
  0.627016129032  0.377607888720  0.001140288326 -0.183047951724  0.044500540538  0.200961724650 -0.001838944956 -0.111690106389  0.000023099211 -0.268297722319  0.072878857591  0.200961724650  0.085371214547
  0.629032258065 -0.180074475963 -0.000836942070 -0.384367939855  0.102056826402  0.278694656671  0.095313685748 -0.222373952660  0.000464459409  0.085674600797 -0.017383487092  0.278694656671  0.040411418534
  0.631048387097 -0.339781267226 -0.001272978729  0.165824909058 -0.040952253452  0.175840660757 -0.005671009019  0.035392271041 -0.000448179726  0.195035846598 -0.053416787574  0.175840660757 -0.067069217338
  0.633064516129  0.115599690995  0.000958249525  0.309417045446 -0.080818091447  0.310644423864 -0.061357280697  0.164384689725 -0.000455522423  0.031599637808 -0.012413277068  0.310644423864 -0.054045697869
  0.635080645161  0.260884588751  0.000947939601 -0.045433174886  0.009742660491  0.297542791705 -0.015451816593  0.098030316788  0.000765219490 -0.164711822704  0.043855658007  0.297542791705  0.042183877686
  0.637096774194  0.041904181276 -0.000573364912 -0.246579796968  0.062538702522  0.353321976798  0.027438153460 -0.170774639707  0.000054546916 -0.165599000323  0.046760753381  0.353321976798  0.073108173993
  0.639112903226 -0.237307441940 -0.000662241860 -0.136331110969  0.038444122197  0.349329959132  0.059616549997 -0.200462305878 -0.000571933071  0.199263953843 -0.050509366749  0.349329959132 -0.021794807349
  0.641129032258 -0.205894576853 -0.000184701854  0.262794784117 -0.065975998084  0.352841578920 -0.021452901028  0.214800223738  0.000215220628  0.227474440062 -0.063222880211  0.352841578920 -0.088824196831
  0.643145161290  0.281485244851  0.000800819654  0.267175684826 -0.073219851863  0.277823370685 -0.092430871874  0.213547362941  0.000022957980 -0.230838866622  0.057056256318  0.277823370685  0.008549679318
  0.645161290323  0.277714441290  0.000769773696 -0.313743259658  0.079684818033  0.281943685405  0.036136301356 -0.211910616642  0.000014154920 -0.202714810439  0.057401808837  0.281943685405  0.091317060876
  0.647177419355 -0.308282382372 -0.001195894218 -0.283677833871  0.076878822766  0.217880311906  0.088230691727 -0.171636687610  0.000332158337  0.180273168967 -0.043557454425  0.217880311906  0.004790643293
  0.649193548387 -0.251599843096 -0.000813528738  0.294430057523 -0.075120842199  0.226031037027 -0.037830428153  0.117827603951 -0.000533514400  0.164584599914 -0.047136230296  0.226031037027 -0.080211120457
  0.651209677419  0.232069474980  0.001309890147  0.237466545907 -0.063009887937  0.276044155273 -0.058420372447  0.160112462107 -0.000161519032 -0.049906090841  0.009942238940  0.276044155273 -0.025615506554
  0.653225806452  0.217154994017  0.000526771103 -0.159656728403  0.039415574968  0.296524189308  0.005367220692  0.017763414359  0.000783422846 -0.188339127910  0.051581084743  0.296524189308  0.064694580881
  0.655241935484 -0.066489383460 -0.000845634116 -0.233852275828  0.060399053395  0.362974662514  0.038547200465 -0.216030533922 -0.000273109388 -0.075077240271  0.022825271134  0.362974662514  0.051799150472
  0.657258064516 -0.255876064963 -0.000454024217 -0.020288586107  0.008833325233  0.311282852275  0.044604415233 -0.103575166133 -0.000483159201  0.263440568177 -0.068903355276  0.311282852275 -0.053255479951
  0.659274193548 -0.085187398652  0.000099565796  0.310824038663 -0.080025452357  0.397862857925 -0.048277017172  0.284024122137  0.000407250986  0.119161024417 -0.035425654794  0.397862857925 -0.072995750941
  0.661290322581  0.347012292248  0.000848833567  0.132079191095 -0.038724004401  0.217396598245 -0.074701275253  0.106456914553 -0.000045108133 -0.303910593374  0.078038318871  0.217396598245  0.044824627211
  0.663306451613  0.139639319635  0.000347772143 -0.393761995771  0.102080847985  0.333874074891  0.069195327852 -0.278204734920 -0.000012608929 -0.098374896604  0.031075360990  0.333874074891  0.081229207736
  0.665322580645 -0.388576681115 -0.001371508495 -0.140245103640  0.040092358381  0.145031940851  0.067562761922 -0.085457689004  0.000230086720  0.245790506979 -0.062667954227  0.145031940851 -0.031143906129
  0.667338709677 -0.121424557372 -0.000266372393  0.377487034027 -0.097806170527  0.270917717411 -0.065703843215  0.180325699209 -0.000535319676  0.098424759270 -0.030875114040  0.270917717411 -0.078754838879
  0.669354838710  0.311104249815  0.001458089416  0.121780776165 -0.033585392334  0.227113288443 -0.044581519167  0.121185987768  0.000106780500 -0.121272609871  0.030220563321  0.227113288443  0.007331382844
  0.671370967742  0.130836991918  0.000024659892 -0.244868657197  0.061982557186  0.307438213247  0.025854621320 -0.062577515235  0.000670910503 -0.173524458842  0.048828299339  0.307438213247  0.074549170137
  0.673387096774 -0.157457571155 -0.000954888645 -0.175223976302  0.046334624056  0.357159384248  0.041267791989 -0.220462066789 -0.000544728371  0.024782228271 -0.004174407688  0.357159384248  0.021477718929
  0.675403225806 -0.226958245514 -0.000164155091  0.089263849902 -0.019694441728  0.298102656828  0.023844077362  0.008390505362 -0.000275410451  0.280911912467 -0.074949921221  0.298102656828 -0.073734806576
  0.677419354839  0.038760493506  0.000304537973  0.305331769148 -0.080286261403  0.409881594174 -0.066650596358  0.304985047351  0.000533954810 -0.008751844591 -0.001769655315  0.409881594174 -0.044796355377
  0.679435483871  0.356564325754  0.000771828456 -0.014544101670 -0.000525999875  0.211742404967 -0.046743121561 -0.020608429252 -0.000181897596 -0.326174791886  0.085836875425  0.211742404967  0.071995322385
  0.681451612903 -0.014491497955 -0.000064405889 -0.412760628656  0.108740752803  0.343322652670  0.092448068951 -0.297750214937 -0.000020267157  0.027191436100 -0.001636614095  0.343322652670  0.057276385824
  0.683467741935 -0.409321962308 -0.001358496024  0.023396665040 -0.002566453553  0.128352381110  0.036064432408  0.021411501921  0.000166921311  0.268711232358 -0.070867054822  0.128352381110 -0.061058028613
  0.685483870968  0.030186421584  0.000290212458  0.401589250540 -0.105330802910  0.283185981907 -0.084601917872  0.209579641219 -0.000482384366  0.008489042017 -0.007586264950  0.283185981907 -0.063203203637
  0.687500000000  0.338811843948  0.001390910067 -0.018728127401  0.002687722271  0.196243963803 -0.021617960885  0.055470516825  0.000314287715 -0.167658758807  0.044273763287  0.196243963803  0.038730527155
  0.689516129032  0.017168253988 -0.000479570380 -0.285431282623  0.073283631541  0.310683462991  0.042025692469 -0.127198996819  0.000463148118 -0.124467622341  0.036490483969  0.310683462991  0.070255869823
  0.691532258065 -0.214449095830 -0.000887292766 -0.082664918787  0.023242531750  0.344322283882  0.035340481116 -0.184948332369 -0.000714047399  0.115525843304 -0.029234612091  0.344322283882 -0.012080075362
  0.693548387097 -0.158493773263  0.000148248274  0.173226158188 -0.042149430514  0.310657829191  0.001154960822  0.115721290893  0.000008257680  0.249949595418 -0.067940498023  0.310657829191 -0.079944679809
  0.695564516129  0.145457057921  0.000403494643  0.250904174499 -0.067671000759  0.390479183998 -0.074204062181  0.274529522050  0.000556716706 -0.134332645176  0.031927495245  0.390479183998 -0.009616987687
  0.697580645161  0.311823607200  0.000603322507 -0.149461180449  0.035334553179  0.267457930435 -0.012859087991 -0.146026960424 -0.000353163823 -0.293280404436  0.079000338954  0.267457930435  0.085581703998
  0.699596774194 -0.160838298633 -0.000414792531 -0.370056028250  0.099198022171  0.310566878688  0.102441356813 -0.265780602246  0.000018868036  0.152330198123 -0.035060486459  0.310566878688  0.023984447619
  0.701612903226 -0.368224874905 -0.001176075085  0.181997038729 -0.044550691040  0.193906488932 -0.001782659114  0.129940119428  0.000134153677  0.243033235555 -0.066242982825  0.193906488932 -0.079810519182
  0.703629032258  0.179350349504  0.000782424027  0.362655560429 -0.096400370135  0.255823301521 -0.091073245069  0.198411684851 -0.000405199841 -0.088330346171  0.018352318300  0.255823301521 -0.036544534225
  0.705645161290  0.309656494342  0.001126075285 -0.160934742875  0.039872413975  0.210361183630  0.007036951447 -0.023762189499  0.000444623470 -0.179177453271  0.049198706761  0.210361183630  0.062934914455
  0.707661290323 -0.103816231043 -0.000909846478 -0.273355596644  0.071081408252  0.294980124694  0.050534855183 -0.163773980296  0.000206161262 -0.051900418664  0.017277295157  0.294980124694  0.052889506887
  0.709677419355 -0.227188445473 -0.000656831620  0.025973690616 -0.004407147082  0.333736274818  0.022119767883 -0.117605152287 -0.000757508002  0.181035760489 -0.047888259961  0.333736274818 -0.042701572059
  0.711693548387 -0.065028517690  0.000423197959  0.217724555554 -0.054803978632  0.334434558064 -0.019468658611  0.200057790313  0.000311755739  0.177296453772 -0.049460916008  0.334434558064 -0.071209757886
  0.713709677419  0.218345999611  0.000390765902  0.159991621717 -0.045165653798  0.350372683782 -0.070353223287  0.198338847477  0.000459925976 -0.236310470851  0.059921347129  0.350372683782  0.026094599017
  0.715725806452  0.222941010640  0.000386120621 -0.252406479527  0.063477081943  0.336530048793  0.021836717574 -0.248348961955 -0.000513119359 -0.210369230206  0.058610267872  0.336530048793  0.083592231683
  0.717741935484 -0.277573528712 -0.000666505740 -0.274462015789  0.075477427190  0.248589473581  0.097703866745 -0.186545999115  0.000116148219  0.255021346312 -0.063307676336  0.248589473581 -0.012595964490
  0.719758064516 -0.272543518037 -0.000862985387  0.311506329269 -0.079524211398  0.267992129717 -0.040419349775  0.220184123671  0.000111052056  0.171549870881 -0.049210657060  0.267992129717 -0.084333060721
  0.721774193548  0.302582252954  0.001149531457  0.266555547991 -0.072312632542  0.196138192503 -0.083517941189  0.147297162016 -0.000328034338 -0.173274555218  0.041948651314  0.196138192503 -0.003682345963
  0.723790322581  0.227424696599  0.000706928935 -0.281170684953  0.071814707326  0.250041811756  0.036784945147 -0.100372973216  0.000499164158 -0.152888875137  0.043913279436  0.250041811756  0.075713909618
  0.725806451613 -0.210559230181 -0.001202443109 -0.209744934768  0.055473688559  0.263328010803  0.049321053178 -0.165784776672 -0.000053222739  0.029069454312 -0.004837556382  0.263328010803  0.025848903023
  0.727822580645 -0.193492588540 -0.000302392556  0.129999958617 -0.031345360961  0.327794377033  0.004364416918 -0.032106210277 -0.000675740052  0.210444401283 -0.057024387048  0.327794377033 -0.064925066322
  0.729838709677  0.034868496794  0.000608582786  0.216477349267 -0.055846195994  0.355774799062 -0.034586702029  0.247598658231  0.000576642598  0.076799652867 -0.023060272782  0.355774799062 -0.049541233640
  0.731854838710  0.247512164599  0.000281157476  0.050624054329 -0.017270691967  0.307501302069 -0.056379561370  0.089885313868  0.000253428153 -0.297723237213  0.077561998543  0.307501302069  0.055995405871
  0.733870967742  0.106668967237  0.000164796720 -0.309283097457  0.080072865670  0.385817323483  0.052260278283 -0.309953036835 -0.000613559315 -0.091310131555  0.028115023765  0.385817323483  0.066865399810
  0.735887096774 -0.348232727841 -0.000800017755 -0.142762119874  0.041739954837  0.190148651114  0.079026357402 -0.072867516140  0.000262740741  0.316686321432 -0.081348488373  0.190148651114 -0.045985163109
  0.737903225806 -0.137983836558 -0.000470680096  0.392725258194 -0.102405684648  0.313523598331 -0.074071514595  0.274804497094  0.000070685035  0.065835902497 -0.022542401591  0.313523598331 -0.074219234996
  0.739919354839  0.380332047106  0.001347779339  0.128493200188 -0.036827297432  0.132461852995 -0.062605231175  0.064827008598 -0.000262462811 -0.229170801483  0.058574160910  0.132461852995  0.029457888451
  0.741935483871  0.105152559983  0.000196724397 -0.358866239014  0.093205605176  0.279652521246  0.062572594871 -0.158428055121  0.000493310111 -0.093909331997  0.029498275617  0.279652521246  0.075113936601
  0.743951612903 -0.283361393429 -0.001310103654 -0.105419224589  0.029081499269  0.234253593480  0.038216078514 -0.134176627714 -0.000275504240  0.101926911298 -0.025450553001  0.234253593480 -0.005744178859
  0.745967741935 -0.120519886332  0.000115571134  0.209297986901 -0.052493633616  0.320607028007 -0.014203020448  0.054964529447 -0.000491216265  0.200455783908 -0.055616318745  0.320607028007 -0.075146727747
  0.747983870968  0.121759245966  0.000664845024  0.172787119274 -0.045988761007  0.368755933087 -0.042211148034  0.251754282309  0.000748338186 -0.033067101552  0.006463239705  0.368755933087 -0.019363847451
  0.750000000000  0.232107206447  0.000108298357 -0.056696482176  0.010892560218  0.282812125024 -0.035247604237 -0.031638438232 -0.000026112815 -0.309053980017  0.082350569641  0.282812125024  0.075218818016
  0.752016129032 -0.016378037894 -0.000020155975 -0.315111586479  0.083875367501  0.401301465119  0.074519496472 -0.320188423092 -0.000606340189  0.042875833327 -0.007215718648  0.401301465119  0.039166165430
  0.754032258065 -0.364677484815 -0.000809043005  0.002572939213  0.003545510282  0.189269504226  0.049514644313  0.054692506395  0.000420860741  0.325726669991 -0.086261312514  0.189269504226 -0.070724003552
  0.756048387097  0.012752903994 -0.000059735524  0.414604696119 -0.110699648028  0.318318974678 -0.097967122186  0.282524444076 -0.000017721554 -0.053674450867  0.008810474867  0.318318974678 -0.052292250969
  0.758064516129  0.400082512244  0.001341103720 -0.027283756623  0.004185604836  0.131485298526 -0.031718665394 -0.031254588523 -0.000193879473 -0.244438712515  0.065338000141  0.131485298526  0.057275647669
  0.760080645161 -0.033797364320 -0.000315967086 -0.380226503329  0.101103392014  0.281661620040  0.079946258447 -0.186227504400  0.000450915365 -0.017394937857  0.009618092637  0.281661620040  0.062633851416
  0.762096774194 -0.308111571644 -0.001192958794  0.016489094309 -0.002567368620  0.234793801433  0.020091270915 -0.079963923485 -0.000435530501  0.153268013405 -0.041255518537  0.234793801433 -0.036124092022
  0.764112903226 -0.028569632154  0.000500696896  0.249015084506 -0.064711209850  0.306859272515 -0.029790569208  0.128343912387 -0.000247471766  0.158604317242 -0.045791054351  0.306859272515 -0.073463482935
  0.766129032258  0.180208838427  0.000564376324  0.104399407006 -0.029749037798  0.372131309414 -0.043752077766  0.216467186327  0.000771423746 -0.133217897752  0.034671761662  0.372131309414  0.013148840172
  0.768145161290  0.185371554850 -0.000063952437 -0.144446787603  0.035603334510  0.287867300964 -0.010725611168 -0.144102449126 -0.000296737761 -0.272309688130  0.075464636804  0.287867300964  0.082749441697
  0.770161290323 -0.126462016769 -0.000135683860 -0.279554625138  0.078072155882  0.379362504188  0.088192215309 -0.279588932977 -0.000442021309  0.165887404383 -0.041623215074  0.379362504188  0.007063052887
  0.772177419355 -0.332087586943 -0.000703487541  0.137656082703 -0.034155627964  0.240914794334  0.013839782762  0.167927204599  0.000490611062  0.283070740483 -0.078978053645  0.240914794334 -0.084927029221
  0.774193548387  0.152221730953  0.000293390320  0.380043732232 -0.106265618275  0.285171384507 -0.110156453760  0.244327909970 -0.000170152159 -0.157220813703  0.038330465998  0.285171384507 -0.025043201591
  0.776209677419  0.362265740754  0.001114699161 -0.169147932491  0.044106309745  0.187584787501  0.003179466085 -0.112603031310 -0.000059031205 -0.220425545821  0.062959692627  0.187584787501  0.076806122480
  0.778225806452 -0.155675682709 -0.000705349337 -0.345232522633  0.096234262610  0.260650977200  0.086134523953 -0.183861415044  0.000379045513  0.050088759634 -0.009455633801  0.260650977200  0.043946400241
  0.780241935484 -0.284004237641 -0.000859358436  0.121051582672 -0.031591834638  0.266362136424  0.001408996403 -0.025774241858 -0.000537338858  0.180481175951 -0.051930042606  0.266362136424 -0.060768314688
  0.782258064516  0.049388178264  0.000722104158  0.247343140565 -0.067762702600  0.294922950753 -0.039478457738  0.180966461947  0.000006965899  0.105226312356 -0.032594155380  0.294922950753 -0.063996985891
  0.784274193548  0.206334608692  0.000338057962  0.042214396092 -0.014521842169  0.365884238824 -0.044065450295  0.159263809985  0.000644912060 -0.211589963005  0.059023838267  0.365884238824  0.041868048367
  0.786290322581  0.133671234737 -0.000130664355 -0.205331848964  0.055266751306  0.315414814833  0.014028625782 -0.230392683748 -0.000477621976 -0.204567778938  0.060268734503  0.315414814833  0.080560113066
  0.788306451613 -0.211775062727 -0.000192218562 -0.226227515896  0.067314041881  0.327991390685  0.094408674757 -0.205258056329 -0.000173857391  0.257444525504 -0.069942479111  0.327991390685 -0.022586118508
  0.790322580645 -0.271279966387 -0.000594148367  0.246706797584 -0.067398479746  0.290076814303 -0.023616942254  0.245516712378  0.000429186012  0.205375953726 -0.061431550680  0.290076814303 -0.088083088784
  0.792338709677  0.261269860261  0.000569734773  0.307742140422 -0.090389759403  0.226961519629 -0.108287657913  0.176704741124 -0.000308679361 -0.223942462431  0.059649602209  0.226961519629  0.001472002836
  0.794354838710  0.285554594803  0.000820912193 -0.276458620423  0.076618707249  0.235325196955  0.036385588053 -0.161359616233  0.000130303227 -0.170256565356  0.052153158992  0.235325196955  0.085243576153
  0.796370967742 -0.241156890425 -0.000957754677 -0.269914024454  0.078194151539  0.229494485038  0.078127151007 -0.161207668542  0.000243261826  0.092256380368 -0.022772943394  0.229494485038  0.023001751264
  0.798387096774 -0.226511356421 -0.000475193501  0.190281054759 -0.051937845163  0.299635710599 -0.013376925675  0.014287645174 -0.000591788129  0.187988051384 -0.056280193492  0.299635710599 -0.075405953340
  0.800403225806  0.099284398425  0.000779979045  0.215731912120 -0.060981813661  0.297002581073 -0.041439290804  0.213355469935  0.000271905867  0.054287453440 -0.018373311311  0.297002581073 -0.048364711759
  0.802419354839  0.208678915289  0.000115869101 -0.001890003123 -0.002959085103  0.346120804233 -0.043369686029  0.095503031244  0.000455755028 -0.264420348950  0.075784516777  0.346120804233  0.062218321269
  0.804435483871  0.087388234562 -0.000078770117 -0.243058144279  0.068047102708  0.351780113351  0.036635099684 -0.286609238382 -0.000598746604 -0.122454807828  0.038309489738  0.351780113351  0.068962994875
  0.806451612903 -0.273302375983 -0.000274072321 -0.164867922170  0.051437045023  0.262142451665  0.090467531779 -0.116259814406  0.000083045451  0.312429095960 -0.087421425874  0.262142451665 -0.045868300562
  0.808467741935 -0.194523252986 -0.000515598972  0.326443205468 -0.092189718305  0.320171059566 -0.057781364683  0.286287120162  0.000310916400  0.113091491535 -0.036794936876  0.320171059566 -0.080710132179
  0.810483870968  0.337269056577  0.000818710877  0.212481230280 -0.064375680446  0.165469174783 -0.092065273198  0.099994157953 -0.000363279944 -0.254355067128  0.070185063189  0.165469174783  0.024375331768
  0.812500000000  0.188270500815  0.000506815449 -0.345255193970  0.097642820742  0.266945465984  0.062087010705 -0.182408561992  0.000298613761 -0.113908023428  0.037325427807  0.266945465984  0.084098222961
  0.814516129032 -0.290404400285 -0.001099927149 -0.176558377859  0.052254713124  0.206748184399  0.060752087936 -0.134813915004  0.000037054052  0.116310872331 -0.031054909801  0.206748184399  0.002036241107
  0.816532258065 -0.158196123139 -0.000104573183  0.227000720685 -0.062699828435  0.317252652267 -0.021871837419  0.048518392666 -0.000555909739  0.188954659532 -0.057331791410  0.317252652267 -0.082096440361
  0.818548387097  0.128259914863  0.000714302946  0.177218216530 -0.050939179045  0.319048081513 -0.041847728151  0.234113810034  0.000514216279 -0.001473371021 -0.001938587817  0.319048081513 -0.029108860045
  0.820564516129  0.205672271153 -0.000032865904 -0.037789158532  0.006899382173  0.310382943337 -0.040392307934  0.021064867217  0.000199281107 -0.296254040588  0.085654706207  0.310382943337  0.075847159667
  0.822580645161  0.036418450967  0.000007144743 -0.271285666224  0.077612697956  0.381448449136  0.059143919431 -0.315155424830 -0.000625541660 -0.027450192777  0.011512746097  0.381448449136  0.051558423182
  0.824596774194 -0.318517892642 -0.000409427775 -0.088131027378  0.029785989107  0.201798223819  0.076075335592 -0.018385602631  0.000308632633  0.332976738688 -0.094538813788  0.201798223819 -0.063540032846
  0.826612903226 -0.099097145181 -0.000372820880  0.379547715134 -0.108886575553  0.326451247978 -0.086254164285  0.294138279269  0.000136547077  0.017377828973 -0.010074033386  0.326451247978 -0.067216007230
  0.828629032258  0.380572152624  0.001012279495  0.098875019531 -0.031843325463  0.125922543643 -0.065776049622  0.025840975129 -0.000326261287 -0.255851546328  0.072233061893  0.125922543643  0.043647725062
  0.830645161290  0.079531061108  0.000134342405 -0.376489838395  0.107407902972  0.281727121002  0.077983754926 -0.185465181249  0.000410872798 -0.062797074455  0.023098361998  0.281727121002  0.077385566583
  0.832661290323 -0.306770876688 -0.001104139192 -0.078878535324  0.024459935516  0.211693959791  0.040740855131 -0.111633536726 -0.000202793250  0.133552701507 -0.037345990170  0.211693959791 -0.018253606505
  0.834677419355 -0.091622611617  0.000229227454  0.238345159551 -0.066040591665  0.313480694527 -0.025037086899  0.086381618635 -0.000407514923  0.186010208571 -0.056678922822  0.313480694527 -0.083348691168
  0.836693548387  0.145313194748  0.000554000547  0.142014788698 -0.041736028399  0.351912576475 -0.044593116446  0.241359164193  0.000673840959 -0.067520768082  0.017518141178  0.351912576475 -0.007761140538
  0.838709677419  0.201772569149 -0.000090130435 -0.074757414291  0.017435344591  0.272205785703 -0.032884732839 -0.064048129957 -0.000101451521 -0.303195608701  0.088183907191  0.272205785703  0.083659949047
  0.840725806452 -0.025414248379  0.000064089616 -0.289358058979  0.084204319741  0.389028078332  0.080374172608 -0.312448814721 -0.000531959260  0.074519607230 -0.017556294369  0.389028078332  0.030636307098
  0.842741935484 -0.342904598423 -0.000565970990  0.005000737415  0.002823780463  0.180381426040  0.051808024111  0.079113196507  0.000466082480  0.318461633238 -0.091639744654  0.180381426040 -0.075642218199
  0.844758064516  0.010474161667 -0.000138782401  0.400347360438 -0.116075170588  0.307536112445 -0.105859956834  0.272004194283 -0.000067435996 -0.070992606169  0.015051454560  0.307536112445 -0.049936570271
  0.846774193548  0.387222038190  0.001100892689 -0.023228054038  0.003538881766  0.134614746719 -0.033632745773 -0.037442474158 -0.000202227448 -0.234964998639  0.067876955610  0.134614746719  0.059064737355
  0.848790322581 -0.029072644695 -0.000262574651 -0.369858744027  0.106069515346  0.277651635885  0.083327291791 -0.178023145099  0.000435392888 -0.021369828090  0.011102520608  0.277651635885  0.066562530693
  0.850806451613 -0.293731937613 -0.000964453856  0.011712851759 -0.001359830385  0.246725799119  0.022261340010 -0.091104386740 -0.000426461023  0.150344852195 -0.043393570507  0.246725799119 -0.037273098086
  0.852822580645 -0.034170486261  0.000480410236  0.230794002527 -0.064025163942  0.293482246715 -0.025150691368  0.130205636986 -0.000162702012  0.174670428717 -0.053322033748  0.293482246715 -0.079434901804
  0.854838709677  0.156860250830  0.000343484455  0.112601189505 -0.034265270634  0.377504835240 -0.049886738223  0.229096688363  0.000710668683 -0.140833351661  0.038994660382  0.377504835240  0.014352897247
  0.856854838710  0.194381802006 -0.000057350865 -0.116943906027  0.029875017759  0.257694711415 -0.019145954149 -0.151951752211 -0.000391567013 -0.280172763959  0.082132829308  0.257694711415  0.085274561130
  0.858870967742 -0.097509987569  0.000053819186 -0.291091955155  0.086010667907  0.366222673385  0.096968631850 -0.276809738740 -0.000332320382  0.171784439286 -0.045501213253  0.366222673385  0.008079593959
  0.860887096774 -0.339814240746 -0.000697995414  0.108288982450 -0.027506177967  0.208677311699  0.019740027556  0.164426829974  0.000521779903  0.271547045480 -0.079536208411  0.208677311699 -0.081810326896
  0.862903225806  0.123728657625  0.000168242732  0.383926534352 -0.112307040143  0.266962356826 -0.113822558291  0.226048188609 -0.000254174481 -0.142025477173  0.035695893347  0.266962356826 -0.030520375023
  0.864919354839  0.356327605639  0.001053229200 -0.140470025459  0.037723842040  0.178155463378 -0.000240017348 -0.084555803827 -0.000015708046 -0.199788856617  0.059335498995  0.178155463378  0.070311678198
  0.866935483871 -0.125406701210 -0.000625675122 -0.328869797421  0.094702340566  0.255784834945  0.078912529692 -0.166791425768  0.000355498957  0.009970517238  0.001541889507  0.255784834945  0.052380563089
  0.868951612903 -0.257730687321 -0.000705191636  0.085994222724 -0.022457135752  0.292534837122  0.008059763338 -0.069597361841 -0.000583185593  0.169850686412 -0.049999894188  0.292534837122 -0.054215796406
  0.870967741935  0.010320015459  0.000614046562  0.211870492682 -0.058922464089  0.274547907632 -0.024922023999  0.177856308329  0.000137342035  0.149326855836 -0.045780162189  0.274547907632 -0.070331875733
  0.872983870968  0.168021644801  0.000135697933  0.087677363699 -0.028077321729  0.380421279171 -0.056166334349  0.192859038332  0.000610491878 -0.213749868295  0.060296509887  0.380421279171  0.035627910208
  0.875000000000  0.178675079742  0.000042451392 -0.165124596113  0.044457148012  0.281764412761  0.001198437207 -0.231628683045 -0.000613467821 -0.225930707502  0.067180053932  0.281764412761  0.080549124166
  0.877016129032 -0.175128921256 -0.000041465031 -0.270277617904  0.081097761007  0.313442710554  0.105388624967 -0.211438914405 -0.000067139970  0.251775154947 -0.068780725176  0.313442710554 -0.014172957478
  0.879032258065 -0.305028096129 -0.000759395101  0.211593097254 -0.058176273618  0.253825364138 -0.016488305514  0.227328419292  0.000463574404  0.199664310461 -0.060250727513  0.253825364138 -0.082114339547
  0.881048387097  0.228035841171  0.000506229058  0.329764784259 -0.097363861108  0.211879136011 -0.108957778112  0.165501780776 -0.000377363428 -0.189265161966  0.050004711610  0.211879136011 -0.010411302603
  0.883064516129  0.291886494006  0.000862363556 -0.239536687842  0.066754822697  0.227605881780  0.029785581349 -0.114230501251  0.000191298757 -0.159191047883  0.048990576587  0.227605881780  0.077259964351
  0.885080645161 -0.199514856869 -0.000897409214 -0.261413388295  0.075627210291  0.224618884424  0.067094096341 -0.156911240415  0.000177301389  0.034185245500 -0.006325782669  0.224618884424  0.035466501081
  0.887096774194 -0.207631834193 -0.000373376103  0.138446087786 -0.037241560671  0.327731078390 -0.000577286344 -0.042211250947 -0.000631928051  0.191980235215 -0.057067395920  0.327731078390 -0.068141677839
  0.889112903226  0.041672655580  0.000618512450  0.189220366318 -0.052994079048  0.279587633204 -0.026868543188  0.223758412574  0.000436285782  0.105654698529 -0.032916695036  0.279587633204 -0.056302421023
  0.891129032258  0.181963211555 -0.000019810654  0.063315777357 -0.021909108249  0.353738576725 -0.060819541481  0.131692949243  0.000386676108 -0.276102826547  0.078552355294  0.353738576725  0.054327386470
  0.893145161290  0.149437622226  0.000168844782 -0.216759849357  0.060401182220  0.326885535554  0.026922266853 -0.291678001923 -0.000721624966 -0.144239507292  0.044380292256  0.326885535554  0.069950730530
  0.895161290323 -0.250417760178 -0.000216416813 -0.222816617527  0.068148494542  0.240109268444  0.102918737970 -0.124339012493  0.000208182302  0.303943864048 -0.084416795737  0.240109268444 -0.034324132699
  0.897177419355 -0.238326381343 -0.000714008227  0.302813061026 -0.085558222108  0.287884428903 -0.052197920594  0.261402977449  0.000304888789  0.113836560866 -0.036793796053  0.287884428903 -0.077132158558
  0.899193548387  0.310946471030  0.000819686151  0.242504713802 -0.072560521880  0.153120007035 -0.092072961620  0.100828793052 -0.000403999953 -0.210993418084  0.057421996485  0.153120007035  0.009213292266
  0.901209677419  0.202440788617  0.000547981982 -0.309536663634  0.087395919490  0.267429526865  0.052599944174 -0.129113081819  0.000368255830 -0.120892560782  0.038917297872  0.267429526865  0.079911505367
  0.903225806452 -0.245281079598 -0.001034158153 -0.178503171515  0.052081389909  0.204990893081  0.051306636494 -0.150713756493 -0.000069464977  0.056357796530 -0.013814371851  0.204990893081  0.016460166953
  0.905241935484 -0.153052644310 -0.000029153057  0.167956433749 -0.045440719182  0.338576254253 -0.003974659101 -0.004541434130 -0.000551153002  0.213212000410 -0.063568609108  0.338576254253 -0.078038638563
  0.907258064516  0.062972158244  0.000508449432  0.168998825097 -0.048028069994  0.314718011537 -0.032650548679  0.259909713411  0.000673872490  0.042366644005 -0.014444903797  0.314718011537 -0.038069573468
  0.909274193548  0.199017617893 -0.000087862712  0.034275293605 -0.014110517215  0.301848480504 -0.060842434536  0.049124881824  0.000078292190 -0.317237808770  0.090769143790  0.301848480504  0.068821089211
  0.911290322581  0.102677374688  0.000273048280 -0.266115859729  0.075942130859  0.364646154055  0.055234958914 -0.322631735375 -0.000692703899 -0.043773311660  0.016151731441  0.364646154055  0.054563586592
  0.913306451613 -0.313551158489 -0.000442611123 -0.148191602311  0.046928407120  0.167630636131  0.088370273736 -0.027075778772  0.000435396792  0.321872502531 -0.090571692136  0.167630636131 -0.050952934469
  0.915322580645 -0.144154142223 -0.000544960128  0.369849147929 -0.106004827734  0.299842403483 -0.082460537123  0.265201976732  0.000082335357  0.026601301455 -0.012608430939  0.299842403483 -0.067795691979
  0.917338709677  0.362269682974  0.001050726898  0.131617525432 -0.040661631733  0.112185602452 -0.065895755182  0.041563138290 -0.000322938138 -0.210226504139  0.058688766803  0.112185602452  0.027486161847
  0.919354838710  0.099812246663  0.000154205784 -0.343783955503  0.097660300020  0.288669684177  0.065825400617 -0.134675705255  0.000467548679 -0.089749178118  0.030422038516  0.288669684177  0.078294643885
  0.921370967742 -0.261283210406 -0.001015599106 -0.092353837068  0.027650155400  0.221372970092  0.035317983494 -0.147093680646 -0.000336199152  0.081885481259 -0.022312181155  0.221372970092 -0.003873572443
  0.923387096774 -0.102512350599  0.000266021441  0.177625295926 -0.048032045201  0.321110414811 -0.003914823766  0.045572221498 -0.000345192780  0.227214131840 -0.067724846832  0.321110414811 -0.082936158576
  0.925403225806  0.079471337634  0.000321767857  0.154519574174 -0.044938849964  0.360677604600 -0.042563355740  0.277514851958  0.000798376732 -0.037631525356  0.008755216213  0.360677604600 -0.016867566369
  0.927419354839  0.216367585523 -0.000055654303 -0.004346445920 -0.003151929699  0.244378675026 -0.053603753633 -0.046808757965 -0.000256786631 -0.328259562572  0.094456611322  0.244378675026  0.077837161303
  0.929435483871  0.037099382082  0.000309358984 -0.305067876621  0.088579111652  0.375873914398  0.082166988808 -0.318960082689 -0.000531145217  0.063070505660 -0.014050563661  0.375873914398  0.035948064071
  0.931451612903 -0.354355916179 -0.000673545171 -0.050339500201  0.018555851612  0.137486425790  0.062502869548  0.067232574910  0.000565958655  0.304561740696 -0.086907865372  0.137486425790 -0.063171892411
  0.933467741935 -0.031463913234 -0.000260553643  0.402693549904 -0.116485837849  0.288096583040 -0.102989092717  0.242344711045 -0.000151942794 -0.050380501813  0.009088011055  0.288096583040 -0.055179608060
  0.935483870968  0.375832356202  0.001151074264  0.010188626107 -0.005518755473  0.123380355629 -0.034614287222 -0.005589235731 -0.000148575772 -0.193658753028  0.055556816842  0.123380355629  0.043804881916
  0.937500000000 -0.002754093729 -0.000257556078 -0.340856887238  0.097130839573  0.286001806914  0.068962074025 -0.137458838363  0.000455950929 -0.066785251994  0.023780358305  0.286001806914  0.072416419295
  0.939516129032 -0.250773237177 -0.000849493624 -0.014275351616  0.005635255890  0.270380789060  0.022413127726 -0.141818280468 -0.000564829699  0.114540942689 -0.032754973988  0.270380789060 -0.024541722340
  0.941532258065 -0.061872858572  0.000461619357  0.173733820590 -0.046929324445  0.283972014629 -0.003149751375  0.106744843094 -0.000045450084  0.226323858976 -0.067421777313  0.283972014629 -0.082086153614
  0.943548387097  0.097018200502  0.000111586103  0.145584182248 -0.043574216402  0.392486859814 -0.055343058273  0.269043681080  0.000777875354 -0.126986811744  0.034578086852  0.392486859814  0.005612693327
  0.945564516129  0.228512428921  0.000063971253 -0.055440005559  0.011869983989  0.218743901081 -0.037589601861 -0.144526263777 -0.000552841917 -0.304141322081  0.088218298062  0.218743901081  0.080686965891
  0.947580645161 -0.044858726410  0.000246393874 -0.324587644512  0.095541511965  0.352663489565  0.103268125194 -0.280406490220 -0.000268930614  0.162178545673 -0.042301411165  0.352663489565  0.015914905407
  0.949596774194 -0.364222027151 -0.000853796251  0.062257219117 -0.014477682671  0.170458824545  0.028083643766  0.146247222415  0.000571478058  0.256678552892 -0.074665878583  0.170458824545 -0.070681720925
  0.951612903226  0.087239260475  0.000104760817  0.395334275692 -0.115183531278  0.255648951565 -0.110959467178  0.200594630267 -0.000341614834 -0.108444748202  0.025897473428  0.255648951565 -0.040322718796
  0.953629032258  0.350623541796  0.001092377517 -0.106899557258  0.028493611788  0.176780186728 -0.003140834961 -0.037877022203  0.000081335089 -0.169858357372  0.050304110639  0.176780186728  0.057728022794
  0.955645161290 -0.092584368475 -0.000619084027 -0.304768663232  0.087028856014  0.259894788428  0.063427017591 -0.143123532584  0.000323439161 -0.049301976057  0.018271747886  0.259894788428  0.062328901719
  0.957661290323 -0.220832379301 -0.000570626257  0.047052098886 -0.011474956191  0.324677046128  0.014734848009 -0.128800025965 -0.000699652839  0.154938273489 -0.045230734848  0.324677046128 -0.044276158919
  0.959677419355 -0.033558366731  0.000527600663  0.164160749737 -0.044520519007  0.252638780991 -0.004687432009  0.173565752503  0.000293604564  0.203644681737 -0.060810664604  0.252638780991 -0.075219954290
  0.961693548387  0.120409737804 -0.000065129884  0.138817927774 -0.042840572390  0.392871412818 -0.068412047704  0.230318900861  0.000607291641 -0.214633136123  0.059952237232  0.392871412818  0.027374753347
  0.963709677419  0.228578690787  0.000234644139 -0.118610950039  0.030888249088  0.247998078227 -0.012948362841 -0.230579631365 -0.000747523514 -0.245326561875  0.072224741379  0.247998078227  0.077477978153
  0.965725806452 -0.136654816989  0.000075913069 -0.316750835834  0.094466064532  0.296684080181  0.114551743834 -0.212489563636  0.000040413364  0.239937778668 -0.064899214628  0.296684080181 -0.003693696250
  0.967741935484 -0.337994871813 -0.000929017184  0.177152282816 -0.048585367186  0.221874996141 -0.010417026341  0.200268354060  0.000447815924  0.187975613699 -0.056534071479  0.221874996141 -0.073811413107
  0.969758064516  0.197128318951  0.000492508223  0.347235901467 -0.102033186665  0.208304149369 -0.105657667427  0.150477482276 -0.000437568531 -0.142980859075  0.036597306299  0.208304149369 -0.024219647465
  0.971774193548  0.291296033503  0.000871040364 -0.204458244165  0.057083478390  0.237753198906  0.023613540599 -0.056285560297  0.000313577861 -0.147604694924  0.045335153245  0.237753198906  0.068965210978
  0.973790322581 -0.158544755902 -0.000862582593 -0.244658590776  0.070199703981  0.223097455199  0.052322894839 -0.155216217866  0.000087428939 -0.032320227049  0.012585987829  0.223097455199  0.048463596691
  0.975806451613 -0.181467994626 -0.000234618827  0.085708245989 -0.022146474704  0.359226385306  0.013200443139 -0.102274070863 -0.000696960443  0.200115524138 -0.059045332070  0.359226385306 -0.061664948569
  0.977822580645 -0.017534602412  0.000455971318  0.157359572395 -0.043475101822  0.261034224880 -0.011207044860  0.237105717578  0.000597561264  0.155623135246 -0.047091827214  0.261034224880 -0.063104095068
  0.979838709677  0.152715156716 -0.000158113763  0.129669520175 -0.041396206344  0.354419076852 -0.078855139444  0.162636267252  0.000309279813 -0.287078954312  0.081567688243  0.354419076852  0.046355157731
  0.981854838710  0.210703112376  0.000401339065 -0.190003500815  0.053153109322  0.299836154745  0.018468317932 -0.290942939999 -0.000780926050 -0.159454108016  0.048738302765  0.299836154745  0.069710805617
  0.983870967742 -0.227771318705 -0.000178879519 -0.277454924739  0.084471636591  0.219426052325  0.113796515529 -0.127511148274  0.000326163792  0.284260822413 -0.079101339773  0.219426052325 -0.021043583244
  0.985887096774 -0.276154725523 -0.000849548693  0.278106267880 -0.079814326655  0.258293866819 -0.047296414003  0.222151861590  0.000205901280  0.114154561416 -0.036914027281  0.258293866819 -0.074135156113
  0.987903225806  0.280403664253  0.000811267479  0.265554509136 -0.079582393938  0.160002436717 -0.089191226394  0.106186179729 -0.000399280706 -0.152385509058  0.041117675710  0.160002436717 -0.008303361673
  0.989919354839  0.210050345024  0.000508774983 -0.265546029323  0.076322088894  0.293430199554  0.040620909903 -0.063455850750  0.000487383113 -0.137286012238  0.043838161154  0.293430199554  0.078081926880
  0.991935483871 -0.188347699051 -0.000909249922 -0.177125997572  0.051895072122  0.211515795392  0.040674388937 -0.176750858268 -0.000203389657 -0.011480874547  0.005606105476  0.211515795392  0.032712704164
  0.993951612903 -0.148654528054  0.000079588371  0.094837586174 -0.024914876957  0.000000000000  0.019011572903 -0.059182861070 -0.000524150133  0.245961769158 -0.074140442949  0.000000000000 -0.075869074531
  0.995967741935 -0.018659592870  0.000249299727  0.163528498515 -0.047438495709  0.004190696324 -0.024614693489  0.292836305134  0.000793046105  0.089227405158 -0.028422355217  0.004190696324 -0.049521288510
  0.997983870968  0.172303290311 -0.000106328712  0.094859028033 -0.032049188875  0.012068788858 -0.073174789941  0.122680511281  0.000216801542 -0.290523741799  0.085628362639  0.012068788858  0.054816212135
  1.000000000000  0.000000000000  0.001065292613 -0.493242685471  0.152681766308  0.011603641869  0.181321234581  0.000000000000  0.001493561496  0.348020972040 -0.097804234812  0.011603641869 -0.000000000000
