             Rad         v_r[Re]         v_t[Re]         v_x[Re]         p[Re]          p_mg[Re]  p_no_phase[Re]         v_r[Im]         v_t[Im]         v_x[Im]         p[Im]          p_mg[Im]  p_no_phase[Im]
  0.300000000000  0.000000000000  0.040297577403  0.209402189694 -0.000000000000  0.209283275193 -0.000000000000 -0.000000000000  0.024001659138  0.446746504078  0.000000000000  0.209283275193  0.000000000000
  0.329166666667  0.121840927827  0.037225161199 -0.103507301470 -0.000000000000  0.147527129691 -0.000000000000  0.006912548221  0.024854993386 -0.047405311130 -0.000000000000  0.147527129691 -0.000000000000
  0.358333333333  0.081211118032  0.040522485633  0.091941751102 -0.000000000000  0.378154090496 -0.000000000000  0.021511462970  0.016491840625  0.019002198291  0.000000000000  0.378154090496  0.000000000000
  0.387500000000  0.138082433776 -0.198502469015  0.122343577573 -0.000000000000  0.324011934186 -0.000000000000 -0.157266432394 -0.189572731746 -0.044809331240  0.000000000000  0.324011934186 -0.000000000000
  0.416666666667 -0.044654397319  0.068577495394  0.152611264502 -0.000000000000  0.401477838114 -0.000000000000 -0.140606681188 -0.051771882165 -0.036165182797 -0.000000000000  0.401477838114 -0.000000000000
  0.445833333333  0.104865920779  0.081649296229 -0.144190934658 -0.000000000000  0.509830318384 -0.000000000000 -0.363323072235  0.124805454842  0.248611020699  0.000000000000  0.509830318384 -0.000000000000
  0.475000000000  0.286873214978  0.055821586954 -0.525514251587  0.000000000000  0.163805991246 -0.000000000000  0.150623676836 -0.014387363306 -0.215125885125  0.000000000000  0.163805991246  0.000000000000
  0.504166666667 -0.223790156078 -0.080580824475  0.456581084748 -0.000000000000  0.215815713431 -0.000000000000  0.333320297221 -0.066042993716 -0.145714189309  0.000000000000  0.215815713431 -0.000000000000
  0.533333333333  0.068481674754  0.058747441906  0.358359858370 -0.000000000000  0.088020692867  0.000000000000 -0.505210068948  0.070684420379  0.186231395009 -0.000000000000  0.088020692867 -0.000000000000
  0.562500000000 -0.005929923799  0.001049520600 -0.430910725177  0.000000000000  0.154253303125  0.000000000000 -0.163698621777 -0.020986914606 -0.189102442981  0.000000000000  0.154253303125  0.000000000000
  0.591666666667 -0.190776737919 -0.008924842376 -0.101277504299 -0.000000000000  0.069703852232 -0.000000000000  0.100899248920 -0.014408377924 -0.055295253441  0.000000000000  0.069703852232 -0.000000000000
  0.620833333333 -0.069234970431 -0.088630661575  0.020497762131  0.000000000000  0.240754543172  0.000000000000  0.054352196296  0.101172031938  0.197419860228 -0.000000000000  0.240754543172 -0.000000000000
  0.650000000000  0.111345278514 -0.015594806489 -0.009126094132  0.000000000000  0.209141357482  0.000000000000  0.106753503351  0.009994014542  0.024815070615  0.000000000000  0.209141357482  0.000000000000
  0.679166666667 -0.045290453931 -0.006067013141  0.045120582865 -0.000000000000  0.187297400156 -0.000000000000  0.052984920484  0.057190938179 -0.270796236558  0.000000000000  0.187297400156 -0.000000000000
  0.708333333333 -0.239537398013 -0.018615734630  0.069806040348 -0.000000000000  0.081065071172  0.000000000000  0.024178192884  0.020060942441  0.150426436339 -0.000000000000  0.081065071172 -0.000000000000
  0.737500000000  0.200707916598 -0.016389556035  0.002064211291  0.000000000000  0.240622541762  0.000000000000 -0.058791492789  0.019959184909  0.287634649273  0.000000000000  0.240622541762  0.000000000000
  0.766666666667  0.186172565279  0.032162250141 -0.042035991101 -0.000000000000  0.354208590723  0.000000000000  0.020496147015  0.027021511835 -0.077907540507 -0.000000000000  0.354208590723 -0.000000000000
  0.795833333333  0.080958581113 -0.000664478039 -0.046719549912 -0.000000000000  0.439318317908 -0.000000000000  0.004153782391  0.021014902673 -0.238369633700  0.000000000000  0.439318317908 -0.000000000000
  0.825000000000 -0.228290767855  0.022785277016  0.140685658230  0.000000000000  0.229139606957 -0.000000000000  0.076042967565 -0.008628327154 -0.277058126343  0.000000000000  0.229139606957  0.000000000000
  0.854166666667 -0.316899179926 -0.017253889408 -0.244617186377  0.000000000000  0.160267609264  0.000000000000 -0.158236012033 -0.012623150433  0.248780630440 -0.000000000000  0.160267609264 -0.000000000000
  0.883333333333  0.146125660365  0.013355883204  0.030931085083 -0.000000000000  0.372865386187 -0.000000000000  0.414304086188 -0.027561336842  0.230879118032 -0.000000000000  0.372865386187 -0.000000000000
  0.912500000000  0.054342772848  0.009217817446  0.269805144706  0.000000000000  0.000000000000  0.000000000000 -0.222602386590 -0.013533722511 -0.040664029257 -0.000000000000  0.000000000000 -0.000000000000
  0.941666666667  0.127795049910 -0.007218251641 -0.444819215978 -0.000000000000  0.046903884550 -0.000000000000  0.096716760686 -0.004442730798  0.008481314429 -0.000000000000  0.046903884550 -0.000000000000
  0.970833333333  0.042095448089 -0.041890902103 -0.027201843014 -0.000000000000  0.044760287338 -0.000000000000  0.370481537282 -0.009440128513 -0.143780809983  0.000000000000  0.044760287338  0.000000000000
  1.000000000000 -0.000000000000  0.000905175695  0.813953686101  0.000000000000  0.043749887418  0.000000000000 -0.000000000000 -0.030867749676  0.186046313899 -0.000000000000  0.043749887418 -0.000000000000
