             Rad         v_r[Re]         v_t[Re]         v_x[Re]         p[Re]          p_mg[Re]  p_no_phase[Re]         v_r[Im]         v_t[Im]         v_x[Im]         p[Im]          p_mg[Im]  p_no_phase[Im]
  0.000000000000 -0.025400055972  0.000000000000  0.003689443848 -0.000792031183  0.158206819641  0.004757101125 -0.049798950469  0.000000000000  0.009057820848 -0.005059902130  0.158206819641 -0.001897343364
  0.031250000000 -0.033857107945  0.047391367415 -0.002772098621  0.000645559195  0.228095761973 -0.003354402957 -0.064964624362 -0.025273694755 -0.006385751375  0.003587777168  0.228095761973  0.001427190417
  0.062500000000 -0.057481748588  0.096243145016 -0.011103242820  0.002544023128  0.213112399611 -0.013617174903 -0.107000575628 -0.050722481309 -0.025924006567  0.014547080825  0.213112399611  0.005715081965
  0.093750000000 -0.072606824361  0.158464556643 -0.028023890008  0.006583918911  0.300624286687 -0.033658735080 -0.140561896818 -0.085066896369 -0.064074360176  0.036024690855  0.300624286687  0.014429687878
  0.125000000000 -0.109384431425  0.188683469326 -0.042774459545  0.009594512939  0.214739637359 -0.053357593445 -0.200156745556 -0.097968065015 -0.101586074416  0.056916041272  0.214739637359  0.022010398777
  0.156250000000 -0.095743334244  0.255204130431 -0.076220565646  0.018172460133  0.319702750115 -0.090390604362 -0.190394613411 -0.138547682961 -0.172064812320  0.096856443891  0.319702750115  0.039254906363
  0.187500000000 -0.146324091177  0.252718721825 -0.084327993411  0.018471616534  0.163574056412 -0.107125081919 -0.262610399808 -0.129140932839 -0.203963836313  0.114088880610  0.163574056412  0.043378452256
  0.218750000000 -0.093241052784  0.332351750198 -0.140907452096  0.034102753370  0.275717496880 -0.164890933228 -0.193440476449 -0.182576397074 -0.313867774136  0.176903180498  0.275717496880  0.072585902191
  0.250000000000 -0.158332737284  0.286259279593 -0.124461612367  0.026448396234  0.072632827926 -0.161656839803 -0.277741953503 -0.143476226022 -0.307811492160  0.171840274333  0.072632827926  0.063997372531
  0.281250000000 -0.066406374816  0.381936673933 -0.211170363267  0.051875336862  0.170654067069 -0.243768988107 -0.149488010606 -0.212373969850 -0.463990299667  0.261860239344  0.170654067069  0.108804944561
  0.312500000000 -0.139736146884  0.288802627917 -0.152557008500  0.031153093638  0.040943689714 -0.203663925351 -0.237684554272 -0.141343530744 -0.387828332139  0.215999092748  0.040943689714  0.078403627605
  0.343750000000 -0.022355043466  0.398924389317 -0.273490222529  0.068179981851  0.020003720884 -0.311371593448 -0.069107016461 -0.224573665108 -0.592637810585  0.334917503983  0.020003720884  0.140946710472
  0.375000000000 -0.090382119548  0.263704528751 -0.161233209916  0.031172005817  0.145628258978 -0.222885108139 -0.144754561494 -0.125237956775 -0.424472116057  0.235718174924  0.145628258978  0.082806886827
  0.406250000000  0.028200575873  0.382091271420 -0.314172883311  0.079474152148  0.157103701926 -0.352668409804  0.029683551806 -0.217833753414 -0.671206446985  0.379850704655  0.157103701926  0.161949657033
  0.437500000000 -0.016214898333  0.217551438413 -0.147895190191  0.026358217943  0.224545655829 -0.214186962843 -0.011714346812 -0.099289512701 -0.407958368957  0.225698765382  0.224545655829  0.075885659358
  0.468750000000  0.073590091243  0.334269594381 -0.322064861613  0.082687994624  0.324346967520 -0.356221939128  0.125666575841 -0.193113225847 -0.677935138387  0.384228481501  0.324346967520  0.166056498022
  0.500000000000  0.071340424924  0.158940864651 -0.115095840137  0.017812703906  0.261396611995 -0.178451576350  0.139971843349 -0.068480800802 -0.339953012427  0.187096706414  0.261396611995  0.058970372812
  0.531250000000  0.103866458199  0.262009208372 -0.291023537518  0.075915572785  0.452644094278 -0.316671200221  0.199079156148 -0.153608040471 -0.602630711970  0.342117491735  0.452644094278  0.150089650852
  0.562500000000  0.157176399827  0.097040956102 -0.069705902243  0.007560182218  0.250502271282 -0.122142295473  0.283719112286 -0.037790387780 -0.232749117905  0.127003105516  0.250502271282  0.035611863506
  0.593750000000  0.112966827443  0.174698952272 -0.221606992571  0.058939744829  0.515906911368 -0.236204122312  0.235725867609 -0.104349004669 -0.449467427503  0.255712324512  0.515906911368  0.114325408510
  0.625000000000  0.225205379049  0.040191686970 -0.021138426187 -0.001990689084  0.196733139558 -0.055705693411  0.392643875964 -0.011417983513 -0.106228059779  0.056682149737  0.196733139558  0.010663238880
  0.656250000000  0.099901723989  0.083271647110 -0.121568125753  0.033460553669  0.498739330611 -0.124661622669  0.229719466875 -0.051514741548 -0.237182133095  0.135494341118  0.498739330611  0.062751931925
  0.687500000000  0.261472830242 -0.005229278550  0.020927244028 -0.008666057512  0.114204489227  0.008795947099  0.444738013039  0.007783964804  0.016645178683 -0.010998327243  0.114204489227 -0.010894726687
  0.718750000000  0.068747678909 -0.001315107080 -0.004955232176  0.002950232695  0.399975174912  0.001831652550  0.184330368754 -0.001561663110  0.003534075860 -0.001205815250  0.399975174912  0.002608239311
  0.750000000000  0.257068282570 -0.035515233463  0.048782316817 -0.011072945860  0.029317278778  0.060281714321  0.427383689434  0.018593247555  0.114765387068 -0.064355161367  0.029317278778 -0.025106012092
  0.781250000000  0.027490921690 -0.069591288823  0.110103820219 -0.027867812913  0.233674986877  0.123526801212  0.110846355756  0.039694195150  0.235098543631 -0.133054816796  0.233674986877 -0.056756749832
  0.812500000000  0.210221797456 -0.049836577929  0.058375303509 -0.008941541971  0.070291008238  0.090913274941  0.340274795453  0.021392370311  0.173193097827 -0.095287199352  0.070291008238 -0.029906152756
  0.843750000000 -0.013975376435 -0.114847459348  0.204579231942 -0.053838344059  0.028137050713  0.220550064806  0.025771916662  0.067897854391  0.419696751013 -0.238492782828  0.028137050713 -0.105522716350
  0.875000000000  0.127104431107 -0.049958524743  0.050080353500 -0.003183322175  0.126404433131  0.097551045797  0.196082796504  0.017867861512  0.185929861809 -0.100782120316  0.126404433131 -0.025513972239
  0.906250000000 -0.046217067610 -0.133972847876  0.262102862958 -0.070344984785  0.184374943246  0.276601331983 -0.052960442791  0.080746889414  0.526319430287 -0.299748149409  0.184374943246 -0.135237099584
  0.937500000000  0.021090503424 -0.039566564054  0.028400599739  0.004346527031  0.000000000000  0.082129487038  0.018624829882  0.010514395064  0.156637115923 -0.083247180648  0.000000000000 -0.014273497886
  0.968750000000 -0.062436873972 -0.127732642191  0.272226827886 -0.074242915382  0.053709415861  0.282139673153 -0.109907768078  0.078258767958  0.536822277888 -0.306317729674  0.053709415861 -0.140498280523
  1.000000000000 -0.089457071031 -0.023355182791  0.000709095272  0.011323043759  0.108791144276  0.050921133169 -0.161218957135  0.002052636126  0.097239870807 -0.049646253466  0.108791144276 -0.000000000000
