             Rad         v_r[Re]         v_t[Re]         v_x[Re]         p[Re]          p_mg[Re]  p_no_phase[Re]         v_r[Im]         v_t[Im]         v_x[Im]         p[Im]          p_mg[Im]  p_no_phase[Im]
  0.000000000000 -0.000000000001 -0.000000000000  0.000000000000  0.000000000000  0.000000000006  0.000000000000  0.000000000000 -0.000000000001 -0.000000000000 -0.000000000000  0.000000000006  0.000000000000
  0.003921568627 -0.000000000002 -0.000000000000  0.000000000000  0.000000000000  0.000000000008 -0.000000000000  0.000000000000 -0.000000000002  0.000000000000  0.000000000000  0.000000000008 -0.000000000000
  0.007843137255 -0.000000000005 -0.000000000000 -0.000000000000  0.000000000000  0.000000000010 -0.000000000000  0.000000000000 -0.000000000005  0.000000000000  0.000000000000  0.000000000010 -0.000000000000
  0.011764705882 -0.000000000006 -0.000000000000 -0.000000000000  0.000000000000  0.000000000011 -0.000000000000  0.000000000001 -0.000000000006  0.000000000000  0.000000000000  0.000000000011 -0.000000000000
  0.015686274510 -0.000000000008 -0.000000000001  0.000000000000  0.000000000000  0.000000000013 -0.000000000000  0.000000000001 -0.000000000007  0.000000000000  0.000000000000  0.000000000013 -0.000000000000
  0.019607843137 -0.000000000010 -0.000000000001  0.000000000000  0.000000000000  0.000000000014 -0.000000000000  0.000000000001 -0.000000000009  0.000000000000  0.000000000000  0.000000000014 -0.000000000000
  0.023529411765 -0.000000000011 -0.000000000001  0.000000000000  0.000000000000  0.000000000015 -0.000000000000  0.000000000001 -0.000000000010  0.000000000000  0.000000000000  0.000000000015 -0.000000000000
  0.027450980392 -0.000000000012 -0.000000000001  0.000000000000  0.000000000000  0.000000000017 -0.000000000000  0.000000000001 -0.000000000011  0.000000000000  0.000000000000  0.000000000017 -0.000000000000
  0.031372549020 -0.000000000014 -0.000000000001  0.000000000000  0.000000000000  0.000000000018 -0.000000000000  0.000000000001 -0.000000000013  0.000000000000  0.000000000000  0.000000000018 -0.000000000000
  0.035294117647 -0.000000000015 -0.000000000001  0.000000000000  0.000000000000  0.000000000019 -0.000000000000  0.000000000001 -0.000000000014  0.000000000000  0.000000000000  0.000000000019 -0.000000000000
  0.039215686275 -0.000000000017 -0.000000000001  0.000000000000  0.000000000000  0.000000000020 -0.000000000000  0.000000000001 -0.000000000015  0.000000000000  0.000000000000  0.000000000020 -0.000000000000
  0.043137254902 -0.000000000018 -0.000000000001  0.000000000000  0.000000000000  0.000000000022 -0.000000000000  0.000000000001 -0.000000000016  0.000000000000  0.000000000000  0.000000000022 -0.000000000000
  0.047058823529 -0.000000000019 -0.000000000001  0.000000000000  0.000000000000  0.000000000023 -0.000000000000  0.000000000002 -0.000000000017  0.000000000000  0.000000000000  0.000000000023 -0.000000000000
  0.050980392157 -0.000000000020 -0.000000000001  0.000000000000  0.000000000000  0.000000000024 -0.000000000000  0.000000000002 -0.000000000018  0.000000000000  0.000000000000  0.000000000024 -0.000000000000
  0.054901960784 -0.000000000022 -0.000000000002 -0.000000000000  0.000000000000  0.000000000025 -0.000000000000  0.000000000002 -0.000000000019 -0.000000000000  0.000000000000  0.000000000025 -0.000000000000
  0.058823529412 -0.000000000023 -0.000000000002  0.000000000000  0.000000000000  0.000000000026 -0.000000000000  0.000000000002 -0.000000000020 -0.000000000000  0.000000000000  0.000000000026 -0.000000000000
  0.062745098039 -0.000000000024 -0.000000000002 -0.000000000000  0.000000000000  0.000000000027 -0.000000000000  0.000000000002 -0.000000000021 -0.000000000000  0.000000000000  0.000000000027 -0.000000000000
  0.066666666667 -0.000000000025 -0.000000000002 -0.000000000000  0.000000000000  0.000000000028 -0.000000000000  0.000000000002 -0.000000000022 -0.000000000000  0.000000000000  0.000000000028 -0.000000000000
  0.070588235294 -0.000000000026 -0.000000000002 -0.000000000000  0.000000000000  0.000000000029 -0.000000000000  0.000000000002 -0.000000000023 -0.000000000001  0.000000000000  0.000000000029 -0.000000000000
  0.074509803922 -0.000000000027 -0.000000000002 -0.000000000000  0.000000000000  0.000000000030 -0.000000000000  0.000000000002 -0.000000000024 -0.000000000001  0.000000000000  0.000000000030 -0.000000000000
  0.078431372549 -0.000000000028 -0.000000000002 -0.000000000000  0.000000000000  0.000000000031  0.000000000000  0.000000000002 -0.000000000025 -0.000000000002 -0.000000000000  0.000000000031  0.000000000000
  0.082352941176 -0.000000000029 -0.000000000002 -0.000000000000 -0.000000000000  0.000000000032  0.000000000000  0.000000000002 -0.000000000026 -0.000000000003 -0.000000000000  0.000000000032  0.000000000000
  0.086274509804 -0.000000000030 -0.000000000002 -0.000000000000 -0.000000000000  0.000000000032  0.000000000000  0.000000000002 -0.000000000027 -0.000000000004 -0.000000000000  0.000000000032  0.000000000000
  0.090196078431 -0.000000000031 -0.000000000002 -0.000000000000 -0.000000000000  0.000000000033  0.000000000000  0.000000000003 -0.000000000027 -0.000000000005 -0.000000000000  0.000000000033  0.000000000000
  0.094117647059 -0.000000000031 -0.000000000002 -0.000000000001 -0.000000000000  0.000000000034  0.000000000000  0.000000000003 -0.000000000028 -0.000000000007 -0.000000000000  0.000000000034  0.000000000000
  0.098039215686 -0.000000000032 -0.000000000002 -0.000000000001 -0.000000000000  0.000000000034  0.000000000000  0.000000000003 -0.000000000029 -0.000000000008 -0.000000000000  0.000000000034  0.000000000000
  0.101960784314 -0.000000000033 -0.000000000002 -0.000000000001 -0.000000000000  0.000000000035  0.000000000000  0.000000000003 -0.000000000030 -0.000000000008 -0.000000000000  0.000000000035  0.000000000000
  0.105882352941 -0.000000000033 -0.000000000003 -0.000000000001 -0.000000000000  0.000000000036  0.000000000000  0.000000000003 -0.000000000030 -0.000000000008 -0.000000000000  0.000000000036  0.000000000000
  0.109803921569 -0.000000000034 -0.000000000003 -0.000000000001 -0.000000000000  0.000000000036  0.000000000000  0.000000000003 -0.000000000031 -0.000000000008 -0.000000000000  0.000000000036  0.000000000000
  0.113725490196 -0.000000000035 -0.000000000003 -0.000000000001 -0.000000000000  0.000000000037  0.000000000000  0.000000000003 -0.000000000032 -0.000000000007 -0.000000000000  0.000000000037  0.000000000000
  0.117647058824 -0.000000000036 -0.000000000003 -0.000000000000 -0.000000000000  0.000000000038  0.000000000000  0.000000000003 -0.000000000032 -0.000000000006 -0.000000000000  0.000000000038  0.000000000000
  0.121568627451 -0.000000000036 -0.000000000003 -0.000000000000 -0.000000000000  0.000000000039  0.000000000001  0.000000000003 -0.000000000033 -0.000000000005 -0.000000000001  0.000000000039  0.000000000000
  0.125490196078 -0.000000000037 -0.000000000003 -0.000000000000 -0.000000000000  0.000000000039  0.000000000001  0.000000000003 -0.000000000034 -0.000000000005 -0.000000000001  0.000000000039  0.000000000000
  0.129411764706 -0.000000000038 -0.000000000003 -0.000000000000 -0.000000000000  0.000000000040  0.000000000001  0.000000000003 -0.000000000034 -0.000000000004 -0.000000000001  0.000000000040  0.000000000000
  0.133333333333 -0.000000000038 -0.000000000003 -0.000000000000 -0.000000000000  0.000000000040  0.000000000001  0.000000000003 -0.000000000035 -0.000000000004 -0.000000000001  0.000000000040  0.000000000000
  0.137254901961 -0.000000000039 -0.000000000003 -0.000000000000 -0.000000000000  0.000000000041  0.000000000001  0.000000000003 -0.000000000035 -0.000000000004 -0.000000000001  0.000000000041  0.000000000000
  0.141176470588 -0.000000000040 -0.000000000003 -0.000000000000 -0.000000000000  0.000000000042  0.000000000001  0.000000000003 -0.000000000036 -0.000000000004 -0.000000000001  0.000000000042  0.000000000000
  0.145098039216 -0.000000000040 -0.000000000003 -0.000000000000 -0.000000000000  0.000000000042  0.000000000001  0.000000000003 -0.000000000036 -0.000000000005 -0.000000000001  0.000000000042  0.000000000000
  0.149019607843 -0.000000000041 -0.000000000003 -0.000000000000 -0.000000000000  0.000000000043  0.000000000001  0.000000000003 -0.000000000036 -0.000000000005 -0.000000000001  0.000000000043  0.000000000000
  0.152941176471 -0.000000000042 -0.000000000003 -0.000000000000 -0.000000000000  0.000000000043  0.000000000001  0.000000000003 -0.000000000037 -0.000000000005 -0.000000000001  0.000000000043  0.000000000000
  0.156862745098 -0.000000000042 -0.000000000003 -0.000000000000 -0.000000000000  0.000000000044  0.000000000001  0.000000000003 -0.000000000037 -0.000000000006 -0.000000000001  0.000000000044  0.000000000000
  0.160784313725 -0.000000000043 -0.000000000003 -0.000000000001 -0.000000000000  0.000000000044  0.000000000001  0.000000000004 -0.000000000037 -0.000000000006 -0.000000000001  0.000000000044  0.000000000000
  0.164705882353 -0.000000000043 -0.000000000003 -0.000000000001 -0.000000000000  0.000000000045  0.000000000001  0.000000000004 -0.000000000038 -0.000000000007 -0.000000000001  0.000000000045  0.000000000000
  0.168627450980 -0.000000000044 -0.000000000003 -0.000000000001 -0.000000000000  0.000000000045  0.000000000001  0.000000000004 -0.000000000038 -0.000000000007 -0.000000000002  0.000000000045  0.000000000000
  0.172549019608 -0.000000000044 -0.000000000003 -0.000000000001 -0.000000000000  0.000000000045  0.000000000002  0.000000000004 -0.000000000038 -0.000000000008 -0.000000000002  0.000000000045  0.000000000001
  0.176470588235 -0.000000000044 -0.000000000003 -0.000000000001 -0.000000000000  0.000000000046  0.000000000002  0.000000000004 -0.000000000039 -0.000000000008 -0.000000000002  0.000000000046  0.000000000001
  0.180392156863 -0.000000000045 -0.000000000003 -0.000000000001 -0.000000000000  0.000000000046  0.000000000002  0.000000000004 -0.000000000039 -0.000000000009 -0.000000000002  0.000000000046  0.000000000001
  0.184313725490 -0.000000000045 -0.000000000003 -0.000000000001 -0.000000000000  0.000000000046  0.000000000002  0.000000000004 -0.000000000039 -0.000000000009 -0.000000000002  0.000000000046  0.000000000001
  0.188235294118 -0.000000000045 -0.000000000003 -0.000000000001 -0.000000000000  0.000000000046  0.000000000002  0.000000000004 -0.000000000039 -0.000000000010 -0.000000000002  0.000000000046  0.000000000001
  0.192156862745 -0.000000000046 -0.000000000003 -0.000000000001 -0.000000000000  0.000000000046  0.000000000002  0.000000000004 -0.000000000039 -0.000000000011 -0.000000000002  0.000000000046  0.000000000001
  0.196078431373 -0.000000000046 -0.000000000003 -0.000000000001 -0.000000000000  0.000000000046  0.000000000002  0.000000000004 -0.000000000039 -0.000000000011 -0.000000000002  0.000000000046  0.000000000001
  0.200000000000 -0.000000000046 -0.000000000003 -0.000000000001 -0.000000000000  0.000000000047  0.000000000002  0.000000000004 -0.000000000039 -0.000000000012 -0.000000000002  0.000000000047  0.000000000001
  0.203921568627 -0.000000000046 -0.000000000003 -0.000000000001 -0.000000000000  0.000000000047  0.000000000002  0.000000000004 -0.000000000039 -0.000000000012 -0.000000000002  0.000000000047  0.000000000001
  0.207843137255 -0.000000000046 -0.000000000003 -0.000000000001 -0.000000000000  0.000000000047  0.000000000002  0.000000000004 -0.000000000039 -0.000000000013 -0.000000000002  0.000000000047  0.000000000001
  0.211764705882 -0.000000000046 -0.000000000003 -0.000000000001 -0.000000000000  0.000000000046  0.000000000002  0.000000000004 -0.000000000039 -0.000000000014 -0.000000000003  0.000000000046  0.000000000001
  0.215686274510 -0.000000000046 -0.000000000003 -0.000000000001 -0.000000000000  0.000000000046  0.000000000002  0.000000000004 -0.000000000039 -0.000000000014 -0.000000000003  0.000000000046  0.000000000001
  0.219607843137 -0.000000000046 -0.000000000003 -0.000000000001 -0.000000000000  0.000000000046  0.000000000003  0.000000000004 -0.000000000039 -0.000000000015 -0.000000000003  0.000000000046  0.000000000001
  0.223529411765 -0.000000000046 -0.000000000003 -0.000000000001 -0.000000000000  0.000000000046  0.000000000003  0.000000000004 -0.000000000039 -0.000000000016 -0.000000000003  0.000000000046  0.000000000001
  0.227450980392 -0.000000000046 -0.000000000003 -0.000000000001 -0.000000000000  0.000000000046  0.000000000003  0.000000000004 -0.000000000039 -0.000000000016 -0.000000000003  0.000000000046  0.000000000001
  0.231372549020 -0.000000000046 -0.000000000003 -0.000000000001 -0.000000000000  0.000000000046  0.000000000003  0.000000000004 -0.000000000038 -0.000000000017 -0.000000000003  0.000000000046  0.000000000001
  0.235294117647 -0.000000000046 -0.000000000003 -0.000000000001 -0.000000000000  0.000000000045  0.000000000003  0.000000000004 -0.000000000038 -0.000000000018 -0.000000000003  0.000000000045  0.000000000001
  0.239215686275 -0.000000000046 -0.000000000003 -0.000000000002 -0.000000000000  0.000000000045  0.000000000003  0.000000000004 -0.000000000038 -0.000000000018 -0.000000000003  0.000000000045  0.000000000001
  0.243137254902 -0.000000000046 -0.000000000003 -0.000000000001 -0.000000000000  0.000000000045  0.000000000003  0.000000000004 -0.000000000037 -0.000000000019 -0.000000000003  0.000000000045  0.000000000001
  0.247058823529 -0.000000000045 -0.000000000003 -0.000000000002 -0.000000000000  0.000000000044  0.000000000003  0.000000000004 -0.000000000037 -0.000000000020 -0.000000000003  0.000000000044  0.000000000001
  0.250980392157 -0.000000000045 -0.000000000003 -0.000000000002 -0.000000000000  0.000000000044  0.000000000003  0.000000000004 -0.000000000036 -0.000000000020 -0.000000000003  0.000000000044  0.000000000001
  0.254901960784 -0.000000000044 -0.000000000003 -0.000000000002 -0.000000000000  0.000000000043  0.000000000003  0.000000000004 -0.000000000036 -0.000000000021 -0.000000000003  0.000000000043  0.000000000001
  0.258823529412 -0.000000000044 -0.000000000003 -0.000000000002 -0.000000000000  0.000000000043  0.000000000003  0.000000000004 -0.000000000035 -0.000000000022 -0.000000000003  0.000000000043  0.000000000001
  0.262745098039 -0.000000000044 -0.000000000003 -0.000000000002 -0.000000000000  0.000000000042  0.000000000003  0.000000000004 -0.000000000035 -0.000000000023 -0.000000000004  0.000000000042  0.000000000001
  0.266666666667 -0.000000000043 -0.000000000003 -0.000000000002 -0.000000000000  0.000000000042  0.000000000003  0.000000000004 -0.000000000034 -0.000000000023 -0.000000000004  0.000000000042  0.000000000001
  0.270588235294 -0.000000000043 -0.000000000003 -0.000000000002 -0.000000000000  0.000000000041  0.000000000003  0.000000000004 -0.000000000033 -0.000000000024 -0.000000000004  0.000000000041  0.000000000001
  0.274509803922 -0.000000000042 -0.000000000003 -0.000000000002 -0.000000000000  0.000000000040  0.000000000004  0.000000000003 -0.000000000033 -0.000000000025 -0.000000000004  0.000000000040  0.000000000001
  0.278431372549 -0.000000000041 -0.000000000003 -0.000000000002 -0.000000000000  0.000000000039  0.000000000004  0.000000000004 -0.000000000032 -0.000000000026 -0.000000000004  0.000000000039  0.000000000001
  0.282352941176 -0.000000000041 -0.000000000003 -0.000000000002 -0.000000000000  0.000000000038  0.000000000004  0.000000000003 -0.000000000031 -0.000000000027 -0.000000000004  0.000000000038  0.000000000001
  0.286274509804 -0.000000000040 -0.000000000003 -0.000000000002 -0.000000000000  0.000000000038  0.000000000004  0.000000000003 -0.000000000030 -0.000000000028 -0.000000000004  0.000000000038  0.000000000001
  0.290196078431 -0.000000000039 -0.000000000002 -0.000000000002 -0.000000000000  0.000000000036  0.000000000004  0.000000000003 -0.000000000029 -0.000000000029 -0.000000000004  0.000000000036  0.000000000001
  0.294117647059 -0.000000000038 -0.000000000002 -0.000000000003 -0.000000000000  0.000000000035  0.000000000004  0.000000000003 -0.000000000028 -0.000000000031 -0.000000000004  0.000000000035  0.000000000001
  0.298039215686 -0.000000000037 -0.000000000002 -0.000000000003 -0.000000000000  0.000000000034  0.000000000004  0.000000000003 -0.000000000027 -0.000000000032 -0.000000000004  0.000000000034  0.000000000001
  0.301960784314 -0.000000000036 -0.000000000002 -0.000000000003 -0.000000000000  0.000000000033  0.000000000004  0.000000000003 -0.000000000026 -0.000000000035 -0.000000000004  0.000000000033  0.000000000001
  0.305882352941 -0.000000000035 -0.000000000002 -0.000000000003 -0.000000000000  0.000000000031  0.000000000004  0.000000000003 -0.000000000025 -0.000000000038 -0.000000000004  0.000000000031  0.000000000001
  0.309803921569 -0.000000000034 -0.000000000002 -0.000000000003 -0.000000000000  0.000000000029  0.000000000004  0.000000000003 -0.000000000023 -0.000000000041 -0.000000000004  0.000000000029  0.000000000001
  0.313725490196 -0.000000000033 -0.000000000002 -0.000000000004 -0.000000000000  0.000000000028  0.000000000004  0.000000000003 -0.000000000022 -0.000000000045 -0.000000000004  0.000000000028  0.000000000001
  0.317647058824 -0.000000000031 -0.000000000002 -0.000000000004 -0.000000000000  0.000000000026  0.000000000004  0.000000000003 -0.000000000020 -0.000000000049 -0.000000000004  0.000000000026  0.000000000001
  0.321568627451 -0.000000000029 -0.000000000002 -0.000000000004 -0.000000000000  0.000000000024  0.000000000004  0.000000000002 -0.000000000018 -0.000000000051 -0.000000000004  0.000000000024  0.000000000001
  0.325490196078 -0.000000000027 -0.000000000002 -0.000000000004 -0.000000000000  0.000000000022  0.000000000004  0.000000000002 -0.000000000016 -0.000000000053 -0.000000000004  0.000000000022  0.000000000001
  0.329411764706 -0.000000000026 -0.000000000001 -0.000000000004 -0.000000000000  0.000000000020  0.000000000004  0.000000000002 -0.000000000014 -0.000000000052 -0.000000000004  0.000000000020  0.000000000001
  0.333333333333 -0.000000000024 -0.000000000001 -0.000000000004 -0.000000000000  0.000000000018  0.000000000004  0.000000000002 -0.000000000012 -0.000000000051 -0.000000000004  0.000000000018  0.000000000001
  0.337254901961 -0.000000000022 -0.000000000001 -0.000000000004 -0.000000000000  0.000000000017  0.000000000004  0.000000000002 -0.000000000009 -0.000000000049 -0.000000000004  0.000000000017  0.000000000001
  0.341176470588 -0.000000000020 -0.000000000001 -0.000000000004 -0.000000000000  0.000000000015  0.000000000004  0.000000000002 -0.000000000007 -0.000000000047 -0.000000000004  0.000000000015  0.000000000001
  0.345098039216 -0.000000000018 -0.000000000000 -0.000000000004 -0.000000000000  0.000000000013  0.000000000004  0.000000000002 -0.000000000004 -0.000000000045 -0.000000000004  0.000000000013  0.000000000001
  0.349019607843 -0.000000000017 -0.000000000000 -0.000000000004 -0.000000000000  0.000000000011  0.000000000004  0.000000000002 -0.000000000002 -0.000000000044 -0.000000000004  0.000000000011  0.000000000001
  0.352941176471 -0.000000000015 -0.000000000000 -0.000000000004 -0.000000000000  0.000000000010  0.000000000004  0.000000000001  0.000000000001 -0.000000000043 -0.000000000004  0.000000000010  0.000000000001
  0.356862745098 -0.000000000013 -0.000000000000 -0.000000000004 -0.000000000000  0.000000000008  0.000000000004  0.000000000001  0.000000000003 -0.000000000043 -0.000000000004  0.000000000008  0.000000000001
  0.360784313725 -0.000000000011  0.000000000000 -0.000000000003 -0.000000000000  0.000000000006  0.000000000004  0.000000000001  0.000000000005 -0.000000000042 -0.000000000004  0.000000000006  0.000000000001
  0.364705882353 -0.000000000010  0.000000000000 -0.000000000003 -0.000000000000  0.000000000004  0.000000000004  0.000000000001  0.000000000008 -0.000000000041 -0.000000000004  0.000000000004  0.000000000001
  0.368627450980 -0.000000000008  0.000000000001 -0.000000000003 -0.000000000000  0.000000000003  0.000000000004  0.000000000001  0.000000000010 -0.000000000040 -0.000000000004  0.000000000003  0.000000000001
  0.372549019608 -0.000000000006  0.000000000001 -0.000000000003 -0.000000000000  0.000000000001  0.000000000003  0.000000000001  0.000000000012 -0.000000000040 -0.000000000004  0.000000000001  0.000000000001
  0.376470588235 -0.000000000004  0.000000000001 -0.000000000003 -0.000000000000  0.000000000001  0.000000000003  0.000000000000  0.000000000015 -0.000000000039 -0.000000000004  0.000000000001  0.000000000001
  0.380392156863 -0.000000000003  0.000000000001 -0.000000000003 -0.000000000000  0.000000000002  0.000000000003  0.000000000000  0.000000000017 -0.000000000038 -0.000000000003  0.000000000002  0.000000000001
  0.384313725490 -0.000000000001  0.000000000002 -0.000000000003 -0.000000000000  0.000000000004  0.000000000003  0.000000000000  0.000000000019 -0.000000000036 -0.000000000003  0.000000000004  0.000000000001
  0.388235294118  0.000000000001  0.000000000001 -0.000000000003 -0.000000000000  0.000000000006  0.000000000003  0.000000000000  0.000000000021 -0.000000000035 -0.000000000003  0.000000000006  0.000000000001
  0.392156862745  0.000000000002  0.000000000002 -0.000000000003 -0.000000000000  0.000000000007  0.000000000003 -0.000000000000  0.000000000023 -0.000000000034 -0.000000000003  0.000000000007  0.000000000001
  0.396078431373  0.000000000004  0.000000000002 -0.000000000003 -0.000000000000  0.000000000009  0.000000000003 -0.000000000000  0.000000000025 -0.000000000032 -0.000000000003  0.000000000009  0.000000000001
  0.400000000000  0.000000000006  0.000000000002 -0.000000000003 -0.000000000000  0.000000000010  0.000000000002 -0.000000000000  0.000000000027 -0.000000000030 -0.000000000003  0.000000000010  0.000000000001
  0.403921568627  0.000000000007  0.000000000002 -0.000000000002 -0.000000000000  0.000000000011  0.000000000002 -0.000000000000  0.000000000029 -0.000000000028 -0.000000000002  0.000000000011  0.000000000001
  0.407843137255  0.000000000009  0.000000000002 -0.000000000002 -0.000000000000  0.000000000012  0.000000000002 -0.000000000001  0.000000000031 -0.000000000026 -0.000000000002  0.000000000012  0.000000000001
  0.411764705882  0.000000000010  0.000000000002 -0.000000000002 -0.000000000000  0.000000000014  0.000000000002 -0.000000000001  0.000000000032 -0.000000000024 -0.000000000002  0.000000000014  0.000000000001
  0.415686274510  0.000000000011  0.000000000003 -0.000000000002 -0.000000000000  0.000000000015  0.000000000002 -0.000000000001  0.000000000033 -0.000000000022 -0.000000000002  0.000000000015  0.000000000001
  0.419607843137  0.000000000012  0.000000000003 -0.000000000002 -0.000000000000  0.000000000016  0.000000000001 -0.000000000001  0.000000000034 -0.000000000019 -0.000000000002  0.000000000016  0.000000000000
  0.423529411765  0.000000000014  0.000000000003 -0.000000000002 -0.000000000000  0.000000000016  0.000000000001 -0.000000000001  0.000000000036 -0.000000000017 -0.000000000001  0.000000000016  0.000000000000
  0.427450980392  0.000000000015  0.000000000003 -0.000000000001 -0.000000000000  0.000000000017  0.000000000001 -0.000000000001  0.000000000036 -0.000000000014 -0.000000000001  0.000000000017  0.000000000000
  0.431372549020  0.000000000016  0.000000000003 -0.000000000002 -0.000000000000  0.000000000018  0.000000000001 -0.000000000001  0.000000000037 -0.000000000011 -0.000000000001  0.000000000018  0.000000000000
  0.435294117647  0.000000000016  0.000000000003 -0.000000000001 -0.000000000000  0.000000000019  0.000000000001 -0.000000000001  0.000000000037 -0.000000000009 -0.000000000001  0.000000000019  0.000000000000
  0.439215686275  0.000000000017  0.000000000003 -0.000000000001 -0.000000000000  0.000000000019  0.000000000000 -0.000000000001  0.000000000038 -0.000000000006 -0.000000000000  0.000000000019  0.000000000000
  0.443137254902  0.000000000018  0.000000000003 -0.000000000000 -0.000000000000  0.000000000019  0.000000000000 -0.000000000001  0.000000000038 -0.000000000003 -0.000000000000  0.000000000019  0.000000000000
  0.447058823529  0.000000000019  0.000000000003 -0.000000000001 -0.000000000000  0.000000000019  0.000000000000 -0.000000000001  0.000000000038  0.000000000000 -0.000000000000  0.000000000019 -0.000000000000
  0.450980392157  0.000000000019  0.000000000003  0.000000000000  0.000000000000  0.000000000019 -0.000000000000 -0.000000000002  0.000000000037  0.000000000003  0.000000000000  0.000000000019 -0.000000000000
  0.454901960784  0.000000000019  0.000000000003 -0.000000000000 -0.000000000000  0.000000000019 -0.000000000000 -0.000000000001  0.000000000037  0.000000000006  0.000000000000  0.000000000019 -0.000000000000
  0.458823529412  0.000000000019  0.000000000003  0.000000000001  0.000000000000  0.000000000019 -0.000000000001 -0.000000000002  0.000000000036  0.000000000009  0.000000000001  0.000000000019 -0.000000000000
  0.462745098039  0.000000000019  0.000000000003  0.000000000000  0.000000000000  0.000000000019 -0.000000000001 -0.000000000002  0.000000000035  0.000000000012  0.000000000001  0.000000000019 -0.000000000000
  0.466666666667  0.000000000019  0.000000000003  0.000000000001  0.000000000000  0.000000000018 -0.000000000001 -0.000000000002  0.000000000034  0.000000000015  0.000000000001  0.000000000018 -0.000000000000
  0.470588235294  0.000000000019  0.000000000003  0.000000000001  0.000000000000  0.000000000018 -0.000000000001 -0.000000000001  0.000000000033  0.000000000018  0.000000000001  0.000000000018 -0.000000000000
  0.474509803922  0.000000000019  0.000000000003  0.000000000002  0.000000000000  0.000000000017 -0.000000000001 -0.000000000002  0.000000000031  0.000000000021  0.000000000001  0.000000000017 -0.000000000000
  0.478431372549  0.000000000018  0.000000000002  0.000000000001  0.000000000000  0.000000000016 -0.000000000001 -0.000000000001  0.000000000029  0.000000000024  0.000000000002  0.000000000016 -0.000000000001
  0.482352941176  0.000000000017  0.000000000003  0.000000000002  0.000000000000  0.000000000015 -0.000000000002 -0.000000000002  0.000000000027  0.000000000026  0.000000000002  0.000000000015 -0.000000000001
  0.486274509804  0.000000000017  0.000000000002  0.000000000002  0.000000000000  0.000000000014 -0.000000000002 -0.000000000001  0.000000000025  0.000000000028  0.000000000002  0.000000000014 -0.000000000001
  0.490196078431  0.000000000016  0.000000000002  0.000000000003  0.000000000000  0.000000000013 -0.000000000002 -0.000000000002  0.000000000022  0.000000000031  0.000000000002  0.000000000013 -0.000000000001
  0.494117647059  0.000000000015  0.000000000002  0.000000000002  0.000000000000  0.000000000012 -0.000000000002 -0.000000000001  0.000000000020  0.000000000033  0.000000000002  0.000000000012 -0.000000000001
  0.498039215686  0.000000000014  0.000000000002  0.000000000003  0.000000000000  0.000000000010 -0.000000000002 -0.000000000001  0.000000000017  0.000000000035  0.000000000002  0.000000000010 -0.000000000001
  0.501960784314  0.000000000013  0.000000000001  0.000000000003  0.000000000000  0.000000000009 -0.000000000002 -0.000000000001  0.000000000014  0.000000000036  0.000000000002  0.000000000009 -0.000000000001
  0.505882352941  0.000000000012  0.000000000002  0.000000000003  0.000000000000  0.000000000007 -0.000000000002 -0.000000000001  0.000000000011  0.000000000038  0.000000000002  0.000000000007 -0.000000000001
  0.509803921569  0.000000000010  0.000000000001  0.000000000003  0.000000000000  0.000000000006 -0.000000000002 -0.000000000001  0.000000000007  0.000000000039  0.000000000002  0.000000000006 -0.000000000001
  0.513725490196  0.000000000009  0.000000000001  0.000000000003  0.000000000000  0.000000000004 -0.000000000002 -0.000000000001  0.000000000004  0.000000000041  0.000000000002  0.000000000004 -0.000000000001
  0.517647058824  0.000000000007  0.000000000000  0.000000000003  0.000000000000  0.000000000003 -0.000000000002 -0.000000000001  0.000000000001  0.000000000041  0.000000000002  0.000000000003 -0.000000000001
  0.521568627451  0.000000000006  0.000000000001  0.000000000004  0.000000000000  0.000000000001 -0.000000000002 -0.000000000001 -0.000000000003  0.000000000042  0.000000000002  0.000000000001 -0.000000000001
  0.525490196078  0.000000000004 -0.000000000000  0.000000000004  0.000000000000  0.000000000001 -0.000000000002 -0.000000000000 -0.000000000007  0.000000000042  0.000000000002  0.000000000001 -0.000000000001
  0.529411764706  0.000000000003  0.000000000000  0.000000000004  0.000000000000  0.000000000003 -0.000000000002 -0.000000000001 -0.000000000010  0.000000000042  0.000000000002  0.000000000003 -0.000000000001
  0.533333333333  0.000000000001 -0.000000000001  0.000000000004  0.000000000000  0.000000000004 -0.000000000002 -0.000000000000 -0.000000000015  0.000000000040  0.000000000002  0.000000000004 -0.000000000001
  0.537254901961 -0.000000000001 -0.000000000001  0.000000000004  0.000000000000  0.000000000006 -0.000000000002 -0.000000000000 -0.000000000019  0.000000000039  0.000000000002  0.000000000006 -0.000000000001
  0.541176470588 -0.000000000003 -0.000000000002  0.000000000004  0.000000000000  0.000000000007 -0.000000000002  0.000000000000 -0.000000000024  0.000000000035  0.000000000002  0.000000000007 -0.000000000001
  0.545098039216 -0.000000000004 -0.000000000001  0.000000000003  0.000000000000  0.000000000008 -0.000000000002  0.000000000000 -0.000000000028  0.000000000032  0.000000000002  0.000000000008 -0.000000000001
  0.549019607843 -0.000000000006 -0.000000000003  0.000000000003  0.000000000000  0.000000000009 -0.000000000001  0.000000000000 -0.000000000034  0.000000000026  0.000000000001  0.000000000009 -0.000000000000
  0.552941176471 -0.000000000007 -0.000000000002  0.000000000002  0.000000000000  0.000000000010 -0.000000000001  0.000000000000 -0.000000000038  0.000000000021  0.000000000001  0.000000000010 -0.000000000000
  0.556862745098 -0.000000000008 -0.000000000004  0.000000000003  0.000000000000  0.000000000010 -0.000000000001  0.000000000001 -0.000000000044  0.000000000014  0.000000000001  0.000000000010 -0.000000000000
  0.560784313725 -0.000000000009 -0.000000000003  0.000000000001  0.000000000000  0.000000000011 -0.000000000001  0.000000000001 -0.000000000047  0.000000000008  0.000000000001  0.000000000011 -0.000000000000
  0.564705882353 -0.000000000010 -0.000000000005  0.000000000002  0.000000000000  0.000000000010 -0.000000000000  0.000000000001 -0.000000000052  0.000000000001  0.000000000000  0.000000000010 -0.000000000000
  0.568627450980 -0.000000000010 -0.000000000004 -0.000000000001  0.000000000000  0.000000000010 -0.000000000000  0.000000000001 -0.000000000052 -0.000000000008  0.000000000000  0.000000000010 -0.000000000000
  0.572549019608 -0.000000000011 -0.000000000005  0.000000000001  0.000000000000  0.000000000009  0.000000000000  0.000000000001 -0.000000000053 -0.000000000017 -0.000000000000  0.000000000009  0.000000000000
  0.576470588235 -0.000000000010 -0.000000000005 -0.000000000003 -0.000000000000  0.000000000007  0.000000000000  0.000000000001 -0.000000000048 -0.000000000029 -0.000000000001  0.000000000007  0.000000000000
  0.580392156863 -0.000000000010 -0.000000000004 -0.000000000001 -0.000000000000  0.000000000005  0.000000000001  0.000000000001 -0.000000000043 -0.000000000037 -0.000000000001  0.000000000005  0.000000000000
  0.584313725490 -0.000000000009 -0.000000000005 -0.000000000004 -0.000000000000  0.000000000002  0.000000000001  0.000000000001 -0.000000000033 -0.000000000050 -0.000000000001  0.000000000002  0.000000000000
  0.588235294118 -0.000000000007 -0.000000000002 -0.000000000003 -0.000000000000  0.000000000001  0.000000000001  0.000000000001 -0.000000000022 -0.000000000056 -0.000000000001  0.000000000001  0.000000000000
  0.592156862745 -0.000000000005 -0.000000000004 -0.000000000005 -0.000000000000  0.000000000003  0.000000000001  0.000000000001 -0.000000000009 -0.000000000064 -0.000000000001  0.000000000003  0.000000000000
  0.596078431373 -0.000000000002  0.000000000001 -0.000000000006 -0.000000000000  0.000000000004  0.000000000001  0.000000000000  0.000000000007 -0.000000000063 -0.000000000001  0.000000000004  0.000000000000
  0.600000000000 -0.000000000000 -0.000000000002 -0.000000000005 -0.000000000000  0.000000000007  0.000000000001  0.000000000001  0.000000000021 -0.000000000063 -0.000000000001  0.000000000007  0.000000000000
  0.603921568627  0.000000000003  0.000000000003 -0.000000000007 -0.000000000000  0.000000000007  0.000000000001 -0.000000000000  0.000000000038 -0.000000000052 -0.000000000001  0.000000000007  0.000000000000
  0.607843137255  0.000000000004  0.000000000001 -0.000000000004 -0.000000000000  0.000000000008  0.000000000001 -0.000000000000  0.000000000047 -0.000000000041 -0.000000000001  0.000000000008  0.000000000000
  0.611764705882  0.000000000007  0.000000000005 -0.000000000007 -0.000000000000  0.000000000008  0.000000000000 -0.000000000000  0.000000000058 -0.000000000024 -0.000000000000  0.000000000008  0.000000000000
  0.615686274510  0.000000000007  0.000000000005 -0.000000000001 -0.000000000000  0.000000000006  0.000000000000 -0.000000000001  0.000000000058 -0.000000000001 -0.000000000000  0.000000000006  0.000000000000
  0.619607843137  0.000000000008  0.000000000005 -0.000000000005 -0.000000000000  0.000000000004 -0.000000000000 -0.000000000001  0.000000000059  0.000000000018  0.000000000000  0.000000000004 -0.000000000000
  0.623529411765  0.000000000008  0.000000000008  0.000000000003  0.000000000000  0.000000000001 -0.000000000001 -0.000000000001  0.000000000047  0.000000000044  0.000000000001  0.000000000001 -0.000000000000
  0.627450980392  0.000000000006  0.000000000003  0.000000000001  0.000000000000  0.000000000001 -0.000000000001 -0.000000000000  0.000000000032  0.000000000056  0.000000000001  0.000000000001 -0.000000000000
  0.631372549020  0.000000000004  0.000000000008  0.000000000006  0.000000000000  0.000000000004 -0.000000000001 -0.000000000001  0.000000000012  0.000000000073  0.000000000001  0.000000000004 -0.000000000000
  0.635294117647  0.000000000001 -0.000000000000  0.000000000007  0.000000000000  0.000000000006 -0.000000000001 -0.000000000000 -0.000000000014  0.000000000071  0.000000000001  0.000000000006 -0.000000000000
  0.639215686275 -0.000000000001  0.000000000004  0.000000000006  0.000000000000  0.000000000007 -0.000000000001 -0.000000000001 -0.000000000034  0.000000000065  0.000000000001  0.000000000007 -0.000000000000
  0.643137254902 -0.000000000004 -0.000000000004  0.000000000012  0.000000000000  0.000000000006 -0.000000000001  0.000000000000 -0.000000000059  0.000000000045  0.000000000001  0.000000000006 -0.000000000000
  0.647058823529 -0.000000000006 -0.000000000003  0.000000000003  0.000000000000  0.000000000004 -0.000000000000  0.000000000000 -0.000000000064  0.000000000014  0.000000000000  0.000000000004 -0.000000000000
  0.650980392157 -0.000000000007 -0.000000000007  0.000000000011  0.000000000000  0.000000000002  0.000000000000  0.000000000000 -0.000000000068 -0.000000000017 -0.000000000000  0.000000000002  0.000000000000
  0.654901960784 -0.000000000006 -0.000000000012 -0.000000000003 -0.000000000000  0.000000000003  0.000000000001  0.000000000001 -0.000000000050 -0.000000000057 -0.000000000001  0.000000000003  0.000000000000
  0.658823529412 -0.000000000004 -0.000000000004 -0.000000000001 -0.000000000000  0.000000000005  0.000000000001  0.000000000000 -0.000000000021 -0.000000000074 -0.000000000001  0.000000000005  0.000000000000
  0.662745098039 -0.000000000001 -0.000000000013 -0.000000000007 -0.000000000000  0.000000000006  0.000000000001  0.000000000001  0.000000000013 -0.000000000086 -0.000000000001  0.000000000006  0.000000000000
  0.666666666667  0.000000000003  0.000000000003 -0.000000000017 -0.000000000000  0.000000000005  0.000000000001  0.000000000000  0.000000000057 -0.000000000064 -0.000000000001  0.000000000005  0.000000000000
  0.670588235294  0.000000000005  0.000000000001 -0.000000000005 -0.000000000000  0.000000000001  0.000000000000 -0.000000000000  0.000000000072 -0.000000000021 -0.000000000000  0.000000000001  0.000000000000
  0.674509803922  0.000000000006  0.000000000008 -0.000000000019 -0.000000000000  0.000000000003 -0.000000000000 -0.000000000000  0.000000000077  0.000000000029  0.000000000000  0.000000000003 -0.000000000000
  0.678431372549  0.000000000004  0.000000000022  0.000000000004  0.000000000000  0.000000000006 -0.000000000001 -0.000000000002  0.000000000039  0.000000000089  0.000000000001  0.000000000006 -0.000000000000
  0.682352941176  0.000000000000  0.000000000003  0.000000000013  0.000000000000  0.000000000004 -0.000000000001 -0.000000000000 -0.000000000025  0.000000000094  0.000000000001  0.000000000004 -0.000000000000
  0.686274509804 -0.000000000003  0.000000000011  0.000000000011  0.000000000000  0.000000000003 -0.000000000000 -0.000000000001 -0.000000000074  0.000000000060  0.000000000000  0.000000000003 -0.000000000000
  0.690196078431 -0.000000000006 -0.000000000012  0.000000000039  0.000000000000  0.000000000006  0.000000000000  0.000000000000 -0.000000000102 -0.000000000028 -0.000000000000  0.000000000006  0.000000000000
  0.694117647059 -0.000000000003 -0.000000000044 -0.000000000006 -0.000000000000  0.000000000002  0.000000000001  0.000000000002 -0.000000000029 -0.000000000135 -0.000000000001  0.000000000002  0.000000000000
  0.698039215686  0.000000000003 -0.000000000001 -0.000000000050 -0.000000000000  0.000000000012  0.000000000001  0.000000000001  0.000000000110 -0.000000000096 -0.000000000000  0.000000000012 -0.000000000000
  0.701960784314  0.000000000006  0.000000000033 -0.000000000017 -0.000000000000  0.000000000009 -0.000000000000 -0.000000000001  0.000000000122  0.000000000107  0.000000000000  0.000000000009 -0.000000000000
  0.705882352941 -0.000000000002  0.000000000033  0.000000000019  0.000000000000  0.000000000061 -0.000000000001 -0.000000000001 -0.000000000111  0.000000000213  0.000000000001  0.000000000061 -0.000000000000
  0.709803921569 -0.000000000012  0.000000000009  0.000000000093  0.000000000000  0.000000000103  0.000000000001 -0.000000000001 -0.000000000318 -0.000000000213 -0.000000000001  0.000000000103  0.000000000001
  0.713725490196  0.000000000007 -0.000000000243  0.000000000105  0.000000000000  0.000000000835  0.000000000002  0.000000000005  0.000000000511 -0.000000000852 -0.000000000003  0.000000000835  0.000000000001
  0.717647058824  0.000000000060 -0.000000000387 -0.000000001044 -0.000000000002  0.000000003210 -0.000000000004  0.000000000012  0.000000002121  0.000000001896  0.000000000005  0.000000003210 -0.000000000004
  0.721568627451 -0.000000000083  0.000000004549 -0.000000002564 -0.000000000004  0.000000040938 -0.000000000017 -0.000000000061 -0.000000007369  0.000000009678  0.000000000021  0.000000040938 -0.000000000012
  0.725490196078 -0.000000000790  0.000000014818  0.000000035583  0.000000000047  0.000000654029  0.000000000051 -0.000000000269 -0.000000042548 -0.000000047072 -0.000000000076  0.000000654029  0.000000000073
  0.729411764706  0.000000002369 -0.000000339844  0.000000202487  0.000000000157  0.000033957701  0.000000000346  0.000000002166  0.000000347877 -0.000000394736 -0.000000000442  0.000033957701  0.000000000317
  0.733333333333  0.000000034845 -0.000004436809 -0.000009688618 -0.000000003638  0.000428167561 -0.000000001983  0.000000021488  0.000004775269  0.000005248633  0.000000003697  0.000428167561 -0.000000004793
  0.737254901961 -0.000000270485 -0.000101200869 -0.000040533376 -0.000000047812  0.001945500100 -0.000000028455 -0.000000595476  0.000469942602 -0.000334764276  0.000000051186  0.001945500100 -0.000000064002
  0.741176470588  0.000033950509 -0.001028849129  0.000112925672 -0.000001094676  0.010961178035 -0.000004240500 -0.000000698871 -0.002789141290 -0.006816994426  0.000005070339  0.010961178035 -0.000002987443
  0.745098039216  0.000427148254 -0.003422912126  0.008813828251 -0.000011107712  0.009911436638  0.000031898171  0.000029526756 -0.036575615205  0.015021235029 -0.000029937457  0.009911436638  0.000001462630
  0.749019607843 -0.001815241005  0.029797800388  0.030410391233 -0.000037783820  0.045717639126  0.000370979991  0.000699907662  0.035505661930  0.168616822110 -0.000386939407  0.045717639126  0.000116290877
  0.752941176471 -0.010849414986  0.089419887502 -0.075940769446  0.000307354051  0.021947866232 -0.000441944267  0.001561287411  0.366675563007 -0.019769595124  0.000349697348  0.021947866232  0.000146424086
  0.756862745098  0.007387388412 -0.094463183087 -0.250674079564  0.000914749666  0.016754854738 -0.003596290305 -0.006607803620  0.041182574756 -0.749325920436  0.003518394889  0.016754854738 -0.000531568993
  0.760784313725  0.043434898659 -0.280944494781 -0.001949770056 -0.000695445541  0.011196611785 -0.000452363820 -0.014265766915 -0.679612812241 -0.408111705591  0.000786301323  0.011196611785 -0.000947249304
  0.764705882353  0.021935226898 -0.081548760509  0.228456222600 -0.002055928852  0.023108780473  0.004176700178 -0.000744750344 -0.388771967397  0.263493781390 -0.003664871202  0.023108780473 -0.000461844125
  0.768627450980  0.016335882916 -0.005652795282  0.158026367771 -0.001554923768  0.027381960907  0.003649695502  0.003723450904 -0.237536550114  0.185581847284 -0.003304907261  0.027381960907 -0.000141147688
  0.772549019608  0.003608227265  0.037749652575  0.203679343290 -0.002117087820  0.046656277240  0.006489838065  0.010599283535 -0.147355621880  0.399893734926 -0.006151495393  0.046656277240  0.000452723205
  0.776470588235 -0.015269763434  0.089583953260  0.143299586980 -0.001166933051  0.043894409073  0.004914642790  0.017345029825  0.017220049740  0.337250359681 -0.004843456504  0.043894409073  0.000816755714
  0.780392156863 -0.019928458265  0.083485206428  0.124185732915 -0.001198621185  0.060742858370  0.005978224322  0.018778400738  0.024081415497  0.354617447554 -0.005985294239  0.060742858370  0.001233399298
  0.784313725490 -0.039846038667  0.110377159267  0.078145053366 -0.000320623662  0.052198369692  0.004373943826  0.024271411340  0.130454415170  0.298222867812 -0.004615060787  0.052198369692  0.001506718623
  0.788235294118 -0.038087772858  0.092224618927  0.045837688318 -0.000088004346  0.065795039776  0.004349937037  0.021818357101  0.110428814333  0.252469459192 -0.004687637864  0.065795039776  0.001749211618
  0.792156862745 -0.055171870361  0.107228313922  0.013279174120  0.000598393088  0.053381044734  0.003018515528  0.025411799696  0.181634962696  0.200617387815 -0.003532530162  0.053381044734  0.001930131508
  0.796078431373 -0.048088288521  0.085844418745 -0.013854407549  0.000973402607  0.064005620722  0.002299113148  0.020302371922  0.151625771411  0.144135441088 -0.002910146664  0.064005620722  0.002032374221
  0.800000000000 -0.061842509870  0.094590950461 -0.032715495340  0.001443191763  0.049555034818  0.001334909591  0.022460882266  0.202414061542  0.107493089097 -0.002062052751  0.049555034818  0.002133747970
  0.803921568627 -0.050984085241  0.072305838459 -0.053520784363  0.001899311935  0.057345056725  0.000137502482  0.015816415175  0.168091795586  0.053271146136 -0.000954852988  0.057345056725  0.002121372933
  0.807843137255 -0.061700232656  0.076771195690 -0.061733791583  0.002150041681  0.042468505679 -0.000428606587  0.017023535890  0.204192263870  0.033326930472 -0.000446271853  0.042468505679  0.002153632789
  0.811764705882 -0.048596580138  0.054786292166 -0.078979604117  0.002646224513  0.047404740027 -0.001952717873  0.009699168761  0.168479287854 -0.019413668080  0.000998807876  0.047404740027  0.002046219503
  0.815686274510 -0.056429681576  0.055748089540 -0.079301805008  0.002685576594  0.033648982971 -0.002119017073  0.010205222587  0.191858521644 -0.025301486146  0.001162755143  0.033648982971  0.002018436972
  0.819607843137 -0.042373518380  0.035128299741 -0.094573699474  0.003188550656  0.035771674730 -0.003842131906  0.002838822770  0.157022610288 -0.077836397946  0.002821115062  0.035771674730  0.001834003244
  0.823529411765 -0.047324786704  0.033075130224 -0.088786216550  0.003033238372  0.025001475528 -0.003629029192  0.002752079298  0.168597619598 -0.072377007785  0.002655507770  0.025001475528  0.001755677549
  0.827450980392 -0.033391109102  0.014785217647 -0.102434082030  0.003514777388  0.024824316906 -0.005435796752 -0.004157870606  0.136594110766 -0.124129506761  0.004413822988  0.024824316906  0.001512483762
  0.831372549020 -0.035451091253  0.010186321540 -0.091862415862  0.003189762484  0.019894436031 -0.004882721133 -0.004778372313  0.137264846603 -0.109596197073  0.003950903210  0.019894436031  0.001394006893
  0.835294117647 -0.022529887038 -0.005003883996 -0.103713596073  0.003626536213  0.019716373550 -0.006669706035 -0.010838725417  0.109688685796 -0.158940971596  0.005706715144  0.019716373550  0.001110578248
  0.839215686275 -0.021764207818 -0.011648740848 -0.089562171829  0.003163161869  0.022014925953 -0.005831119064 -0.011940099157  0.100621205708 -0.137409961297  0.004992347150  0.022014925953  0.000962898511
  0.843137254902 -0.010569585833 -0.023221330039 -0.099343713733  0.003536957180  0.025000945791 -0.007508962804 -0.016854448679  0.078637041612 -0.182522908771  0.006656317551  0.025000945791  0.000657348493
  0.847058823529 -0.007144753956 -0.031396171081 -0.082781534607  0.002970494196  0.029417062277 -0.006449491266 -0.018376285720  0.061261024093 -0.156002141281  0.005745741525  0.029417062277  0.000491369364
  0.850980392157  0.001785273244 -0.039093325444 -0.090287711840  0.003268241323  0.035536093479 -0.007944840434 -0.021942419286  0.045583403214 -0.195308344105  0.007243735800  0.035536093479  0.000180610512
  0.854901960784  0.007608127119 -0.048292169139 -0.072429049860  0.002635401119  0.038226188291 -0.006734285869 -0.023815198764  0.021500718145 -0.165733098356  0.006197201848  0.038226188291  0.000006605682
  0.858823529412  0.013909652769 -0.052092875066 -0.077566806876  0.002848935169  0.046642346267 -0.007990728827 -0.025920746765  0.012419579362 -0.198078804774  0.007471407634  0.046642346267 -0.000294306712
  0.862745098039  0.021794246820 -0.061842343325 -0.059428821090  0.002185676439  0.046547514879 -0.006699527397 -0.028068215927 -0.016700039400 -0.167254977541  0.006350174428  0.046547514879 -0.000467150317
  0.866666666667  0.025269224307 -0.061923439587 -0.062215392982  0.002311292632  0.056606140942 -0.007677511844 -0.028682882947 -0.019265868754 -0.191938657797  0.007359200674  0.056606140942 -0.000745466352
  0.870588235294  0.034827286604 -0.071798498317 -0.044682568391  0.001651065532  0.053563274619 -0.006372948845 -0.031025289251 -0.051775692548 -0.161482252266  0.006222168241  0.053563274619 -0.000909350335
  0.874509803922  0.035429054625 -0.068490244664 -0.045227262612  0.001688945122  0.064719262066 -0.007048876437 -0.030190283699 -0.048211430795 -0.178221550289  0.006940305238  0.064719262066 -0.001154865099
  0.878431372549  0.046242853330 -0.078123469531 -0.029029877941  0.001061407237  0.058884876064 -0.005792166517 -0.032647415032 -0.082558065093 -0.149513458908  0.005841388009  0.058884876064 -0.001303536049
  0.882352941176  0.044056981407 -0.071865538611 -0.027512389927  0.001014980261  0.070649357439 -0.006156902067 -0.030463203660 -0.073482113817 -0.158385793266  0.006257258317  0.070649357439 -0.001508649570
  0.886274509804  0.055699391722 -0.080951172153 -0.013218385722  0.000445159677  0.062338574689 -0.005001128824 -0.032956951379 -0.108255301742 -0.132546324458  0.005243502033  0.062338574689 -0.001637434332
  0.890196078431  0.050921708717 -0.072252292159 -0.009868122544  0.000320454825  0.074264256459 -0.005058141897 -0.029570394153 -0.094450739697 -0.133921112122  0.005358317583  0.074264256459 -0.001797069605
  0.894117647059  0.062973132979 -0.080546394805  0.002114367404 -0.000171693398  0.063886201866 -0.004046984714 -0.032026804856 -0.128415075397 -0.111802799752  0.004468704460  0.063886201866 -0.001902817097
  0.898039215686  0.055886637126 -0.069949269805  0.007036461992 -0.000366676013  0.075566326455 -0.003810304369 -0.027618502584 -0.110767190607 -0.106274045481  0.004294310967  0.075566326455 -0.002014233996
  0.901960784314  0.067948637660 -0.077267087857  0.016448834437 -0.000766385785  0.063587523277 -0.002977446749 -0.029969358144 -0.142878832956 -0.088469394837  0.003559166202  0.063587523277 -0.002095190225
  0.905882352941  0.058900674459 -0.065319255677  0.022665565583 -0.001022255021  0.074658583623 -0.002469571159 -0.024741813537 -0.122320721484 -0.076793100170  0.003116018710  0.074658583623 -0.002157729414
  0.909803921569  0.070606453209 -0.071530715699  0.029383264298 -0.001319805851  0.061578058906 -0.001838671192 -0.026925795421 -0.151732179275 -0.063653774659  0.002556917592  0.061578058906 -0.002213369220
  0.913725490196  0.059987226748 -0.058761412548  0.036613638179 -0.001626298407  0.071722884021 -0.001088538340 -0.021092788898 -0.129199332274 -0.046692565283  0.001872096279  0.071722884021 -0.002228155126
  0.917647058824  0.071009239008 -0.063785450879  0.040627518883 -0.001816677945  0.058055071665 -0.000673640664 -0.023056280795 -0.155255104359 -0.038357168885  0.001502168552  0.058055071665 -0.002258990343
  0.921568627451  0.059232455781 -0.050688201567  0.048596690309 -0.002163107943  0.067005366665  0.000285263938 -0.016833701934 -0.131649182865 -0.017033574366  0.000607513963  0.067005366665 -0.002228616987
  0.925490196078  0.069287546402 -0.054486459472  0.049992911965 -0.002245539754  0.053270852176  0.000478989167 -0.018531271028 -0.153874638066 -0.013462332756  0.000432046233  0.053270852176 -0.002235996895
  0.929411764706  0.056773815785 -0.041506931451  0.058440360158 -0.002621176363  0.060809553962  0.001610336249 -0.012129517192 -0.130036210117  0.011278145006 -0.000637531219  0.060809553962 -0.002164215504
  0.933333333333  0.065626355488 -0.044077193867  0.057380475786 -0.002598565208  0.047536101776  0.001585631712 -0.013524075838 -0.148121656987  0.010261926180 -0.000620286181  0.047536101776 -0.002150132126
  0.937254901961  0.052789918276 -0.031605803448  0.066068120807 -0.002992939331  0.053501387952  0.002851730582 -0.007142003923 -0.124811495090  0.037476612792 -0.001828286288  0.053501387952 -0.002041555603
  0.941176470588  0.060253524964 -0.032975447403  0.062772095739 -0.002871279754  0.041240498923  0.002618160443 -0.008204546453 -0.138592997293  0.032136699895 -0.001626174929  0.041240498923 -0.002008464144
  0.945098039216  0.047492960465 -0.021344253981  0.071496600363 -0.003274424158  0.045536800324  0.003981200590 -0.002024766249 -0.116481549810  0.060898697307 -0.002935754496  0.045536800324 -0.001868301338
  0.949019607843  0.053431522976 -0.021563965098  0.066235378929 -0.003062213942  0.034903575592  0.003554012044 -0.002733288351 -0.125919883226  0.051525852878 -0.002561734624  0.034903575592 -0.001818965888
  0.952941176471  0.041125183653 -0.011047456917  0.074854953496 -0.003464846686  0.037535512933  0.004977056668  0.003081885936 -0.105584557629  0.080923408868 -0.003936708860  0.037535512933 -0.001652799484
  0.956862745098  0.045453965607 -0.010185789490  0.067969784861 -0.003172547305  0.029269094347  0.004376069271  0.002745395116 -0.110744395308  0.067771443305 -0.003407872047  0.029269094347 -0.001590177985
  0.960784313725  0.033960391382 -0.001004996906  0.076467543919 -0.003566222852  0.030443186401  0.005823815659  0.008059243531 -0.092673662870  0.096901031851 -0.004813476409  0.030443186401 -0.001403806164
  0.964705882353  0.036647496791  0.000854327403  0.068454439448 -0.003205817959  0.025394132839  0.005072407902  0.008116385286 -0.093708470652  0.080164212973 -0.004150134434  0.025394132839 -0.001331000634
  0.968627450980  0.026307740337  0.008526095068  0.077067412599 -0.003583111324  0.025753986412  0.006511799602  0.012828978223 -0.078308582345  0.108154458994 -0.005553611486  0.025753986412 -0.001130377477
  0.972549019608  0.027373685904  0.011278232194  0.068772030720 -0.003167833300  0.024434449040  0.005636051517  0.013321746066 -0.075467494902  0.088147385377 -0.004778480996  0.024434449040 -0.001050700597
  0.976470588235  0.018500742370  0.017313232779  0.078127222084 -0.003522725931  0.025183293814  0.007037044322  0.017394956580 -0.063058328455  0.114310767941 -0.006149748774  0.025183293814 -0.000842030386
  0.980392156863  0.018007352800  0.020803338570  0.070897694082 -0.003067031975  0.026835898807  0.006065057187  0.018412035771 -0.056754773831  0.092160014630 -0.005287222475  0.026835898807 -0.000759268040
  0.984313725490  0.010825275561  0.025131478230  0.081606896929 -0.003395847280  0.028976017942  0.007402358040  0.021905609075 -0.047529749555  0.116295575422 -0.006600366557  0.028976017942 -0.000549283966
  0.988235294118  0.008844272804  0.029090593501  0.076410901922 -0.002915615800  0.031813480636  0.006363678400  0.023579167201 -0.038514775381  0.094853188757 -0.005675804293  0.031813480636 -0.000468152843
  0.992156862745  0.003359736479  0.031733590991  0.086955444646 -0.003218758933  0.000000000001  0.007620733222  0.026624756066 -0.032464453593  0.116952352305 -0.006912671588  0.000000000001 -0.000264315556
  0.996078431373 -0.000035079556  0.035749375035  0.081597423558 -0.002731038821  0.000000000002  0.006545566357  0.028975996708 -0.021951424656  0.099209091915 -0.005951652328  0.000000000002 -0.000190524368
  1.000000000000 -0.004049624519  0.036863428138  0.088599993770 -0.003014044929  0.000000000005  0.007719654597  0.031554684144 -0.018824746059  0.117972501568 -0.007106940288  0.000000000005 -0.000000000000
