             Rad         v_r[Re]         v_t[Re]         v_x[Re]         p[Re]          p_mg[Re]  p_no_phase[Re]         v_r[Im]         v_t[Im]         v_x[Im]         p[Im]          p_mg[Im]  p_no_phase[Im]
  0.100000000000  0.206624968869 -0.000460752838  0.604061885161 -0.139359591165  0.376734090170 -0.106241104376  0.059006606868  0.146699393129 -0.090492490526 -0.079529629586  0.376734090170 -0.120245105401
  0.114285714286 -0.427947787660  0.068872110321  0.376564499459 -0.129386021923  0.711930922805 -0.124760960166  0.464504949778  0.001071664603 -0.325262223458  0.007116668846  0.711930922805 -0.035015603133
  0.128571428571 -0.459821829053 -0.052064227660 -0.262066430918  0.113790346107  0.282290129102  0.119951329346  0.407017980048 -0.108234834511  0.364418410802 -0.037956648356  0.282290129102  0.000792849128
  0.142857142857  0.123157772714 -0.058075774357 -0.565949943819  0.188739327194  0.596459796266  0.180647769831 -0.356034742288 -0.050889074184  0.434050056181 -0.006213712016  0.596459796266  0.055022968858
  0.157142857143  0.584424077625  0.023201060571  0.033031313555 -0.055615995257  0.129007604502 -0.073150186207 -0.406563815825  0.068951369633 -0.317730561346  0.063557559170  0.129007604502  0.042210810394
  0.171428571429  0.015579234967  0.031172122711  0.596209690262 -0.181972164711  0.371430975932 -0.167896968191  0.281859902125  0.056459730550 -0.354578244988 -0.013451142877  0.371430975932 -0.071452152148
  0.185714285714 -0.517351814674 -0.001271056011  0.056928836837  0.016782064950  0.268549213239  0.032139523813  0.296835625247 -0.041413705059  0.194006561662 -0.050374118439  0.268549213239 -0.042263938785
  0.200000000000 -0.090057811016 -0.017442469971 -0.424914064534  0.128018728822  0.309555492699  0.117971777449 -0.092371817642 -0.044953081828  0.245957857428  0.009912166352  0.309555492699  0.050692264661
  0.214285714286  0.285767663811 -0.011601015155 -0.158146583090  0.038689532568  0.475393118706  0.031311493584 -0.237271600075  0.013728747857  0.031673777028  0.016450258168  0.475393118706  0.028054969144
  0.228571428571  0.231670685361  0.016091569590  0.167322141087 -0.073058490690  0.375595229312 -0.078900073849 -0.135821108358  0.035793328662 -0.253364157104  0.030214350799  0.375595229312  0.005022788349
  0.242857142857 -0.064012898767  0.010325413200  0.337486869300 -0.103212104188  0.501882049236 -0.096524180438  0.302864576753  0.008093650829 -0.210449714445 -0.003615127935  0.501882049236 -0.036727240457
  0.257142857143 -0.412179379508 -0.014753720688 -0.010203694554  0.052549549272  0.291585654724  0.073548309668  0.236868690251 -0.033494440953  0.349047527391 -0.073785734902  0.291585654724 -0.052881338379
  0.271428571429 -0.010744755790 -0.001880403612 -0.477711226430  0.134078734533  0.341366152067  0.119914349005 -0.375441508767 -0.016208810423  0.217321005808  0.021667267574  0.341366152067  0.063774026381
  0.285714285714  0.470065673001  0.006966783703 -0.002159161744 -0.050770487661  0.090682778269 -0.073107847553 -0.175851796724  0.029552146929 -0.357996744153  0.077639056893  0.090682778269  0.057102611138
  0.300000000000 -0.002188195237 -0.001798735140  0.427060125611 -0.110386839652  0.215370959129 -0.093526992328  0.291577443988  0.014390732127 -0.125318192130 -0.033947992058  0.215370959129 -0.067752654850
  0.314285714286 -0.323422618195  0.001101695651  0.016340311480  0.023818399067  0.296576301525  0.036449210827  0.109218404203 -0.017557089924  0.181329452031 -0.043090852082  0.296576301525 -0.033099738630
  0.328571428571 -0.071598632989 -0.002871383280 -0.215415635693  0.067713481843  0.355700352956  0.063515543293 -0.055650714539 -0.014081065256  0.125219317608  0.001783719153  0.355700352956  0.023538756073
  0.342857142857  0.103205677151 -0.002631533003 -0.169682569529  0.047010550131  0.439495573303  0.040506213570 -0.189032373523  0.002542859104  0.050917436075  0.012363246512  0.439495573303  0.026871701661
  0.357142857143  0.270988081190  0.007088010077  0.038571524080 -0.048096013815  0.394293253365 -0.065267130261 -0.120511254576  0.017046789275 -0.277137013930  0.061185753153  0.394293253365  0.042392506901
  0.371428571429 -0.003587976811 -0.002149117032  0.377872668072 -0.109858942050  0.374342166316 -0.097714576136  0.355682256396  0.004170522858 -0.137710368949 -0.019422463903  0.374342166316 -0.053833826382
  0.385714285714 -0.423169471074 -0.005815823567 -0.015935717703  0.060084909554  0.220769377637  0.087708757362  0.118675851392 -0.019330975472  0.406720444943 -0.095565757246  0.220769377637 -0.071064648006
  0.400000000000  0.027356321590  0.006098562743 -0.435788725269  0.114059675667  0.194806973287  0.093847479248 -0.393343108899 -0.003897828077  0.067842671570  0.043727875671  0.194806973287  0.078194548166
  0.414285714286  0.372389412026  0.000859908639  0.040788001439 -0.055399817278  0.156523384072 -0.076388607508 -0.038186166248  0.014605634283 -0.332103589614  0.074227352875  0.156523384072  0.052379579154
  0.428571428571 -0.008982434819 -0.004021352945  0.287565300491 -0.073239505995  0.274588610682 -0.058978816781  0.220586567966  0.004076598000 -0.030275623717 -0.032051583818  0.274588610682 -0.053970625665
  0.442857142857 -0.177637528096  0.001083481220  0.057658732190  0.000067824135  0.366386514490  0.010512976117  0.079966652130 -0.005792205163  0.102013655172 -0.032380250791  0.366386514490 -0.030626174665
  0.457142857143 -0.156484574457 -0.000998832448 -0.095425679901  0.045515146001  0.421470243226  0.051788433268  0.003485357717 -0.008997632360  0.166196872554 -0.026986067966  0.421470243226 -0.010855162800
  0.471428571429  0.037782803296  0.002539833796 -0.273905206172  0.073983579179  0.404985069944  0.062736051052 -0.271976772706  0.000643327028  0.060421523912  0.022590595514  0.404985069944  0.045255860308
  0.485714285714  0.358690675635  0.002819748894  0.033253512366 -0.058177754810  0.351968091596 -0.082433667674 -0.074699914406  0.014183517013 -0.371550099210  0.084812527710  0.351968091596  0.061502084884
  0.500000000000 -0.040310696201 -0.007178176334  0.418512955028 -0.105663405350  0.261772931500 -0.084740621238  0.419538095644 -0.001203215985 -0.037763392433 -0.047321878219  0.261772931500 -0.078886896887
  0.514285714286 -0.404984768276 -0.000352498920 -0.070488065394  0.073327894095  0.134100951424  0.098834736419  0.000494309034 -0.013214228677  0.418102224264 -0.091200673239  0.134100951424 -0.062659697802
  0.528571428571  0.060891917612  0.007352729408 -0.354755752892  0.081278716474  0.194097318627  0.058640607051 -0.346660802329  0.001532876861 -0.034000151928  0.056680059241  0.194097318627  0.079875766487
  0.542857142857  0.261538129120 -0.001294426623  0.025702399159 -0.040264219112  0.283954908563 -0.056296035007  0.011084885311  0.006868509251 -0.241191255484  0.056356769051  0.283954908563  0.040349091700
  0.557142857143  0.061609027593 -0.002976562067  0.177082587623 -0.053065050764  0.391105976456 -0.046781303509  0.119110842882  0.003643991965 -0.053028012201 -0.010675941212  0.391105976456 -0.027228385469
  0.571428571429 -0.102760838064 -0.000722841524  0.176727059157 -0.041429092775  0.404265640558 -0.028432231855  0.164663229832 -0.001838212370  0.036045936700 -0.033408546168  0.404265640558 -0.044990097544
  0.585714285714 -0.283633316123 -0.000270166016 -0.078866416185  0.059560810226  0.426175942722  0.077854573285  0.013510443448 -0.009210422941  0.290774397737 -0.066565403487  0.426175942722 -0.043784797302
  0.600000000000  0.067485967995  0.004813102252 -0.378235881597  0.100734648863  0.334625208765  0.079511063726 -0.385239573439  0.002278319362  0.003607333688  0.049071130735  0.334625208765  0.078952112691
  0.614285714286  0.403824757594  0.000248911030  0.093087000918 -0.082976550757  0.240496721737 -0.112418596996  0.018875203024  0.010447571532 -0.442145111436  0.104995220778  0.240496721737  0.072602778260
  0.628571428571 -0.081860746722 -0.007136413403  0.396355787539 -0.096801340522  0.197240499110 -0.069393742500  0.418240065395 -0.003380802470  0.063169828632 -0.068887139913  0.197240499110 -0.096438820369
  0.642857142857 -0.329690993080  0.001181857073 -0.065091396063  0.063610368500  0.229557050575  0.087684683438 -0.057252767820 -0.006305963408  0.353282705275 -0.085150378866  0.229557050575 -0.060068812975
  0.657142857143 -0.011696905530  0.005626609445 -0.258626285086  0.065750696615  0.348931990122  0.049452632095 -0.240212105372 -0.000108739905 -0.021706854371  0.039606797145  0.348931990122  0.058705107650
  0.671428571429  0.181150948508 -0.000556638995 -0.110334143337  0.010842897339  0.387904243614 -0.006446074495 -0.078026587416  0.002549231031 -0.140946821895  0.051780138250  0.387904243614  0.052509039827
  0.685714285714  0.222309939294 -0.002405177894  0.141519925095 -0.064156724216  0.475673421405 -0.072264095144  0.057225259803  0.006572062389 -0.204327661780  0.035760187179  0.475673421405  0.013144458999
  0.700000000000 -0.112068868735 -0.002974705834  0.330312159746 -0.083135149349  0.388969729321 -0.061906709764  0.330445309228 -0.003399917678  0.034150447957 -0.052003804590  0.388969729321 -0.076048721457
  0.714285714286 -0.386357229569  0.000760551125 -0.124666914297  0.089233406584  0.355523855536  0.116299822003 -0.034609151577 -0.009468306366  0.432985588166 -0.098670515185  0.355523855536 -0.064597390192
  0.728571428571  0.107689499041  0.006702193946 -0.413495684595  0.099675630292  0.259102252249  0.070428049572 -0.463322971184  0.005530910113 -0.077297274362  0.074112657533  0.259102252249  0.102312301871
  0.742857142857  0.379064777797 -0.001319009333  0.099387442840 -0.084106651856  0.225616640041 -0.113545531259  0.087220092646  0.006459183630 -0.444165017741  0.105172754115  0.225616640041  0.072406142182
  0.757142857143 -0.028895785735 -0.007435814573  0.328497758024 -0.077710595020  0.313336556378 -0.052545178482  0.354347633577 -0.002852833554  0.080019469695 -0.065103578569  0.313336556378 -0.086697270655
  0.771428571429 -0.259100201894  0.001204136019  0.056477678675  0.019051135569  0.375283593217  0.043026395847  0.001030776073 -0.002660207427  0.254938931582 -0.077456421410  0.375283593217 -0.067165260697
  0.785714285714 -0.173142213481  0.004476031053 -0.217313106818  0.077498609177  0.498569121951  0.074611618936 -0.144653524583 -0.004212542985  0.114589793594 -0.003901014655  0.498569121951  0.021315690454
  0.800000000000  0.175236093506  0.000784005374 -0.292780256285  0.072256670835  0.425634209073  0.047461254272 -0.259753939519  0.002624397297 -0.093012063022  0.064861113975  0.425634209073  0.084707850457
  0.814285714286  0.370449104886 -0.001431414089  0.175427502864 -0.102008383514  0.455164283084 -0.126641738748  0.060043617705  0.008125577152 -0.399136802268  0.093248407454  0.455164283084  0.055342983357
  0.828571428571 -0.139853056644 -0.004621049224  0.427531665964 -0.113119121867  0.339832479120 -0.081474355393  0.478552287540 -0.005281150686  0.085168506772 -0.079312766391  0.339832479120 -0.111572308652
  0.842857142857 -0.416421490448  0.000378071072 -0.124426724578  0.101427367951  0.302002341312  0.138911021672 -0.088077365006 -0.006244308256  0.512979785738 -0.132974523656  0.302002341312 -0.093131428471
  0.857142857143  0.039059976996  0.007519245986 -0.394889981142  0.102211416430  0.338515212196  0.071434376717 -0.453485217832  0.003998815836 -0.097241156389  0.078431994469  0.338515212196  0.107218847354
  0.871428571429  0.338424464155 -0.001061970217 -0.047273840055 -0.033746327294  0.387729740664 -0.068888303097  0.030903008376  0.002370777573 -0.374053120607  0.114497674407  0.387729740664  0.097482992090
  0.885714285714  0.171393720662 -0.006680443675  0.304761102387 -0.096968927196  0.536722348564 -0.085636211290  0.248655598521  0.002589782631 -0.067374370598 -0.019044096632  0.536722348564 -0.049316222219
  0.900000000000 -0.257366689976  0.000575326235  0.290160187469 -0.062818622093  0.455939945714 -0.031826684547  0.219897557466 -0.002716511494  0.168764555638 -0.085628456339  0.455939945714 -0.101318675315
  0.914285714286 -0.375411520230  0.002919946008 -0.247571430856  0.119634620128  0.561582656624  0.138632434818 -0.096956393674 -0.008072457749  0.378896547236 -0.078706209959  0.561582656624 -0.035890915783
  0.928571428571  0.192664801935  0.003174715252 -0.443334746832  0.116464224083  0.413897122056  0.083197401537 -0.500950250567  0.006391190212 -0.096248373293  0.083784889335  0.413897122056  0.116884624950
  0.942857142857  0.447435527177 -0.000149130168  0.161576510696 -0.120064080977  0.459453527285 -0.161588388263  0.087650916238  0.006917236906 -0.582123266808  0.148585886810  0.459453527285  0.101893778409
  0.957142857143 -0.054440695805 -0.007987626540  0.446447042532 -0.116318198853  0.567827554158 -0.082050852737  0.558937644877 -0.006155218740  0.105832561032 -0.086909670103  0.567827554158 -0.119795123886
  0.971428571429 -0.409213178698  0.000664315866  0.043066073738  0.051557820701  0.146700116692  0.098176744131 -0.062091883740 -0.002302203415  0.507468274318 -0.153016939132  0.146700116692 -0.128194069475
  0.985714285714 -0.194607617758  0.008802568982 -0.381710972355  0.122479012684  0.068880447480  0.107012205913 -0.416203578607  0.000390828028  0.074140213959  0.027626398376  0.068880447480  0.065671258713
  1.000000000000  0.262786537384 -0.006274016282 -0.256282902783  0.105051310764  0.120106049820  0.110988679105 -0.503360076915  0.011056283115  0.239849720535 -0.035814927002  0.120106049820 -0.000000000000
