             Rad         v_r[Re]         v_t[Re]         v_x[Re]         p[Re]          p_mg[Re]  p_no_phase[Re]         v_r[Im]         v_t[Im]         v_x[Im]         p[Im]          p_mg[Im]  p_no_phase[Im]
  0.250000000000  0.000000000000 -0.004506604813  0.349185162615 -0.078792272712  0.473583112007  0.091851076139  0.000000000000  0.005886673174  0.263567857475 -0.050016329717  0.473583112007  0.016529830293
  0.252717391304 -0.718360977500  0.016536361482  0.482011711534 -0.098738445498  0.879662507954  0.070943072385  0.088439153050  0.007653472004 -0.215626862241  0.054172135521  0.879662507954 -0.087469888344
  0.255434782609 -0.678429745473  0.011425291406 -0.581727634268  0.122633157004  0.268000157714 -0.104703531200  0.215682902774 -0.012426942094  0.062585172133 -0.023377746676  0.268000157714  0.067989563837
  0.258152173913  0.471481267471 -0.011174292883 -0.817168297114  0.170722289870  0.869797686530 -0.138712278005 -0.044568805261 -0.013376447596  0.174225445495 -0.051198449146  0.869797686530  0.111920888953
  0.260869565217  0.871712102820 -0.015356723001  0.379778248053 -0.080571373359  0.147155899489  0.071103166528 -0.118000583459  0.006891069095 -0.012471741472  0.009242385584  0.147155899489 -0.039006507226
  0.263586956522 -0.265119184119  0.005838603698  0.915387123261 -0.193173504603  0.738383132479  0.166040163810 -0.039190595129  0.015817115416 -0.084612876739  0.033888726831  0.738383132479 -0.104379656490
  0.266304347826 -0.867713322050  0.016780541537 -0.132633169483  0.029952442528  0.418716951187 -0.034772243352  0.060179782569 -0.001810939808 -0.098465858522  0.018631256884  0.418716951187 -0.005929893655
  0.269021739130 -0.024000833410 -0.000321224530 -0.827591181205  0.174844697614  0.596908966229 -0.151080947754  0.145185463288 -0.015517535761  0.066575238988 -0.028569369994  0.596908966229  0.092527965565
  0.271739130435  0.734008218352 -0.015544683551 -0.207291961886  0.040929534434  0.684248995936 -0.022123879072 -0.080259489913 -0.002988165152  0.179233584197 -0.041729029112  0.684248995936  0.054102427251
  0.274456521739  0.380068176766 -0.005233970532  0.670949157450 -0.140905801303  0.450432613240  0.117587717160 -0.175704485488  0.012802552271 -0.105006285560  0.034050170734  0.450432613240 -0.084776103596
  0.277173913043 -0.586499896525  0.012555270567  0.559300084046 -0.116163197556  0.790542243682  0.091027879354  0.110987320634  0.007559078746 -0.159594647218  0.043714091275  0.790542243682 -0.084372598767
  0.279891304348 -0.674318559453  0.010100913562 -0.527821426958  0.110540512998  0.237649600685 -0.090483185696  0.116151490803 -0.008955677079  0.104069245968 -0.031380795732  0.237649600685  0.070829036849
  0.282608695652  0.445511538748 -0.008806016247 -0.776082228399  0.163672777737  0.741723428973 -0.139634541705 -0.066400360784 -0.011188558397  0.084144484929 -0.031488018572  0.741723428973  0.091008066943
  0.285326086957  0.788637814540 -0.013128710682  0.358581582799 -0.076145453968  0.145234317415  0.066815702099 -0.054840099585  0.005071312468 -0.016234074338  0.009744553448  0.145234317415 -0.037798788803
  0.288043478261 -0.233960685392  0.004596798712  0.796798282428 -0.168721253524  0.650999131131  0.146395017943 -0.041710075477  0.012768530182 -0.056266225658  0.025967264599  0.650999131131 -0.087804663561
  0.290760869565 -0.738386764443  0.013717345080 -0.083079930960  0.019426318825  0.442851243644 -0.024772114163  0.070275395283 -0.001282347410 -0.091133641341  0.017957457880  0.442851243644 -0.009284100197
  0.293478260870 -0.088771247962  0.000181703152 -0.702944705221  0.148136726578  0.567903650296 -0.123962973689  0.114946389636 -0.011928474326  0.105544769135 -0.034895348904  0.567903650296  0.088291314921
  0.296195652174  0.637759042021 -0.012362534436 -0.276414734208  0.056772124719  0.651968150336 -0.041065323709 -0.130626463835 -0.002742107320  0.119802074899 -0.030420373153  0.651968150336  0.049619677917
  0.298913043478  0.432770958646 -0.005129195501  0.605387343596 -0.126992424345  0.424524666048  0.101341765195 -0.093949568121  0.009508465868 -0.150811850292  0.042952622316  0.424524666048 -0.087760185916
  0.301630434783 -0.551186285951  0.010029335976  0.579943886782 -0.122905985434  0.693801418486  0.104526968176  0.136778047213  0.006713084442 -0.066926116235  0.024513324844  0.693801418486 -0.069144032817
  0.304347826087 -0.651025333430  0.009093141512 -0.506518301772  0.107291227562  0.170399396971 -0.087184556796  0.035049740162 -0.006714035823  0.107936738446 -0.032148990815  0.170399396971  0.070312290380
  0.307065217391  0.421089383108 -0.007134789135 -0.709387227661  0.152184991358  0.651909467595 -0.133883316328 -0.053897342388 -0.009507565454  0.028148601947 -0.018563055081  0.651909467595  0.074700175485
  0.309782608696  0.692850650191 -0.011044630360  0.314796651207 -0.068678855306  0.191151388604  0.061300333370 -0.036309569309  0.003943608125 -0.002111850029  0.006046701480  0.191151388604 -0.031553397499
  0.312500000000 -0.165455077026  0.003458567054  0.688587706620 -0.148410874386  0.616747216629  0.126871789304 -0.040750116250  0.010201392929 -0.071907650726  0.027870059647  0.616747216629 -0.081890640122
  0.315217391304 -0.642829202497  0.010994533890  0.007374289671  0.000241555318  0.477465913847 -0.005463523361  0.108427719503 -0.000749912018 -0.063279069024  0.013865047314  0.477465913847 -0.012745501107
  0.317934782609 -0.182191250123  0.000943317267 -0.630751212601  0.136639122266  0.543984222272 -0.109803243540  0.057837719044 -0.009077967071  0.149441562996 -0.044195748621  0.543984222272  0.092556802224
  0.320652173913  0.595401780206 -0.009761658592 -0.357193531326  0.077782113051  0.612744934038 -0.066278805336 -0.160853502750 -0.003010930335  0.040792915164 -0.015174741821  0.612744934038  0.043444790980
  0.323369565217  0.477321559340 -0.005149201063  0.582450320257 -0.128346884283  0.353516867358  0.101421542257 -0.011740011738  0.007245297994 -0.159417416860  0.046059715948  0.353516867358 -0.091148729583
  0.326086956522 -0.530190337111  0.007936894926  0.584109316613 -0.131170384576  0.623437731802  0.117736649318  0.121725266543  0.006409066285  0.001742544369  0.009806028689  0.623437731802 -0.058650740794
  0.328804347826 -0.612740768626  0.007978973660 -0.469046709651  0.106259610126  0.042844058256 -0.088275355882 -0.002259347759 -0.005304401998  0.080822966797 -0.026735388788  0.042844058256  0.064910301968
  0.331521739130  0.352160794993 -0.005410464546 -0.645159618243  0.147113575997  0.617743469272 -0.129647460036 -0.030934608078 -0.008202833312  0.025737331846 -0.017347313095  0.617743469272  0.071658004582
  0.334239130435  0.620185264078 -0.008998086888  0.211670968913 -0.049659376496  0.292037162216  0.044656388451 -0.063599085336  0.002888258165  0.001497354472  0.003493215283  0.292037162216 -0.022001436259
  0.336956521739 -0.040229939198  0.001949840389  0.626085871115 -0.143399024366  0.598096248294  0.118418404883 -0.014736530119  0.008135925244 -0.115272445897  0.037960078395  0.598096248294 -0.089338284770
  0.339673913043 -0.600107807355  0.008704032523  0.139694384593 -0.031958466787  0.503435323426  0.027909122491  0.146552425363  0.000357263804 -0.008872432517  0.004443385209  0.503435323426 -0.016191607495
  0.342391304348 -0.291765570732  0.001999834205 -0.607860381437  0.139677605788  0.479750046197 -0.110124791570 -0.012591896224 -0.007032429575  0.170392682275 -0.050788663113  0.479750046197  0.099809078451
  0.345108695652  0.577833048896 -0.007768263288 -0.432027678934  0.101839412340  0.563893783832 -0.094104812014 -0.154363499012 -0.003808472407 -0.030406433634 -0.000481586001  0.563893783832  0.038933047487
  0.347826086957  0.501945939655 -0.005321197316  0.555124248504 -0.128775556563  0.219977446670  0.103842889500  0.038696234140  0.005679569592 -0.130624384832  0.040702855446  0.219977446670 -0.086351147703
  0.350543478261 -0.472403940216  0.006245527240  0.565212861574 -0.133756597110  0.577681554627  0.121990399672  0.083633869302  0.006209815095  0.021991466708  0.004886112130  0.577681554627 -0.055073076452
  0.353260869565 -0.563770704342  0.007134083300 -0.371772542601  0.087237170228  0.120138883976 -0.073902272252  0.011781017363 -0.003997256463  0.048649941876 -0.018165811260  0.120138883976  0.049787294806
  0.355978260870  0.218831099069 -0.003726027150 -0.583282296533  0.136921355996  0.598938809386 -0.116920095887 -0.022428266174 -0.006885109145  0.065922605959 -0.026055547133  0.598938809386  0.075868573480
  0.358695652174  0.566790733367 -0.007539424645  0.051910093865 -0.012052886681  0.384904816353  0.009061680104 -0.111643374749  0.001494440795 -0.019410674745  0.005549695126  0.384904816353 -0.009693149491
  0.361413043478  0.115494288713  0.000263513149  0.587130220991 -0.136487469572  0.552771625111  0.108437422482  0.033082030135  0.006323486178 -0.155626993577  0.047438271849  0.552771625111 -0.095501541305
  0.364130434783 -0.576503115100  0.007232328579  0.274291849207 -0.065997419718  0.493486821480  0.064100536906  0.162394136804  0.001648799267  0.054093777459 -0.007931853029  0.493486821480 -0.017598149628
  0.366847826087 -0.378534861934  0.003178453327 -0.585410804221  0.136156927736  0.364811867775 -0.107872283314 -0.069735758060 -0.005430546403  0.158470011483 -0.048123895129  0.364811867775  0.096011399039
  0.369565217391  0.539316660030 -0.006481021113 -0.468219039145  0.112334612394  0.520304251050 -0.106815899892 -0.121218850603 -0.004342995990 -0.066731555558  0.007441332200  0.520304251050  0.035564056249
  0.372282608696  0.491725242023 -0.005468619169  0.482350121116 -0.112979358106  0.072805431890  0.093298037877  0.041659684738  0.004411024086 -0.089426280112  0.029907267045  0.072805431890 -0.070386476744
  0.375000000000 -0.360612315194  0.004846635948  0.524292825871 -0.124380479108  0.565623042533  0.110935456458  0.055194718951  0.005588182560 -0.007322938533  0.011168324928  0.565623042533 -0.057345963810
  0.377717391304 -0.516717032589  0.006355396371 -0.220559249871  0.051618580007  0.260136303823 -0.042284960923  0.060991982206 -0.002718208438  0.044599162948 -0.014567860834  0.260136303823  0.032995188301
  0.380434782609  0.053376122665 -0.002036041746 -0.543645588607  0.127005070852  0.581933316631 -0.103188114694 -0.049513840913 -0.005473759524  0.119158951423 -0.038098050879  0.581933316631  0.083270417849
  0.383152173913  0.545934852676 -0.006468844272 -0.111656203850  0.027782702759  0.417509755103 -0.031339785131 -0.147934319471  0.000109266882 -0.071006508578  0.014864244284  0.417509755103 -0.003262238287
  0.385869565217  0.243243115015 -0.001283334885  0.577356445385 -0.134206283207  0.473175233388  0.105478731983  0.092215419343  0.004895000222 -0.165288734540  0.049678641667  0.473175233388 -0.096713654618
  0.388586956522 -0.563925912515  0.006285141871  0.356816155737 -0.086621602495  0.457897005719  0.087046841529  0.143645223382  0.002628754396  0.103348031016 -0.018123551762  0.457897005719 -0.015956582565
  0.391304347826 -0.407512995974  0.003884384766 -0.549162654775  0.128324757054  0.218996052186 -0.104236908865 -0.090816043285 -0.004351454482  0.120559625357 -0.038555876725  0.218996052186  0.084193026631
  0.394021739130  0.465730778196 -0.005451571310 -0.455355387007  0.109150469998  0.509444609227 -0.102775270912 -0.083604089210 -0.004313725671 -0.053751042398  0.004550170752  0.509444609227  0.037037451905
  0.396739130435  0.457896915258 -0.005160633093  0.362634037139 -0.084967251763  0.144301266886  0.070140803781 -0.000287827028  0.003396249115 -0.067354973724  0.022557984827  0.144301266886 -0.052995888488
  0.399456521739 -0.209806441954  0.003395433516  0.488067002150 -0.114785456432  0.572118063317  0.097080083821  0.062773623346  0.004602540200 -0.065237607261  0.024324366481  0.572118063317 -0.065900175556
  0.402173913043 -0.496832135898  0.005569737645 -0.051209653278  0.010710506266  0.337094437399 -0.002236566159  0.112657172917 -0.001452798528  0.081602513635 -0.020320766150  0.337094437399  0.022861457810
  0.404891304348 -0.098761199148 -0.000395844037 -0.540950910143  0.125822134759  0.541295166366 -0.099286758856 -0.105209700921 -0.004236049717  0.150390001945 -0.045523290540  0.541295166366  0.089697932489
  0.407608695652  0.552501673922 -0.005767346822 -0.231721376229  0.057372600100  0.397823163415 -0.063092610418 -0.148529386611 -0.001104294384 -0.128714514419  0.026394109124  0.397823163415 -0.002754405439
  0.410326086957  0.310815531588 -0.002374950304  0.574001260163 -0.133887876292  0.352567506146  0.107547628548  0.130485114282  0.003972220157 -0.138997180323  0.043424174498  0.352567506146 -0.090802697882
  0.413043478261 -0.530955386897  0.005601802122  0.376749011089 -0.091503544693  0.441178741584  0.092040080816  0.105294037135  0.003089780314  0.110267651782 -0.019376067198  0.441178741584 -0.016641940837
  0.415760869565 -0.392756123897  0.003987471330 -0.470864339179  0.110332163660  0.119621766098 -0.091149432451 -0.063292151886 -0.003606636554  0.086565475248 -0.029107447037  0.119621766098  0.068645544464
  0.418478260870  0.344890738564 -0.004339106946 -0.425880887890  0.101182813686  0.529852665921 -0.090740739452 -0.073172568920 -0.003757536737  0.000207677776 -0.007774575553  0.529852665921  0.045437033510
  0.421195652174  0.437015566621 -0.004622170532  0.205645607452 -0.047305813192  0.255813852770  0.034589291903 -0.060465498895  0.002373599219 -0.086818924209  0.024365549394  0.255813852770 -0.040436380212
  0.423913043478 -0.048899906402  0.001833032858  0.485190185222 -0.113201630779  0.567906003070  0.091148141390  0.109170353477  0.003557560929 -0.115023269626  0.036140552956  0.567906003070 -0.076241491986
  0.426630434783 -0.512462222315  0.005038859815  0.095893344449 -0.025340511882  0.344072313095  0.035517959608  0.134634016073 -0.000190675737  0.141571117594 -0.031902886314  0.344072313095  0.019960216505
  0.429347826087 -0.201871530453  0.000954531672 -0.561001963223  0.130732541047  0.457316657770 -0.104430118409 -0.157126103692 -0.003409199017  0.142033322092 -0.043943279757  0.457316657770  0.090090840231
  0.432065217391  0.555609366970 -0.005368908049 -0.287653689198  0.071175598670  0.372380212821 -0.077955548970 -0.117539183502 -0.001937632075 -0.156276248879  0.031907430669  0.372380212821 -0.002642416104
  0.434782608696  0.321488385620 -0.002854985307  0.539839143166 -0.126462699156  0.218808212417  0.104353791398  0.122600874998  0.003444076407 -0.100439692435  0.033684884123  0.218808212417 -0.078979566454
  0.437500000000 -0.450166544494  0.004868688257  0.359893605824 -0.086751667942  0.463918952987  0.084002473629  0.080551894401  0.002956992461  0.068586232941 -0.009749331535  0.463918952987 -0.023758909495
  0.440217391304 -0.372368261081  0.003689733533 -0.341946678074  0.079670830489  0.188113413619 -0.063532111148 -0.002983461088 -0.002883864538  0.087712962592 -0.027069687314  0.188113413619  0.055171369887
  0.442934782609  0.191708569439 -0.002994011626 -0.418495871940  0.098298589778  0.555168114253 -0.082512879278 -0.105474443467 -0.002925247999  0.062533494763 -0.022480153135  0.555168114253  0.057962011615
  0.445652173913  0.452454611750 -0.004204295602  0.045429060070 -0.008217785935  0.297413408505 -0.005484695020 -0.102496923108  0.001221075216 -0.142297660180  0.034644966857  0.297413408505 -0.035181299788
  0.448369565217  0.082419529909  0.000356971060  0.517092176544 -0.120540443960  0.526042059063  0.096533637775  0.169096651277  0.002780435896 -0.128129010291  0.039869003101  0.526042059063 -0.082466919527
  0.451086956522 -0.542498159320  0.004840034625  0.187456544341 -0.047945532453  0.314575207911  0.059939942020  0.117929564642  0.000878906350  0.187530658443 -0.041146614134  0.314575207911  0.019975517205
  0.453804347826 -0.243053855901  0.001768439552 -0.567478169397  0.132905020479  0.334563795106 -0.109537932932 -0.171404663561 -0.003016090492  0.106893506772 -0.035749884102  0.334563795106  0.083326105938
  0.456521739130  0.519252314072 -0.005003578673 -0.290654431780  0.071488844034  0.385116049684 -0.076189630497 -0.084245369216 -0.002202575909 -0.133699890497  0.026467306867  0.385116049684  0.002512639821
  0.459239130435  0.306473421235 -0.002808592607  0.450865589214 -0.105593716530  0.172215390066  0.087007998411  0.070933796658  0.003019032564 -0.085118001566  0.028457571619  0.172215390066 -0.066253109856
  0.461956521739 -0.320510336170  0.003846161405  0.347787994689 -0.082667260314  0.508537209355  0.074310697140  0.095948201671  0.002371455531  0.001939827888  0.005889618722  0.508537209355 -0.036694465891
  0.464673913043 -0.381235309701  0.003352447903 -0.184890285552  0.041526526601  0.257696925780 -0.025267625209  0.054534487816 -0.001960850947  0.132527213148 -0.034873011285  0.257696925780  0.047980479822
  0.467391304348  0.043748949622 -0.001532187361 -0.451093216502  0.105411504971  0.555110039326 -0.085741970251 -0.166565812766 -0.002179501529  0.097294145187 -0.031361172917  0.555110039326  0.068872513271
  0.470108695652  0.497615424240 -0.004112484543 -0.076752767416  0.021910815390  0.276445601071 -0.037876937826 -0.104828349493  0.000061199840 -0.201773828829  0.046547039370  0.276445601071 -0.034814483855
  0.472826086957  0.156157070090 -0.000727353353  0.555459107930 -0.130098212521  0.433994697271  0.107281743159  0.204994329232  0.002434646424 -0.103893927148  0.034843713795  0.433994697271 -0.081426389315
  0.475543478261 -0.548848883215  0.004784741317  0.217055044945 -0.055006602291  0.306530170899  0.066345022475  0.083138794517  0.001489147698  0.188385760660 -0.040796467831  0.306530170899  0.016982817078
  0.478260869565 -0.240530791029  0.001990013990 -0.524897416670  0.123288347310  0.227989527459 -0.103383888112 -0.136261179059 -0.002837145431  0.079404695265 -0.028474703607  0.227989527459  0.072956130701
  0.480978260870  0.426096956002 -0.004364983339 -0.277720003284  0.067298199764  0.436302574791 -0.066849632482 -0.082418331363 -0.001900776152 -0.071971768100  0.012019444948  0.436302574791  0.014305292216
  0.483695652174  0.306487714100 -0.002549243943  0.313573660453 -0.072429100925  0.228652996567  0.054588853391  0.005101644536  0.002397560644 -0.114660548989  0.032993128086  0.228652996567 -0.057918721042
  0.486413043478 -0.170628179942  0.002535312489  0.372473221525 -0.087570149501  0.544620797109  0.073893445079  0.151212594849  0.001670534049 -0.051270066610  0.019004909146  0.544620797109 -0.050690003252
  0.489130434783 -0.429318385213  0.003285372139 -0.041873068010  0.006325542989  0.259118639255  0.012285642613  0.077753848052 -0.000853719837  0.198751768952 -0.048005025765  0.259118639255  0.046835435072
  0.491847826087 -0.060295638342 -0.000265622506 -0.509057277904  0.119339138231  0.504791010359 -0.098893032091 -0.220559807844 -0.001806879864  0.089859542258 -0.030682914412  0.504791010359  0.073508090401
  0.494565217391  0.539308257489 -0.004274358985 -0.137281392648  0.036772041162  0.244471011372 -0.053506882746 -0.075884227929 -0.000812934797 -0.227251452872  0.051497435952  0.244471011372 -0.033781391619
  0.497282608696  0.173777496641 -0.001226819554  0.559389384023 -0.131681250822  0.316359620732  0.111712654103  0.192207832491  0.002415913651 -0.070431697457  0.026997419125  0.316359620732 -0.074760252614
  0.500000000000 -0.500405135904  0.004539525994  0.210432681803 -0.052574384090  0.349361913001  0.059838817199  0.066397771799  0.001497779777  0.140495060821 -0.029539159423  0.349361913001  0.007479556013
  0.502717391304 -0.233973460409  0.001833989655 -0.421922315105  0.098650892710  0.221581677811 -0.080194357547 -0.070869564872 -0.002536787631  0.091416609969 -0.029478182967  0.221581677811  0.064574197023
  0.505434782609  0.290257544964 -0.003322484574 -0.290189635111  0.069104211066  0.498614102874 -0.062551780832 -0.125833092709 -0.001286973681 -0.006492191018 -0.003777342113  0.498614102874  0.029613088578
  0.508152173913  0.347327932031 -0.002450206766  0.163385818342 -0.035586788251  0.255326701605  0.015628281710 -0.037643776201  0.001468260704 -0.180030886343  0.045827986750  0.255326701605 -0.055878266601
  0.510869565217 -0.043232794374  0.001195526917  0.436640473464 -0.102713428260  0.539831718255  0.086309518461  0.217323181994  0.001228481066 -0.064080728480  0.023249592469  0.539831718255 -0.060342844795
  0.513586956522 -0.494834560627  0.003549832463  0.050085347064 -0.016391598602  0.216097535793  0.037023543545  0.061276269427  0.000177193601  0.246678444281 -0.057810016441  0.216097535793  0.047328001532
  0.516304347826 -0.104541424662  0.000504025991 -0.553367338431  0.130767542043  0.404204089143 -0.112031882807 -0.232943802412 -0.001851874477  0.057834674090 -0.023914294758  0.404204089143  0.071560469398
  0.519021739130  0.537586752961 -0.004368333051 -0.146291985992  0.038447994865  0.263331836322 -0.052636240684 -0.049180962527 -0.001134507851 -0.200374991915  0.045087872299  0.263331836322 -0.027213796211
  0.521739130435  0.167774758715 -0.001222451999  0.500694301127 -0.118329325924  0.247517950354  0.100142134482  0.136197559869  0.002409061099 -0.065896787120  0.024903850937  0.247517950354 -0.067775984439
  0.524456521739 -0.393024987425  0.003828538315  0.212862759235 -0.052047354546  0.426626678884  0.053130304281  0.094405004846  0.001034443015  0.070984616818 -0.013079155605  0.426626678884 -0.007560568331
  0.527173913043 -0.263010313554  0.001687503704 -0.279879443181  0.064387439337  0.255667231106 -0.044166001395 -0.013008881018 -0.001877106644  0.149191046213 -0.040871972526  0.255667231106  0.062174148996
  0.529891304348  0.150094298900 -0.002010198043 -0.350560589170  0.083567285175  0.536494605322 -0.072511968937 -0.196816760428 -0.000791828536  0.027100917561 -0.012854065619  0.536494605322  0.043482554149
  0.532608695652  0.424857913818 -0.002693884725  0.043391514958 -0.006224646205  0.223635315889 -0.016852189350 -0.038808197615  0.000404811735 -0.245100438574  0.059841207002  0.223635315889 -0.057755692273
  0.535326086957  0.032345478037  0.000176824727  0.511401949394 -0.122866744239  0.471588477875  0.106431920437  0.253612900129  0.001288936769 -0.042059764733  0.019376571192  0.471588477875 -0.064373400277
  0.538043478261 -0.535466872039  0.003827274452  0.086502161010 -0.024969241093  0.206087358561  0.044947392471  0.033191723199  0.000769353115  0.244287419536 -0.057763287725  0.206087358561  0.044043073457
  0.540760869565 -0.113132727464  0.000724962676 -0.542037274280  0.131700753592  0.300490095282 -0.114202705650 -0.192908632490 -0.002107600111  0.043777745039 -0.020456369527  0.300490095282  0.068711669847
  0.543478260870  0.467129713214 -0.003903469910 -0.152735025925  0.039409399114  0.350983399432 -0.048002414015 -0.064695621930 -0.000885613297 -0.135101955148  0.030471213596  0.350983399432 -0.013317801818
  0.546195652174  0.194033862319 -0.001091620783  0.379391628157 -0.092062499533  0.256218538327  0.071852748106  0.069446811535  0.002069782804 -0.115198010862  0.035410184901  0.256218538327 -0.067576383482
  0.548913043478 -0.250417700295  0.002551233116  0.273571808895 -0.068195054667  0.504146761644  0.063121017186  0.166088147504  0.000594876701  0.019074871035  0.000043834820  0.504146761644 -0.025812876474
  0.551630434783 -0.350878513633  0.001855828380 -0.137852413751  0.030980245716  0.241161859051 -0.006206166487  0.008579938677 -0.000886523560  0.226546446221 -0.059474258207  0.241161859051  0.066771599587
  0.554347826087  0.041115986528 -0.000757551252 -0.452320537087  0.113999233795  0.506724978818 -0.100367661238 -0.252898032879 -0.000932842193  0.022560256598 -0.013699129374  0.506724978818  0.055765796229
  0.557065217391  0.503779740852 -0.003032962478 -0.029405026720  0.011752836969  0.187080132550 -0.036329896927 -0.019233563969 -0.000397774797 -0.266336082349  0.067338735298  0.187080132550 -0.057903134955
  0.559782608696  0.068988099543 -0.000330256948  0.547568430446 -0.139918706426  0.353722754524  0.123135179855  0.231083717260  0.001798990255 -0.027723894515  0.016953037979  0.353722754524 -0.068573882687
  0.562500000000 -0.504968926438  0.003599573839  0.109421150265 -0.031135631708  0.285318327494  0.046204881374  0.042149584694  0.000775611592  0.186183108175 -0.045984107579  0.285318327494  0.030807055181
  0.565217391304 -0.144330163217  0.000702823148 -0.447268312942  0.114252060356  0.261315731682 -0.094288055188 -0.119028483904 -0.002084614394  0.085952653863 -0.030405517623  0.261315731682  0.071328756098
  0.567934782609  0.327085569857 -0.002800054702 -0.212684053649  0.056168601631  0.457529888150 -0.056744655035 -0.134665574885 -0.000515257833 -0.063128303815  0.012546617270  0.457529888150  0.009611115392
  0.570652173913  0.284502980443 -0.001256758748  0.215956618844 -0.052657941002  0.255506550887  0.027482125200  0.021554631127  0.001194707711 -0.200907948435  0.056283316750  0.255506550887 -0.072009744406
  0.573369565217 -0.103312197798  0.001169518344  0.388886778035 -0.101370665807  0.516562143120  0.090944862884  0.240026043193  0.000637546198 -0.002317830497  0.007694657181  0.516562143120 -0.045434035154
  0.576086956522 -0.457485841314  0.002394360545 -0.019070905715  0.000106259882  0.190286362186  0.026888811851  0.006348507490  0.000121601044  0.271911430550 -0.071409750780  0.190286362186  0.066154029317
  0.578804347826 -0.034473265580  0.000070833560 -0.528058331607  0.137922976590  0.396600264375 -0.122688161350 -0.253170281642 -0.001421011043  0.013549225603 -0.013246689109  0.396600264375  0.064388176775
  0.581521739130  0.516064457801 -0.003310160884 -0.076700837571  0.024088142356  0.229081604629 -0.043738368058 -0.022669872060 -0.000709745436 -0.221988860414  0.056722672457  0.229081604629 -0.043412617203
  0.584239130435  0.106480495611 -0.000496063561  0.487513835023 -0.126704714897  0.270621323384  0.108122913330  0.157704799193  0.001963053945 -0.058413660355  0.024304454073  0.270621323384 -0.070386269101
  0.586956521739 -0.382935617440  0.002970630008  0.161534254271 -0.044155010629  0.402540825680  0.049651899423  0.103208926934  0.000463432881  0.099863636013 -0.023209938940  0.402540825680  0.004801574005
  0.589673913043 -0.223999736778  0.000864377757 -0.279059139589  0.070063879177  0.265914920017 -0.045969147827 -0.047984367278 -0.001397398136  0.170956954982 -0.050007016421  0.265914920017  0.072776962734
  0.592391304348  0.157323909806 -0.001512327386 -0.323292937925  0.085109369608  0.509992418412 -0.078100187970 -0.220193297067 -0.000353258238 -0.015704893814 -0.001845133531  0.509992418412  0.033872849775
  0.595108695652  0.402515648920 -0.001872703139  0.062313010993 -0.011430430331  0.207687569643 -0.016394854915  0.004502078870  0.000122707962 -0.267586040476  0.071384327647  0.207687569643 -0.070410125007
  0.597826086957  0.004714086741  0.000141138606  0.492635132788 -0.129274684825  0.434490898535  0.116009470057  0.265873131538  0.000998844321 -0.002380510006  0.009732119212  0.434490898535 -0.057865889245
  0.600543478261 -0.509947580399  0.002999204756  0.051240575721 -0.018055997556  0.186944306706  0.041176679994  0.006762550049  0.000654095903  0.250141762349 -0.064721983603  0.186944306706  0.053098354344
  0.603260869565 -0.077928136502  0.000375273074 -0.511493023341  0.133677504897  0.287827609583 -0.116844911506 -0.192513199874 -0.001744516554  0.033668713002 -0.018307624995  0.287827609583  0.067469334544
  0.605978260870  0.428431360026 -0.003074169328 -0.120450749090  0.034130181721  0.342120340720 -0.044272894691 -0.072311206984 -0.000471426309 -0.136206806622  0.033535832446  0.342120340720 -0.018150266054
  0.608695652174  0.170604195382 -0.000583349863  0.338066590393 -0.086226720714  0.270843245040  0.063791423168  0.076435478202  0.001528817196 -0.137785979532  0.042444309772  0.270843245040 -0.071883385614
  0.611413043478 -0.212786439540  0.001842609891  0.259016949795 -0.068679097153  0.488090731365  0.065366915747  0.193821216554  0.000153281588  0.036202396862 -0.004713130525  0.488090731365 -0.021591625940
  0.614130434783 -0.341725706231  0.001392564767 -0.109470966958  0.024052092198  0.230378789398  0.003709185504 -0.016427697187 -0.000371850933  0.254026355329 -0.068738125645  0.230378789398  0.072730151927
  0.616847826087  0.027605831644 -0.000372492068 -0.444423554642  0.116851085653  0.464979246678 -0.105832040053 -0.269432702994 -0.000592730286 -0.007634037350 -0.006226585838  0.464979246678  0.049925202930
  0.619565217391  0.488052249903 -0.002621642898 -0.027166720101  0.012138508061  0.165599564460 -0.037929311377  0.006128899438 -0.000575951023 -0.270853888325  0.070626056948  0.165599564460 -0.060800909832
  0.622282608696  0.055322568591 -0.000288294100  0.519622056854 -0.136235851282  0.314828048090  0.121269344945  0.223637653379  0.001451242771 -0.012322344945  0.012867803441  0.314828048090 -0.063399791141
  0.625000000000 -0.462968927470  0.003085480847  0.088587657617 -0.026448713094  0.280530491226  0.040995233717  0.043191110647  0.000525279442  0.172581670140 -0.043681188951  0.280530491226  0.030446206743
  0.627717391304 -0.125791202528  0.000392605074 -0.392318827646  0.101123243423  0.271507137463 -0.080641885126 -0.107702317134 -0.001582267180  0.103090171932 -0.034350822108  0.271507137463  0.070019823646
  0.630434782609  0.269813221836 -0.002151557712 -0.199463182166  0.053495438386  0.451945573891 -0.054133354680 -0.162226770869 -0.000052674535 -0.060474401723  0.012185737326  0.451945573891  0.008934989273
  0.633152173913  0.278824562537 -0.000962673647  0.162107462985 -0.038278231722  0.252003166270  0.011282566437  0.030890448908  0.000619236066 -0.231936751026  0.063920576936  0.252003166270 -0.073646227834
  0.635869565217 -0.065246049369  0.000638543844  0.386603860830 -0.101860672097  0.484320323571  0.093369686187  0.263550903499  0.000235870176  0.017856690505  0.002478856348  0.484320323571 -0.040790231062
  0.638586956522 -0.451637007503  0.002188328745  0.000930366354 -0.005481309289  0.167341515784  0.033150237194 -0.016697760748  0.000459919365  0.282940668280 -0.074289301745  0.167341515784  0.066708371883
  0.641304347826 -0.035751787499  0.000206542680 -0.511056903308  0.134318053099  0.349782458448 -0.121307741714 -0.249454215240 -0.001104122989 -0.005388177523 -0.008067935051  0.349782458448  0.058231115090
  0.644021739130  0.484021349459 -0.002993760099 -0.064497777159  0.020772963078  0.223091521504 -0.039365422788 -0.017014966706 -0.000599056824 -0.207408668025  0.053273199189  0.223091521504 -0.041471836655
  0.646739130435  0.090319683165 -0.000281361005  0.438509733504 -0.113891047486  0.271396068179  0.095548598002  0.140874191171  0.001549827288 -0.068703794146  0.026185626586  0.271396068179 -0.067285385911
  0.649456521739 -0.325826119297  0.002418671344  0.147503448611 -0.040369728943  0.403868239738  0.045123517052  0.127220706732  0.000046220039  0.088479542165 -0.020500837852  0.403868239738  0.003723919489
  0.652173913043 -0.217721979339  0.000602887410 -0.219218472835  0.053815653107  0.268800236880 -0.028177810878 -0.048651481784 -0.000848225013  0.202592835771 -0.057278681112  0.268800236880  0.073368813561
  0.654891304348  0.109223677571 -0.000939236196 -0.323085351403  0.085393623577  0.489624122836 -0.079716253639 -0.248447205823  0.000047860977 -0.029436430467  0.001734702368  0.489624122836  0.030665926461
  0.657608695652  0.403040210037 -0.001724267283  0.030127895178 -0.002619936565  0.185815547410 -0.026123813434  0.025848484721 -0.000300562668 -0.285517857092  0.075543584114  0.185815547410 -0.070931259259
  0.660326086957  0.016176821809 -0.000106220891  0.485972726608 -0.127995148323  0.388175562845  0.117041105503  0.268313022015  0.000727905322  0.019640169441  0.003867709674  0.388175562845 -0.051952832405
  0.663043478261 -0.489594128441  0.002797841478  0.045867692596 -0.016467380324  0.176459095442  0.038622503044 -0.005419507247  0.000666333093  0.238774769334 -0.061855308707  0.176459095442  0.051044647992
  0.665760869565 -0.063814508532  0.000233235162 -0.473171129735  0.123595099279  0.275607358175 -0.107504883864 -0.174513971247 -0.001429169908  0.036279556223 -0.018321786385  0.275607358175  0.063672100386
  0.668478260870  0.377419303407 -0.002621668234 -0.105011886370  0.029788990119  0.347303643687 -0.038713589009 -0.090746553684 -0.000119260692 -0.119601962190  0.029460727037  0.347303643687 -0.016018002243
  0.671195652174  0.161951262239 -0.000328288857  0.278513827103 -0.070032122148  0.278930142499  0.046239369228  0.070068545176  0.001039365714 -0.167672892943  0.049214195010  0.278930142499 -0.072030936800
  0.673913043478 -0.159335022762  0.001265366206  0.258134034491 -0.068593922142  0.479327272126  0.066000857799  0.224881672000 -0.000241439698  0.043382917569 -0.006599243574  0.479327272126 -0.019813201162
  0.676630434783 -0.345569874155  0.001258878406 -0.067848128578  0.012654902201  0.211691498583  0.016373759331 -0.034659529631  0.000100841275  0.278215995514 -0.074328248139  0.211691498583  0.073598471631
  0.679347826087  0.006372073351 -0.000032077327 -0.445821878660  0.117661854242  0.424458429331 -0.108881918761 -0.278857348972 -0.000350435811 -0.031009178155 -0.000142661571  0.424458429331  0.044598879615
  0.682065217391  0.478738077877 -0.002505277563 -0.029706376528  0.012711334761  0.148664743604 -0.037838080922  0.023758926633 -0.000703561481 -0.264767776569  0.068981330958  0.148664743604 -0.059061676951
  0.684782608696  0.044768904735 -0.000225898172  0.493329105528 -0.129430652944  0.289054436401  0.115654690866  0.206903445455  0.001225118227 -0.007147735399  0.011052981000  0.289054436401 -0.059147736991
  0.687500000000 -0.420918540089  0.002739884484  0.072641732174 -0.021905792654  0.286651269660  0.034934849616  0.054704120866  0.000250342441  0.152781825427 -0.038774399713  0.286651269660  0.027620175728
  0.690217391304 -0.114275996057  0.000145848723 -0.336769936330  0.086045725185  0.282256036227 -0.064480602462 -0.095090497506 -0.001173472622  0.129118188284 -0.040177292205  0.282256036227  0.069716092387
  0.692934782609  0.214191693010 -0.001600067542 -0.195944587913  0.052578647606  0.453356493243 -0.053305968933 -0.194098907388  0.000335672866 -0.060480013746  0.012242400423  0.453356493243  0.008536054610
  0.695652173913  0.283211667504 -0.000822331502  0.113019642767 -0.024828327458  0.238166993034 -0.003735274608  0.044273036795  0.000128634249 -0.261224796448  0.070708798848  0.238166993034 -0.074848031387
  0.698369565217 -0.034423462236  0.000221290076  0.393277683071 -0.104038282822  0.453287977117  0.097567719581  0.280149058957  0.000000568090  0.040395346864 -0.003294632301  0.453287977117 -0.036267878215
  0.701086956522 -0.451752681073  0.002132105424  0.012709015359 -0.008603546124  0.144996482341  0.036027757479 -0.038100198279  0.000692421186  0.283637951999 -0.074254464529  0.144996482341  0.065496161715
  0.703804347826 -0.030727668916  0.000233216113 -0.496905692438  0.130837631926  0.313830372611 -0.119402912286 -0.236176474133 -0.000950052509 -0.017768251759 -0.004581809999  0.313830372611  0.053688205860
  0.706521739130  0.452809783607 -0.002757008463 -0.049765228519  0.016528067043  0.227219236008 -0.033471649251 -0.020815620784 -0.000413330229 -0.186581796839  0.048077164277  0.227219236008 -0.038265381502
  0.709239130435  0.076406101988 -0.000053339072  0.390155814987 -0.100816678389  0.280545107850  0.081760278440  0.123231844384  0.001234235590 -0.088998772152  0.030640454919  0.280545107850 -0.066468767015
  0.711956521739 -0.271302450225  0.001920379203  0.140228959600 -0.038332202581  0.413161092127  0.042563059727  0.157748164094 -0.000330051096  0.081187747099 -0.018717293104  0.413161092127  0.002842668204
  0.714673913043 -0.220269415804  0.000442544386 -0.165200510539  0.039015535930  0.261109089391 -0.011603245616 -0.055767066205 -0.000370909576  0.235293646848 -0.064878305923  0.261109089391  0.074811572063
  0.717391304348  0.069697688238 -0.000465974377 -0.332045363150  0.088126143850  0.470229234123 -0.084111546035 -0.271749498238  0.000294084373 -0.048910959860  0.006670719561  0.470229234123  0.027128648196
  0.720108695652  0.410252269259 -0.001701753769  0.008303183879  0.003277448341  0.161175366508 -0.032271257896  0.048940408820 -0.000621451901 -0.293930006655  0.077362540678  0.161175366508 -0.070386577426
  0.722826086957  0.018614401998 -0.000228191623  0.483017642545 -0.127598891571  0.347803765175  0.118507212353  0.260444736174  0.000623807845  0.037965790146 -0.000982457625  0.347803765175 -0.047312609032
  0.725543478261 -0.470134447028  0.002662644507  0.034614857671 -0.013153628202  0.175689971813  0.033705556330 -0.009441098503  0.000579517992  0.219271836455 -0.056962878229  0.175689971813  0.047767383260
  0.728260869565 -0.048909302840  0.000039720940 -0.434600482389  0.113279274930  0.277715623762 -0.096909864305 -0.153575319843 -0.001210685913  0.049439575997 -0.021084897943  0.277715623762  0.062331735498
  0.730978260870  0.327231586203 -0.002198072481 -0.093986681056  0.026642995422  0.361767268174 -0.034494095347 -0.117842895674  0.000232769788 -0.105573838212  0.026002823600  0.361767268174 -0.014005478444
  0.733695652174  0.161128617081 -0.000143123524  0.222626286895 -0.054776189471  0.277924544686  0.029104012082  0.070032385030  0.000604706209 -0.201748790398  0.057181041486  0.277924544686 -0.073641421219
  0.736413043478 -0.112769785413  0.000759970334  0.266747451943 -0.071208656219  0.472027398768  0.069793973011  0.253789170730 -0.000507659670  0.057713472310 -0.010230418746  0.472027398768 -0.017439481630
  0.739130434783 -0.357248370568  0.001242649150 -0.035871792589  0.003992884870  0.187494995877  0.025842189950 -0.057001386379  0.000485743047  0.294588211879 -0.078161873076  0.187494995877  0.073874236043
  0.741847826087 -0.005263200499  0.000186671715 -0.452232726231  0.120037211617  0.385318346927 -0.113248339491 -0.277874704245 -0.000276002986 -0.053106129722  0.005591945710  0.385318346927  0.040187257086
  0.744565217391  0.470763300670 -0.002447985798 -0.024886091438  0.011094457783  0.141723063956 -0.034875305379  0.034522165778 -0.000716652148 -0.248911891253  0.065102710723  0.141723063956 -0.056081752930
  0.747282608696  0.031787518741 -0.000088577536  0.465997199162 -0.122660143846  0.279449098508  0.108993066093  0.184780754223  0.001101144117 -0.013083532750  0.012093489281  0.279449098508 -0.057552366720
  0.750000000000 -0.377486516595  0.002389567901  0.060352690301 -0.018289903749  0.305157333648  0.029826894597  0.077292679265 -0.000061161634  0.133347912411 -0.034116731606  0.305157333648  0.024674446565
  0.752717391304 -0.111306924040 -0.000051983999 -0.281907686656  0.071590841279  0.286730000126 -0.048004815743 -0.087727963147 -0.000806675149  0.163060932912 -0.048361303765  0.286730000126  0.071830369081
  0.755434782609  0.162450392858 -0.001073868795 -0.204381457391  0.055368307478  0.456719457340 -0.056663283552 -0.227380009053  0.000606333436 -0.067787416437  0.014291883274  0.456719457340  0.007692834171
  0.758152173913  0.298646746713 -0.000788824634  0.071140367886 -0.013811374252  0.216245421303 -0.016361405195  0.062698636002 -0.000280977951 -0.285182967928  0.077128711443  0.216245421303 -0.076628301610
  0.760869565217 -0.011614191584 -0.000093831119  0.407959801014 -0.110038220175  0.416966178175  0.105321652628  0.286494683242 -0.000030285710  0.061730133716 -0.009113219985  0.416966178175 -0.033148305619
  0.763586956522 -0.453883564954  0.002084420611  0.019292807461 -0.009797001869  0.136570748905  0.036589049574 -0.050817046124  0.000771015568  0.273137052012 -0.072815920931  0.136570748905  0.063713272070
  0.766304347826 -0.026686282801  0.000182414126 -0.479944807221  0.129643901752  0.290323342885 -0.118156045706 -0.214592461528 -0.000933125024 -0.013890953179 -0.004956665915  0.290323342885  0.053584126954
  0.769021739130  0.414705889129 -0.002388227398 -0.046196794357  0.015018636478  0.258095484805 -0.030379051985 -0.043356882543 -0.000142694190 -0.163761523319  0.043591803049  0.258095484805 -0.034683107346
  0.771739130435  0.082055883384  0.000102831533  0.335655787918 -0.089349284957  0.286830079852  0.067349199512  0.109171431513  0.000948537728 -0.126690941730  0.040679950147  0.286830079852 -0.071429954442
  0.774456521739 -0.212623711095  0.001309370036  0.160401512927 -0.045249015866  0.429540552396  0.049222276515  0.197683587847 -0.000539667902  0.080409173920 -0.019393010183  0.429540552396  0.000854269006
  0.777173913043 -0.249355900835  0.000418913013 -0.111289816058  0.026143135520  0.238759985036  0.004606916890 -0.066595149938  0.000029611211  0.268443525656 -0.076236265852  0.238759985036  0.080462463811
  0.779891304348  0.031837985336 -0.000038945129 -0.363540550248  0.102355350637  0.432669288461 -0.098984421004 -0.285057603648  0.000180125223 -0.063048931428  0.011166198313  0.432669288461  0.028344067938
  0.782608695652  0.426019905290 -0.001628604649 -0.015348572520  0.009133043025  0.146787384809 -0.038794413908  0.054882842946 -0.000712852936 -0.287874211204  0.080278031566  0.146787384809 -0.070872902273
  0.785326086957  0.031264225484 -0.000266021267  0.476686044131 -0.134750478156  0.302770004630  0.124232827597  0.236704200764  0.000779834459  0.025755879198  0.001387345089  0.302770004630 -0.052209392227
  0.788043478261 -0.432024912066  0.002212096049  0.049026311923 -0.016988205897  0.225244638322  0.035585667768  0.023604841276  0.000307578174  0.188917995127 -0.052543726691  0.225244638322  0.042226799591
  0.790760869565 -0.073526358310 -0.000053604012 -0.370385243106  0.103319533895  0.283444279023 -0.082162868765 -0.127044917146 -0.001008909454  0.101738021284 -0.035706732145  0.283444279023  0.072105199543
  0.793478260870  0.247851455006 -0.001432801059 -0.137174404460  0.040582609652  0.401387420189 -0.046297494621 -0.173894600132  0.000422572805 -0.089680213638  0.023085733662  0.401387420189 -0.006036662712
  0.796195652174  0.215371683236 -0.000207771639  0.139668304244 -0.035263973322  0.254703260568  0.004454356393  0.065955933414  0.000156369070 -0.252323304250  0.074604033454  0.254703260568 -0.082398230146
  0.798913043478 -0.043232087302  0.000140703361  0.326840593863 -0.094543393773  0.438482055792  0.091564259426  0.280127909960 -0.000293130209  0.058271922663 -0.010669919310  0.438482055792 -0.025851245233
  0.801630434783 -0.398096239374  0.001312075027  0.019221126149 -0.010892089423  0.156856191234  0.041874484730 -0.051295665339  0.000671088308  0.295030531235 -0.084118732179  0.156856191234  0.073763990158
  0.804347826087 -0.044173813606  0.000360515296 -0.464994719704  0.133870063859  0.313297910521 -0.123832950292 -0.250843427531 -0.000604360076 -0.029085323038 -0.000288584621  0.313297910521  0.050859391471
  0.807065217391  0.438316249323 -0.002100418704 -0.061249670550  0.021319328857  0.197985596290 -0.041539019347 -0.012057314410 -0.000453674905 -0.205023972542  0.057686167931  0.197985596290 -0.045351048777
  0.809782608696  0.075063058604 -0.000048673468  0.391475808897 -0.110852098382  0.279153935632  0.090830204508  0.137729452048  0.001017912382 -0.083349030141  0.031225892215  0.279153935632 -0.070803375692
  0.812500000000 -0.272448410706  0.001555484519  0.123223572689 -0.037087489415  0.371631928392  0.043507518282  0.154684983889 -0.000334284432  0.092426744215 -0.024265716234  0.371631928392  0.008450012329
  0.815217391304 -0.188531223426  0.000095391669 -0.159849821459  0.041514214645  0.269948880943 -0.011528399474 -0.060450592484 -0.000307740632  0.237402223049 -0.071197676696  0.269948880943  0.081606587909
  0.817934782609  0.049928712050 -0.000237385363 -0.292599139889  0.085000390865  0.439101832716 -0.081908913162 -0.274652586902  0.000429446833 -0.048518751460  0.008499963897  0.439101832716  0.024253778636
  0.820652173913  0.369120376065 -0.001069200148 -0.026671373481  0.013244926510  0.170394379056 -0.044652376429  0.043132796963 -0.000624931696 -0.299881308688  0.085705165701  0.170394379056 -0.074343586040
  0.823369565217  0.060672918636 -0.000455786853  0.448129672328 -0.129361435070  0.325628427335  0.119599133778  0.263042192940  0.000396141760  0.027526905928  0.000446173358  0.325628427335 -0.049301390989
  0.826086956522 -0.439077124751  0.001998777733  0.079023884539 -0.026809561387  0.175695918202  0.048173036211  0.004658112857  0.000588683548  0.220028880069 -0.061790076389  0.175695918202  0.047075733707
  0.828804347826 -0.083247698429  0.000184331794 -0.407980022051  0.116060018905  0.273473441718 -0.097220155537 -0.148674359324 -0.000988440976  0.067657513404 -0.027076182054  0.273473441718  0.068929594371
  0.831521739130  0.295758939515 -0.001673963380 -0.116286487564  0.035222457083  0.339542250531 -0.042231821589 -0.136237008135  0.000226830176 -0.096065491978  0.025459146283  0.339542250531 -0.010259768893
  0.834239130435  0.166653142211 -0.000035220371  0.182032402066 -0.048225188485  0.284068962651  0.019334774625  0.055639786702  0.000453470522 -0.221079687861  0.066982238332  0.284068962651 -0.080239987204
  0.836956521739 -0.060530166991  0.000360697288  0.259858378215 -0.075446695247  0.434201548743  0.072168866009  0.266690498911 -0.000539643651  0.038174628716 -0.006132080034  0.434201548743 -0.022835520756
  0.839673913043 -0.337938318157  0.000841277551  0.030253820895 -0.014334995954  0.188148420833  0.045889913890 -0.032964117105  0.000545702586  0.302065943317 -0.086309286754  0.188148420833  0.074490945035
  0.842391304348 -0.075687303760  0.000523173118 -0.425982699520  0.122946400497  0.339638399027 -0.113290322491 -0.273800306046 -0.000176339232 -0.022707391018 -0.001423965738  0.339638399027  0.047782296969
  0.845108695652  0.434201217740 -0.001866836671 -0.098806214657  0.032801356044  0.159360315382 -0.055253118542 -0.000536137752 -0.000702366178 -0.235360682010  0.065845562237  0.159360315382 -0.048566036651
  0.847826086957  0.096373039197 -0.000337330631  0.420303482100 -0.119876313608  0.267044612794  0.102116662294  0.161592281926  0.000920733036 -0.054287898107  0.023468977868  0.267044612794 -0.067032162193
  0.850543478261 -0.318401213532  0.001772250980  0.115981695483 -0.035263595019  0.306229171740  0.042978675744  0.118215520618 -0.000092993249  0.102562144840 -0.027334587129  0.306229171740  0.011980576718
  0.853260869565 -0.150211017369  0.000020577388 -0.207265935749  0.055820575347  0.295751142884 -0.028133667876 -0.053219924650 -0.000589020319  0.203155563968 -0.062307193000  0.295751142884  0.078782102431
  0.855978260870  0.076460884778 -0.000510657020 -0.229742577130  0.066614754694  0.423408587868 -0.063183353025 -0.255864335774  0.000608861027 -0.028786100669  0.003992566557  0.423408587868  0.021478594720
  0.858695652174  0.305452244098 -0.000627227549 -0.028023701227  0.013680810924  0.209560348681 -0.045199399254  0.021799821095 -0.000432281816 -0.301121257274  0.086084781248  0.209560348681 -0.074530319047
  0.861413043478  0.087225300073 -0.000552748060  0.399077648296 -0.115072696835  0.353924650261  0.105372005238  0.282595975810 -0.000043193499  0.015183663504  0.003087126179  0.353924650261 -0.046346482249
  0.864130434783 -0.423408459476  0.001701155489  0.118694656872 -0.038810071586  0.149841212387  0.062330168530 -0.000329733605  0.000786425167  0.250576679890 -0.069851571127  0.149841212387  0.050004137194
  0.866847826087 -0.113281190639  0.000496835414 -0.427491425861  0.122146126446  0.261180212780 -0.105324128841 -0.176303464477 -0.000815179107  0.043637914356 -0.020542468346  0.261180212780  0.065180496280
  0.869565217391  0.339156270974 -0.001840810918 -0.122052865492  0.037189154617  0.273232355824 -0.045756171419 -0.101171546996 -0.000060663684 -0.112111615703  0.029966727436  0.273232355824 -0.013689804654
  0.872282608696  0.139879153133 -0.000050526877  0.234488260749 -0.064005544983  0.303816084916  0.037586016377  0.053723472043  0.000705637936 -0.184134564529  0.057347439388  0.303816084916 -0.077283439144
  0.875000000000 -0.097364007189  0.000680075681  0.203615104935 -0.058956472531  0.406768808519  0.055444808506  0.242353777879 -0.000633166657  0.021129246926 -0.002277350929  0.406768808519 -0.020172386827
  0.877717391304 -0.273036029922  0.000435282889  0.019448888342 -0.011137258770  0.233630519308  0.042439525158 -0.010355995046  0.000289716763  0.296834494610 -0.085013241767  0.233630519308  0.074499506797
  0.880434782609 -0.094049209592  0.000540261374 -0.368372774617  0.106059386132  0.366808605966 -0.096182499027 -0.288892643778  0.000252688428 -0.005421473328 -0.005322093190  0.366808605966  0.045009387283
  0.883152173913  0.406763727296 -0.001506131935 -0.137075020795  0.044368763391  0.147681384325 -0.068914152803 -0.002033160252 -0.000834652305 -0.264997814177  0.073655377124  0.147681384325 -0.051425103671
  0.885869565217  0.132698597958 -0.000652511005  0.428696536540 -0.122634595385  0.257470917079  0.106585604885  0.192287029340  0.000674217243 -0.036110354253  0.018401188930  0.257470917079 -0.063382620413
  0.888586956522 -0.356644859433  0.001872705722  0.133941790468 -0.040841254262  0.242174262948  0.050403852552  0.085749621869  0.000224966244  0.124539708445 -0.033317772883  0.242174262948  0.015412127938
  0.891304347826 -0.136065759739  0.000122655665 -0.262230675391  0.072348400573  0.307367309069 -0.047228737757 -0.057409932092 -0.000795058034  0.164675841331 -0.052270740364  0.307367309069  0.075736171633
  0.894021739130  0.122372585519 -0.000859748765 -0.182712202917  0.052844006907  0.384767293894 -0.049355739833 -0.226530844379  0.000611989797 -0.015819298523  0.001139770182  0.384767293894  0.018915577908
  0.896739130435  0.242173354033 -0.000274043973 -0.004507484778  0.006698524612  0.259050967001 -0.037601504002 -0.000663498985 -0.000125267946 -0.289158683827  0.083085661220  0.259050967001 -0.074392366740
  0.899456521739  0.095241325957 -0.000484237487  0.335121752486 -0.096281465559  0.376655538308  0.086120184161  0.292239204273 -0.000442832309 -0.006025217989  0.007993405341  0.376655538308 -0.043787315736
  0.902173913043 -0.384694833123  0.001288843716  0.152415249476 -0.049025025657  0.153035246064  0.074521792118  0.007466981891  0.000842825647  0.277925597393 -0.077086508565  0.153035246064  0.052842080229
  0.904891304348 -0.153182095389  0.000794098319 -0.423379356846  0.121183220557  0.257356465854 -0.105726201533 -0.208908231423 -0.000502402721  0.031997651370 -0.017119609483  0.257356465854  0.061647581322
  0.907608695652  0.369599764968 -0.001863037746 -0.150748577686  0.045955407887  0.214600733807 -0.056645731736 -0.072563133019 -0.000389939453 -0.139500434279  0.037305388337  0.214600733807 -0.017171272205
  0.910326086957  0.138834186124 -0.000232331760  0.288901483698 -0.080378525385  0.305897504467  0.056558891183  0.064380550643  0.000850315304 -0.145499060399  0.047254979778  0.305897504467 -0.074127135956
  0.913043478261 -0.150311952494  0.001039489833  0.168036960459 -0.048576328991  0.358321327241  0.045242064488  0.208898701418 -0.000547124233  0.013373750152 -0.000709795032  0.358321327241 -0.017700823374
  0.915760869565 -0.214341117944  0.000150997035 -0.016422046517 -0.000475484433  0.284300037646  0.030797440312  0.010552729940 -0.000052373545  0.278202290414 -0.080327048346  0.284300037646  0.074190150638
  0.918478260870 -0.090196932248  0.000385677261 -0.300798711758  0.086176114562  0.382052533775 -0.075649846694 -0.292297445510  0.000604932488  0.018508077325 -0.010942223182  0.382052533775  0.042698426954
  0.921195652174  0.357978456961 -0.001058076298 -0.163315476700  0.052364054454  0.165627549264 -0.078706731077 -0.015671563652 -0.000808862410 -0.288691995813  0.079980078563  0.165627549264 -0.054259171104
  0.923913043478  0.173180607822 -0.000911829180  0.411364352442 -0.117740352707  0.261618757088  0.102682387947  0.225466158171  0.000306240767 -0.031455909338  0.016739304874  0.261618757088 -0.059994351306
  0.926630434783 -0.376962275077  0.001809082162  0.171265318705 -0.052175663707  0.191833265417  0.064108310744  0.062157716601  0.000545434142  0.156507756098 -0.041813294012  0.191833265417  0.018994102583
  0.929347826087 -0.147884480347  0.000372788004 -0.312893400378  0.087622012547  0.299379853862 -0.065067690535 -0.074583279277 -0.000866161734  0.127350660772 -0.042485448191  0.299379853862  0.072448782178
  0.932065217391  0.179770113345 -0.001208649458 -0.160295079049  0.046365133600  0.328756329788 -0.043338834739 -0.190071250873  0.000442540991 -0.014196360206  0.001090773026  0.328756329788  0.016512443884
  0.934782608696  0.190926388659 -0.000071950929  0.042576393681 -0.007308571390  0.307755353541 -0.022258564740 -0.018631044907  0.000233547233 -0.264229180547  0.076802231383  0.307755353541 -0.073868492992
  0.937500000000  0.078668946597 -0.000248048008  0.267025924690 -0.076227813802  0.381909596739  0.065286486685  0.288858951289 -0.000731223415 -0.031311631875  0.013992717617  0.381909596739 -0.041763026708
  0.940217391304 -0.327709062761  0.000823733710  0.168596489955 -0.054037303491  0.184778533284  0.081090728892  0.026220117462  0.000732898714  0.296685486420 -0.082189116073  0.184778533284  0.055672027602
  0.942934782609 -0.191126933432  0.000996863552 -0.392854979533  0.112376825966  0.269987040749 -0.097515654277 -0.241213293478 -0.000094066863  0.034511772320 -0.017271099588  0.269987040749  0.058459721742
  0.945652173913  0.377927045462 -0.001710101774 -0.194054159204  0.059081531742  0.174906189472 -0.072348141994 -0.055009893566 -0.000681519959 -0.174942609302  0.046698227099  0.174906189472 -0.020906892579
  0.948369565217  0.162586953431 -0.000535330310  0.332633766764 -0.093632674422  0.288332943477  0.072267275096  0.087798570243  0.000839382660 -0.111005366626  0.038159973535  0.288332943477 -0.070715643601
  0.951086956522 -0.209111487059  0.001356006471  0.159901312304 -0.046342617788  0.297797188219  0.043795210380  0.170778769618 -0.000304069972  0.018545612623 -0.002353530529  0.297797188219 -0.015334825632
  0.953804347826 -0.173211746741  0.000040760948 -0.072774197029  0.016318287920  0.327767696053  0.012342457025  0.024287155180 -0.000407923053  0.247664413122 -0.072635827479  0.327767696053  0.073416031687
  0.956521739130 -0.060854960901  0.000077463820 -0.235556984147  0.066985757398  0.375374229463 -0.055604378188 -0.281837825757  0.000814210385  0.043723500480 -0.016970753524  0.375374229463  0.041027445638
  0.959239130435  0.295279027624 -0.000595944521 -0.167433839167  0.053814855225  0.209568564664 -0.081424329627 -0.038645325159 -0.000617020112 -0.301319288995  0.083616803045  0.209568564664 -0.057077902372
  0.961956521739  0.205580544443 -0.001040928678  0.368370912575 -0.105339730280  0.280801107176  0.090446878228  0.255280830308 -0.000122632517 -0.041217607718  0.018735864678  0.280801107176 -0.057156396138
  0.964673913043 -0.371793979895  0.001564641214  0.217661667443 -0.066285897974  0.165084264959  0.080951800016  0.051720872566  0.000787797105  0.193962414765 -0.051814599900  0.165084264959  0.022921149776
  0.967391304348 -0.182214893995  0.000708653779 -0.346302315622  0.098039495059  0.273816909164 -0.077700123643 -0.103521571190 -0.000769335460  0.097529570496 -0.034580260992  0.273816909164  0.069066835945
  0.970108695652  0.236033321412 -0.001464633646 -0.167387523484  0.048729262220  0.267987220912 -0.046825750961 -0.152110265840  0.000138585532 -0.026426694675  0.004525666323  0.267987220912  0.014225740722
  0.972826086957  0.162844375792 -0.000059800937  0.104885812289 -0.026046919787  0.342338895529 -0.001648700700 -0.027102099735  0.000563072658 -0.229234601209  0.068172934137  0.342338895529 -0.072960761819
  0.975543478261  0.037957902373  0.000114111042  0.208825344075 -0.059365473258  0.360989955380  0.047479559164  0.271173187081 -0.000839424222 -0.055311595885  0.019801163473  0.360989955380 -0.040768087416
  0.978260869565 -0.262716725418  0.000383644727  0.159888878056 -0.051837011012  0.239059296483  0.079891209154  0.052887359151  0.000464679764  0.301627465136 -0.084405443373  0.239059296483  0.058555523065
  0.980978260870 -0.215633184157  0.001030778339 -0.338558923885  0.097435128098  0.289019825792 -0.082097612045 -0.265891423860  0.000316217867  0.052652654547 -0.021463646281  0.289019825792  0.056694571131
  0.983695652174  0.356870960136 -0.001355899410 -0.241342001308  0.073957196836  0.166935250472 -0.090057604993 -0.054377069589 -0.000846437962 -0.211569476209  0.057115781293  0.166935250472 -0.024930046519
  0.986413043478  0.206822860079 -0.000868434144  0.349657296652 -0.100652269068  0.263356161882  0.080795315060  0.119890165500  0.000663018354 -0.090207113197  0.032791032840  0.263356161882 -0.068397720486
  0.989130434783 -0.254350838797  0.001481564529  0.185328526072 -0.054782963215  0.230144803605  0.053538018496  0.137251996358  0.000044889662  0.036743318009 -0.007456232195  0.230144803605 -0.013800327267
  0.991847826087 -0.164767735341  0.000131284643 -0.131779360667  0.035092640506  0.000000000000 -0.007953810609  0.026813639084 -0.000666276820  0.211735540817 -0.064924529340  0.000000000000  0.073371825823
  0.994565217391 -0.020489472150 -0.000273591748 -0.190484405801  0.055190626556  0.007413663602 -0.042066770873 -0.262557897486  0.000809545491  0.069800441128 -0.023896090695  0.007413663602  0.042981568124
  0.997282608696  0.202256089929 -0.000173510897 -0.120079683119  0.040369296144  0.018221604891 -0.065812749579 -0.109813955003  0.000085801332 -0.259291586702  0.075246866661  0.018221604891 -0.054410045086
  1.000000000000  0.000000000000 -0.001272485192  0.613379245468 -0.189638596950  0.016880941132  0.204829102092  0.000000000000  0.002589950077  0.296191796973 -0.077409066722  0.016880941132 -0.000000000000
