             Rad         v_r[Re]         v_t[Re]         v_x[Re]         p[Re]          p_mg[Re]  p_no_phase[Re]         v_r[Im]         v_t[Im]         v_x[Im]         p[Im]          p_mg[Im]  p_no_phase[Im]
  0.000000000000  0.340135973260  0.000000000000  0.514341788346  0.000000000000  0.314203336973  0.000000000000  0.659864026740  0.000000000000 -0.317800149850 -0.000000000000  0.314203336973  0.000000000000
  0.031250000000  0.067473557597  0.310968124874 -0.358988476215  0.000000000000  0.240416140691 -0.000000000000  0.126492358179 -0.029378843173 -0.065763275925  0.000000000000  0.240416140691  0.000000000000
  0.062500000000 -0.035079576794 -0.062177415063 -0.155828251251 -0.000000000000  0.054064322606 -0.000000000000  0.048682508572  0.005361609820 -0.037024896154  0.000000000000  0.054064322606 -0.000000000000
  0.093750000000  0.000709032935  0.252184949143 -0.082762799419 -0.000000000000  0.457703619048  0.000000000000  0.314202536968  0.014841633940  0.014662183921 -0.000000000000  0.457703619048 -0.000000000000
  0.125000000000 -0.005985800720  0.071375085807  0.149412765259  0.000000000000  0.070557828276  0.000000000000 -0.240341612907 -0.003566151486 -0.001611177241 -0.000000000000  0.070557828276  0.000000000000
  0.156250000000  0.001049527396  0.032143451427  0.096835855569  0.000000000000  0.013754107451  0.000000000000  0.054054134634 -0.001887420253 -0.001120117048 -0.000000000000  0.013754107451  0.000000000000
  0.187500000000 -0.008776398844 -0.014408834748  0.085769883129  0.000000000000  0.057645284045  0.000000000000 -0.457619468241 -0.002826480405  0.001646079484 -0.000000000000  0.057645284045  0.000000000000
  0.218750000000  0.003964194015 -0.022893846854 -0.289625366078  0.000000000000  0.009157810523 -0.000000000000  0.070446378876  0.001089176617 -0.000610594651  0.000000000000  0.009157810523  0.000000000000
  0.250000000000 -0.009491337384 -0.002741822898  0.047549767549 -0.000000000000  0.087814003952 -0.000000000000 -0.009954395333  0.000713144425 -0.000456208109  0.000000000000  0.087814003952 -0.000000000000
  0.281250000000  0.006023893547  0.000037597808 -0.030697868969  0.000000000000  0.181595898370 -0.000000000000  0.057329673636  0.002534926196  0.004499733197  0.000000000000  0.181595898370  0.000000000000
  0.312500000000 -0.002972640580  0.004732566217  0.077417714306 -0.000000000000  0.060172540475 -0.000000000000  0.008661922509 -0.001359707977 -0.004151334072  0.000000000000  0.060172540475 -0.000000000000
  0.343750000000  0.001139158357  0.051841329373  0.110963380456 -0.000000000000  0.081105036731  0.000000000000 -0.087806614832  0.000124894258  0.004432607547 -0.000000000000  0.081105036731 -0.000000000000
  0.375000000000  0.003018587439 -0.003651779604 -0.009758319793 -0.000000000000  0.056963570080  0.000000000000 -0.181570808322  0.000311549386 -0.001042277542 -0.000000000000  0.056963570080 -0.000000000000
  0.406250000000 -0.000483654992 -0.014209204618 -0.055288998087  0.000000000000  0.027104036845 -0.000000000000 -0.060170596682 -0.000456496745 -0.002063204156  0.000000000000  0.027104036845  0.000000000000
  0.437500000000 -0.000531189425  0.007298349674  0.019195440602 -0.000000000000  0.004077030502 -0.000000000000 -0.081103297226 -0.000050972979 -0.000177736384  0.000000000000  0.004077030502 -0.000000000000
  0.468750000000 -0.001072692144 -0.005387810191 -0.059779487322  0.000000000000  0.006730938902  0.000000000000 -0.056953469147 -0.000248266122  0.000398783592 -0.000000000000  0.006730938902  0.000000000000
  0.500000000000  0.000160072058  0.003851261620 -0.035183481881 -0.000000000000  0.033105434794 -0.000000000000  0.027103564161 -0.000060557461  0.000452536861  0.000000000000  0.033105434794 -0.000000000000
  0.531250000000 -0.000399285950 -0.002089153814  0.028842842938  0.000000000000  0.048417527267  0.000000000000  0.004057431262 -0.000113746780 -0.000756663365 -0.000000000000  0.048417527267  0.000000000000
  0.562500000000 -0.000589760396 -0.003477090343 -0.016107705664 -0.000000000000  0.054304617570  0.000000000000 -0.006705051915  0.000097454960  0.001630810059 -0.000000000000  0.054304617570 -0.000000000000
  0.593750000000  0.002265675077 -0.000187161224 -0.041594439934 -0.000000000000  0.026759027594 -0.000000000000  0.033027814480 -0.000090429038  0.000911552037  0.000000000000  0.026759027594 -0.000000000000
  0.625000000000  0.000571520995  0.005789263480  0.051403772971  0.000000000000  0.118063010168 -0.000000000000  0.048414154029 -0.000043245770 -0.002120014140  0.000000000000  0.118063010168  0.000000000000
  0.656250000000 -0.000958256449 -0.008340139469  0.039265684957  0.000000000000  0.044243922523 -0.000000000000 -0.054296162240  0.000008476048 -0.000009744586  0.000000000000  0.044243922523  0.000000000000
  0.687500000000  0.000513771664 -0.000613817932  0.034614296785  0.000000000000  0.065543817290  0.000000000000 -0.026754094947 -0.000023233492  0.001520246851 -0.000000000000  0.065543817290  0.000000000000
  0.718750000000  0.001368225726  0.004541870322  0.014840352688 -0.000000000000  0.013591866243  0.000000000000 -0.118055081755  0.000044708518 -0.000053223757 -0.000000000000  0.013591866243 -0.000000000000
  0.750000000000  0.000485877473  0.007403788480 -0.031376674223  0.000000000000  0.055061503678  0.000000000000 -0.044241254540  0.000113988611 -0.000701125221 -0.000000000000  0.055061503678  0.000000000000
  0.781250000000  0.000151091519 -0.008819420191 -0.011383919286 -0.000000000000  0.032313121944  0.000000000000 -0.065543643142  0.000024770250 -0.000479495251 -0.000000000000  0.032313121944 -0.000000000000
  0.812500000000 -0.000330286603  0.005485895424 -0.000492235641 -0.000000000000  0.057072957450 -0.000000000000 -0.013587852616  0.000009615969  0.000515478873  0.000000000000  0.057072957450 -0.000000000000
  0.843750000000  0.000881348242 -0.001053700391 -0.017534315879  0.000000000000  0.065450025238 -0.000000000000 -0.055054449526 -0.000034997193  0.000037287669  0.000000000000  0.065450025238  0.000000000000
  0.875000000000 -0.000276870900  0.003940100014 -0.066814968637 -0.000000000000  0.140345696455 -0.000000000000  0.032311935756  0.000071841192 -0.000284838816  0.000000000000  0.140345696455 -0.000000000000
  0.906250000000  0.000535140230 -0.000688053457 -0.007420172505  0.000000000000  0.000000000000  0.000000000000  0.057070448544 -0.000082919447  0.000557971998 -0.000000000000  0.000000000000  0.000000000000
  0.937500000000  0.000280297378 -0.006797449909 -0.057536328014  0.000000000000  0.000000000000  0.000000000000  0.065449425032 -0.000044323797 -0.001214206098 -0.000000000000  0.000000000000  0.000000000000
  0.968750000000 -0.001345895184  0.069338010805 -0.051473555369  0.000000000000  0.312352831128 -0.000000000000  0.140339242836  0.002405563249 -0.001391996448  0.000000000000  0.312352831128  0.000000000000
  1.000000000000  0.000000000000  0.128890918864  0.407970202821 -0.000000000000  0.062408154946  0.000000000000  0.000000000000  0.001113071113  0.005157281178 -0.000000000000  0.062408154946  0.000000000000
