             Rad         v_r[Re]         v_t[Re]         v_x[Re]         p[Re]          p_mg[Re]  p_no_phase[Re]         v_r[Im]         v_t[Im]         v_x[Im]         p[Im]          p_mg[Im]  p_no_phase[Im]
  0.000000000000  0.068112632600  0.000000000000 -0.068698600340  0.015161306606  0.133967830798 -0.054095846885 -0.217393446073  0.000000000000  0.166280075508 -0.052239888357  0.133967830798 -0.005701798254
  0.003802281369  0.073856433547  0.399637012570  0.012180591901  0.003943484266  0.605532873565  0.067889589746 -0.425719675934  0.027670231231 -0.230512789604  0.069679886904  0.605532873565 -0.016181511401
  0.007604562738  0.039944235505  0.613293567510  0.072036885462  0.001708081415  0.474151422998  0.211497964201 -0.349477331582  0.072534932725 -0.708068206234  0.215178444103  0.474151422998 -0.039664738590
  0.011406844106  0.014991696223  0.524411267414  0.091833312818  0.002359394030  0.006150653911  0.271218832130  0.133126363779  0.061697594861 -0.908166687182  0.275968880386  0.006150653911 -0.051036602355
  0.015209125475 -0.077564522568  0.178684793374  0.095136392355 -0.014952720492  0.436297709277  0.128039245825  0.600544591022  0.044200059653 -0.413463793254  0.127400359243  0.436297709277 -0.007770901742
  0.019011406844 -0.080739231212 -0.100022789786 -0.040398141432  0.002611572678  0.394929948695 -0.087228909487  0.467226656426 -0.015657498568  0.288879397478 -0.088152174620  0.394929948695  0.012990132865
  0.022813688213  0.003049757972 -0.157854114970 -0.048944429060 -0.003322844092  0.131381750185 -0.162707902922 -0.005341303198 -0.016737302050  0.546634645132 -0.165899591492  0.131381750185  0.032555400118
  0.026615969582  0.012572786971 -0.072605335724 -0.049926493672  0.005315641066  0.366686277800 -0.089446573795 -0.436116516711 -0.013565439082  0.293716642190 -0.089920279227  0.366686277800  0.010640634032
  0.030418250951  0.087957869127  0.065195085958 -0.022054885925  0.016532068204  0.231171873486  0.085176265072 -0.385010490292 -0.003719824824 -0.300218995834  0.089499945925  0.231171873486 -0.032071069022
  0.034220532319  0.017502515215  0.086952518873  0.099387756086 -0.014938519414  0.134291952568  0.139759787313  0.130210699418  0.020587481053 -0.452626199160  0.139310432552  0.134291952568 -0.009887255944
  0.038022813688 -0.071723859724  0.013910370253  0.016292454579 -0.002243179291  0.390216006197  0.024718546798  0.359603273446  0.003055055306 -0.080432676829  0.024710612042  0.390216006197 -0.002153983523
  0.041825095057 -0.013357662128 -0.040257858643 -0.014582709043 -0.004044131110  0.118149823644 -0.075326199528  0.230785632034 -0.002958656863  0.255448188988 -0.077253187219  0.118149823644  0.017617423099
  0.045627376426 -0.041563596731 -0.054269472421 -0.023280624906 -0.005396680761  0.217549002716 -0.110940092970 -0.127698065574 -0.004253867086  0.375691164382 -0.113677813289  0.217549002716  0.025378439062
  0.049429657795  0.049469936540 -0.000097779535 -0.084627570814  0.025364105199  0.247466030471 -0.007850878707 -0.387067509449 -0.011300341859  0.002115154450 -0.003427406490  0.247466030471 -0.024360801533
  0.053231939163  0.078835913350  0.043348044119  0.059510010701 -0.006315500973  0.093637737768  0.106796203296 -0.088001588584  0.008085937518 -0.350717451866  0.107367386230  0.093637737768 -0.012736252976
  0.057034220532 -0.049938730089  0.022159574795  0.051129091870 -0.009019457182  0.284762338911  0.060166866738  0.211739679370  0.006278169319 -0.192396237426  0.059509223695  0.284762338911 -0.001626794282
  0.060836501901 -0.009398007590 -0.005872109251 -0.007465510315  0.000453460166  0.235432624435 -0.016376050578  0.247287512200 -0.000905778365  0.054268212396 -0.016555985655  0.235432624435  0.002476137030
  0.064638783270 -0.049094052251 -0.030948809093  0.022271803815 -0.016684007962  0.094448693296 -0.085920301101  0.079735813584  0.001768261485  0.302848639313 -0.090283100439  0.094448693296  0.032358865946
  0.068441064639 -0.017862646080 -0.018134116751 -0.097259757120  0.022972335852  0.189862337311 -0.063331255165 -0.284201540349 -0.009674524936  0.189703848168 -0.060221828383  0.189862337311 -0.011981191407
  0.072243346008  0.105053717757  0.020335279994 -0.006380576155  0.009259616190  0.190317774055  0.063997045059 -0.210694653548 -0.000250640332 -0.222563855318  0.066678621114  0.190317774055 -0.020884377639
  0.076045627376 -0.013509656391  0.019260493969  0.074517901753 -0.015031988789  0.152255750972  0.071104955905  0.093477509859  0.006781507979 -0.223216751759  0.069543545672  0.152255750972  0.002520055031
  0.079847908745 -0.012756955336  0.005247162262 -0.008559415665  0.004662699367  0.281312407295  0.017643235483  0.189433279071 -0.000621710165 -0.063363715494  0.018760903366  0.281312407295 -0.007901170937
  0.083650190114 -0.022521000187 -0.013290598363  0.050999543521 -0.020858668455  0.035504199096 -0.044263631886  0.188980580144  0.003806378518  0.167675163644 -0.048710527660  0.035504199096  0.029129545943
  0.087452471483 -0.077113601389 -0.021219796925 -0.060922699410  0.008998191396  0.118293379575 -0.087066122576 -0.131283305050 -0.004944082421  0.282265241978 -0.086841433728  0.118293379575  0.006472430758
  0.091254752852  0.086230788341  0.005615746189 -0.075667188980  0.025262474347  0.207838300442  0.015695362773 -0.267770277738 -0.005380403910 -0.076437312358  0.020476256562  0.207838300442 -0.028480261241
  0.095057034221  0.035347381827  0.015070386654  0.074067490465 -0.015057515840  0.104510765172  0.069652042405 -0.003333279383  0.005388414000 -0.218339472437  0.068062875001  0.104510765172  0.002806550457
  0.098859315589 -0.022380435412  0.007678466745 -0.000959997947  0.004083439220  0.259199662769  0.033278628629  0.116156961746  0.000061360490 -0.115038415180  0.034541854834  0.259199662769 -0.010116673751
  0.102661596958  0.013852943382 -0.001820600729  0.048715265861 -0.015549108650  0.119375515153 -0.003818323629  0.207376119865  0.003101832337  0.027533217553 -0.006667769960  0.119375515153  0.016481939834
  0.106463878327 -0.100332539222 -0.017313646354  0.004743932353 -0.010639569400  0.060495015635 -0.080592043007  0.029255454365  0.000011205028  0.279306035404 -0.083785845967  0.060495015635  0.025262442982
  0.110266159696  0.026973022897 -0.004192804246 -0.118703136804  0.033299318928  0.164109524900 -0.031035285138 -0.257792399453 -0.007172874026  0.072013281402 -0.025558610785  0.164109524900 -0.028264789097
  0.114068441065  0.080222130521  0.010743007085  0.040450820002 -0.006008055648  0.172303531480  0.057514498277 -0.088402055365  0.002515791840 -0.186399112550  0.057354596031  0.172303531480 -0.004210570804
  0.117870722433 -0.024991994717  0.007109828289  0.019633133697 -0.001699737125  0.188125277847  0.038607670997  0.055091261710  0.001215388352 -0.127341612623  0.038918777302  0.188125277847 -0.005196929208
  0.121673003802  0.036389047373  0.004048017944  0.022118199138 -0.004172787228  0.187450436545  0.023645448842  0.160024290013  0.001265802926 -0.075014246672  0.023274344223  0.187450436545 -0.000001145208
  0.125475285171 -0.078249318915 -0.010346368140  0.067771861537 -0.026822625925  0.013425825973 -0.050945180925  0.153510752229  0.003395455568  0.195661528351 -0.056568229727  0.013425825973  0.036386898968
  0.129277566540 -0.049355835468 -0.009758983289 -0.113766499020  0.027821861649  0.091532296067 -0.065722181981 -0.181535455684 -0.005967041856  0.193080588491 -0.061781199800  0.091532296067 -0.016479303080
  0.133079847909  0.098542032541  0.006112190919 -0.020116541961  0.010102009778  0.210930633295  0.033937238734 -0.159458878660 -0.000897721169 -0.122958891435  0.036290324447  0.210930633295 -0.016349375435
  0.136882129278 -0.008959675256  0.005987230112  0.042498356986 -0.008651783065  0.123684463375  0.039858501516  0.009998851052  0.002146765209 -0.124911783917  0.038942804140  0.123684463375  0.001641706844
  0.140684410646  0.034302772480  0.005684391634 -0.008694789816  0.006606963379  0.214715706407  0.034365801650  0.084861540308 -0.000314999519 -0.121068370060  0.036098933410  0.214715706407 -0.012875427582
  0.144486692015 -0.023734590453 -0.003175435271  0.099240295887 -0.032066129456  0.038488140018 -0.011209275075  0.209591033392  0.004480917184  0.067919703433 -0.017138746525  0.038488140018  0.034587937825
  0.148288973384 -0.109581661472 -0.011257716542 -0.059679960750  0.009557012082  0.022419150761 -0.078763992905 -0.057355958274 -0.002839906074  0.254003346847 -0.078306637835  0.022419150761  0.004415815962
  0.152091254753  0.075245507231  0.001268440017 -0.084536745927  0.026325616947  0.193944342471  0.000849388262 -0.201099349127 -0.003647427977 -0.027859351071  0.005584095833  0.193944342471 -0.026897932513
  0.155893536122  0.024928329656  0.005000307799  0.049307089502 -0.010894548528  0.148375865259  0.038713595916 -0.029324312483  0.002169002844 -0.118955849141  0.037377422358  0.148375865259  0.004125576449
  0.159695817490  0.013999083732  0.004891847618 -0.023904803973  0.011077479214  0.194604625503  0.032179899125  0.017511252825 -0.000907945068 -0.118016206028  0.034679886659  0.194604625503 -0.017025251152
  0.163498098859  0.035796959759  0.002207570919  0.087298994927 -0.024385030237  0.095096694296  0.023744191144  0.190612134054  0.003559794451 -0.056132536629  0.019749859114  0.095096694296  0.020515848059
  0.167300380228 -0.126369210607 -0.009311111221  0.021867602690 -0.014349043045  0.023828911998 -0.066496360297  0.077757443387  0.000710482495  0.235749506312 -0.070130531936  0.023828911998  0.026503218922
  0.171102661597  0.013640728805 -0.003143735831 -0.122563629124  0.034079580897  0.137946516457 -0.034705681250 -0.194125966282 -0.004778634151  0.083531493519 -0.029147633166  0.137946516457 -0.028399261298
  0.174904942966  0.061257559318  0.003923629265  0.027022239677 -0.004675361139  0.201920009464  0.032603272904 -0.072738522754  0.001083690786 -0.104457445078  0.032284947899  0.201920009464 -0.001097022578
  0.178707224335 -0.006806144386  0.003347001656 -0.016229081063  0.007859391198  0.144436869793  0.024825782603 -0.022836230985 -0.000544637422 -0.090393254606  0.026631323172  0.144436869793 -0.012436957909
  0.182509505703  0.073051956127  0.004891751709  0.041925754130 -0.008113770307  0.141391134579  0.043026321453  0.117015610534  0.001595925624 -0.136004299558  0.042257647852  0.141391134579  0.000527003562
  0.186311787072 -0.091735735037 -0.005204093249  0.095936612502 -0.033628903317  0.039733354248 -0.033958320829  0.179878417658  0.003313186918  0.145391379647 -0.040530985016  0.039733354248  0.040255388846
  0.190114068441 -0.063215765997 -0.006192311547 -0.112226629676  0.027781761196  0.079032138492 -0.061874668130 -0.129868303619 -0.003996884568  0.180267252484 -0.057879495677  0.079032138492 -0.017128564412
  0.193916349810  0.077646916724  0.002333996596 -0.021590945759  0.008740284230  0.217054231970  0.017944991764 -0.118162639022 -0.000696658530 -0.068247343067  0.019798735524  0.217054231970 -0.012097924093
  0.197718631179 -0.011335441854  0.002119999234  0.005171458952  0.000544379048  0.123794379713  0.018890858229 -0.038082111257  0.000207247340 -0.063616599200  0.019289863062  0.123794379713 -0.003940893410
  0.201520912548  0.074566912467  0.005055479142 -0.011862173551  0.008652575916  0.160230214858  0.043709428746  0.026188823566 -0.000305870218 -0.154222251247  0.045958479147  0.160230214858 -0.016629332946
  0.205323193916 -0.021062459988 -0.000598772272  0.130949551000 -0.039899574476  0.044493132682  0.006415596039  0.216029887737  0.004199149706  0.016494785008 -0.000637521356  0.044493132682  0.039385563400
  0.209125475285 -0.122036198088 -0.007145885648 -0.052370489857  0.008239213295  0.064746948353 -0.070411845726 -0.020789776443 -0.001769412816  0.227358090899 -0.070057573751  0.064746948353  0.004256789518
  0.212927756654  0.057898954920  0.000129364727 -0.076452781555  0.023073561172  0.186765368237 -0.005689846096 -0.149403590227 -0.002367442242 -0.002925979933 -0.001642676848  0.186765368237 -0.022421268113
  0.216730038023  0.005068804972  0.001501943487  0.021094243258 -0.004700691632  0.167832936474  0.016211836201 -0.044203462217  0.000666856761 -0.049682754416  0.015627465781  0.167832936474  0.001868302855
  0.220532319392  0.046228234343  0.003638897363 -0.048189844300  0.018469425667  0.144812465800  0.030923597049 -0.045333405680 -0.001382629511 -0.120845879566  0.034729191406  0.144812465800 -0.024309824469
  0.224334600760  0.054534872671  0.002992986017  0.113629060919 -0.030731566660  0.065280829851  0.039768432135  0.178626007164  0.003391610292 -0.103624327725  0.034891576021  0.065280829851  0.024089895644
  0.228136882129 -0.135073556465 -0.005882569033  0.034837317032 -0.017161349900  0.078255914081 -0.055843806338  0.099614401114  0.000911649744  0.202840954943 -0.059812381832  0.078255914081  0.027449995345
  0.231939163498  0.002985202816 -0.002286009205 -0.109132696707  0.030088733698  0.136170375145 -0.033155556768 -0.144781693647 -0.003142526861  0.082147032783 -0.028288485092  0.136170375145 -0.024622740297
  0.235741444867  0.031459437012  0.001186125515  0.014967454172 -0.003092141538  0.210902718719  0.013641444871 -0.057200442035  0.000438381900 -0.042626053402  0.013304539933  0.210902718719  0.000695056797
  0.239543726236  0.008120043387  0.001805982839 -0.053900979210  0.018333353057  0.113271486623  0.014150134273 -0.077833495258 -0.001455465320 -0.064689887635  0.017663728360  0.113271486623 -0.021163478777
  0.243346007605  0.103405168440  0.004687860816  0.054601796148 -0.010676677776  0.093535598494  0.055070318246  0.088598770912  0.001557360678 -0.173797594518  0.054034165872  0.093535598494  0.000970864613
  0.247148288973 -0.093978721572 -0.003008984086  0.113243805628 -0.037691468031  0.076606000468 -0.022466058300  0.188806664752  0.002974708689  0.110866394126 -0.029583947424  0.076606000468  0.042321778460
  0.250950570342 -0.066745580760 -0.004166315031 -0.097743856413  0.024095461257  0.109191133700 -0.054778381170 -0.091517523627 -0.002638504930  0.160068051985 -0.051331087181  0.109191133700 -0.014656081355
  0.254752851711  0.047552291847  0.000673698490 -0.015810636191  0.005601323914  0.214067522149  0.006116690277 -0.080546183806 -0.000398571157 -0.025754946170  0.007218798156  0.214067522149 -0.006787634085
  0.258555133080 -0.017878278207  0.000432009419 -0.034222130397  0.010825130384  0.120012057032  0.001820762256 -0.074490579780 -0.000866435837 -0.016370878017  0.003791156239  0.120012057032 -0.011324360391
  0.262357414449  0.108195498141  0.004436740342 -0.017924641433  0.011197451053  0.107845341058  0.049545601486 -0.014711827237 -0.000378397564 -0.176135090744  0.052344150191  0.107845341058 -0.020261449668
  0.266159695817 -0.014467680837  0.000360393877  0.149387363856 -0.044336597534  0.058777588320  0.017699831827  0.213578065939  0.003709943380 -0.016979431587  0.010031016484  0.058777588320  0.041869692211
  0.269961977186 -0.119980145488 -0.004804769126 -0.039704785310  0.005425910727  0.117238626422 -0.060597239322  0.002767403415 -0.001049110344  0.197249395166 -0.060590918064  0.117238626422  0.005354852526
  0.273764258555  0.036145450391 -0.000318601515 -0.056657656022  0.016561188268  0.179950793265 -0.008947669002 -0.101607696578 -0.001371007181  0.014145731039 -0.006120383134  0.179950793265 -0.015220751164
  0.277566539924 -0.020532465068 -0.000175099705 -0.007861928755  0.002115569531  0.169121839822 -0.002845878512 -0.055074701697 -0.000189785888  0.007494965501 -0.002511880711  0.169121839822 -0.001638949249
  0.281368821293  0.072839754245  0.002885047155 -0.072723830735  0.025875960808  0.099332478877  0.029116535687 -0.091865476252 -0.001658581833 -0.121849775437  0.034221566554  0.099332478877 -0.031510447707
  0.285171102662  0.070702041768  0.003047079203  0.128124149018 -0.034092550025  0.041798340831  0.049758128914  0.165479634053  0.003014826911 -0.133797294706  0.044437895985  0.041798340831  0.025712976759
  0.288973384030 -0.129482907624 -0.003910591974  0.044778680604 -0.019083889163  0.121990358745 -0.045629310089  0.108795097949  0.000958743242  0.170549887332 -0.049779709804  0.121990358745  0.027571369111
  0.292775665399 -0.005470080860 -0.001647518150 -0.082870774572  0.022449466259  0.142670437150 -0.028681430374 -0.099181750212 -0.001894896569  0.074463617868 -0.025112983379  0.142670437150 -0.017663975238
  0.296577946768 -0.004823152323 -0.000237728994  0.005188399454 -0.001909045720  0.205365716439 -0.002630712662 -0.041519134118  0.000111567873  0.010601624673 -0.003015044549  0.205365716439  0.002411285982
  0.300380228137  0.018595802744  0.000980581816 -0.090553594358  0.028638815256  0.084586266457  0.004773344695 -0.120564686982 -0.001973463033 -0.043164806520  0.009985495576  0.084586266457 -0.029951745218
  0.304182509506  0.126907040256  0.004261683490  0.059388666139 -0.011334951949  0.045546312795  0.062339813502  0.065187857535  0.001358097399 -0.197453451996  0.061301582973  0.045546312795  0.000335951284
  0.307984790875 -0.086067026611 -0.001785074811  0.120830901056 -0.038998149779  0.107084647560 -0.013258954615  0.186460570681  0.002559971372  0.081354849092 -0.020464293489  0.107084647560  0.041998132300
  0.311787072243 -0.061791475804 -0.002810859346 -0.073293075250  0.017605974546  0.141306789568 -0.045136596427 -0.057763742876 -0.001597275442  0.134030789651 -0.042699286063  0.141306789568 -0.009792192451
  0.315589353612  0.012188711909 -0.000227488003 -0.004022412536  0.000847759802  0.202910023145 -0.003518671841 -0.043885098966 -0.000087830918  0.010947267290 -0.003422772701  0.202910023145 -0.000230256641
  0.319391634981 -0.028158820909 -0.000472841737 -0.071955296559  0.020831480490  0.107424831736 -0.013132717569 -0.103316032387 -0.001494499616  0.024065745529 -0.009606377038  0.107424831736 -0.018808636007
  0.323193916350  0.133357316276  0.003862831156 -0.027094591032  0.014370594957  0.056115934590  0.052429078603 -0.046727240169 -0.000490146551 -0.188782510582  0.055842691258  0.056115934590 -0.024002330789
  0.326996197719 -0.004195918430  0.000787232283  0.154840793795 -0.045165128322  0.079538727188  0.025290679660  0.202866635406  0.003137851057 -0.041546842559  0.017594379592  0.079538727188  0.041350121304
  0.330798479087 -0.105567985159 -0.003229538046 -0.023121038064  0.001594680050  0.157556533397 -0.049044562560  0.019887055659 -0.000514026290  0.162302733638 -0.049541015666  0.157556533397  0.007175382982
  0.334600760456  0.012543553637 -0.000515944573 -0.027976180006  0.007529676770  0.170493015063 -0.010113206869 -0.054696045351 -0.000560211008  0.026623214787 -0.008924199583  0.170493015063 -0.005836130335
  0.338403041825 -0.049537813259 -0.001114728155 -0.034361833290  0.008422412995  0.156273731628 -0.019682294659 -0.062228724719 -0.000688324612  0.057737308701 -0.018485848322  0.156273731628 -0.005027017586
  0.342205323194  0.091635937468  0.002322988021 -0.096177653108  0.032827990265  0.055756039469  0.026260141478 -0.128167531693 -0.001816832469 -0.118916690772  0.032566358521  0.055756039469 -0.038061130064
  0.346007604563  0.083827349459  0.002871617046  0.130318571696 -0.034127564833  0.050365936173  0.055435660756  0.148461589874  0.002532487952 -0.152728083672  0.050199725551  0.050365936173  0.024730358740
  0.349809885932 -0.111364508249 -0.002578263344  0.051307930319 -0.019901889126  0.155633873754 -0.035011561491  0.109633140516  0.000925840052  0.135862024544 -0.039139267348  0.155633873754  0.026498264119
  0.353612167300 -0.010917643176 -0.001142858548 -0.047154256291  0.012125633447  0.148605442849 -0.022019362494 -0.054676695262 -0.000898705610  0.062023700881 -0.020196076457  0.148605442849 -0.008370195104
  0.357414448669 -0.043998889279 -0.001069783773 -0.000813556883 -0.001667713822  0.188158075915 -0.016879678324 -0.024511737366 -0.000032499226  0.057966581890 -0.017448053032  0.188158075915  0.004721470499
  0.361216730038  0.023269948247  0.000444219877 -0.123335666503  0.037802998209  0.055701068831 -0.004079296870 -0.153884411713 -0.002246082702 -0.022305708435  0.002635099285  0.055701068831 -0.037674524003
  0.365019011407  0.142311362095  0.003775124398  0.055796966718 -0.009849129138  0.025704118615  0.065605061448  0.042790815168  0.001070466120 -0.209772279988  0.064885386420  0.025704118615 -0.001759155497
  0.368821292776 -0.069215685216 -0.000986997849  0.118724034116 -0.037437339348  0.131702406260 -0.005284581161  0.174964712020  0.002108237303  0.053235343099 -0.012082788891  0.131702406260  0.038982321208
  0.372623574144 -0.049063061553 -0.001807117840 -0.041839883273  0.009185091439  0.165389269051 -0.033374244986 -0.026370913141 -0.000770536902  0.102746190901 -0.032259458342  0.165389269051 -0.003346390429
  0.376425855513 -0.024738114196 -0.000754767145  0.013136555201 -0.005361535902  0.184306912720 -0.011302364394 -0.006980502833  0.000217976540  0.042848199021 -0.012444199679  0.184306912720  0.007474003744
  0.380228136882 -0.041827652981 -0.001023552211 -0.104516748634  0.029409107839  0.086717906611 -0.026539955573 -0.124883831062 -0.001830765030  0.060695604308 -0.021689223174  0.086717906611 -0.025118693914
  0.384030418251  0.148181486120  0.003313542164 -0.039043007234  0.018075407087  0.012966033856  0.052408052784 -0.073456500656 -0.000616805284 -0.192233665978  0.056485739837  0.012966033856 -0.027762477369
  0.387832699620  0.008832238853  0.000988315233  0.147315597467 -0.042278174416  0.102693626280  0.030144399126  0.184095164612  0.002522891823 -0.060503237726  0.023043271052  0.102693626280  0.037546658627
  0.391634980989 -0.080424851482 -0.002061854022 -0.004617674791 -0.002652168367  0.186104389283 -0.035909732846  0.032432061161 -0.000111497452  0.122466411240 -0.036958254884  0.186104389283  0.009134423245
  0.395437262357 -0.010173972974 -0.000580587054  0.007167928178 -0.003298307229  0.156905408396 -0.009444337342 -0.008037929327  0.000110139749  0.034680946563 -0.010186517164  0.156905408396  0.005044646141
  0.399239543726 -0.079767598642 -0.001680727926 -0.055461242729  0.013283307567  0.132483797026 -0.034499896020 -0.064676974925 -0.000944231951  0.102610773988 -0.032668105862  0.132483797026 -0.007308117070
  0.403041825095  0.100820904170  0.001840133080 -0.116934588251  0.038788629451  0.016567207625  0.022044376484 -0.156428862403 -0.001884628499 -0.110500734758  0.029352299878  0.016567207625 -0.043360820429
  0.406844106464  0.092897131146  0.002606195499  0.120174715795 -0.030750838344  0.082817409030  0.057452455174  0.126449318736  0.001991933565 -0.162674116420  0.052854267083  0.082817409030  0.020938075418
  0.410646387833 -0.082624671352 -0.001592212469  0.053474066125 -0.019311401334  0.179591755953 -0.023912460978  0.103562156014  0.000833359296  0.098227598830 -0.027757199725  0.179591755953  0.023907876694
  0.414448669202 -0.012237298282 -0.000713735854 -0.005310467757  0.000114105953  0.149620612074 -0.013481341912 -0.011167851147 -0.000096221132  0.044921870244 -0.013675954673  0.149620612074  0.002301776848
  0.418250950570 -0.082662805781 -0.001570319643 -0.001703359070 -0.002772930696  0.161662721112 -0.029022471288 -0.005058041016 -0.000052531519  0.099576389832 -0.029982773738  0.161662721112  0.008021971452
  0.422053231939  0.021289241195  0.000041664670 -0.149508235024  0.044940394051  0.029215388866 -0.012721604850 -0.178325452517 -0.002337100163 -0.000222725519 -0.004865085730  0.029215388866 -0.043375901681
  0.425855513308  0.148307589802  0.003268071078  0.044070088438 -0.006262396099  0.067062908655  0.065150266095  0.019778431808  0.000736339509 -0.211662327082  0.065066569323  0.067062908655 -0.005321548277
  0.429657794677 -0.045193858873 -0.000420664573  0.106781235787 -0.032938079799  0.150214470186  0.001693612309  0.155217107683  0.001633257033  0.025650308075 -0.004186384348  0.150214470186  0.033159834018
  0.433460076046 -0.029104480258 -0.001011682441 -0.006606814062 -0.000210575521  0.179248330771 -0.019871396744  0.002543260793 -0.000117116843  0.066574513392 -0.020226181396  0.179248330771  0.003777611329
  0.437262357414 -0.059652415712 -0.001052267038  0.034938378624 -0.012782097416  0.159286180402 -0.017070650578  0.030643482456  0.000510119423  0.069168573763 -0.019635292021  0.159286180402  0.016047417112
  0.441064638783 -0.058190083839 -0.001385712773 -0.128799631241  0.035583944854  0.061458590780 -0.038489842287 -0.138485743657 -0.001949801182  0.094741451324 -0.032722377167  0.061458590780 -0.029248985273
  0.444866920152  0.151219126704  0.002774542009 -0.052828895236  0.022020178363  0.047980470665  0.049484729864 -0.096243128602 -0.000738366785 -0.186218658371  0.054223222724  0.047980470665 -0.031245922103
  0.448669201521  0.023118362158  0.001068367373  0.127174346848 -0.035755586373  0.124976657579  0.032547957282  0.157599583115  0.001888046714 -0.074731246224  0.026654915926  0.124976657579  0.030488964834
  0.452471482890 -0.046331562068 -0.001145928926  0.013461334909 -0.006630901276  0.203114587266 -0.021575365405  0.040380004172  0.000177615862  0.078368556480 -0.023108736382  0.203114587266  0.010605949110
  0.456273764259 -0.029340458649 -0.000552069547  0.046245726634 -0.015133192242  0.138600909127 -0.006897780369  0.037963970439  0.000659866517  0.037423882939 -0.009721765982  0.138600909127  0.016611648540
  0.460076045627 -0.108933193425 -0.002023008677 -0.068721618532  0.015962796398  0.101634697824 -0.047112824481 -0.061259483427 -0.001018807154  0.142193602948 -0.045001724719  0.101634697824 -0.007768388888
  0.463878326996  0.099293358325  0.001392250651 -0.133154922711  0.043175651327  0.031431977056  0.016368814097 -0.177190193162 -0.001871599231 -0.095713062034  0.024372947011  0.031431977056 -0.046799992934
  0.467680608365  0.096634880872  0.002294554926  0.098389376833 -0.024151218831  0.118814799895  0.056048895888  0.099357494986  0.001425855480 -0.164258823394  0.052611871810  0.118814799895  0.014484878186
  0.471482889734 -0.045629830058 -0.000828213994  0.050164734029 -0.017001863845  0.193939207901 -0.012635867534  0.090815914964  0.000688633064  0.058366372881 -0.015886518329  0.193939207901  0.019539183464
  0.475285171103 -0.008394454926 -0.000325032702  0.039152992154 -0.012518313763  0.143851174836 -0.003256294307  0.030290300562  0.000538336338  0.022775190050 -0.005553240622  0.143851174836  0.013302000160
  0.479087452471 -0.117496887905 -0.001852684211  0.003393040152 -0.005455900839  0.128751527874 -0.038707597981  0.017647606259  0.000016471120  0.134476748505 -0.040303569017  0.128751527874  0.012484646090
  0.482889733840  0.012489697262 -0.000289133330 -0.166551084058  0.049267227634  0.027877312928 -0.021169704812 -0.193536621402 -0.002280897391  0.023882974979 -0.012672002164  0.027877312928 -0.046256707144
  0.486692015209  0.143793643425  0.002750916046  0.025255730116 -0.000882474665  0.112706076612  0.061127904877 -0.004067998563  0.000387404079 -0.203340411388  0.061944855777  0.112706076612 -0.010065940792
  0.490494296578 -0.016345313232 -0.000008250280  0.085072307720 -0.025541925893  0.162161636410  0.007500708421  0.127709775136  0.001144482142 -0.000776500259  0.003039759894  0.162161636410  0.024604257593
  0.494296577947 -0.002675596707 -0.000352500016  0.028965491329 -0.009560845157  0.182527281274 -0.005044190612  0.027748617233  0.000380963377  0.025936071024 -0.006839276840  0.182527281274  0.010617985161
  0.498098859316 -0.089182473649 -0.001184911275  0.060294264804 -0.021039294215  0.129375588479 -0.020499906347  0.068914048635  0.000779493766  0.088471341258 -0.024600077599  0.129375588479  0.025051338462
  0.501901140684 -0.076081416316 -0.001630217123 -0.142239925633  0.038580938522  0.043162903396 -0.048802354505 -0.143206195447 -0.001896924703  0.126338653657 -0.042661939459  0.043162903396 -0.030444376992
  0.505703422053  0.141643585139  0.002240327939 -0.066951806132  0.025750249367  0.092623972823  0.043754762982 -0.115122991615 -0.000837119055 -0.170624838924  0.049070781824  0.092623972823 -0.034007906254
  0.509505703422  0.036741549724  0.001065091429  0.095378430742 -0.025900178434  0.143951774392  0.032461560902  0.124048786443  0.001252799178 -0.083810129056  0.028334580350  0.143951774392  0.020491821548
  0.513307984791 -0.005466724528 -0.000406576906  0.028644959801 -0.009636983802  0.208980338793 -0.006587774539  0.042815314462  0.000361635893  0.031164313160 -0.008421140990  0.208980338793  0.010972160180
  0.517110266160 -0.042561394972 -0.000447277735  0.086459915032 -0.027094434053  0.115756514993 -0.002362479430  0.082266202049  0.001096104297  0.033644125148 -0.007259203620  0.115756514993  0.027950368240
  0.520912547529 -0.134586586343 -0.002210839594 -0.072380083537  0.015955754634  0.071200273742 -0.057153283083 -0.051074104273 -0.000953099923  0.175737397554 -0.055203627810  0.071200273742 -0.005960609215
  0.524714828897  0.086774857486  0.000964738869 -0.142880792485  0.045395301699  0.068012031540  0.009353952374 -0.190112877287 -0.001781273265 -0.074391802500  0.017644238268  0.068012031540 -0.047797030613
  0.528517110266  0.093712989907  0.001949953255  0.066478699756 -0.014790691629  0.151805532782  0.051299046118  0.067951793840  0.000861955094 -0.157290477979  0.049464933471  0.151805532782  0.005826840442
  0.532319391635 -0.003266087330 -0.000229361511  0.040382488382 -0.012725214414  0.198860692796 -0.001721652401  0.071125323581  0.000496894174  0.017845841953 -0.004031220564  0.198860692796  0.013236983574
  0.536121673004  0.001306530053  0.000042563290  0.082541311043 -0.024648297801  0.131074591857  0.008453133716  0.067999480979  0.001016742638 -0.004807171886  0.004167640385  0.131074591857  0.023525567820
  0.539923954373 -0.145314612456 -0.001973203510  0.014714768499 -0.009741329759  0.094048794213 -0.045500014834  0.043915637192  0.000147619832  0.161238009370 -0.047972885393  0.094048794213  0.018056574661
  0.543726235741 -0.002532197014 -0.000570931811 -0.172290964066  0.050135136197  0.055637541260 -0.029195686904 -0.198844570249 -0.002100491666  0.049866391573 -0.020670379605  0.055637541260 -0.045699106563
  0.547528517110  0.128065171659  0.002227134010  0.001168563026  0.005746528000  0.153815089111  0.053704355446 -0.027925981420  0.000050470294 -0.184845098649  0.055591699221  0.153815089111 -0.015469383065
  0.551330798479  0.014507985128  0.000282408993  0.054106641462 -0.015453488560  0.167148100680  0.011727374114  0.092923054516  0.000652269581 -0.024483348597  0.009143086125  0.167148100680  0.013596875706
  0.555133079848  0.029042075752  0.000207684738  0.061359039007 -0.017831248360  0.175939210333  0.010605856260  0.047456230713  0.000732829290 -0.018477222757  0.007577255732  0.175939210333  0.016213699007
  0.558935361217 -0.110299882011 -0.001187568335  0.087628903465 -0.029607540721  0.097017031394 -0.021266467390  0.107205492707  0.001015244089  0.099175835540 -0.026915471554  0.097017031394  0.033893752245
  0.562737642586 -0.093850347816 -0.001787283509 -0.142958844598  0.037858794836  0.055128197130 -0.057111506611 -0.138313411410 -0.001705728117  0.154779241928 -0.051233159675  0.055128197130 -0.028220574219
  0.566539923954  0.119382426113  0.001712494493 -0.079462602376  0.028689763211  0.132309939824  0.035472181759 -0.129237928132 -0.000897653983 -0.145753370368  0.041183227013  0.132309939824 -0.035508942839
  0.570342205323  0.047544506760  0.000991159300  0.053606426589 -0.013255428072  0.157816678719  0.029685923831  0.084568458998  0.000636472180 -0.086557661636  0.027782333224  0.157816678719  0.008143116051
  0.574144486692  0.039503155308  0.000193721951  0.038563958907 -0.011013065720  0.204589299375  0.008369566090  0.038452813154  0.000446432848 -0.017488187212  0.006528040956  0.204589299375  0.009687791221
  0.577946768061 -0.047912240495 -0.000277317509  0.124718351313 -0.038216879185  0.089565067127  0.004212224115  0.123330196574  0.001419595430  0.022255094960 -0.002574275535  0.089565067127  0.038071169107
  0.581749049430 -0.154168078182 -0.002278301021 -0.065491312829  0.013020396584  0.060316163300 -0.064168384729 -0.033738816687 -0.000780161725  0.201959240868 -0.062857063969  0.060316163300 -0.001720354409
  0.585551330798  0.063877663087  0.000558065236 -0.144181477441  0.044888322439  0.101333267203  0.001349504772 -0.194361584623 -0.001615871642 -0.047173498620  0.009421170634  0.101333267203 -0.045846469705
  0.589353612167  0.082956457802  0.001575966941  0.026775316866 -0.003388586013  0.178931129722  0.043241677695  0.033765771996  0.000325569877 -0.141214870636  0.043323840106  0.178931129722 -0.004312185856
  0.593155893536  0.041107612604  0.000230827972  0.023478778382 -0.006359048654  0.194871406990  0.008137288776  0.044138461020  0.000264994808 -0.021135930678  0.007126695364  0.194871406990  0.005001181657
  0.596958174905  0.017029530471  0.000397040834  0.121066743797 -0.035134939282  0.112747182908  0.021345354033  0.099892072428  0.001344889502 -0.037902272290  0.015384895601  0.112747182908  0.031867457261
  0.600760456274 -0.163178509397 -0.001963611450  0.031755462123 -0.015424939190  0.067949039382 -0.048985055111  0.073410648101  0.000316757164  0.178280939794 -0.052532806046  0.067949039382  0.024455854840
  0.604562737643 -0.022413815057 -0.000807506717 -0.165056652117  0.047076053278  0.087745270597 -0.036355967292 -0.193578113837 -0.001814955128  0.076690759575 -0.028493499076  0.087745270597 -0.041307117112
  0.608365019011  0.100982130301  0.001700205545 -0.025710868912  0.012884988566  0.187997326771  0.043143419592 -0.050145155434 -0.000251129512 -0.156354534245  0.046142468221  0.187997326771 -0.020827761516
  0.612167300380  0.044224095110  0.000464153097  0.014998152526 -0.003078749016  0.165011720410  0.013842907532  0.051587802480  0.000169269455 -0.043311707667  0.013511618427  0.165011720410  0.000645320910
  0.615969581749  0.064324171459  0.000686687615  0.087172663861 -0.024036905744  0.161433313091  0.026459942582  0.059679422569  0.000945175836 -0.065534567953  0.022571368209  0.161433313091  0.019675135048
  0.619771863118 -0.120492071836 -0.001083449430  0.114840521125 -0.037809613697  0.067176681324 -0.019149581689  0.144307503261  0.001205138109  0.099901007853 -0.026235748900  0.067176681324  0.041847042063
  0.623574144487 -0.109414842278 -0.001867733032 -0.129908559160  0.033149217609  0.089292520327 -0.062917879803 -0.123520282391 -0.001405364641  0.178650072119 -0.057976766904  0.089292520327 -0.022394564739
  0.627376425856  0.085216697066  0.001198156607 -0.088125017293  0.030195981236  0.165222684313  0.025086217722 -0.137108822170 -0.000907419313 -0.112493857661  0.030901689871  0.165222684313 -0.035176603021
  0.631178707224  0.053348025985  0.000850249362  0.004306884724  0.001391231049  0.165400345549  0.023977289383  0.040825171613  0.000058922366 -0.081411201219  0.024609313079  0.165400345549 -0.005713440989
  0.634980988593  0.085418025946  0.000672951510  0.041188105251 -0.010219874499  0.191597274281  0.022499844512  0.026017590778  0.000439066426 -0.065440009323  0.021025996963  0.191597274281  0.006347864210
  0.638783269962 -0.044125746346 -0.000053616679  0.157693822831 -0.047479394036  0.063559090753  0.012727942868  0.159221399068  0.001628296510  0.002614848619  0.004416188261  0.063559090753  0.045954271261
  0.642585551331 -0.165122468600 -0.002243041126 -0.048040924608  0.007205548290  0.084339722398 -0.067689678525 -0.009583562548 -0.000530030777  0.219248006345 -0.067477352499  0.084339722398  0.004818759964
  0.646387832700  0.032126563309  0.000181177364 -0.135337648282  0.041186848704  0.129533665262 -0.007067961163 -0.188884619389 -0.001378796063 -0.015539298403  0.000205604527  0.129533665262 -0.040576381115
  0.650190114068  0.063551589649  0.001174499606 -0.017636640626  0.009109232352  0.198617494558  0.031973839153 -0.000976458116 -0.000159823486 -0.115457126936  0.034117559829  0.198617494558 -0.014988649457
  0.653992395437  0.083775288268  0.000564352302 -0.000637495274  0.002036659152  0.182962487383  0.016165253287  0.009741142122  0.000002787072 -0.055930940843  0.016788395874  0.182962487383 -0.004968179010
  0.657794676806  0.038259948833  0.000737795416  0.151009318582 -0.042876206087  0.093105146269  0.034961888293  0.123754380737  0.001527076904 -0.076026173703  0.027830367403  0.093105146269  0.037290277087
  0.661596958175 -0.168565907453 -0.001844937022  0.053210854741 -0.022066280030  0.069717478308 -0.048848200191  0.105044961749  0.000500636289  0.184136343547 -0.053584805834  0.069717478308  0.031178605946
  0.665399239544 -0.045080328089 -0.000992894466 -0.143853568285  0.039852714372  0.118667451822 -0.042023569360 -0.177321842447 -0.001442959344  0.102487371560 -0.035546931719  0.118667451822 -0.032952129153
  0.669201520913  0.063121134640  0.001176060051 -0.052394248119  0.019653380310  0.213888220109  0.029863989800 -0.068441877703 -0.000497479326 -0.118431920168  0.033865006443  0.213888220109 -0.025322640703
  0.673003802281  0.069546397219  0.000542142792 -0.030416389855  0.010949237759  0.155982361948  0.013292028992  0.004881128499 -0.000289403542 -0.054805122149  0.015467688225  0.155982361948 -0.013507670111
  0.676806083650  0.100848489909  0.001090462583  0.103350464801 -0.027314980889  0.142855553637  0.041768117618  0.062542355289  0.001025568257 -0.113551099111  0.037535883912  0.142855553637  0.020260185404
  0.680608365019 -0.117949921700 -0.000892085368  0.139335549300 -0.044836468608  0.052422118724 -0.014111054479  0.178426418090  0.001336473020  0.089750291692 -0.022377013921  0.052422118724  0.048082406457
  0.684410646388 -0.120383371129 -0.001872985246 -0.103009022417  0.024493251511  0.128769276930 -0.065642325172 -0.099188412601 -0.001023862996  0.195977660718 -0.062297011890  0.128769276930 -0.013111910847
  0.688212927757  0.040846891953  0.000708706274 -0.090625462511  0.029626342853  0.190234307868  0.013258564665 -0.136891346048 -0.000857448722 -0.072445740670  0.018783185726  0.190234307868 -0.032476741214
  0.692015209125  0.052189198857  0.000644249280 -0.049306463450  0.017021090535  0.166305174446  0.015145841749 -0.004936198358 -0.000459687126 -0.066768453940  0.018439983770  0.166305174446 -0.020008848097
  0.695817490494  0.128688115962  0.001038525243  0.035062757999 -0.006905707256  0.172783599919  0.034927271106  0.004571158632  0.000349516519 -0.110100133994  0.034246038733  0.172783599919  0.000752126800
  0.699619771863 -0.030757734849  0.000209718295  0.181955894885 -0.053853153137  0.048615704898  0.022872366963  0.187731333658  0.001719792502 -0.025211325659  0.013579401887  0.048615704898  0.050610444455
  0.703422053232 -0.165071931596 -0.002115340422 -0.021018407202 -0.001134363355  0.124921920489 -0.067300292486  0.020215549629 -0.000231751264  0.225874380666 -0.068577408948  0.124921920489  0.013221892055
  0.707224334601 -0.006070636138 -0.000152147337 -0.115057392049  0.033979206118  0.151504229098 -0.015114614148 -0.172676923119 -0.001076136957  0.018188891181 -0.009262018572  0.151504229098 -0.031810688072
  0.711026615970  0.035254997073  0.000749319480 -0.063047176838  0.021578083521  0.210268631728  0.017727704750 -0.033474945020 -0.000572933017 -0.079723757753  0.021880274206  0.210268631728 -0.025101565133
  0.714828897338  0.120838595975  0.000776743501 -0.031322330960  0.012172892791  0.164766626483  0.021578063288 -0.031678382872 -0.000276483165 -0.083645173767  0.024105361352  0.164766626483 -0.016236839271
  0.718631178707  0.063709658285  0.001057570397  0.168929224046 -0.046878751910  0.081688964898  0.048652958324  0.137457669397  0.001568609521 -0.117952654984  0.041022055039  0.081688964898  0.038901362786
  0.722433460076 -0.159567265007 -0.001634295241  0.076991773915 -0.029000880002  0.098458655594 -0.044946420620  0.136934967875  0.000676619002  0.177694900141 -0.050864409009  0.098458655594  0.037524104495
  0.726235741445 -0.067861781721 -0.001116461694 -0.108544394410  0.028509246393  0.146271164995 -0.045436039723 -0.150142664771 -0.001004600579  0.124667541463 -0.041048146670  0.146271164995 -0.020815709675
  0.730038022814  0.015904757693  0.000663891143 -0.075599560812  0.025103197130  0.230880098445  0.014479632506 -0.080125686698 -0.000672561221 -0.072225143407  0.019212566703  0.230880098445 -0.028100417576
  0.733840304183  0.087347798577  0.000519805241 -0.079511489040  0.025760716894  0.140910201498  0.009589930980 -0.045436427514 -0.000706554183 -0.056517546802  0.014362774358  0.140910201498 -0.027891522833
  0.737642585551  0.135708136523  0.001417526724  0.107430004732 -0.027000861032  0.127138234042  0.055656557058  0.054576143052  0.000984296144 -0.160239779184  0.051702227517  0.127138234042  0.017450343353
  0.741444866920 -0.101753673042 -0.000633096226  0.158138444866 -0.049788563196  0.065605170912 -0.006358981345  0.207248184263  0.001397209096  0.068563761486 -0.015389360883  0.065605170912  0.051723271453
  0.745247148289 -0.124238765064 -0.001800586087 -0.063259073865  0.012268313927  0.167487606249 -0.064691369458 -0.066486195120 -0.000589597868  0.204420959278 -0.063523268432  0.167487606249 -0.000862482809
  0.749049429658 -0.011085888690  0.000258671953 -0.084825032574  0.026416300166  0.206715475713  0.000860264990 -0.126653991754 -0.000743116124 -0.027981874939  0.005611408938  0.206715475713 -0.026992013057
  0.752851711027  0.042573296245  0.000376912183 -0.103323149727  0.032415739826  0.161196589281  0.003146573375 -0.049915457498 -0.000899562566 -0.041320999053  0.009010113630  0.161196589281 -0.033497185137
  0.756653992395  0.165426181112  0.001292453844  0.019530178017 -0.000969351598  0.152630354289  0.044747592420 -0.026196886259  0.000191454546 -0.148544378632  0.045287637824  0.152630354289 -0.007040082018
  0.760456273764 -0.008315872179  0.000495168348  0.194168634141 -0.056367820858  0.060543526271  0.034076763929  0.206548140077  0.001693131784 -0.060246043867  0.024511576597  0.060543526271  0.051155867461
  0.764258555133 -0.152035358342 -0.001903116596  0.013565656560 -0.011342062669  0.168166732526 -0.062706106469  0.053568556167  0.000086048437  0.220231211086 -0.065740547054  0.168166732526  0.022768533639
  0.768060836502 -0.047513656364 -0.000425812045 -0.082710873160  0.023178014171  0.166472783408 -0.021840713882 -0.145046466725 -0.000717634685  0.050921805479 -0.018032477124  0.166472783408 -0.019630939592
  0.771863117871 -0.001410911952  0.000307694787 -0.105309895722  0.032780460004  0.214367248135  0.000933887110 -0.060527084027 -0.000895371672 -0.034276855611  0.006827534831  0.214367248135 -0.033470907440
  0.775665399240  0.148445489769  0.000871697495 -0.067064624590  0.023500115303  0.142860673101  0.023666376589 -0.079018899611 -0.000556349869 -0.101386958158  0.028258380731  0.142860673101 -0.028119283774
  0.779467680608  0.091285782561  0.001344127430  0.171918837326 -0.046337131747  0.090846663723  0.061568524608  0.139212404324  0.001477523350 -0.161607984552  0.054240803860  0.090846663723  0.036034863112
  0.783269961977 -0.135101013681 -0.001348519284  0.100312021692 -0.035374879750  0.135670007986 -0.037372961412  0.166436273617  0.000823145287  0.158456481692 -0.044313219619  0.135670007986  0.042641591264
  0.787072243346 -0.087676719481 -0.001166233555 -0.060017240424  0.013415621825  0.169161664886 -0.045763334749 -0.112791687548 -0.000522284114  0.140107105681 -0.044087508349  0.169161664886 -0.005422591083
  0.790874524715 -0.038308478782  0.000176178382 -0.092017800791  0.028302015209  0.239182937912 -0.002181085844 -0.082374612370 -0.000764960728 -0.019615519216  0.002859716005  0.239182937912 -0.028362385391
  0.794676806084  0.094903731380  0.000402230768 -0.128872873289  0.040260079297  0.121724327492  0.002417751263 -0.096951703632 -0.001063658038 -0.046342554056  0.009676444354  0.121724327492 -0.041335965443
  0.798479087452  0.165500046166  0.001662033056  0.097793730317 -0.022702625907  0.124310220586  0.067158669767  0.035005765040  0.000835417487 -0.202744520331  0.064158673064  0.124310220586  0.011020781619
  0.802281368821 -0.072038371408 -0.000327945629  0.168077943705 -0.051738906451  0.093899396322  0.003606007089  0.228076633685  0.001377221161  0.037132526337 -0.005615163508  0.093899396322  0.051917638764
  0.806083650190 -0.118579334389 -0.001647729248 -0.012802387078 -0.002800321912  0.202603726977 -0.059536142217 -0.027490968685 -0.000131732921  0.201524072026 -0.060988160375  0.202603726977  0.013522029384
  0.809885931559 -0.067038440476 -0.000135487794 -0.069041964480  0.020163941052  0.214577693886 -0.011054793943 -0.104684661918 -0.000564807644  0.017759562324 -0.007615017522  0.214577693886 -0.018503095457
  0.813688212928  0.023723613361  0.000055816417 -0.153277039790  0.046210197738  0.152311467585 -0.011838415593 -0.090853105609 -0.001242242282 -0.004379686223 -0.003740083645  0.152311467585 -0.044824351829
  0.817490494297  0.191648886334  0.001434781846 -0.005083537639  0.007389663895  0.137911312961  0.051096213452 -0.065718905588 -0.000017597752 -0.177695176455  0.053236622962  0.137911312961 -0.016670996602
  0.821292775665  0.021666449736  0.000781957599  0.191346724549 -0.054192936728  0.090713534220  0.045499092231  0.213481033511  0.001550324038 -0.100466066199  0.036506169522  0.090713534220  0.046897840149
  0.825095057034 -0.124680370835 -0.001614965934  0.052733508367 -0.022482554556  0.208745317797 -0.053809596169  0.087484788884  0.000395398268  0.201104044095 -0.058700007446  0.208745317797  0.032491283349
  0.828897338403 -0.088370217389 -0.000623468435 -0.038564619264  0.008985429148  0.174067931679 -0.026196088435 -0.105878396858 -0.000317225300  0.078959516748 -0.025002591057  0.174067931679 -0.004430851751
  0.832699619772 -0.044995494821 -0.000138989278 -0.140096485385  0.041450264020  0.212723076729 -0.017732155070 -0.078767701099 -0.001112582086  0.019830827823 -0.010581481748  0.212723076729 -0.038931514482
  0.836501901141  0.163065808482  0.000854058919 -0.105418649770  0.035197704476  0.121364055620  0.021886977401 -0.130323251212 -0.000817727268 -0.106561853757  0.028548404055  0.121364055620 -0.039684379732
  0.840304182510  0.118136882994  0.001581901416  0.157879179625 -0.040717362008  0.120490015227  0.072677758360  0.127841001700  0.001265765748 -0.204056537940  0.066535102641  0.120490015227  0.028333141234
  0.844106463878 -0.095125326309 -0.001006140674  0.119858575986 -0.040204022026  0.172125413112 -0.026511680691  0.190268966644  0.000920644767  0.126767723273 -0.034144705987  0.172125413112  0.045599946502
  0.847908745247 -0.101281882578 -0.001131408717 -0.000318951867 -0.004700971168  0.186538462450 -0.042195649120 -0.066867138850 -0.000020966681  0.145409970727 -0.043711880381  0.186538462450  0.012343209132
  0.851711026616 -0.096192915676 -0.000271815591 -0.098623590773  0.028429535551  0.239947816540 -0.019077527323 -0.072558712386 -0.000768618612  0.036700703325 -0.014283415734  0.239947816540 -0.025461783283
  0.855513307985  0.090179050795  0.000198227455 -0.174378045769  0.053161344861  0.102478179810 -0.008285200453 -0.146611379629 -0.001341912212 -0.022855115579  0.001116415895  0.102478179810 -0.052523617786
  0.859315589354  0.186495265926  0.001816240017  0.073903056514 -0.014367300152  0.141152553316  0.075271151842  0.004014194888  0.000597237576 -0.237764443222  0.073895410764  0.141152553316  0.001097609191
  0.863117870722 -0.030117544775 -0.000000536412  0.166047081101 -0.049816439264  0.124278183065  0.014966967454  0.238050179918  0.001269591635 -0.002642595345  0.006271814746  0.124278183065  0.047927060899
  0.866920152091 -0.101406481545 -0.001413726135  0.045072186089 -0.019649594204  0.232497446265 -0.049801814819  0.014781841488  0.000320015086  0.185024568511 -0.054120232917  0.232497446265  0.028894383609
  0.870722433460 -0.122678121707 -0.000456737660 -0.042346385777  0.010715457098  0.214347349583 -0.021302473814 -0.069814910743 -0.000328415689  0.060969510138 -0.019720647582  0.214347349583 -0.007066085995
  0.874524714829 -0.004191619606 -0.000306673173 -0.194366797244  0.056969072825  0.144178737367 -0.029331721495 -0.124207476068 -0.001471759576  0.043825187448 -0.019583006854  0.144178737367 -0.052617673173
  0.878326996198  0.203544560870  0.001466139424 -0.037338227442  0.017640217413  0.136384039293  0.053232179869 -0.112359575739 -0.000256592709 -0.194572768820  0.057244969127  0.136384039293 -0.027468141312
  0.882129277567  0.056629607364  0.001046810622  0.171157302069 -0.046730079133  0.125984746537  0.056037062524  0.206731405072  0.001297571233 -0.142758323580  0.048550624944  0.125984746537  0.037426075160
  0.885931558935 -0.082588751307 -0.001262075487  0.092678579772 -0.033394136452  0.244062866214 -0.040780878331  0.118180397979  0.000669756114  0.167956916679 -0.047420284613  0.244062866214  0.041240413488
  0.889733840304 -0.124411559134 -0.000730407999  0.016008862359 -0.008052002277  0.174473747856 -0.027119656620 -0.055878172194  0.000106809591  0.098238318683 -0.028996335069  0.174473747856  0.013044018280
  0.893536121673 -0.093013494395 -0.000575304382 -0.163212113877  0.046393357932  0.208768102440 -0.037326439584 -0.084974385672 -0.001214840589  0.080581222312 -0.029601886438  0.208768102440 -0.040439488731
  0.897338403042  0.161801400585  0.000731866110 -0.143020674846  0.046189860285  0.106629967739  0.015957293373 -0.182721070031 -0.001039880337 -0.097203476637  0.024495420187  0.106629967739 -0.049788488544
  0.901140684411  0.140788180386  0.001753747446  0.125800265214 -0.029838213697  0.161012742516  0.080819061510  0.103052302034  0.000949938440 -0.241590606003  0.076757322682  0.161012742516  0.015820394392
  0.904942965779 -0.040823126750 -0.000628335116  0.132046685478 -0.042457042858  0.203997461704 -0.013074354146  0.204737863911  0.000952703451  0.084025889541 -0.020897055429  0.203997461704  0.045479101547
  0.908745247148 -0.105581428739 -0.001004412370  0.067271378129 -0.024745188276  0.198381219894 -0.034047745226 -0.014916833632  0.000472123764  0.137246195070 -0.039028657390  0.198381219894  0.031245983511
  0.912547528517 -0.153503190198 -0.000662968636 -0.093014185213  0.024879303613  0.235410494349 -0.034987415590 -0.048599113689 -0.000683497353  0.093217310241 -0.031083812171  0.235410494349 -0.019001680917
  0.916349809886  0.072108296894 -0.000078487898 -0.211369787803  0.063051324487  0.091046118331 -0.022239426911 -0.190828084675 -0.001523537709  0.014354414627 -0.011286791840  0.091046118331 -0.060068869477
  0.920152091255  0.194892856019  0.001872683047  0.036490539530 -0.002331395749  0.174440992447  0.079033830415 -0.037038940042  0.000292308457 -0.261772530936  0.079876600472  0.174440992447 -0.011805098862
  0.923954372624  0.021457775930  0.000322985891  0.149327681809 -0.043306183413  0.151748457450  0.026595300230  0.234430511457  0.001071862322 -0.047671439186  0.019253191154  0.151748457450  0.039227552779
  0.927756653992 -0.071441217346 -0.001101794238  0.106015299796 -0.036915574615  0.256503790736 -0.035361199377  0.056440660231  0.000736119464  0.153201216418 -0.042545666272  0.256503790736  0.043846082451
  0.931558935361 -0.173080988555 -0.000688979753 -0.004842827743 -0.001756277901  0.207267802884 -0.028648172562 -0.021740083868 -0.000045564042  0.097359840650 -0.029420180146  0.207267802884  0.006921973762
  0.935361216730 -0.039880306229 -0.000693169689 -0.221757040648  0.063285291974  0.143754928064 -0.048514138719 -0.146414328239 -0.001575926884  0.101894722997 -0.037938721340  0.143754928064 -0.055594542012
  0.939163498099  0.197798219092  0.001389748833 -0.074629832495  0.028914956626  0.151356564269  0.050633332644 -0.163309703281 -0.000501712682 -0.196608632683  0.056626638615  0.151356564269 -0.038456683983
  0.942965779468  0.093077545498  0.001265170715  0.132247845838 -0.033709290303  0.161189430313  0.064374808025  0.185193176539  0.000946216774 -0.182984154878  0.059356496654  0.161189430313  0.022702291505
  0.946768060837 -0.026510210115 -0.000859342451  0.128997090159 -0.042767116979  0.272784017988 -0.024118028165  0.141289377175  0.000885131488  0.121208649587 -0.032172523762  0.272784017988  0.047774661667
  0.950570342205 -0.151322048724 -0.000735349455  0.078374470310 -0.027007348010  0.168689659470 -0.023650169707  0.003232200038  0.000532108319  0.104666412542 -0.028870891828  0.168689659470  0.031679563039
  0.954372623574 -0.141918911949 -0.000982408748 -0.170960290517  0.046600167083  0.207587970757 -0.056641750533 -0.076426794226 -0.001198228814  0.144901580225 -0.049188257950  0.207587970757 -0.037185647619
  0.958174904943  0.142711659175  0.000517732282 -0.175707261482  0.055192568845  0.105660150362  0.005945588017 -0.232474735843 -0.001201724020 -0.072319398355  0.015938510512  0.105660150362 -0.057139353831
  0.961977186312  0.155372713758  0.001842797864  0.076019119557 -0.013942088348  0.205430193056  0.084780755318  0.065692625396  0.000551618042 -0.269932543880  0.083632983024  0.205430193056 -0.001039809890
  0.965779467681  0.025266650308 -0.000239099928  0.133355276724 -0.041161172025  0.229351529531  0.001886713662  0.206044563105  0.000907345017  0.032821276100 -0.005464906892  0.229351529531  0.041479484102
  0.969581749049 -0.097981554480 -0.000782591848  0.138254086682 -0.045270159869  0.205734914531 -0.020873301232  0.039543423678  0.000928235832  0.112749741549 -0.029324919859  0.205734914531  0.049735737603
  0.973384030418 -0.205217761988 -0.000979578892 -0.073753966387  0.017358657665  0.229031201232 -0.048567822998 -0.009339934887 -0.000516046409  0.145726831687 -0.046229606176  0.229031201232 -0.008925584146
  0.977186311787  0.040842507873 -0.000408780113 -0.234929602908  0.068481609218  0.097868093660 -0.038762402811 -0.225685652289 -0.001593274121  0.064382965957 -0.027099518098  0.097868093660 -0.062622606226
  0.980988593156  0.187144507944  0.001826145886 -0.012317036512  0.012652252372  0.220966457817  0.077629476866 -0.085462203362 -0.000053026232 -0.271323517717  0.081136964672  0.220966457817 -0.026775937851
  0.984790874525  0.078865044846  0.000615158701  0.115976212439 -0.031763850355  0.161979630873  0.037095659005  0.215024640075  0.000787246534 -0.093715566107  0.031991035844  0.161979630873  0.025617975072
  0.988593155894 -0.028933452080 -0.000718478214  0.165023220070 -0.053058379248  0.000000000000 -0.016325162860  0.093493417455  0.001089885922  0.104960689392 -0.026100938001  0.000000000000  0.056832557839
  0.992395437262 -0.216689718692 -0.000797183608  0.044695447082 -0.017364241002  0.000000000000 -0.030739101299  0.043263625520  0.000284200517  0.119179160930 -0.034343551796  0.000000000000  0.023153921198
  0.996197718631 -0.106909024714 -0.000855498264 -0.203601297642  0.056819162197  0.400593788659 -0.055836900642 -0.121687555866 -0.001362755938  0.132500174136 -0.046537924024  0.400593788659 -0.047712012030
  1.000000000000  0.000000000000  0.003418111939  0.153524359698 -0.028966748213  0.617568066220  0.164098179499  0.000000000000  0.001069014967 -0.520587516883  0.161521329900  0.617568066220  0.000000000000
