             Rad         v_r[Re]         v_t[Re]         v_x[Re]         p[Re]          p_mg[Re]  p_no_phase[Re]         v_r[Im]         v_t[Im]         v_x[Im]         p[Im]          p_mg[Im]  p_no_phase[Im]
  0.100000000000  0.000000238147 -0.000005909169  0.000012179674  0.000001839346  0.000004334556  0.000003600904 -0.000000026587  0.000010161998 -0.000020638857 -0.000003122621  0.000004334556  0.000000409205
  0.114285714286  0.000003427626  0.000000034537 -0.000002346338 -0.000000302748  0.000005004134 -0.000000613227  0.000001910312 -0.000000040906  0.000004160478  0.000000536451  0.000005004134 -0.000000058203
  0.128571428571  0.000001528501 -0.000000630945  0.000000581581  0.000000077234  0.000007005420  0.000000144251  0.000000842942  0.000001095289 -0.000000925562 -0.000000123510  0.000007005420  0.000000020280
  0.142857142857  0.000003756252  0.000000213436 -0.000003648902 -0.000000446901  0.000014166121 -0.000000886653  0.000002163088 -0.000000358198  0.000006299863  0.000000771560  0.000014166121 -0.000000094187
  0.157142857143 -0.000004316707  0.000000434241  0.000002423983  0.000000287232  0.000013180075  0.000000564586 -0.000002531284 -0.000000739794 -0.000004136102 -0.000000490113  0.000013180075  0.000000062890
  0.171428571429  0.000006055899 -0.000000086522 -0.000005421765 -0.000000625147  0.000031259681 -0.000001235407  0.000003521647  0.000000151413  0.000009314119  0.000001073945  0.000031259681 -0.000000133931
  0.185714285714 -0.000012236552  0.000001948290  0.000004970978  0.000000556712  0.000023907077  0.000001098221 -0.000007137633 -0.000003340464 -0.000008520683 -0.000000954251  0.000023907077  0.000000120136
  0.200000000000  0.000011387949 -0.000000471587 -0.000010336254 -0.000001132550  0.000066628500 -0.000002236104  0.000006635435  0.000000810058  0.000017736518  0.000001943400  0.000066628500 -0.000000243540
  0.214285714286 -0.000027005781  0.000004925843  0.000009150009  0.000000976309  0.000040214085  0.000001927020 -0.000015743426 -0.000008449830 -0.000015694794 -0.000001674639  0.000040214085  0.000000210211
  0.228571428571  0.000020654611 -0.000000800839 -0.000021138398 -0.000002216685  0.000142629818 -0.000004375930  0.000012038910  0.000001374161  0.000036265267  0.000003802969  0.000142629818 -0.000000476976
  0.242857142857 -0.000057562785  0.000011413851  0.000016017938  0.000001637111  0.000059524322  0.000003231605 -0.000033554176 -0.000019580781 -0.000027478479 -0.000002808433  0.000059524322  0.000000352352
  0.257142857143  0.000034742566 -0.000000353389 -0.000044366721 -0.000004475281  0.000309784978 -0.000008834370  0.000020251587  0.000000606186  0.000076113604  0.000007677595  0.000309784978 -0.000000963069
  0.271428571429 -0.000123223538  0.000026085686  0.000026145654  0.000002557478  0.000074641389  0.000005048456 -0.000071827744 -0.000044751238 -0.000044853224 -0.000004387387  0.000074641389  0.000000550408
  0.285714285714  0.000051425219  0.000003442586 -0.000095427980 -0.000009248420  0.000698170769 -0.000018256660  0.000029976521 -0.000005906330  0.000163711337  0.000015866113  0.000698170769 -0.000001990266
  0.300000000000 -0.000267635694  0.000060632349  0.000044203814  0.000003473899  0.000124878890  0.000006857446 -0.000156005986 -0.000104017937 -0.000075832205 -0.000005959493  0.000124878890  0.000000747646
  0.314285714286  0.000064485081  0.000016873753 -0.000222404088 -0.000019249977  0.001648064622 -0.000038000039  0.000037590041 -0.000028948842  0.000381544720  0.000033024272  0.001648064622 -0.000004142606
  0.328571428571 -0.000603177924  0.000166118059  0.000119502861  0.000003897626  0.000081492228  0.000007693762 -0.000351594674 -0.000284984271 -0.000205009234 -0.000006686271  0.000081492228  0.000000838892
  0.342857142857  0.000107886388  0.000039162880 -0.000523499072 -0.000036009539  0.003583766391 -0.000071083946  0.000062890893 -0.000067189128  0.000898087876  0.000061776141  0.003583766391 -0.000007749263
  0.357142857143 -0.001423829839  0.000456177312  0.000085390957  0.000003777343  0.000892522437  0.000007456102 -0.000829955172 -0.000782596308 -0.000146484340 -0.000006479682  0.000892522437  0.000000813104
  0.371428571429 -0.000070407941  0.000156752227 -0.001020296356 -0.000065756855  0.007645341493 -0.000129806124 -0.000041032976 -0.000268924120  0.001750369704  0.000112809188  0.007645341493 -0.000014150871
  0.385714285714 -0.003096161821  0.001023802159 -0.000038781057 -0.000003299238  0.003343004146 -0.000006513733 -0.001804761348 -0.001756387978  0.000066547006  0.000005661029  0.003343004146 -0.000000709580
  0.400000000000 -0.000771093849  0.000504905803 -0.002066563484 -0.000128327840  0.016445514278 -0.000253323397 -0.000449455867 -0.000866208452  0.003545296527  0.000220153029  0.016445514278 -0.000027616071
  0.414285714286 -0.006605123456  0.002229433792 -0.000487858919 -0.000031321439  0.010156068012 -0.000061831377 -0.003850141643 -0.003824716780  0.000836979929  0.000053735538  0.010156068012 -0.000006739543
  0.428571428571 -0.002888172954  0.001441200345 -0.004332178162 -0.000260181285  0.035900228748 -0.000513606801 -0.001683488553 -0.002472489158  0.007432082000  0.000446354795  0.035900228748 -0.000055990697
  0.442857142857 -0.014207955737  0.004878732101 -0.001886865895 -0.000114556486  0.028127577875 -0.000226141961 -0.008281843615 -0.008369739520  0.003237084300  0.000196531582  0.028127577875 -0.000024650848
  0.457142857143 -0.008774273883  0.003873808387 -0.009291292833 -0.000540478356  0.079426413549 -0.001066923533 -0.005114473119 -0.006645795696  0.015939719782  0.000927220030  0.079426413549 -0.000116309984
  0.471428571429 -0.031015688777  0.010801394953 -0.005796187765 -0.000338025146  0.073201180529 -0.000667280368 -0.018079089409 -0.018530411399  0.009943805077  0.000579907851  0.073201180529 -0.000072739433
  0.485714285714 -0.024300631694  0.010032055997 -0.020285217191 -0.001144309082  0.173817575613 -0.002258908187 -0.014164742722 -0.017210680489  0.034800421917  0.001963125905  0.173817575613 -0.000246252712
  0.500000000000 -0.068619766324  0.024202782284 -0.015961198819 -0.000904837059  0.162244277628 -0.001786194060 -0.039998535461 -0.041521278570  0.027382575172  0.001552311953  0.162244277628 -0.000194713331
  0.514285714286 -0.063241637283  0.025279252230 -0.044225286485 -0.002444280070  0.341158158852 -0.004825100982 -0.036863371313 -0.043368242489  0.075870983296  0.004193300973  0.341158158852 -0.000526002493
  0.528571428571 -0.150168215166  0.055445468559 -0.032132147830 -0.002204267047  0.274881719203 -0.004351328572 -0.087533175114 -0.095119953581  0.055124993303  0.003781569492  0.274881719203 -0.000474342382
  0.542857142857 -0.140169760494  0.063748850046 -0.080228323358 -0.004784017393  0.606932256811 -0.009443832846 -0.081704613493 -0.109365360282  0.137636037019  0.008207255353  0.606932256811 -0.001029506688
  0.557142857143 -0.294740664899  0.154251577367 -0.029358165482 -0.003493667187  0.357581991626 -0.006896664187 -0.171804626848 -0.264627543720  0.050366627215  0.005993620697  0.357581991626 -0.000751812857
  0.571428571429 -0.237482130098  0.155758969926 -0.132115639425 -0.004620986164  0.548977433442 -0.009121995770 -0.138427589144 -0.267215188932  0.226651341240  0.007927558065  0.548977433442 -0.000994426052
  0.585714285714 -0.524353837178  0.340972164484 -0.019968975364 -0.001019685460  0.083422862012 -0.002012910148 -0.305646556983 -0.584957105252  0.034258461849  0.001749342005  0.083422862012 -0.000219427944
  0.600000000000 -0.308930407640  0.203259825713  0.026777824027  0.000547772036  0.062124494050  0.001081341798 -0.180074662211 -0.348706193769 -0.045939787916 -0.000939754938  0.062124494050  0.000117870534
  0.614285714286 -0.474284059104  0.311232000042  0.128673712545  0.002962392186  0.318990563417  0.005847895071 -0.276461305988 -0.533935077238 -0.220748062058 -0.005082174927  0.318990563417  0.000637489361
  0.628571428571 -0.072072702464  0.031870519981  0.230414226017  0.005363891548  0.402561385318  0.010588538869 -0.042010706561 -0.054676773830 -0.395289503241 -0.009202076105  0.402561385318  0.001154288438
  0.642857142857 -0.053671405851  0.025367204841  0.162484270108  0.003670950714  0.330518261132  0.007246625435 -0.031286306187 -0.043516345169 -0.278752492766 -0.006297757224  0.330518261132  0.000789965184
  0.657142857143  0.275589271362 -0.213686558932  0.227861464640  0.005087819416  0.352059845727  0.010043524520  0.160641006780  0.366592072014 -0.390908247826 -0.008728417603  0.352059845727  0.001094895191
  0.671428571429  0.347789772546 -0.250658836347 -0.031749798304 -0.000587266198  0.168688736602 -0.001159275824  0.202726276199  0.430021308032  0.054468124302  0.001007477729  0.168688736602 -0.000126382466
  0.685714285714  0.285548533470 -0.211526771080 -0.001420087863  0.000045383101  0.073387558290  0.000089529745  0.166446255515  0.362886766065  0.002439329873 -0.000077793558  0.073387558290  0.000009792257
  0.700000000000  0.304158694182 -0.211936086625 -0.258129086314 -0.005102549542  0.505541223067 -0.010072625812  0.177295300915  0.363586624632  0.442835247535  0.008753713661  0.505541223067 -0.001098054618
  0.714285714286 -0.145737233821  0.124666706779 -0.178735386163 -0.003517530702  0.118015853301 -0.006943771629 -0.084950270950 -0.213873309987  0.306632680627  0.006034559871  0.118015853301 -0.000756948237
  0.728571428571 -0.063403354721  0.060737358334 -0.156524888051 -0.002958106285  0.089078276714 -0.005839390847 -0.036956032281 -0.104202660008  0.268525981347  0.005074774385  0.089078276714 -0.000636586516
  0.742857142857 -0.436757742713  0.368249052733 -0.030746970363 -0.001123786958  0.003522544376 -0.002218361045 -0.254587121434 -0.631750947267  0.052746020846  0.001927879960  0.003522544376 -0.000241852311
  0.757142857143 -0.101958975967  0.081343969319  0.337577490161  0.004449079611  0.000287166536  0.008782666545 -0.059431547600 -0.139551518760 -0.579135233739 -0.007632665392  0.000287166536  0.000957422961
  0.771428571429  0.076959308163 -0.164143111349  0.020862200304  0.000844212690  0.003824552384  0.001666551416  0.044857599908  0.281609934384 -0.035789288171 -0.001448342604  0.003824552384  0.000181652806
  0.785714285714 -0.003042043801 -0.013130476025 -0.060688663215  0.000137782131  0.001077885053  0.000271853377 -0.001776031642  0.022484870578  0.104035861241 -0.000236226636  0.001077885053  0.000029709936
  0.800000000000 -0.000234996246 -0.001178137455  0.010642946201 -0.000081321649  0.000444964282 -0.000159090850 -0.000165049639  0.001855303908 -0.018079562646  0.000137934160  0.000444964282 -0.000018142339
  0.814285714286  0.003257246483  0.005176254372 -0.000158877196  0.000003966722  0.000186079780  0.000010536640  0.002004381773 -0.008433128180  0.000616441119 -0.000009767801  0.000186079780 -0.000000352176
  0.828571428571 -0.000964608388 -0.000960521979 -0.002861277455  0.000028505005  0.001877672963  0.000047266770 -0.000481006078  0.002031873638  0.003938000520 -0.000039045475  0.001877672963  0.000010145783
  0.842857142857 -0.000065791537 -0.001006685606  0.000721420346 -0.000007909697  0.002813112138 -0.000018922952 -0.000440073501  0.000237194756 -0.001610403320  0.000017192053  0.002813112138 -0.000000227781
  0.857142857143 -0.000167339958 -0.000154935685 -0.000232133782  0.000002559431  0.000998445831  0.000026677582 -0.000081381957  0.000203026212  0.002514048758 -0.000028065579  0.000998445831 -0.000009084825
  0.871428571429 -0.001831400516 -0.000886172403  0.001380618473 -0.000016381483  0.001531326194 -0.000035416608 -0.000414279985  0.003722546917 -0.002610205362  0.000031474117  0.001531326194 -0.000002153355
  0.885714285714  0.002506199573  0.002309445563  0.001031953351 -0.000012018189  0.000245366864 -0.000044818142  0.001277718124 -0.004439548454 -0.003669588108  0.000043710866  0.000245366864  0.000006812554
  0.900000000000  0.000968878435  0.000556843029 -0.002449569971  0.000031344354  0.002916094185  0.000064573141  0.000241181793 -0.001943698863  0.004413271392 -0.000056726948  0.002916094185  0.000005542971
  0.914285714286 -0.001252571320 -0.001465327418 -0.000212235454  0.000002390501  0.000940725396  0.000003910099 -0.000880922811  0.002084262924  0.000287931222 -0.000003215540  0.000940725396  0.000000874827
  0.928571428571  0.000200510622 -0.000211590394 -0.000277561452  0.000003749294  0.000571285082  0.000021651284 -0.000141422729 -0.000404094977  0.001594163604 -0.000022032733  0.000571285082 -0.000005542604
  0.942857142857 -0.002715277572 -0.001650371315  0.000549716412 -0.000008451017  0.000984801561 -0.000005400590 -0.001063425128  0.004143785136 -0.000043391112  0.000002146888  0.000984801561 -0.000006845615
  0.957142857143  0.000704399707  0.000813918253  0.001722613453 -0.000025136185  0.000327549140 -0.000055916504  0.000623526523 -0.000845959929 -0.003393141427  0.000050016061  0.000327549140 -0.000002603582
  0.971428571429  0.000282949362  0.000663613535 -0.000104156204  0.000003317509  0.000011755190  0.000006148154  0.000496292558 -0.000388722573  0.000266713300 -0.000005252661  0.000011755190  0.000000892475
  0.985714285714  0.000747693940  0.000672670419  0.000449462625 -0.000002913475  0.000000053536 -0.000017784452  0.000640927365 -0.000748151037 -0.001265647890  0.000018171835  0.000000053536  0.000004734680
  1.000000000000 -0.000282382952  0.000277449270 -0.003091967973  0.000092014028  0.000001264021  0.000226078878  0.000165976828 -0.000144130202  0.007409666027 -0.000206506846  0.000001264021 -0.000000000000
