             Rad         v_r[Re]         v_t[Re]         v_x[Re]         p[Re]          p_mg[Re]  p_no_phase[Re]         v_r[Im]         v_t[Im]         v_x[Im]         p[Im]          p_mg[Im]  p_no_phase[Im]
  0.250000000000  0.000000000000 -0.000787187386 -0.003610738025 -0.000034158857  0.000368395604 -0.000036030185  0.000000000000  0.000334119493  0.001532299035  0.000014555723  0.000368395604 -0.000008973423
  0.252016129032  0.000086740463  0.000536458173 -0.001467847760 -0.000014276963  0.000311910778 -0.000016924542  0.000167941377 -0.000235865168  0.000941646173  0.000009178722  0.000311910778 -0.000001280814
  0.254032258065  0.000142912791  0.000962664551 -0.001313168328 -0.000013101762  0.000315803035 -0.000015289879  0.000251168533 -0.000533732971  0.000802008293  0.000008022449  0.000315803035 -0.000001495149
  0.256048387097  0.000182631547  0.001477765683 -0.000319505706 -0.000003370227  0.000144593746 -0.000004975111  0.000319939117 -0.000801658092  0.000366429624  0.000003792523  0.000144593746  0.000000994954
  0.258064516129  0.000172042857  0.001227863972  0.000004381892 -0.000000073226  0.000100284623 -0.000000607462  0.000260172229 -0.000792020921  0.000080598087  0.000000910924  0.000100284623  0.000000682740
  0.260080645161  0.000165182549  0.001405779268  0.000792576792  0.000008211577  0.000119355094  0.000008632391  0.000269158471 -0.000828664388 -0.000334164440 -0.000003450922  0.000119355094  0.000002195603
  0.262096774194  0.000098200184  0.000710170875  0.001116553167  0.000011918036  0.000151644933  0.000013330184  0.000106132348 -0.000564654254 -0.000593807538 -0.000006338188  0.000151644933  0.000002125656
  0.264112903226  0.000059726077  0.000643888215  0.001400853820  0.000015252168  0.000325853708  0.000017408332  0.000080559303 -0.000426750338 -0.000796415810 -0.000008690306  0.000325853708  0.000002258322
  0.266129032258 -0.000030242834 -0.000182993245  0.001535590435  0.000017119936  0.000317301782  0.000019696331 -0.000115459991 -0.000054131980 -0.000897329140 -0.000010013655  0.000317301782  0.000002328091
  0.268145161290 -0.000071222241 -0.000308043768  0.001265315090  0.000014367842  0.000397884897  0.000017137329 -0.000133878968  0.000131643746 -0.000827373341 -0.000009411451  0.000397884897  0.000001149881
  0.270161290323 -0.000146179859 -0.000961502888  0.001207953698  0.000014038661  0.000335637759  0.000016507757 -0.000291225149  0.000450404623 -0.000757212785 -0.000008802707  0.000335637759  0.000001437227
  0.272177419355 -0.000164348590 -0.000992529586  0.000546511871  0.000006540203  0.000311747183  0.000008643894 -0.000271422110  0.000569883882 -0.000477543824 -0.000005682773  0.000311747183 -0.000000592679
  0.274193548387 -0.000198468686 -0.001291565882  0.000416483130  0.000005161472  0.000214628302  0.000006421273 -0.000344851521  0.000727115524 -0.000310766226 -0.000003820450  0.000214628302  0.000000062379
  0.276209677419 -0.000183309134 -0.001175532618 -0.000378288602 -0.000004330587  0.000111282158 -0.000003752233 -0.000281159149  0.000726257836  0.000051956995  0.000000492150  0.000111282158 -0.000002217417
  0.278225806452 -0.000169932959 -0.001091650278 -0.000436460296 -0.000005088538  0.000024100199 -0.000005538820 -0.000261360088  0.000694294378  0.000212762708  0.000002452890  0.000024100199 -0.000001109670
  0.280241935484 -0.000127352568 -0.000873346422 -0.001125174550 -0.000013682645  0.000135448034 -0.000014797661 -0.000172761776  0.000584713597  0.000531222925  0.000006436744  0.000135448034 -0.000003110577
  0.282258064516 -0.000076938901 -0.000496198358 -0.001015624694 -0.000012548171  0.000188591864 -0.000014507822 -0.000080399777  0.000403299461  0.000604535712  0.000007457815  0.000188591864 -0.000001612040
  0.284274193548 -0.000024098880 -0.000276255272 -0.001445226508 -0.000018158132  0.000328836288 -0.000020490145  0.000000252149  0.000240591456  0.000792650880  0.000009956219  0.000328836288 -0.000002999664
  0.286290322581  0.000043020915  0.000247060633 -0.001151456071 -0.000014772440  0.000315636948 -0.000017513072  0.000128434305 -0.000014164235  0.000743012580  0.000009499207  0.000315636948 -0.000001323716
  0.288306451613  0.000085580721  0.000362478818 -0.001273350385 -0.000016529893  0.000417669229 -0.000019218435  0.000168056036 -0.000160670074  0.000770629803  0.000010001925  0.000417669229 -0.000001981821
  0.290322580645  0.000147529310  0.000884433692 -0.000851678682 -0.000011501455  0.000328684547 -0.000014082112  0.000293885023 -0.000408283994  0.000610334102  0.000008137267  0.000328684547 -0.000000438994
  0.292338709677  0.000163055843  0.000821325221 -0.000704448647 -0.000009695016  0.000376284625 -0.000011828327  0.000270258164 -0.000480766018  0.000496887811  0.000006789491  0.000376284625 -0.000000425679
  0.294354838710  0.000203007864  0.001231334605 -0.000257276487 -0.000004324162  0.000224367483 -0.000005914632  0.000365014235 -0.000658976365  0.000273219136  0.000004088391  0.000224367483  0.000000656088
  0.296370967742  0.000183174222  0.000965413191  0.000066375856 -0.000000050172  0.000219950911 -0.000000955231  0.000272911590 -0.000625291349  0.000070903334  0.000001518444  0.000219950911  0.000001181408
  0.298387096774  0.000193106229  0.001204554189  0.000420302884  0.000004089032  0.000047979742  0.000003967232  0.000322955266 -0.000700300976 -0.000150933932 -0.000001168663  0.000047979742  0.000001532001
  0.300403225806  0.000139857580  0.000761454353  0.000806557201  0.000009367465  0.000014342807  0.000009941713  0.000175444079 -0.000557340176 -0.000375082020 -0.000004092974  0.000014342807  0.000002379952
  0.302419354839  0.000121658858  0.000819782185  0.000953760873  0.000010834283  0.000177228348  0.000012186722  0.000183241714 -0.000523952460 -0.000526010301 -0.000005875820  0.000177228348  0.000001841404
  0.304435483871  0.000046978001  0.000266610909  0.001292879353  0.000015681058  0.000207368454  0.000017502317  0.000009753104 -0.000294378173 -0.000703814410 -0.000008278425  0.000207368454  0.000002845484
  0.306451612903  0.000011752428  0.000171964281  0.001135969350  0.000013491596  0.000310202509  0.000015846325 -0.000008221712 -0.000171025636 -0.000719266855 -0.000008429566  0.000310202509  0.000001405250
  0.308467741935 -0.000063726960 -0.000387975353  0.001341388147  0.000016792570  0.000306036934  0.000019191817 -0.000165374611  0.000100209331 -0.000790919552 -0.000009609997  0.000306036934  0.000002452882
  0.310483870968 -0.000097542360 -0.000579891511  0.000805796363  0.000010691274  0.000280410919  0.000013192942 -0.000182994983  0.000275093274 -0.000616486030 -0.000007734621  0.000280410919  0.000000271974
  0.312500000000 -0.000146785402 -0.000992951751  0.000838708710  0.000011896377  0.000221437984  0.000013911674 -0.000273275763  0.000515387069 -0.000541970474 -0.000007331640  0.000221437984  0.000001319873
  0.314516129032 -0.000157029133 -0.001196817361 -0.000104556306  0.000002740798  0.000047645515  0.000004349436 -0.000262679379  0.000676788573 -0.000146933961 -0.000003587751  0.000047645515 -0.000001210925
  0.316532258065 -0.000151286104 -0.001196682186 -0.000179040492  0.000002210705  0.000022741959  0.000002870044 -0.000236099128  0.000755426371  0.000064443336 -0.000001835024  0.000022741959 -0.000000131828
  0.318548387097 -0.000120962646 -0.001277941906 -0.001409653131 -0.000007160766  0.000260695609 -0.000007271136 -0.000185479970  0.000781388183  0.000631486815  0.000002583589  0.000260695609 -0.000002254350
  0.320564516129 -0.000044082609 -0.000333465996 -0.001260476318 -0.000007475937  0.000069501709 -0.000008546995 -0.000018078128  0.000427699314  0.000817414719  0.000004283166  0.000069501709 -0.000001088127
  0.322580645161  0.000010949277 -0.000178936936 -0.002015284649 -0.000010425047  0.000089682425 -0.000011978114  0.000019932637  0.000109289085  0.001168427532  0.000006071506  0.000089682425 -0.000001438602
  0.324596774194  0.000110091449  0.002437473975 -0.000644492633 -0.000006975740  0.000031541385 -0.000008251140  0.000236309275 -0.001070389110  0.000618521368  0.000004454520  0.000031541385 -0.000000649916
  0.326612903226  0.000059827568  0.001028928272  0.002703701394  0.000006014485  0.001868680349  0.000005790448  0.000035371595 -0.001149789921 -0.001110119151 -0.000001644498  0.001868680349  0.000002312816
  0.328629032258 -0.000033193160 -0.002769245619 -0.000467813047  0.000000935185  0.009216696804  0.000002798123 -0.000083313573  0.000665432747 -0.002238403381 -0.000003404385  0.009216696804 -0.000002152885
  0.330645161290  0.000025429968  0.015019460293  0.013310133645  0.000000836414  0.022199987935 -0.000000121495  0.000018659467 -0.009263328438  0.014701549749  0.000001308925  0.022199987935  0.000001548584
  0.332661290323  0.001721332553  0.016991831886 -0.077431033246  0.000091362509  0.032197366097  0.000076216458 -0.000727310447  0.073120679513  0.034019195108 -0.000005497510  0.032197366097  0.000050679209
  0.334677419355  0.002401568128 -0.187449747768 -0.053772203124 -0.000026735937  0.027127851740 -0.000291344263  0.008898312790  0.016246056771 -0.204928870820  0.000447986576  0.027127851740  0.000341358027
  0.336693548387 -0.021713305116 -0.009912446930  0.350253420415 -0.001071547181  0.016369041775 -0.000795665650  0.004622969309 -0.316100420302 -0.067007463804 -0.000098518125  0.016369041775 -0.000724455214
  0.338709677419 -0.007671980212  0.363207009653  0.084245347009  0.000061454374  0.031147459881  0.000983301737 -0.031269971270 -0.022690227792  0.401401164695 -0.001550081005  0.031147459881 -0.001199852264
  0.340725806452  0.024241930918  0.073999276180 -0.269503321798  0.001276139977  0.031244705355  0.001184853496 -0.012175759747  0.250753161608  0.122366451911 -0.000276336822  0.031244705355  0.000548650594
  0.342741935484  0.016309419309 -0.013449851260 -0.162095963533  0.000790805030  0.019269229433  0.000556123644 -0.001395840402  0.139604550300  0.003750745011  0.000124272930  0.019269229433  0.000575797576
  0.344758064516  0.027885184638 -0.145918880283 -0.238323527315  0.001143994281  0.033166973452  0.000338568564  0.013877346099  0.196503647957 -0.142619501874  0.000952823468  0.033166973452  0.001449816127
  0.346774193548 -0.000235363924 -0.226946104509  0.022727669144 -0.000322245153  0.030521075370 -0.001131608967  0.031243818854 -0.042097132024 -0.260689504873  0.001450877986  0.030521075370  0.000963509219
  0.348790322581 -0.006828400891 -0.116467090101  0.068738671094 -0.000495931170  0.021307645955 -0.000867259331  0.018018771995 -0.069759999672 -0.140291261140  0.000782336569  0.021307645955  0.000325360546
  0.350806451613 -0.024122727934 -0.124119061040  0.203834342244 -0.001329638876  0.035226344931 -0.001563020116  0.022762735446 -0.188500286064 -0.155870358127  0.000832942365  0.035226344931 -0.000136750279
  0.352822580645 -0.029543476979  0.083961688503  0.215731791869 -0.001302366383  0.027456137596 -0.000674699694 -0.007662833009 -0.184782272470  0.080232064247 -0.000604804832  0.027456137596 -0.001267567514
  0.354838709677 -0.019510441683  0.077065383871  0.137579451659 -0.000834802501  0.024203973413 -0.000327550762 -0.008564954262 -0.115959170693  0.079946687378 -0.000561758044  0.024203973413 -0.000951408332
  0.356854838710 -0.018156823479  0.212186359277  0.106063840777 -0.000590304645  0.035797264823  0.000454634862 -0.030186505898 -0.082547682980  0.235482901026 -0.001535822769  0.035797264823 -0.001581302721
  0.358870967742  0.010272156890  0.150232751870 -0.096262728205  0.000667738932  0.023604771490  0.001190883538 -0.025462173602  0.092753423641  0.175783524556 -0.001091816629  0.023604771490 -0.000468759247
  0.360887096774  0.009440972297  0.130678387341 -0.088841370052  0.000606212445  0.027577863118  0.001058156010 -0.022286775700  0.083772663768  0.153157976080 -0.000953058424  0.027577863118 -0.000395119914
  0.362903225806  0.033522889038  0.043605169880 -0.253934693125  0.001625622660  0.034803562599  0.001493578690 -0.012556276492  0.225746071996  0.060363142789 -0.000325869629  0.034803562599  0.000719765758
  0.364919354839  0.021390630674 -0.086373343009 -0.146428036797  0.000905411396  0.020461642343  0.000356894378  0.009981290320  0.125410041238 -0.091633113984  0.000606553300  0.020461642343  0.001029710204
  0.366935483871  0.024780887681 -0.103908173417 -0.169771801967  0.001042409312  0.030311373441  0.000392673809  0.012101493292  0.145507579859 -0.111859952805  0.000728564433  0.030311373441  0.001209640685
  0.368951612903  0.005869309145 -0.227325374343 -0.010367529809  0.000024998799  0.032747734880 -0.000942297839  0.034305089706  0.001127223495 -0.257685300434  0.001596506719  0.032747734880  0.001289004821
  0.370967741935 -0.008634024327 -0.111374280095  0.081787587270 -0.000517963016  0.018831901323 -0.000885091376  0.018550806756 -0.076127122317 -0.129761289847  0.000782754116  0.018831901323  0.000312414706
  0.372983870968 -0.016876047132 -0.147108295812  0.151588962742 -0.000936891437  0.032022497551 -0.001364540137  0.025178927560 -0.138048448697 -0.172518750727  0.001023601664  0.032022497551  0.000252103442
  0.375000000000 -0.032716922534  0.044908182189  0.246514804651 -0.001464196481  0.030484191290 -0.000997990831 -0.001420253379 -0.215796854757  0.042787750345 -0.000282667742  0.030484191290 -0.001108055364
  0.377016129032 -0.017013345932  0.072895080762  0.122870025891 -0.000713560028  0.018279437365 -0.000283632926 -0.008073819891 -0.105589174420  0.078549107678 -0.000474108684  0.018279437365 -0.000808393049
  0.379032258065 -0.022335554739  0.180711998597  0.150271969678 -0.000850106364  0.032709339037  0.000031298445 -0.022946968076 -0.126769513326  0.200966207150 -0.001177402603  0.032709339037 -0.001451887780
  0.381048387097  0.008720921973  0.191763878309 -0.098465667810  0.000581059361  0.028704813060  0.001216685265 -0.029210125616  0.092463031827  0.220882495843 -0.001249382404  0.028704813060 -0.000646732819
  0.383064516129  0.009270890126  0.099761574388 -0.090299178639  0.000516261808  0.017929873355  0.000801521412 -0.015753997164  0.082466251812  0.116683719816 -0.000646351558  0.017929873355 -0.000204597207
  0.385080645161  0.028662149926  0.079391782722 -0.248804961963  0.001380107390  0.032713298306  0.001413895338 -0.015760140288  0.220935322035  0.097774283446 -0.000518706153  0.032713298306  0.000417914410
  0.387096774194  0.023880272860 -0.141659250291 -0.179232479963  0.000959568830  0.027853722373  0.000248711515  0.015927927077  0.153694958130 -0.155560772884  0.000857744710  0.027853722373  0.001262790921
  0.389112903226  0.013148921699 -0.104089321984 -0.096995394608  0.000508195141  0.017032000181  0.000029850662  0.012189594607  0.081993179417 -0.115541909321  0.000623283730  0.017032000181  0.000803650327
  0.391129032258  0.005800055179 -0.245182273334 -0.014099111424  0.000053210183  0.032081174154 -0.000838568918  0.032195018963  0.005678103245 -0.278842279889  0.001461754882  0.032081174154  0.001198482719
  0.393145161290 -0.022645667627 -0.095529932813  0.212193811727 -0.001100347392  0.028266692927 -0.001224967242  0.016217385355 -0.189324231264 -0.114818329430  0.000575626951  0.028266692927 -0.000203877478
  0.395161290323 -0.015220811814 -0.040376838233  0.141590190953 -0.000719283109  0.015545327017 -0.000721895842  0.007643030673 -0.125393083124 -0.050522122153  0.000245456845  0.015545327017 -0.000237662884
  0.397177419355 -0.031428353762  0.087504785141  0.271770267449 -0.001342805404  0.030556825617 -0.000784707760 -0.006438968464 -0.236253720218  0.092088286183 -0.000475823400  0.030556825617 -0.001189019761
  0.399193548387 -0.005354400965  0.225347218087  0.016954575616 -0.000065385750  0.029866448252  0.000700255200 -0.027754933243 -0.008798471225  0.255901732843 -0.001248391636  0.029866448252 -0.001035567298
  0.401209677419  0.001062012233  0.123045467807 -0.027216536006  0.000139525211  0.014516812030  0.000517462032 -0.015509007772  0.027465160747  0.141221030686 -0.000673824990  0.014516812030 -0.000453586207
  0.403225806452  0.018213575631  0.177414122389 -0.198387573861  0.000944951701  0.027404865041  0.001334404418 -0.024535387800  0.178691376365  0.207823915913 -0.000962930932  0.027404865041 -0.000198832962
  0.405241935484  0.028512066054 -0.109205369687 -0.259650548715  0.001188720974  0.032021618150  0.000613208286  0.008891952572  0.225183304979 -0.117168634521  0.000556370520  0.032021618150  0.001160422900
  0.407258064516  0.009601969313 -0.103894296166 -0.080030765835  0.000354406801  0.016781750808 -0.000035975223  0.010887608407  0.067217724451 -0.115915880439  0.000528894870  0.016781750808  0.000635641210
  0.409274193548  0.011309332843 -0.228363922897 -0.080952735203  0.000342889044  0.021478048771 -0.000419996997  0.024962484223  0.065042375847 -0.258476683633  0.001150794697  0.021478048771  0.001124946156
  0.411290322581 -0.023816713327 -0.155871715589  0.263586504947 -0.001157046764  0.032952511078 -0.001397703479  0.021404396634 -0.235325696248 -0.184771360875  0.000787156192  0.032952511078 -0.000069260871
  0.413306451613 -0.016275995936  0.057559890056  0.160259159423 -0.000679332982  0.023571493231 -0.000379966823 -0.004088901619 -0.139157291683  0.060852908182 -0.000268962711  0.023571493231 -0.000624066867
  0.415322580645 -0.021028189670  0.067372400410  0.212294221340 -0.000882680172  0.013392534768 -0.000517623628 -0.004372850120 -0.184147894491  0.071153497921 -0.000309785557  0.013392534768 -0.000779202898
  0.417338709677 -0.005243065379  0.306121984066  0.014068468813 -0.000037273956  0.029367475350  0.000831747692 -0.032532725859 -0.004615363338  0.348907516631 -0.001429339158  0.029367475350 -0.001163011416
  0.419354838710  0.021280012707  0.066055005925 -0.240794940117  0.000970668659  0.031100475011  0.000963963856 -0.010137867249  0.213026661715  0.081788411787 -0.000314268496  0.031100475011  0.000334269380
  0.421370967742  0.012624574008  0.025225298941 -0.143887676699  0.000567304266  0.015655021127  0.000526116100 -0.004469912597  0.126604805609  0.033073538336 -0.000121837569  0.015655021127  0.000244704664
  0.423387096774  0.026187171860 -0.165631598065 -0.274023443959  0.001044520317  0.018065480871  0.000401983441  0.013292126933  0.235879424447 -0.182032807322  0.000715913191  0.018065480871  0.001200817931
  0.425403225806 -0.009021401078 -0.281866618991  0.141810546566 -0.000552351498  0.032006565713 -0.001174958321  0.029763297340 -0.131319767701 -0.325297695423  0.001218158237  0.032006565713  0.000639120185
  0.427419354839 -0.015463338235 -0.002519103708  0.181810812426 -0.000671180001  0.029038920429 -0.000547257409  0.002442305695 -0.159570183818 -0.007931823439  0.000019390806  0.029038920429 -0.000389060310
  0.429435483871 -0.017474749852 -0.021704326639  0.212535280084 -0.000769045067  0.012790483940 -0.000673262802  0.004581999204 -0.186436472574 -0.030530713809  0.000098886585  0.012790483940 -0.000384611586
  0.431451612903 -0.017379186013  0.307482118927  0.171540202816 -0.000587767515  0.018499222365  0.000275173925 -0.026877204881 -0.142709360949  0.346911033210 -0.001234711802  0.018499222365 -0.001339501100
  0.433467741935  0.022585029310  0.161542961216 -0.302379102836  0.001055037835  0.032113879263  0.001232614751 -0.018253091539  0.268906200085  0.192130877083 -0.000648301575  0.032113879263  0.000118577581
  0.435483870968  0.011885560187 -0.069607108014 -0.141972794120  0.000475968350  0.031086940842  0.000221799499  0.004725456428  0.122649119486 -0.075407450879  0.000262146730  0.031086940842  0.000496056207
  0.437500000000  0.017572908889 -0.091482157019 -0.216310836522  0.000709787612  0.016719106856  0.000362460899  0.005780493171  0.186880922285 -0.099081005595  0.000338327138  0.016719106856  0.000697772028
  0.439516129032 -0.003369554822 -0.357906211598  0.091040404195 -0.000314523021  0.011430282077 -0.001049142495  0.031936614436 -0.088241138901 -0.411413922837  0.001324277513  0.011430282077  0.000867142253
  0.441532258065 -0.030999743975  0.076212068993  0.409083913425 -0.001287266418  0.027457453666 -0.000868984684 -0.002326749755 -0.356369895570  0.076804466225 -0.000262466381  0.027457453666 -0.000985296427
  0.443548387097 -0.001973281722  0.200158864124  0.001858549271  0.000005325061  0.035101637985  0.000428548957 -0.016602249646  0.003308265535  0.228327628762 -0.000703975594  0.035101637985 -0.000558530021
  0.445564516129 -0.002428269217  0.139393712648  0.016692609251 -0.000042673434  0.030538519078  0.000255393641 -0.011169371378 -0.011095834513  0.159261386078 -0.000480231763  0.030538519078 -0.000408922556
  0.447580645161  0.022014869231  0.166610033299 -0.338770673872  0.001004893960  0.016770996097  0.001144780172 -0.016409061355  0.300163356059  0.199013122769 -0.000568957672  0.016770996097  0.000151667607
  0.449596774194  0.020567850027 -0.395223090476 -0.253429841753  0.000706173076  0.007610315713 -0.000213956644  0.028444481617  0.212445867071 -0.445694159615  0.001289902997  0.007610315713  0.001454906427
  0.451612903226 -0.025692171203 -0.169683852520  0.408477166750 -0.001152061105  0.022354543611 -0.001251935725  0.016507982505 -0.361443184897 -0.203929561860  0.000551906734  0.022354543611 -0.000253973962
  0.453629032258 -0.009948585054  0.196501085335  0.129083263225 -0.000342217526  0.034799480844  0.000094067930 -0.013501554188 -0.108331510783  0.221152913475 -0.000609141550  0.034799480844 -0.000692327587
  0.455645161290 -0.004016342680  0.094959293233  0.051988840881 -0.000133511340  0.040947408201  0.000066998466 -0.006464201167 -0.042984445013  0.107401452546 -0.000287918780  0.040947408201 -0.000310215582
  0.457661290323  0.008559779915  0.271508861904 -0.172003216709  0.000459450066  0.041120738132  0.000854225605 -0.020650805986  0.156580788175  0.315075819676 -0.000809009815  0.041120738132 -0.000368632419
  0.459677419355  0.031335678323 -0.273597726324 -0.485735254433  0.001213117774  0.036875422121  0.000496837024  0.015135360288  0.418327289304 -0.301448196756  0.000781746948  0.036875422121  0.001354967157
  0.461693548387 -0.022846553719 -0.452928804454  0.442982515821 -0.001111026269  0.030299983337 -0.001658555634  0.033981248087 -0.397649099907 -0.528813661743  0.001280875676  0.030299983337  0.000352441592
  0.463709677419 -0.029688958518  0.482957338688  0.458376818531 -0.001073743025  0.023092492434 -0.000064496064 -0.028451376885 -0.389735173108  0.541623181469 -0.001314542798  0.023092492434 -0.001696109404
  0.465725806452  0.030036539077  0.269550438893 -0.568514503725  0.001335970291  0.016501214007  0.001503311960 -0.021391659049  0.503194918100  0.321851426287 -0.000725495484  0.016501214007  0.000226303924
  0.467741935484  0.012358002743 -0.460684300361 -0.171457800211  0.000366712873  0.011114081988 -0.000424654194  0.027665298813  0.139436176686 -0.522953026514  0.001190062544  0.011114081988  0.001170639144
  0.469758064516 -0.022573659505 -0.032664893812  0.428336214813 -0.000943732032  0.007092448969 -0.000805654836  0.004867556203 -0.375224934424 -0.047471772427  0.000087272593  0.007092448969 -0.000499166245
  0.471774193548  0.000036185184  0.274191289035 -0.032917598977  0.000082712927  0.004305332868  0.000470052250 -0.016501174332  0.034986300599  0.314438328522 -0.000670380200  0.004305332868 -0.000485079296
  0.473790322581  0.010835296873 -0.065326832609 -0.207407893600  0.000427489095  0.002490684870  0.000248912607  0.002473693616  0.179843140575 -0.069860364835  0.000152979392  0.002490684870  0.000379726395
  0.475806451613 -0.003099252742 -0.105301701629  0.075422223421 -0.000156544567  0.001378702580 -0.000271485848  0.006379456467 -0.068311870831 -0.122231895438  0.000243182146  0.001378702580  0.000099695497
  0.477822580645 -0.003328272745  0.056741206231  0.063315263747 -0.000121252598  0.000730458010 -0.000020631282 -0.002731023917 -0.054066387981  0.063428827334 -0.000126298571  0.000730458010 -0.000173861646
  0.479838709677  0.001992973899  0.023241102096 -0.045675586280  0.000087560272  0.000371723716  0.000100407355 -0.001493842750  0.040451048083  0.027657624716 -0.000050667618  0.000371723716  0.000012343896
  0.481854838710  0.000532354686 -0.025578244631 -0.008937266067  0.000015324778  0.000181827755 -0.000020128408  0.001271778005  0.007233839507 -0.029053157429  0.000053684780  0.000181827755  0.000052074481
  0.483870967742 -0.000722961456 -0.000337312134  0.016577839034 -0.000029531684  0.000085667857 -0.000024024401  0.000104382168 -0.014497805916 -0.000774639538  0.000000762378  0.000085667857 -0.000017190980
  0.485887096774  0.000042717940  0.007391468111 -0.001827591680  0.000003466540  0.000038974822  0.000011559178 -0.000369261017  0.001765354686  0.008499329374 -0.000014588944  0.000038974822 -0.000009551942
  0.487903225806  0.000168811515 -0.001832826238 -0.003894182722  0.000006432151  0.000017135655  0.000003026507  0.000067557418  0.003361763575 -0.002005005904  0.000003494241  0.000017135655  0.000006665023
  0.489919354839 -0.000051940162 -0.001334727187  0.001443104794 -0.000002394489  0.000007310733 -0.000003401948  0.000068126362 -0.001291967454 -0.001561306972  0.000002474215  0.000007310733  0.000000531102
  0.491935483871 -0.000023332831  0.000752889931  0.000518949439 -0.000000782647  0.000003030759  0.000000190267 -0.000031218836 -0.000436101608  0.000848960800 -0.000001351844  0.000003030759 -0.000001550425
  0.493951612903  0.000016045981  0.000094467727 -0.000434569948  0.000000666089  0.000001226402  0.000000630383 -0.000006013084  0.000382033639  0.000118591396 -0.000000164049  0.000001226402  0.000000270562
  0.495967741935  0.000000506549 -0.000172348647  0.000004355248 -0.000000014080  0.000000486499 -0.000000186929  0.000007293163 -0.000007914143 -0.000197287186  0.000000291503  0.000000486499  0.000000224119
  0.497983870968 -0.000002953491  0.000024528257  0.000079816551 -0.000000113743  0.000000190066 -0.000000066254 -0.000000679993 -0.000069167167  0.000026067259 -0.000000040662  0.000000190066 -0.000000101001
  0.500000000000  0.000000616581  0.000024367420 -0.000020084329  0.000000029333  0.000000073742  0.000000046899 -0.000001060137  0.000018162419  0.000028390322 -0.000000038979  0.000000073742 -0.000000013424
  0.502016129032  0.000000327069 -0.000009979780 -0.000008518965  0.000000011200  0.000000028610 -0.000000000537  0.000000360149  0.000007190616 -0.000011192196  0.000000015719  0.000000028610  0.000000019294
  0.504032258065 -0.000000173064 -0.000001506851  0.000005264461 -0.000000007180  0.000000011233 -0.000000007101  0.000000078575 -0.000004642604 -0.000001867330  0.000000002275  0.000000011233 -0.000000002512
  0.506048387097 -0.000000008136  0.000001912503  0.000000058697  0.000000000030  0.000000004519  0.000000001780 -0.000000073291  0.000000002047  0.000002185830 -0.000000002914  0.000000004519 -0.000000002307
  0.508064516129  0.000000027987 -0.000000234297 -0.000000815354  0.000000001068  0.000000001897  0.000000000631  0.000000005942  0.000000706147 -0.000000243457  0.000000000367  0.000000001897  0.000000000936
  0.510080645161 -0.000000005691 -0.000000232403  0.000000190244 -0.000000000270  0.000000000837 -0.000000000426  0.000000009684 -0.000000173752 -0.000000271839  0.000000000351  0.000000000837  0.000000000117
  0.512096774194 -0.000000002961  0.000000094412  0.000000078187 -0.000000000099  0.000000000395  0.000000000010 -0.000000003414 -0.000000065160  0.000000105313 -0.000000000148  0.000000000395 -0.000000000177
  0.514112903226  0.000000001755  0.000000012883 -0.000000050617  0.000000000072  0.000000000225  0.000000000069 -0.000000000720  0.000000044881  0.000000016456 -0.000000000019  0.000000000225  0.000000000028
  0.516129032258  0.000000000043 -0.000000019720 -0.000000000071 -0.000000000002  0.000000000047 -0.000000000021  0.000000000836 -0.000000001169 -0.000000022676  0.000000000033  0.000000000047  0.000000000025
  0.518145161290 -0.000000000386  0.000000002723  0.000000009520 -0.000000000014  0.000000000118 -0.000000000007 -0.000000000081 -0.000000008185  0.000000003777 -0.000000000007  0.000000000118 -0.000000000014
  0.520161290323  0.000000000150  0.000000003294 -0.000000001502  0.000000000003  0.000000000454  0.000000000005 -0.000000000167  0.000000003394  0.000000003297 -0.000000000005  0.000000000454 -0.000000000002
  0.522177419355  0.000000000001  0.000000000699 -0.000000001717  0.000000000003  0.000000000207 -0.000000000001 -0.000000000047 -0.000000000288 -0.000000002855  0.000000000005  0.000000000207  0.000000000006
  0.524193548387 -0.000000000092 -0.000000001634 -0.000000003774  0.000000000007  0.000000000559  0.000000000009  0.000000000074 -0.000000001252  0.000000002514 -0.000000000005  0.000000000559  0.000000000000
  0.526209677419  0.000000000238 -0.000000005372  0.000000002432 -0.000000000008  0.000000000131 -0.000000000007  0.000000000387  0.000000003528  0.000000000098  0.000000000001  0.000000000131 -0.000000000004
  0.528225806452 -0.000000000072  0.000000003226  0.000000007480 -0.000000000019  0.000000000185 -0.000000000021 -0.000000000194 -0.000000001372 -0.000000004282  0.000000000011  0.000000000185 -0.000000000003
  0.530241935484 -0.000000000241  0.000000005314 -0.000000001676  0.000000000009  0.000000000447  0.000000000010 -0.000000000505 -0.000000002531  0.000000001234 -0.000000000005  0.000000000447  0.000000000001
  0.532258064516 -0.000000000007  0.000000000939 -0.000000002699  0.000000000011  0.000000000409  0.000000000010 -0.000000000131  0.000000000007  0.000000000787 -0.000000000003  0.000000000409  0.000000000004
  0.534274193548 -0.000000000120  0.000000000716 -0.000000003831  0.000000000017  0.000000000689  0.000000000018 -0.000000000141 -0.000000000792  0.000000001537 -0.000000000008  0.000000000689  0.000000000004
  0.536290322581  0.000000000200 -0.000000003030 -0.000000003652  0.000000000013  0.000000000597  0.000000000014  0.000000000399  0.000000001520  0.000000001711 -0.000000000006  0.000000000597  0.000000000003
  0.538306451613  0.000000000121 -0.000000002319 -0.000000001084  0.000000000001  0.000000000583  0.000000000001  0.000000000391  0.000000000719  0.000000000262  0.000000000000  0.000000000583  0.000000000001
  0.540322580645  0.000000000279 -0.000000003132 -0.000000001054 -0.000000000002  0.000000000486 -0.000000000002  0.000000000630  0.000000001419  0.000000000703 -0.000000000001  0.000000000486 -0.000000000002
  0.542338709677  0.000000000217 -0.000000002175  0.000000001088 -0.000000000018  0.000000000306 -0.000000000019  0.000000000556  0.000000000835 -0.000000000609  0.000000000008  0.000000000306 -0.000000000004
  0.544354838710  0.000000000228 -0.000000001827  0.000000000748 -0.000000000016  0.000000000236 -0.000000000016  0.000000000536  0.000000000801 -0.000000000107  0.000000000005  0.000000000236 -0.000000000006
  0.546370967742  0.000000000192 -0.000000001181  0.000000001981 -0.000000000029  0.000000000026 -0.000000000031  0.000000000446  0.000000000503 -0.000000000927  0.000000000013  0.000000000026 -0.000000000007
  0.548387096774  0.000000000116 -0.000000000619  0.000000001542 -0.000000000023  0.000000000063 -0.000000000023  0.000000000283  0.000000000267 -0.000000000503  0.000000000008  0.000000000063 -0.000000000008
  0.550403225806  0.000000000108 -0.000000000295  0.000000002186 -0.000000000032  0.000000000352 -0.000000000035  0.000000000210  0.000000000166 -0.000000000975  0.000000000015  0.000000000352 -0.000000000008
  0.552419354839 -0.000000000015  0.000000000220  0.000000001763 -0.000000000025  0.000000000341 -0.000000000025 -0.000000000021 -0.000000000096 -0.000000000640  0.000000000009  0.000000000341 -0.000000000008
  0.554435483871  0.000000000004  0.000000000332  0.000000002076 -0.000000000031  0.000000000643 -0.000000000033 -0.000000000063 -0.000000000083 -0.000000000912  0.000000000014  0.000000000643 -0.000000000007
  0.556451612903 -0.000000000143  0.000000000765  0.000000001673 -0.000000000023  0.000000000583 -0.000000000023 -0.000000000322 -0.000000000330 -0.000000000633  0.000000000008  0.000000000583 -0.000000000007
  0.558467741935 -0.000000000100  0.000000000749  0.000000001806 -0.000000000027  0.000000000881 -0.000000000029 -0.000000000326 -0.000000000253 -0.000000000792  0.000000000013  0.000000000881 -0.000000000006
  0.560483870968 -0.000000000257  0.000000001118  0.000000001414 -0.000000000018  0.000000000773 -0.000000000019 -0.000000000589 -0.000000000482 -0.000000000544  0.000000000007  0.000000000773 -0.000000000006
  0.562500000000 -0.000000000189  0.000000001020  0.000000001453 -0.000000000022  0.000000001060 -0.000000000024 -0.000000000552 -0.000000000365 -0.000000000644  0.000000000010  0.000000001060 -0.000000000005
  0.564516129032 -0.000000000351  0.000000001345  0.000000001075 -0.000000000013  0.000000000906 -0.000000000013 -0.000000000808 -0.000000000581 -0.000000000416  0.000000000005  0.000000000906 -0.000000000004
  0.566532258065 -0.000000000260  0.000000001189  0.000000001073 -0.000000000016  0.000000001181 -0.000000000018 -0.000000000728 -0.000000000436 -0.000000000486  0.000000000008  0.000000001181 -0.000000000003
  0.568548387097 -0.000000000423  0.000000001484  0.000000000717 -0.000000000008  0.000000000984 -0.000000000008 -0.000000000972 -0.000000000644 -0.000000000275  0.000000000003  0.000000000984 -0.000000000003
  0.570564516129 -0.000000000310  0.000000001282  0.000000000703 -0.000000000010  0.000000001248 -0.000000000011 -0.000000000851 -0.000000000475 -0.000000000333  0.000000000005  0.000000001248 -0.000000000002
  0.572580645161 -0.000000000473  0.000000001557  0.000000000377 -0.000000000002  0.000000001012 -0.000000000002 -0.000000001082 -0.000000000679 -0.000000000140  0.000000000000  0.000000001012 -0.000000000001
  0.574596774194 -0.000000000339  0.000000001316  0.000000000361 -0.000000000004  0.000000001266 -0.000000000005 -0.000000000924 -0.000000000490 -0.000000000191  0.000000000003  0.000000001266 -0.000000000000
  0.576612903226 -0.000000000502  0.000000001575  0.000000000069  0.000000000003  0.000000000996  0.000000000003 -0.000000001143 -0.000000000692 -0.000000000017 -0.000000000002  0.000000000996  0.000000000001
  0.578629032258 -0.000000000350  0.000000001298  0.000000000055  0.000000000002  0.000000001240  0.000000000001 -0.000000000950 -0.000000000484 -0.000000000062  0.000000000000  0.000000001240  0.000000000001
  0.580645161290 -0.000000000512  0.000000001546 -0.000000000202  0.000000000008  0.000000000941  0.000000000009 -0.000000001158 -0.000000000685  0.000000000091 -0.000000000004  0.000000000941  0.000000000002
  0.582661290323 -0.000000000344  0.000000001236 -0.000000000216  0.000000000007  0.000000001175  0.000000000007 -0.000000000935 -0.000000000459  0.000000000054 -0.000000000002  0.000000001175  0.000000000003
  0.584677419355 -0.000000000506  0.000000001474 -0.000000000437  0.000000000013  0.000000000852  0.000000000013 -0.000000001132 -0.000000000661  0.000000000185 -0.000000000005  0.000000000852  0.000000000003
  0.586693548387 -0.000000000324  0.000000001136 -0.000000000454  0.000000000012  0.000000001077  0.000000000013 -0.000000000883 -0.000000000418  0.000000000156 -0.000000000004  0.000000001077  0.000000000004
  0.588709677419 -0.000000000484  0.000000001364 -0.000000000637  0.000000000017  0.000000000734  0.000000000018 -0.000000001071 -0.000000000620  0.000000000264 -0.000000000007  0.000000000734  0.000000000005
  0.590725806452 -0.000000000291  0.000000001001 -0.000000000661  0.000000000017  0.000000000949  0.000000000017 -0.000000000801 -0.000000000364  0.000000000246 -0.000000000006  0.000000000949  0.000000000005
  0.592741935484 -0.000000000449  0.000000001221 -0.000000000805  0.000000000021  0.000000000592  0.000000000021 -0.000000000979 -0.000000000564  0.000000000331 -0.000000000008  0.000000000592  0.000000000006
  0.594758064516 -0.000000000247  0.000000000836 -0.000000000836  0.000000000021  0.000000000798  0.000000000021 -0.000000000691 -0.000000000297  0.000000000324 -0.000000000008  0.000000000798  0.000000000006
  0.596774193548 -0.000000000402  0.000000001048 -0.000000000941  0.000000000023  0.000000000432  0.000000000024 -0.000000000860 -0.000000000496  0.000000000383 -0.000000000010  0.000000000432  0.000000000006
  0.598790322581 -0.000000000194  0.000000000648 -0.000000000979  0.000000000024  0.000000000628  0.000000000025 -0.000000000560 -0.000000000220  0.000000000389 -0.000000000010  0.000000000628  0.000000000007
  0.600806451613 -0.000000000346  0.000000000852 -0.000000001043  0.000000000026  0.000000000258  0.000000000027 -0.000000000719 -0.000000000417  0.000000000423 -0.000000000010  0.000000000258  0.000000000007
  0.602822580645 -0.000000000134  0.000000000441 -0.000000001091  0.000000000027  0.000000000445  0.000000000028 -0.000000000411 -0.000000000137  0.000000000442 -0.000000000011  0.000000000445  0.000000000007
  0.604838709677 -0.000000000282  0.000000000637 -0.000000001113  0.000000000027  0.000000000080  0.000000000028 -0.000000000561 -0.000000000330  0.000000000449 -0.000000000011  0.000000000080  0.000000000008
  0.606854838710 -0.000000000069  0.000000000222 -0.000000001169  0.000000000028  0.000000000254  0.000000000029 -0.000000000249 -0.000000000048  0.000000000481 -0.000000000012  0.000000000254  0.000000000008
  0.608870967742 -0.000000000212  0.000000000410 -0.000000001149  0.000000000028  0.000000000115  0.000000000029 -0.000000000391 -0.000000000237  0.000000000461 -0.000000000011  0.000000000115  0.000000000008
  0.610887096774 -0.000000000001 -0.000000000004 -0.000000001214  0.000000000029  0.000000000071  0.000000000031 -0.000000000080  0.000000000044  0.000000000506 -0.000000000012  0.000000000071  0.000000000008
  0.612903225806 -0.000000000138  0.000000000177 -0.000000001151  0.000000000028  0.000000000295  0.000000000029 -0.000000000213 -0.000000000140  0.000000000459 -0.000000000011  0.000000000295  0.000000000008
  0.614919354839  0.000000000068 -0.000000000229 -0.000000001225  0.000000000029  0.000000000145  0.000000000031  0.000000000092  0.000000000135  0.000000000517 -0.000000000012  0.000000000145  0.000000000008
  0.616935483871 -0.000000000063 -0.000000000056 -0.000000001121  0.000000000027  0.000000000470  0.000000000028 -0.000000000033 -0.000000000043  0.000000000444 -0.000000000011  0.000000000470  0.000000000008
  0.618951612903  0.000000000136 -0.000000000449 -0.000000001204  0.000000000029  0.000000000327  0.000000000030  0.000000000262  0.000000000223  0.000000000515 -0.000000000012  0.000000000327  0.000000000007
  0.620967741935  0.000000000012 -0.000000000282 -0.000000001060  0.000000000025  0.000000000633  0.000000000026  0.000000000145  0.000000000053  0.000000000416 -0.000000000010  0.000000000633  0.000000000007
  0.622983870968  0.000000000201 -0.000000000656 -0.000000001151  0.000000000027  0.000000000499  0.000000000029  0.000000000425  0.000000000306  0.000000000499 -0.000000000012  0.000000000499  0.000000000007
  0.625000000000  0.000000000085 -0.000000000496 -0.000000000969  0.000000000023  0.000000000779  0.000000000024  0.000000000316  0.000000000144  0.000000000375 -0.000000000009  0.000000000779  0.000000000007
  0.627016129032  0.000000000261 -0.000000000845 -0.000000001069  0.000000000025  0.000000000655  0.000000000027  0.000000000577  0.000000000382  0.000000000471 -0.000000000011  0.000000000655  0.000000000006
  0.629032258065  0.000000000154 -0.000000000693 -0.000000000851  0.000000000020  0.000000000904  0.000000000020  0.000000000475  0.000000000229  0.000000000324 -0.000000000008  0.000000000904  0.000000000006
  0.631048387097  0.000000000315 -0.000000001011 -0.000000000961  0.000000000022  0.000000000791  0.000000000024  0.000000000713  0.000000000448  0.000000000432 -0.000000000010  0.000000000791  0.000000000005
  0.633064516129  0.000000000216 -0.000000000866 -0.000000000711  0.000000000016  0.000000001006  0.000000000017  0.000000000618  0.000000000305  0.000000000264 -0.000000000006  0.000000001006  0.000000000005
  0.635080645161  0.000000000360 -0.000000001151 -0.000000000830  0.000000000019  0.000000000903  0.000000000021  0.000000000830  0.000000000503  0.000000000383 -0.000000000009  0.000000000903  0.000000000004
  0.637096774194  0.000000000272 -0.000000001013 -0.000000000551  0.000000000013  0.000000001080  0.000000000013  0.000000000743  0.000000000371  0.000000000196 -0.000000000004  0.000000001080  0.000000000004
  0.639112903226  0.000000000397 -0.000000001259 -0.000000000680  0.000000000016  0.000000000989  0.000000000017  0.000000000924  0.000000000544  0.000000000326 -0.000000000007  0.000000000989  0.000000000003
  0.641129032258  0.000000000318 -0.000000001130 -0.000000000376  0.000000000008  0.000000001126  0.000000000008  0.000000000845  0.000000000425  0.000000000122 -0.000000000003  0.000000001126  0.000000000003
  0.643145161290  0.000000000423 -0.000000001334 -0.000000000516  0.000000000012  0.000000001047  0.000000000013  0.000000000994  0.000000000572  0.000000000262 -0.000000000006  0.000000001047  0.000000000002
  0.645161290323  0.000000000355 -0.000000001214 -0.000000000192  0.000000000004  0.000000001142  0.000000000004  0.000000000923  0.000000000466  0.000000000043 -0.000000000001  0.000000001142  0.000000000002
  0.647177419355  0.000000000438 -0.000000001374 -0.000000000342  0.000000000007  0.000000001076  0.000000000009  0.000000001037  0.000000000585  0.000000000193 -0.000000000004  0.000000001076  0.000000000001
  0.649193548387  0.000000000382 -0.000000001264 -0.000000000003 -0.000000000000  0.000000001128 -0.000000000001  0.000000000975  0.000000000493 -0.000000000037  0.000000000001  0.000000001128  0.000000000001
  0.651209677419  0.000000000441 -0.000000001378 -0.000000000163  0.000000000003  0.000000001076  0.000000000004  0.000000001053  0.000000000583  0.000000000122 -0.000000000003  0.000000001076 -0.000000000000
  0.653225806452  0.000000000398 -0.000000001279  0.000000000187 -0.000000000005  0.000000001084 -0.000000000006  0.000000001000  0.000000000506 -0.000000000116  0.000000000003  0.000000001084 -0.000000000001
  0.655241935484  0.000000000433 -0.000000001346  0.000000000015 -0.000000000001  0.000000001048 -0.000000000000  0.000000001041  0.000000000566  0.000000000051 -0.000000000001  0.000000001048 -0.000000000001
  0.657258064516  0.000000000403 -0.000000001260  0.000000000371 -0.000000000009  0.000000001013 -0.000000000010  0.000000000998  0.000000000506 -0.000000000194  0.000000000005  0.000000001013 -0.000000000002
  0.659274193548  0.000000000414 -0.000000001280  0.000000000189 -0.000000000005  0.000000000993 -0.000000000004  0.000000001002  0.000000000534 -0.000000000020  0.000000000001  0.000000000993 -0.000000000002
  0.661290322581  0.000000000397 -0.000000001208  0.000000000546 -0.000000000013  0.000000000914 -0.000000000014  0.000000000970  0.000000000491 -0.000000000267  0.000000000006  0.000000000914 -0.000000000003
  0.663306451613  0.000000000384 -0.000000001180  0.000000000353 -0.000000000009  0.000000000912 -0.000000000008  0.000000000937  0.000000000489 -0.000000000087  0.000000000002  0.000000000912 -0.000000000003
  0.665322580645  0.000000000381 -0.000000001125  0.000000000706 -0.000000000017  0.000000000792 -0.000000000018  0.000000000917  0.000000000464 -0.000000000334  0.000000000008  0.000000000792 -0.000000000004
  0.667338709677  0.000000000344 -0.000000001051  0.000000000504 -0.000000000012  0.000000000809 -0.000000000012  0.000000000847  0.000000000431 -0.000000000149  0.000000000004  0.000000000809 -0.000000000004
  0.669354838710  0.000000000355 -0.000000001014  0.000000000849 -0.000000000020  0.000000000650 -0.000000000022  0.000000000840  0.000000000426 -0.000000000393  0.000000000009  0.000000000650 -0.000000000005
  0.671370967742  0.000000000294 -0.000000000895  0.000000000638 -0.000000000015  0.000000000687 -0.000000000015  0.000000000736  0.000000000363 -0.000000000205  0.000000000005  0.000000000687 -0.000000000005
  0.673387096774  0.000000000320 -0.000000000878  0.000000000970 -0.000000000023  0.000000000491 -0.000000000024  0.000000000743  0.000000000377 -0.000000000443  0.000000000010  0.000000000491 -0.000000000005
  0.675403225806  0.000000000237 -0.000000000718  0.000000000751 -0.000000000018  0.000000000550 -0.000000000018  0.000000000605  0.000000000285 -0.000000000253  0.000000000006  0.000000000550 -0.000000000006
  0.677419354839  0.000000000278 -0.000000000722  0.000000001066 -0.000000000025  0.000000000319 -0.000000000027  0.000000000628  0.000000000319 -0.000000000483  0.000000000011  0.000000000319 -0.000000000006
  0.679435483871  0.000000000173 -0.000000000522  0.000000000841 -0.000000000020  0.000000000401 -0.000000000020  0.000000000459  0.000000000200 -0.000000000292  0.000000000007  0.000000000401 -0.000000000006
  0.681451612903  0.000000000230 -0.000000000550  0.000000001137 -0.000000000026  0.000000000140 -0.000000000028  0.000000000499  0.000000000255 -0.000000000512  0.000000000012  0.000000000140 -0.000000000006
  0.683467741935  0.000000000105 -0.000000000315  0.000000000907 -0.000000000021  0.000000000245 -0.000000000021  0.000000000302  0.000000000109 -0.000000000322  0.000000000007  0.000000000245 -0.000000000007
  0.685483870968  0.000000000177 -0.000000000367  0.000000001179 -0.000000000027  0.000000000051 -0.000000000029  0.000000000359  0.000000000185 -0.000000000528  0.000000000012  0.000000000051 -0.000000000007
  0.687500000000  0.000000000033 -0.000000000100  0.000000000946 -0.000000000022  0.000000000090 -0.000000000022  0.000000000136  0.000000000016 -0.000000000341  0.000000000008  0.000000000090 -0.000000000007
  0.689516129032  0.000000000121 -0.000000000178  0.000000001193 -0.000000000027  0.000000000230 -0.000000000029  0.000000000213  0.000000000113 -0.000000000532  0.000000000012  0.000000000230 -0.000000000007
  0.691532258065 -0.000000000040  0.000000000117  0.000000000960 -0.000000000022  0.000000000085 -0.000000000022 -0.000000000033 -0.000000000078 -0.000000000350  0.000000000008  0.000000000085 -0.000000000007
  0.693548387097  0.000000000064  0.000000000012  0.000000001178 -0.000000000027  0.000000000408 -0.000000000029  0.000000000063  0.000000000040 -0.000000000525  0.000000000012  0.000000000408 -0.000000000007
  0.695564516129 -0.000000000112  0.000000000331  0.000000000947 -0.000000000022  0.000000000234 -0.000000000022 -0.000000000201 -0.000000000171 -0.000000000349  0.000000000008  0.000000000234 -0.000000000007
  0.697580645161  0.000000000006  0.000000000197  0.000000001136 -0.000000000026  0.000000000576 -0.000000000028 -0.000000000085 -0.000000000031 -0.000000000505  0.000000000012  0.000000000576 -0.000000000006
  0.699596774194 -0.000000000182  0.000000000535  0.000000000909 -0.000000000021  0.000000000377 -0.000000000021 -0.000000000365 -0.000000000259 -0.000000000337  0.000000000008  0.000000000377 -0.000000000006
  0.701612903226 -0.000000000049  0.000000000374  0.000000001067 -0.000000000024  0.000000000732 -0.000000000026 -0.000000000228 -0.000000000100 -0.000000000474  0.000000000011  0.000000000732 -0.000000000006
  0.703629032258 -0.000000000249  0.000000000727  0.000000000848 -0.000000000019  0.000000000508 -0.000000000019 -0.000000000520 -0.000000000342 -0.000000000316  0.000000000007  0.000000000508 -0.000000000006
  0.705645161290 -0.000000000102  0.000000000537  0.000000000974 -0.000000000022  0.000000000870 -0.000000000023 -0.000000000363 -0.000000000163 -0.000000000432  0.000000000010  0.000000000870 -0.000000000005
  0.707661290323 -0.000000000311  0.000000000900  0.000000000765 -0.000000000017  0.000000000624 -0.000000000017 -0.000000000662 -0.000000000417 -0.000000000287  0.000000000006  0.000000000624 -0.000000000005
  0.709677419355 -0.000000000150  0.000000000682  0.000000000860 -0.000000000019  0.000000000989 -0.000000000021 -0.000000000485 -0.000000000220 -0.000000000382  0.000000000009  0.000000000989 -0.000000000005
  0.711693548387 -0.000000000365  0.000000001052  0.000000000664 -0.000000000015  0.000000000721 -0.000000000015 -0.000000000790 -0.000000000483 -0.000000000250  0.000000000005  0.000000000721 -0.000000000004
  0.713709677419 -0.000000000193  0.000000000807  0.000000000727 -0.000000000016  0.000000001085 -0.000000000017 -0.000000000593 -0.000000000269 -0.000000000323  0.000000000007  0.000000001085 -0.000000000004
  0.715725806452 -0.000000000412  0.000000001179  0.000000000548 -0.000000000012  0.000000000798 -0.000000000012 -0.000000000899 -0.000000000538 -0.000000000207  0.000000000004  0.000000000798 -0.000000000004
  0.717741935484 -0.000000000229  0.000000000908  0.000000000580 -0.000000000013  0.000000001157 -0.000000000014 -0.000000000684 -0.000000000309 -0.000000000259  0.000000000006  0.000000001157 -0.000000000003
  0.719758064516 -0.000000000450  0.000000001278  0.000000000422 -0.000000000009  0.000000000853 -0.000000000009 -0.000000000987 -0.000000000581 -0.000000000160  0.000000000003  0.000000000853 -0.000000000003
  0.721774193548 -0.000000000257  0.000000000984  0.000000000423 -0.000000000009  0.000000001205 -0.000000000010 -0.000000000755 -0.000000000339 -0.000000000190  0.000000000004  0.000000001205 -0.000000000002
  0.723790322581 -0.000000000479  0.000000001347  0.000000000288 -0.000000000006  0.000000000886 -0.000000000006 -0.000000001054 -0.000000000612 -0.000000000110  0.000000000002  0.000000000886 -0.000000000002
  0.725806451613 -0.000000000278  0.000000001032  0.000000000261 -0.000000000005  0.000000001227 -0.000000000006 -0.000000000806 -0.000000000358 -0.000000000118  0.000000000002  0.000000001227 -0.000000000001
  0.727822580645 -0.000000000498  0.000000001386  0.000000000153 -0.000000000002  0.000000000897 -0.000000000003 -0.000000001097 -0.000000000629 -0.000000000060  0.000000000001  0.000000000897 -0.000000000001
  0.729838709677 -0.000000000290  0.000000001053  0.000000000099 -0.000000000001  0.000000001224 -0.000000000002 -0.000000000837 -0.000000000367 -0.000000000046  0.000000000001  0.000000001224 -0.000000000000
  0.731854838710 -0.000000000506  0.000000001394  0.000000000021  0.000000000001  0.000000000888  0.000000000001 -0.000000001117 -0.000000000633 -0.000000000011 -0.000000000000  0.000000000888  0.000000000000
  0.733870967742 -0.000000000295  0.000000001047 -0.000000000057  0.000000000002  0.000000001200  0.000000000002 -0.000000000847 -0.000000000366  0.000000000024 -0.000000000001  0.000000001200  0.000000000001
  0.735887096774 -0.000000000505  0.000000001371 -0.000000000100  0.000000000004  0.000000000860  0.000000000004 -0.000000001115 -0.000000000624  0.000000000033 -0.000000000001  0.000000000860  0.000000000001
  0.737903225806 -0.000000000292  0.000000001016 -0.000000000201  0.000000000006  0.000000001155  0.000000000006 -0.000000000838 -0.000000000354  0.000000000088 -0.000000000003  0.000000001155  0.000000000002
  0.739919354839 -0.000000000496  0.000000001321 -0.000000000206  0.000000000007  0.000000000818  0.000000000007 -0.000000001092 -0.000000000602  0.000000000071 -0.000000000003  0.000000000818  0.000000000002
  0.741935483871 -0.000000000283  0.000000000963 -0.000000000326  0.000000000009  0.000000001095  0.000000000010 -0.000000000812 -0.000000000334  0.000000000146 -0.000000000004  0.000000001095  0.000000000002
  0.743951612903 -0.000000000478  0.000000001245 -0.000000000289  0.000000000010  0.000000000766  0.000000000010 -0.000000001052 -0.000000000569  0.000000000100 -0.000000000004  0.000000000766  0.000000000003
  0.745967741935 -0.000000000269  0.000000000890 -0.000000000426  0.000000000012  0.000000001024  0.000000000013 -0.000000000773 -0.000000000307  0.000000000193 -0.000000000005  0.000000001024  0.000000000003
  0.747983870968 -0.000000000453  0.000000001148 -0.000000000343  0.000000000012  0.000000000709  0.000000000012 -0.000000000996 -0.000000000526  0.000000000117 -0.000000000005  0.000000000709  0.000000000004
  0.750000000000 -0.000000000251  0.000000000804 -0.000000000494  0.000000000015  0.000000000947  0.000000000016 -0.000000000724 -0.000000000276  0.000000000226 -0.000000000007  0.000000000947  0.000000000004
  0.752016129032 -0.000000000425  0.000000001036 -0.000000000364  0.000000000014  0.000000000653  0.000000000014 -0.000000000931 -0.000000000476  0.000000000120 -0.000000000005  0.000000000653  0.000000000004
  0.754032258065 -0.000000000232  0.000000000710 -0.000000000526  0.000000000017  0.000000000872  0.000000000018 -0.000000000670 -0.000000000242  0.000000000245 -0.000000000008  0.000000000872  0.000000000004
  0.756048387097 -0.000000000393  0.000000000914 -0.000000000351  0.000000000016  0.000000000601  0.000000000016 -0.000000000862 -0.000000000422  0.000000000110 -0.000000000006  0.000000000601  0.000000000005
  0.758064516129 -0.000000000213  0.000000000616 -0.000000000522  0.000000000019  0.000000000801  0.000000000020 -0.000000000617 -0.000000000209  0.000000000248 -0.000000000008  0.000000000801  0.000000000005
  0.760080645161 -0.000000000362  0.000000000792 -0.000000000311  0.000000000017  0.000000000557  0.000000000017 -0.000000000793 -0.000000000366  0.000000000090 -0.000000000006  0.000000000557  0.000000000005
  0.762096774194 -0.000000000197  0.000000000528 -0.000000000487  0.000000000020  0.000000000738  0.000000000021 -0.000000000568 -0.000000000179  0.000000000237 -0.000000000009  0.000000000738  0.000000000005
  0.764112903226 -0.000000000332  0.000000000676 -0.000000000256  0.000000000017  0.000000000520  0.000000000018 -0.000000000729 -0.000000000313  0.000000000066 -0.000000000006  0.000000000520  0.000000000005
  0.766129032258 -0.000000000183  0.000000000450 -0.000000000434  0.000000000021  0.000000000683  0.000000000022 -0.000000000526 -0.000000000152  0.000000000216 -0.000000000009  0.000000000683  0.000000000005
  0.768145161290 -0.000000000306  0.000000000573 -0.000000000203  0.000000000018  0.000000000489  0.000000000018 -0.000000000672 -0.000000000265  0.000000000045 -0.000000000007  0.000000000489  0.000000000005
  0.770161290323 -0.000000000172  0.000000000384 -0.000000000380  0.000000000021  0.000000000634  0.000000000022 -0.000000000491 -0.000000000131  0.000000000192 -0.000000000009  0.000000000634  0.000000000005
  0.772177419355 -0.000000000282  0.000000000485 -0.000000000168  0.000000000017  0.000000000460  0.000000000018 -0.000000000622 -0.000000000223  0.000000000034 -0.000000000006  0.000000000460  0.000000000005
  0.774193548387 -0.000000000163  0.000000000329 -0.000000000336  0.000000000020  0.000000000588  0.000000000022 -0.000000000461 -0.000000000113  0.000000000170 -0.000000000009  0.000000000588  0.000000000005
  0.776209677419 -0.000000000261  0.000000000413 -0.000000000156  0.000000000017  0.000000000430  0.000000000017 -0.000000000578 -0.000000000190  0.000000000033 -0.000000000006  0.000000000430  0.000000000005
  0.778225806452 -0.000000000155  0.000000000285 -0.000000000311  0.000000000020  0.000000000544  0.000000000021 -0.000000000433 -0.000000000099  0.000000000155 -0.000000000009  0.000000000544  0.000000000005
  0.780241935484 -0.000000000242  0.000000000355 -0.000000000164  0.000000000016  0.000000000399  0.000000000016 -0.000000000536 -0.000000000162  0.000000000041 -0.000000000006  0.000000000399  0.000000000005
  0.782258064516 -0.000000000146  0.000000000248 -0.000000000299  0.000000000019  0.000000000499  0.000000000020 -0.000000000405 -0.000000000087  0.000000000146 -0.000000000008  0.000000000499  0.000000000005
  0.784274193548 -0.000000000223  0.000000000308 -0.000000000179  0.000000000015  0.000000000365  0.000000000015 -0.000000000496 -0.000000000141  0.000000000051 -0.000000000005  0.000000000365  0.000000000005
  0.786290322581 -0.000000000135  0.000000000217 -0.000000000293  0.000000000017  0.000000000456  0.000000000018 -0.000000000375 -0.000000000076  0.000000000139 -0.000000000008  0.000000000456  0.000000000004
  0.788306451613 -0.000000000205  0.000000000270 -0.000000000191  0.000000000014  0.000000000331  0.000000000014 -0.000000000456 -0.000000000123  0.000000000060 -0.000000000005  0.000000000331  0.000000000004
  0.790322580645 -0.000000000124  0.000000000190 -0.000000000285  0.000000000016  0.000000000414  0.000000000017 -0.000000000344 -0.000000000067  0.000000000133 -0.000000000007  0.000000000414  0.000000000004
  0.792338709677 -0.000000000187  0.000000000238 -0.000000000197  0.000000000012  0.000000000298  0.000000000013 -0.000000000416 -0.000000000108  0.000000000065 -0.000000000005  0.000000000298  0.000000000004
  0.794354838710 -0.000000000112  0.000000000168 -0.000000000273  0.000000000014  0.000000000374  0.000000000015 -0.000000000312 -0.000000000058  0.000000000126 -0.000000000006  0.000000000374  0.000000000004
  0.796370967742 -0.000000000170  0.000000000210 -0.000000000194  0.000000000011  0.000000000267  0.000000000011 -0.000000000378 -0.000000000096  0.000000000066 -0.000000000004  0.000000000267  0.000000000003
  0.798387096774 -0.000000000101  0.000000000147 -0.000000000256  0.000000000013  0.000000000338  0.000000000014 -0.000000000281 -0.000000000051  0.000000000117 -0.000000000006  0.000000000338  0.000000000003
  0.800403225806 -0.000000000154  0.000000000187 -0.000000000184  0.000000000010  0.000000000238  0.000000000010 -0.000000000341 -0.000000000086  0.000000000064 -0.000000000004  0.000000000238  0.000000000003
  0.802419354839 -0.000000000090  0.000000000130 -0.000000000238  0.000000000012  0.000000000304  0.000000000013 -0.000000000251 -0.000000000045  0.000000000109 -0.000000000005  0.000000000304  0.000000000003
  0.804435483871 -0.000000000139  0.000000000166 -0.000000000171  0.000000000009  0.000000000211  0.000000000009 -0.000000000308 -0.000000000077  0.000000000060 -0.000000000003  0.000000000211  0.000000000003
  0.806451612903 -0.000000000079  0.000000000114 -0.000000000218  0.000000000011  0.000000000273  0.000000000011 -0.000000000224 -0.000000000039  0.000000000099 -0.000000000005  0.000000000273  0.000000000003
  0.808467741935 -0.000000000126  0.000000000148 -0.000000000157  0.000000000008  0.000000000187  0.000000000008 -0.000000000277 -0.000000000069  0.000000000055 -0.000000000003  0.000000000187  0.000000000003
  0.810483870968 -0.000000000070  0.000000000101 -0.000000000199  0.000000000010  0.000000000245  0.000000000010 -0.000000000199 -0.000000000034  0.000000000091 -0.000000000004  0.000000000245  0.000000000002
  0.812500000000 -0.000000000113  0.000000000132 -0.000000000142  0.000000000007  0.000000000165  0.000000000007 -0.000000000248 -0.000000000061  0.000000000049 -0.000000000002  0.000000000165  0.000000000002
  0.814516129032 -0.000000000061  0.000000000088 -0.000000000180  0.000000000009  0.000000000220  0.000000000009 -0.000000000176 -0.000000000030  0.000000000082 -0.000000000004  0.000000000220  0.000000000002
  0.816532258065 -0.000000000102  0.000000000118 -0.000000000127  0.000000000006  0.000000000145  0.000000000006 -0.000000000223 -0.000000000055  0.000000000044 -0.000000000002  0.000000000145  0.000000000002
  0.818548387097 -0.000000000054  0.000000000078 -0.000000000162  0.000000000008  0.000000000197  0.000000000008 -0.000000000156 -0.000000000026  0.000000000074 -0.000000000004  0.000000000197  0.000000000002
  0.820564516129 -0.000000000092  0.000000000106 -0.000000000113  0.000000000006  0.000000000128  0.000000000006 -0.000000000200 -0.000000000050  0.000000000039 -0.000000000002  0.000000000128  0.000000000002
  0.822580645161 -0.000000000047  0.000000000068 -0.000000000146  0.000000000007  0.000000000177  0.000000000007 -0.000000000138 -0.000000000022  0.000000000067 -0.000000000003  0.000000000177  0.000000000002
  0.824596774194 -0.000000000083  0.000000000095 -0.000000000101  0.000000000005  0.000000000113  0.000000000005 -0.000000000179 -0.000000000045  0.000000000034 -0.000000000002  0.000000000113  0.000000000002
  0.826612903226 -0.000000000041  0.000000000060 -0.000000000131  0.000000000006  0.000000000159  0.000000000007 -0.000000000121 -0.000000000019  0.000000000061 -0.000000000003  0.000000000159  0.000000000001
  0.828629032258 -0.000000000075  0.000000000085 -0.000000000089  0.000000000004  0.000000000099  0.000000000004 -0.000000000161 -0.000000000040  0.000000000030 -0.000000000001  0.000000000099  0.000000000001
  0.830645161290 -0.000000000036  0.000000000052 -0.000000000118  0.000000000006  0.000000000143  0.000000000006 -0.000000000107 -0.000000000016  0.000000000055 -0.000000000003  0.000000000143  0.000000000001
  0.832661290323 -0.000000000067  0.000000000076 -0.000000000079  0.000000000004  0.000000000087  0.000000000004 -0.000000000144 -0.000000000036  0.000000000026 -0.000000000001  0.000000000087  0.000000000001
  0.834677419355 -0.000000000031  0.000000000046 -0.000000000106  0.000000000005  0.000000000128  0.000000000005 -0.000000000094 -0.000000000014  0.000000000050 -0.000000000002  0.000000000128  0.000000000001
  0.836693548387 -0.000000000061  0.000000000068 -0.000000000069  0.000000000003  0.000000000076  0.000000000003 -0.000000000129 -0.000000000032  0.000000000023 -0.000000000001  0.000000000076  0.000000000001
  0.838709677419 -0.000000000027  0.000000000040 -0.000000000095  0.000000000005  0.000000000115  0.000000000005 -0.000000000083 -0.000000000012  0.000000000045 -0.000000000002  0.000000000115  0.000000000001
  0.840725806452 -0.000000000055  0.000000000061 -0.000000000061  0.000000000003  0.000000000067  0.000000000003 -0.000000000116 -0.000000000029  0.000000000020 -0.000000000001  0.000000000067  0.000000000001
  0.842741935484 -0.000000000023  0.000000000035 -0.000000000086  0.000000000004  0.000000000103  0.000000000004 -0.000000000073 -0.000000000010  0.000000000040 -0.000000000002  0.000000000103  0.000000000001
  0.844758064516 -0.000000000049  0.000000000054 -0.000000000054  0.000000000003  0.000000000059  0.000000000003 -0.000000000104 -0.000000000026  0.000000000017 -0.000000000001  0.000000000059  0.000000000001
  0.846774193548 -0.000000000020  0.000000000031 -0.000000000077  0.000000000004  0.000000000093  0.000000000004 -0.000000000064 -0.000000000009  0.000000000037 -0.000000000002  0.000000000093  0.000000000001
  0.848790322581 -0.000000000044  0.000000000049 -0.000000000047  0.000000000002  0.000000000051  0.000000000002 -0.000000000093 -0.000000000024  0.000000000015 -0.000000000001  0.000000000051  0.000000000001
  0.850806451613 -0.000000000017  0.000000000027 -0.000000000069  0.000000000003  0.000000000083  0.000000000004 -0.000000000056 -0.000000000007  0.000000000033 -0.000000000002  0.000000000083  0.000000000001
  0.852822580645 -0.000000000040  0.000000000044 -0.000000000042  0.000000000002  0.000000000045  0.000000000002 -0.000000000084 -0.000000000021  0.000000000013 -0.000000000001  0.000000000045  0.000000000001
  0.854838709677 -0.000000000015  0.000000000023 -0.000000000062  0.000000000003  0.000000000075  0.000000000003 -0.000000000049 -0.000000000006  0.000000000030 -0.000000000001  0.000000000075  0.000000000001
  0.856854838710 -0.000000000036  0.000000000039 -0.000000000036  0.000000000002  0.000000000039  0.000000000002 -0.000000000075 -0.000000000019  0.000000000011 -0.000000000001  0.000000000039  0.000000000001
  0.858870967742 -0.000000000012  0.000000000020 -0.000000000056  0.000000000003  0.000000000067  0.000000000003 -0.000000000043 -0.000000000005  0.000000000027 -0.000000000001  0.000000000067  0.000000000001
  0.860887096774 -0.000000000033  0.000000000035 -0.000000000032  0.000000000002  0.000000000034  0.000000000001 -0.000000000067 -0.000000000017  0.000000000009 -0.000000000000  0.000000000034  0.000000000001
  0.862903225806 -0.000000000011  0.000000000017 -0.000000000050  0.000000000002  0.000000000060  0.000000000003 -0.000000000037 -0.000000000004  0.000000000024 -0.000000000001  0.000000000060  0.000000000001
  0.864919354839 -0.000000000030  0.000000000031 -0.000000000028  0.000000000001  0.000000000029  0.000000000001 -0.000000000060 -0.000000000016  0.000000000008 -0.000000000000  0.000000000029  0.000000000001
  0.866935483871 -0.000000000009  0.000000000015 -0.000000000045  0.000000000002  0.000000000054  0.000000000002 -0.000000000033 -0.000000000004  0.000000000022 -0.000000000001  0.000000000054  0.000000000000
  0.868951612903 -0.000000000027  0.000000000028 -0.000000000024  0.000000000001  0.000000000026  0.000000000001 -0.000000000054 -0.000000000014  0.000000000007 -0.000000000000  0.000000000026  0.000000000000
  0.870967741935 -0.000000000007  0.000000000013 -0.000000000041  0.000000000002  0.000000000049  0.000000000002 -0.000000000028 -0.000000000003  0.000000000020 -0.000000000001  0.000000000049  0.000000000000
  0.872983870968 -0.000000000024  0.000000000025 -0.000000000021  0.000000000001  0.000000000022  0.000000000001 -0.000000000049 -0.000000000013  0.000000000005 -0.000000000000  0.000000000022  0.000000000000
  0.875000000000 -0.000000000006  0.000000000011 -0.000000000037  0.000000000002  0.000000000044  0.000000000002 -0.000000000025 -0.000000000002  0.000000000018 -0.000000000001  0.000000000044  0.000000000000
  0.877016129032 -0.000000000022  0.000000000023 -0.000000000018  0.000000000001  0.000000000019  0.000000000001 -0.000000000044 -0.000000000012  0.000000000005 -0.000000000000  0.000000000019  0.000000000000
  0.879032258065 -0.000000000005  0.000000000010 -0.000000000033  0.000000000002  0.000000000039  0.000000000002 -0.000000000021 -0.000000000002  0.000000000016 -0.000000000001  0.000000000039  0.000000000000
  0.881048387097 -0.000000000020  0.000000000020 -0.000000000016  0.000000000001  0.000000000016  0.000000000001 -0.000000000039 -0.000000000010  0.000000000004 -0.000000000000  0.000000000016  0.000000000000
  0.883064516129 -0.000000000004  0.000000000008 -0.000000000030  0.000000000001  0.000000000036  0.000000000002 -0.000000000019 -0.000000000001  0.000000000015 -0.000000000001  0.000000000036  0.000000000000
  0.885080645161 -0.000000000018  0.000000000018 -0.000000000014  0.000000000001  0.000000000014  0.000000000001 -0.000000000035 -0.000000000010  0.000000000003 -0.000000000000  0.000000000014  0.000000000000
  0.887096774194 -0.000000000003  0.000000000007 -0.000000000027  0.000000000001  0.000000000032  0.000000000001 -0.000000000016 -0.000000000001  0.000000000014 -0.000000000001  0.000000000032  0.000000000000
  0.889112903226 -0.000000000016  0.000000000016 -0.000000000012  0.000000000001  0.000000000012  0.000000000001 -0.000000000032 -0.000000000009  0.000000000002 -0.000000000000  0.000000000012  0.000000000000
  0.891129032258 -0.000000000003  0.000000000006 -0.000000000024  0.000000000001  0.000000000029  0.000000000001 -0.000000000014 -0.000000000001  0.000000000012 -0.000000000001  0.000000000029  0.000000000000
  0.893145161290 -0.000000000015  0.000000000015 -0.000000000010  0.000000000000  0.000000000010  0.000000000000 -0.000000000028 -0.000000000008  0.000000000002 -0.000000000000  0.000000000010  0.000000000000
  0.895161290323 -0.000000000002  0.000000000005 -0.000000000022  0.000000000001  0.000000000026  0.000000000001 -0.000000000012 -0.000000000000  0.000000000011 -0.000000000001  0.000000000026  0.000000000000
  0.897177419355 -0.000000000013  0.000000000013 -0.000000000009  0.000000000000  0.000000000009  0.000000000000 -0.000000000026 -0.000000000007  0.000000000001 -0.000000000000  0.000000000009  0.000000000000
  0.899193548387 -0.000000000002  0.000000000004 -0.000000000020  0.000000000001  0.000000000023  0.000000000001 -0.000000000010 -0.000000000000  0.000000000010 -0.000000000000  0.000000000023  0.000000000000
  0.901209677419 -0.000000000012  0.000000000012 -0.000000000007  0.000000000000  0.000000000008  0.000000000000 -0.000000000023 -0.000000000006  0.000000000001 -0.000000000000  0.000000000008  0.000000000000
  0.903225806452 -0.000000000001  0.000000000004 -0.000000000018  0.000000000001  0.000000000021  0.000000000001 -0.000000000009 -0.000000000000  0.000000000009 -0.000000000000  0.000000000021  0.000000000000
  0.905241935484 -0.000000000011  0.000000000011 -0.000000000006  0.000000000000  0.000000000006  0.000000000000 -0.000000000021 -0.000000000006  0.000000000001 -0.000000000000  0.000000000006  0.000000000000
  0.907258064516 -0.000000000001  0.000000000003 -0.000000000016  0.000000000001  0.000000000019  0.000000000001 -0.000000000008  0.000000000000  0.000000000009 -0.000000000000  0.000000000019  0.000000000000
  0.909274193548 -0.000000000010  0.000000000010 -0.000000000005  0.000000000000  0.000000000005  0.000000000000 -0.000000000019 -0.000000000005  0.000000000000 -0.000000000000  0.000000000005  0.000000000000
  0.911290322581 -0.000000000001  0.000000000003 -0.000000000015  0.000000000001  0.000000000017  0.000000000001 -0.000000000006  0.000000000000  0.000000000008 -0.000000000000  0.000000000017  0.000000000000
  0.913306451613 -0.000000000009  0.000000000009 -0.000000000005  0.000000000000  0.000000000005  0.000000000000 -0.000000000017 -0.000000000005  0.000000000000 -0.000000000000  0.000000000005  0.000000000000
  0.915322580645 -0.000000000000  0.000000000002 -0.000000000013  0.000000000001  0.000000000015  0.000000000001 -0.000000000005  0.000000000000  0.000000000007 -0.000000000000  0.000000000015  0.000000000000
  0.917338709677 -0.000000000008  0.000000000008 -0.000000000004  0.000000000000  0.000000000004  0.000000000000 -0.000000000015 -0.000000000004 -0.000000000000 -0.000000000000  0.000000000004  0.000000000000
  0.919354838710 -0.000000000000  0.000000000002 -0.000000000012  0.000000000001  0.000000000014  0.000000000001 -0.000000000005  0.000000000000  0.000000000006 -0.000000000000  0.000000000014  0.000000000000
  0.921370967742 -0.000000000007  0.000000000007 -0.000000000003  0.000000000000  0.000000000003  0.000000000000 -0.000000000013 -0.000000000004 -0.000000000000  0.000000000000  0.000000000003  0.000000000000
  0.923387096774  0.000000000000  0.000000000001 -0.000000000011  0.000000000001  0.000000000012  0.000000000001 -0.000000000004  0.000000000000  0.000000000006 -0.000000000000  0.000000000012  0.000000000000
  0.925403225806 -0.000000000007  0.000000000006 -0.000000000003  0.000000000000  0.000000000003  0.000000000000 -0.000000000012 -0.000000000003 -0.000000000000  0.000000000000  0.000000000003  0.000000000000
  0.927419354839  0.000000000000  0.000000000001 -0.000000000010  0.000000000000  0.000000000011  0.000000000001 -0.000000000003  0.000000000000  0.000000000005 -0.000000000000  0.000000000011  0.000000000000
  0.929435483871 -0.000000000006  0.000000000006 -0.000000000002  0.000000000000  0.000000000002  0.000000000000 -0.000000000011 -0.000000000003 -0.000000000001  0.000000000000  0.000000000002  0.000000000000
  0.931451612903  0.000000000000  0.000000000001 -0.000000000009  0.000000000000  0.000000000010  0.000000000000 -0.000000000003  0.000000000000  0.000000000005 -0.000000000000  0.000000000010  0.000000000000
  0.933467741935 -0.000000000005  0.000000000005 -0.000000000002  0.000000000000  0.000000000002  0.000000000000 -0.000000000010 -0.000000000003 -0.000000000001  0.000000000000  0.000000000002  0.000000000000
  0.935483870968  0.000000000000  0.000000000001 -0.000000000008  0.000000000000  0.000000000009  0.000000000000 -0.000000000002  0.000000000000  0.000000000005 -0.000000000000  0.000000000009  0.000000000000
  0.937500000000 -0.000000000005  0.000000000004 -0.000000000001  0.000000000000  0.000000000002  0.000000000000 -0.000000000009 -0.000000000003 -0.000000000001  0.000000000000  0.000000000002  0.000000000000
  0.939516129032  0.000000000000  0.000000000001 -0.000000000008  0.000000000000  0.000000000008  0.000000000000 -0.000000000002  0.000000000000  0.000000000004 -0.000000000000  0.000000000008  0.000000000000
  0.941532258065 -0.000000000004  0.000000000004 -0.000000000001  0.000000000000  0.000000000001  0.000000000000 -0.000000000008 -0.000000000002 -0.000000000001  0.000000000000  0.000000000001  0.000000000000
  0.943548387097  0.000000000000  0.000000000000 -0.000000000007  0.000000000000  0.000000000007  0.000000000000 -0.000000000002  0.000000000000  0.000000000004 -0.000000000000  0.000000000007  0.000000000000
  0.945564516129 -0.000000000004  0.000000000004 -0.000000000001  0.000000000000  0.000000000001  0.000000000000 -0.000000000007 -0.000000000002 -0.000000000001  0.000000000000  0.000000000001  0.000000000000
  0.947580645161  0.000000000000  0.000000000000 -0.000000000006  0.000000000000  0.000000000006  0.000000000000 -0.000000000001  0.000000000000  0.000000000004 -0.000000000000  0.000000000006  0.000000000000
  0.949596774194 -0.000000000003  0.000000000003 -0.000000000000  0.000000000000  0.000000000001 -0.000000000000 -0.000000000006 -0.000000000002 -0.000000000001  0.000000000000  0.000000000001  0.000000000000
  0.951612903226  0.000000000000  0.000000000000 -0.000000000006  0.000000000000  0.000000000005  0.000000000000 -0.000000000001  0.000000000000  0.000000000003 -0.000000000000  0.000000000005  0.000000000000
  0.953629032258 -0.000000000003  0.000000000003 -0.000000000000  0.000000000000  0.000000000001 -0.000000000000 -0.000000000005 -0.000000000002 -0.000000000001  0.000000000000  0.000000000001  0.000000000000
  0.955645161290  0.000000000000  0.000000000000 -0.000000000005  0.000000000000  0.000000000005  0.000000000000 -0.000000000001  0.000000000000  0.000000000003 -0.000000000000  0.000000000005  0.000000000000
  0.957661290323 -0.000000000003  0.000000000002  0.000000000000  0.000000000000  0.000000000001 -0.000000000000 -0.000000000005 -0.000000000001 -0.000000000001  0.000000000000  0.000000000001  0.000000000000
  0.959677419355  0.000000000000  0.000000000000 -0.000000000005  0.000000000000  0.000000000004  0.000000000000 -0.000000000001  0.000000000000  0.000000000003 -0.000000000000  0.000000000004  0.000000000000
  0.961693548387 -0.000000000002  0.000000000002  0.000000000000 -0.000000000000  0.000000000001 -0.000000000000 -0.000000000004 -0.000000000001 -0.000000000001  0.000000000000  0.000000000001  0.000000000000
  0.963709677419  0.000000000000  0.000000000000 -0.000000000005  0.000000000000  0.000000000004  0.000000000000 -0.000000000001  0.000000000000  0.000000000003 -0.000000000000  0.000000000004  0.000000000000
  0.965725806452 -0.000000000002  0.000000000002  0.000000000000 -0.000000000000  0.000000000000 -0.000000000000 -0.000000000004 -0.000000000001 -0.000000000001  0.000000000000  0.000000000000  0.000000000000
  0.967741935484  0.000000000000  0.000000000000 -0.000000000004  0.000000000000  0.000000000003  0.000000000000 -0.000000000001  0.000000000000  0.000000000003 -0.000000000000  0.000000000003  0.000000000000
  0.969758064516 -0.000000000002  0.000000000002  0.000000000001 -0.000000000000  0.000000000000 -0.000000000000 -0.000000000003 -0.000000000001 -0.000000000001  0.000000000000  0.000000000000  0.000000000000
  0.971774193548  0.000000000000 -0.000000000000 -0.000000000004  0.000000000000  0.000000000003  0.000000000000 -0.000000000000  0.000000000000  0.000000000002 -0.000000000000  0.000000000003  0.000000000000
  0.973790322581 -0.000000000002  0.000000000001  0.000000000001 -0.000000000000  0.000000000000 -0.000000000000 -0.000000000003 -0.000000000001 -0.000000000001  0.000000000000  0.000000000000  0.000000000000
  0.975806451613  0.000000000000 -0.000000000000 -0.000000000004  0.000000000000  0.000000000002  0.000000000000 -0.000000000000  0.000000000000  0.000000000002 -0.000000000000  0.000000000002  0.000000000000
  0.977822580645 -0.000000000001  0.000000000001  0.000000000001 -0.000000000000  0.000000000000 -0.000000000000 -0.000000000002 -0.000000000001 -0.000000000001  0.000000000000  0.000000000000  0.000000000000
  0.979838709677  0.000000000000 -0.000000000000 -0.000000000004  0.000000000000  0.000000000002  0.000000000000 -0.000000000000  0.000000000000  0.000000000002 -0.000000000000  0.000000000002  0.000000000000
  0.981854838710 -0.000000000001  0.000000000001  0.000000000001 -0.000000000000  0.000000000000 -0.000000000000 -0.000000000002 -0.000000000001 -0.000000000001  0.000000000000  0.000000000000  0.000000000000
  0.983870967742 -0.000000000000  0.000000000000 -0.000000000003  0.000000000000  0.000000000001  0.000000000000 -0.000000000000  0.000000000000  0.000000000002 -0.000000000000  0.000000000001  0.000000000000
  0.985887096774 -0.000000000001  0.000000000001  0.000000000001 -0.000000000000  0.000000000001 -0.000000000000 -0.000000000001 -0.000000000000 -0.000000000001  0.000000000000  0.000000000001  0.000000000000
  0.987903225806 -0.000000000000  0.000000000000 -0.000000000003  0.000000000000  0.000000000001  0.000000000000 -0.000000000000  0.000000000000  0.000000000002 -0.000000000000  0.000000000001  0.000000000000
  0.989919354839 -0.000000000001  0.000000000001  0.000000000001 -0.000000000000  0.000000000001 -0.000000000000 -0.000000000001 -0.000000000000 -0.000000000001  0.000000000000  0.000000000001  0.000000000000
  0.991935483871 -0.000000000000  0.000000000000 -0.000000000003  0.000000000000  0.000000000001  0.000000000000 -0.000000000001 -0.000000000000  0.000000000002 -0.000000000000  0.000000000001  0.000000000000
  0.993951612903 -0.000000000001  0.000000000000  0.000000000001 -0.000000000000  0.000000000000 -0.000000000000 -0.000000000001 -0.000000000000 -0.000000000001  0.000000000000  0.000000000000  0.000000000000
  0.995967741935 -0.000000000000  0.000000000000 -0.000000000003  0.000000000000  0.000855160696  0.000000000000 -0.000000000001 -0.000000000000  0.000000000002 -0.000000000000  0.000855160696  0.000000000000
  0.997983870968 -0.000000000000  0.000000000000 -0.000000000001  0.000000000000  0.000586020263  0.000000000000 -0.000000000000 -0.000000000000  0.000000000000 -0.000000000000  0.000586020263  0.000000000000
  1.000000000000  0.000000000000 -0.000000000001 -0.000000000016  0.000000000001  0.001100724271  0.000000000001  0.000000000000  0.000000000001  0.000000000012 -0.000000000001  0.001100724271  0.000000000000
