             Rad         v_r[Re]         v_t[Re]         v_x[Re]         p[Re]          p_mg[Re]  p_no_phase[Re]         v_r[Im]         v_t[Im]         v_x[Im]         p[Im]          p_mg[Im]  p_no_phase[Im]
  0.000000000000  0.228890927304  0.000000000000 -0.106799661599  0.000000000000  0.019952486995 -0.000000000000 -0.025177922930  0.000000000000  0.202943096121 -0.000000000000  0.019952486995  0.000000000000
  0.003802281369  0.108553424860 -0.023546796156  0.426970515224 -0.000000000000  0.043824572873  0.000000000000 -0.015713463340 -0.040880847860  0.059665914120 -0.000000000000  0.043824572873  0.000000000000
  0.007604562738 -0.025469821280 -0.032615140407  0.136783612352 -0.000000000000  0.065871226552  0.000000000000 -0.003414930771 -0.057666387047 -0.101471117291  0.000000000000  0.065871226552 -0.000000000000
  0.011406844106 -0.008170468375 -0.052237610619  0.039307106491 -0.000000000000  0.041514801837  0.000000000000  0.018202889435  0.019564366076  0.028651650740 -0.000000000000  0.041514801837  0.000000000000
  0.015209125475 -0.011393806195 -0.021502745112 -0.216563408263 -0.000000000000  0.007143512750  0.000000000000  0.042317542083 -0.016908005176  0.020003121417  0.000000000000  0.007143512750 -0.000000000000
  0.019011406844 -0.011611911683 -0.045571877915  0.055652028446 -0.000000000000  0.023949312331  0.000000000000  0.064839663745 -0.005774492870 -0.031011000642 -0.000000000000  0.023949312331  0.000000000000
  0.022813688213 -0.016157753625 -0.002821641233  0.247477859772 -0.000000000000  0.064636613462  0.000000000000  0.038241414321  0.002320896950  0.036253231446 -0.000000000000  0.064636613462  0.000000000000
  0.026615969582  0.000731949905  0.036159472261 -0.089390521908  0.000000000000  0.018445935585 -0.000000000000  0.007105914702 -0.008723699110  0.049898483846  0.000000000000  0.018445935585 -0.000000000000
  0.030418250951 -0.009380003131 -0.020332683924  0.358554207592 -0.000000000000  0.028510508774  0.000000000000  0.022035995607 -0.030381225864  0.027611914943 -0.000000000000  0.028510508774  0.000000000000
  0.034220532319 -0.002116541131 -0.078880947199  0.383593051009  0.000000000000  0.033120678768 -0.000000000000 -0.064601950848  0.025049477006 -0.009455424866 -0.000000000000  0.033120678768  0.000000000000
  0.038022813688 -0.003867316922  0.010870539877 -0.239124797006 -0.000000000000  0.002483064147  0.000000000000 -0.018035975145 -0.009583508745 -0.041000519371 -0.000000000000  0.002483064147  0.000000000000
  0.041825095057 -0.010406346294 -0.030059658723  0.183550854396 -0.000000000000  0.059668685643  0.000000000000 -0.026543493880  0.020636917269  0.008691459573  0.000000000000  0.059668685643 -0.000000000000
  0.045627376426  0.005019400617  0.041970095150 -0.212235945746 -0.000000000000  0.046802799688  0.000000000000 -0.032738127306 -0.003837856146  0.048184962192 -0.000000000000  0.046802799688  0.000000000000
  0.049429657795 -0.000620129829  0.026851025883  0.086857910591  0.000000000000  0.018260484682 -0.000000000000  0.002404380701 -0.001849927836  0.033135749651 -0.000000000000  0.018260484682  0.000000000000
  0.053231939163  0.013832414107 -0.006181066574  0.309111279128 -0.000000000000  0.039747783763  0.000000000000 -0.058043228428  0.017819200818  0.048401886172 -0.000000000000  0.039747783763  0.000000000000
  0.057034220532  0.012544008065  0.008293588856 -0.297727539681  0.000000000000  0.013569297928 -0.000000000000 -0.045090463740 -0.013958123871  0.027591130708 -0.000000000000  0.013569297928  0.000000000000
  0.060836501901  0.018026621308  0.007979273754 -0.037957052969 -0.000000000000  0.012493693546  0.000000000000 -0.002913112603  0.010334851197  0.055819814448 -0.000000000000  0.012493693546  0.000000000000
  0.064638783270  0.023338035533  0.057688718188 -0.011286943254  0.000000000000  0.058888497723 -0.000000000000 -0.032174872363  0.017969729513 -0.030587872699  0.000000000000  0.058888497723 -0.000000000000
  0.068441064639  0.013305266844  0.058379813404 -0.177298556574 -0.000000000000  0.055218847197  0.000000000000 -0.002663779358 -0.006982623111 -0.055551431664 -0.000000000000  0.055218847197  0.000000000000
  0.072243346008  0.012399529278  0.041784592594 -0.317585922457  0.000000000000  0.026520214319 -0.000000000000 -0.001531029748  0.030342141930  0.089474077103 -0.000000000000  0.026520214319  0.000000000000
  0.076045627376  0.033187782764 -0.006938343854  0.262920316942 -0.000000000000  0.027447720166  0.000000000000  0.048645927263 -0.005470598564  0.027348320322 -0.000000000000  0.027447720166  0.000000000000
  0.079847908745  0.015820281879 -0.008244821338  0.227639695344  0.000000000000  0.072852686247 -0.000000000000 -0.052904061915 -0.025765170220 -0.007829855600 -0.000000000000  0.072852686247  0.000000000000
  0.083650190114  0.025554272054  0.171015625331 -0.334735120663 -0.000000000000  0.033689197495  0.000000000000  0.007092316076 -0.014671322455 -0.052991792839 -0.000000000000  0.033689197495  0.000000000000
  0.087452471483  0.001726039118 -0.000745173485  0.450910251652  0.000000000000  0.050030908571 -0.000000000000 -0.027393395760 -0.004732683094  0.044697037725  0.000000000000  0.050030908571 -0.000000000000
  0.091254752852  0.030973496213  0.086816394427 -0.392964820371  0.000000000000  0.005343558317 -0.000000000000 -0.065940552209  0.001937416020 -0.005247058786 -0.000000000000  0.005343558317  0.000000000000
  0.095057034221 -0.002967216284 -0.090521474943 -0.027442087804 -0.000000000000  0.021858168970  0.000000000000  0.033558272532 -0.048581785907 -0.081468990589 -0.000000000000  0.021858168970  0.000000000000
  0.098859315589  0.009537878469  0.021476523719  0.239060902628 -0.000000000000  0.028635156213  0.000000000000 -0.049113345302  0.012880150355  0.017978000884  0.000000000000  0.028635156213 -0.000000000000
  0.102661596958 -0.000637442163  0.091582748726 -0.265340998464  0.000000000000  0.042569941901 -0.000000000000 -0.005305401302 -0.005135936900  0.034960986914  0.000000000000  0.042569941901 -0.000000000000
  0.106463878327  0.014781450248  0.033123925091  0.159140750828  0.000000000000  0.008757929550 -0.000000000000 -0.016102430850  0.001360613679 -0.043926071621 -0.000000000000  0.008757929550  0.000000000000
  0.110266159696 -0.009909276103  0.074226516570 -0.336761427890  0.000000000000  0.079995878744 -0.000000000000 -0.026865934163 -0.010687597633 -0.031010109045 -0.000000000000  0.079995878744  0.000000000000
  0.114068441065  0.007339587398  0.089592566308 -0.225491922659 -0.000000000000  0.058486924308  0.000000000000  0.041932450563 -0.022403175981  0.023310330389  0.000000000000  0.058486924308 -0.000000000000
  0.117870722433 -0.008264162742 -0.020271994279  0.700865388000  0.000000000000  0.076309805755 -0.000000000000 -0.002899128174 -0.004984050005  0.037007119120  0.000000000000  0.076309805755 -0.000000000000
  0.121673003802  0.013347758903  0.082111780176 -0.407451181679  0.000000000000  0.080938413990 -0.000000000000 -0.078874444203 -0.038598611070 -0.016964142808  0.000000000000  0.080938413990 -0.000000000000
  0.125475285171 -0.017468907262 -0.014319272364  0.030897944383  0.000000000000  0.054663115234 -0.000000000000  0.055817180098 -0.021637308898 -0.086976955073  0.000000000000  0.054663115234 -0.000000000000
  0.129277566540 -0.006543023214 -0.018366665056 -0.063139950152  0.000000000000  0.094675698322 -0.000000000000 -0.076028779430 -0.013247193267 -0.011992210589  0.000000000000  0.094675698322 -0.000000000000
  0.133079847909 -0.025722182624  0.085469472903 -0.188058328363  0.000000000000  0.092271511817 -0.000000000000  0.076742401449 -0.015932457582 -0.091767572877 -0.000000000000  0.092271511817  0.000000000000
  0.136882129278 -0.027397682794  0.016878464893 -0.045228979715  0.000000000000  0.073183126271 -0.000000000000 -0.047301407428  0.008230537050 -0.082617595388  0.000000000000  0.073183126271 -0.000000000000
  0.140684410646 -0.042629651125  0.041392773835  0.163646896230 -0.000000000000  0.038849863808  0.000000000000  0.084535203896  0.011304834083 -0.023400432182 -0.000000000000  0.038849863808  0.000000000000
  0.144486692015 -0.030768219384 -0.012067460537  0.149584933468  0.000000000000  0.029939341527 -0.000000000000 -0.086990508499 -0.017937754377  0.020481009984  0.000000000000  0.029939341527 -0.000000000000
  0.148288973384 -0.038255162577  0.122888757688 -0.388924772843  0.000000000000  0.043746956289 -0.000000000000  0.062388400420 -0.008332372080  0.022186800903  0.000000000000  0.043746956289 -0.000000000000
  0.152091254753 -0.021938771256  0.015969251103  0.216036834205 -0.000000000000  0.008491256187  0.000000000000 -0.032062473917  0.015753437371  0.117702569856 -0.000000000000  0.008491256187  0.000000000000
  0.155893536122 -0.012381455651  0.046060153100 -0.021136530673 -0.000000000000  0.070654212972  0.000000000000  0.027259195275 -0.018214760944 -0.008252390785 -0.000000000000  0.070654212972  0.000000000000
  0.159695817490 -0.018827573143 -0.164446355714  0.249730233341 -0.000000000000  0.037657715280  0.000000000000 -0.039488209305  0.005943724583  0.076689653998 -0.000000000000  0.037657715280  0.000000000000
  0.163498098859  0.006224045435  0.031037988997 -0.589561603484 -0.000000000000  0.036831614556  0.000000000000  0.005776044498 -0.002752520409  0.086399101731 -0.000000000000  0.036831614556  0.000000000000
  0.167300380228  0.001491259741  0.027608615676 -0.102889793373 -0.000000000000  0.035639085542  0.000000000000  0.070638473618  0.009358893614  0.071260665006 -0.000000000000  0.035639085542  0.000000000000
  0.171102661597  0.022036962877  0.028514242753  0.165402726894 -0.000000000000  0.090382662959  0.000000000000  0.030536466516 -0.019025139760 -0.044609547080 -0.000000000000  0.090382662959  0.000000000000
  0.174904942966 -0.005403617025  0.056815131005  0.109480847043 -0.000000000000  0.083403129505  0.000000000000  0.036433072254 -0.003294671227  0.081479822234  0.000000000000  0.083403129505 -0.000000000000
  0.178707224335  0.034935515838  0.237501498339 -0.423459799883 -0.000000000000  0.064606847149  0.000000000000  0.007046570184 -0.027238741367 -0.065823175586  0.000000000000  0.064606847149  0.000000000000
  0.182509505703 -0.018934680894 -0.014736028862  0.437215183596 -0.000000000000  0.046928474364  0.000000000000  0.088377053713 -0.019653683662  0.023759621081  0.000000000000  0.046928474364 -0.000000000000
  0.186311787072  0.036728596294 -0.065731831748  0.156267629885  0.000000000000  0.085717768359 -0.000000000000 -0.074880519666  0.020539519648 -0.019551724902 -0.000000000000  0.085717768359  0.000000000000
  0.190114068441 -0.022102107595 -0.074947368555 -0.240451606232  0.000000000000  0.038534273310 -0.000000000000  0.060708661148 -0.000803033032  0.006500636200 -0.000000000000  0.038534273310  0.000000000000
  0.193916349810  0.038267151344  0.088711964621 -0.111695241752 -0.000000000000  0.045629193354  0.000000000000 -0.027164440618 -0.009146759132  0.021474077561 -0.000000000000  0.045629193354  0.000000000000
  0.197718631179 -0.021432189628  0.090786671069 -0.030336739993 -0.000000000000  0.092836472853  0.000000000000  0.082995162872 -0.005347501895 -0.090012163784 -0.000000000000  0.092836472853  0.000000000000
  0.201520912548  0.022736138868 -0.217272692453  0.352301733123  0.000000000000  0.026703781594 -0.000000000000 -0.031112026757  0.019289343171  0.082709711435  0.000000000000  0.026703781594 -0.000000000000
  0.205323193916 -0.011927390190 -0.058441079197 -0.671996440347  0.000000000000  0.058042726152 -0.000000000000  0.044042713919 -0.048128469952 -0.202873280456 -0.000000000000  0.058042726152  0.000000000000
  0.209125475285 -0.015075682956 -0.042216090619  0.149533133846  0.000000000000  0.011777284915 -0.000000000000  0.091604227387  0.009817306663  0.085037993833  0.000000000000  0.011777284915 -0.000000000000
  0.212927756654  0.003365653517  0.017514859868  0.135891207745 -0.000000000000  0.019107958852  0.000000000000  0.026490834789 -0.006623167926  0.111957118737  0.000000000000  0.019107958852  0.000000000000
  0.216730038023  0.008171981135  0.118322785666  0.074654133856  0.000000000000  0.062833766024 -0.000000000000  0.057464569811 -0.008727462818  0.011550250136  0.000000000000  0.062833766024 -0.000000000000
  0.220532319392  0.007336647872 -0.037898002858  0.358880595506 -0.000000000000  0.021166612234  0.000000000000 -0.009212927763  0.007231585268 -0.039616381313 -0.000000000000  0.021166612234  0.000000000000
  0.224334600760  0.004520489793  0.039433322560  0.193225555072  0.000000000000  0.062528338166 -0.000000000000 -0.018565539677  0.022379723474  0.147154144298  0.000000000000  0.062528338166 -0.000000000000
  0.228136882129  0.032932321249  0.105360526399 -0.197385498318 -0.000000000000  0.023074566910  0.000000000000 -0.053512095548 -0.022449560878 -0.127590004231 -0.000000000000  0.023074566910  0.000000000000
  0.231939163498 -0.019055411013  0.003105302496  0.022338350380  0.000000000000  0.020124722544 -0.000000000000  0.009215030364  0.028722367342 -0.015866114926  0.000000000000  0.020124722544 -0.000000000000
  0.235741444867  0.028348968400 -0.095780260653  0.099049625969 -0.000000000000  0.039142340638  0.000000000000 -0.055732657073 -0.003104922992  0.009293784334  0.000000000000  0.039142340638 -0.000000000000
  0.239543726236 -0.023064568713  0.124238207805 -0.214176320462  0.000000000000  0.063155831043 -0.000000000000  0.000679196723 -0.036934448856 -0.169945060241  0.000000000000  0.063155831043 -0.000000000000
  0.243346007605 -0.006587170778 -0.057377441915 -0.040735461418  0.000000000000  0.072005940770 -0.000000000000 -0.019016141528  0.035022479204 -0.003246978664  0.000000000000  0.072005940770 -0.000000000000
  0.247148288973 -0.030395934875 -0.048741868553 -0.303689493881  0.000000000000  0.064754268783 -0.000000000000  0.024661913423 -0.017822103406 -0.178375744970 -0.000000000000  0.064754268783  0.000000000000
  0.250950570342 -0.039732114529 -0.048486013206 -0.190577918930  0.000000000000  0.063593213870 -0.000000000000  0.049091934875  0.027817584883  0.089587010779  0.000000000000  0.063593213870 -0.000000000000
  0.254752851711 -0.015961298284  0.109937739248  0.003178967202 -0.000000000000  0.054369247018  0.000000000000  0.070214617162 -0.019634506719 -0.045663880825  0.000000000000  0.054369247018 -0.000000000000
  0.258555133080 -0.044703593073 -0.039907292950  0.010569093631  0.000000000000  0.036775757979 -0.000000000000  0.046847669013 -0.001099055127  0.106643177588  0.000000000000  0.036775757979 -0.000000000000
  0.262357414449  0.003457522234 -0.002106609827  0.186487190895 -0.000000000000  0.042522903368  0.000000000000  0.063499152674 -0.036723057633 -0.059598696372 -0.000000000000  0.042522903368  0.000000000000
  0.266159695817 -0.054077464844  0.048579527635  0.086938533534 -0.000000000000  0.043460923117  0.000000000000  0.005625194874 -0.005471706715  0.030861925424 -0.000000000000  0.043460923117  0.000000000000
  0.269961977186  0.013066678331  0.076914355643  0.129246657257 -0.000000000000  0.010374728646  0.000000000000  0.034376129688  0.011399331937  0.168261607885  0.000000000000  0.010374728646 -0.000000000000
  0.273764258555 -0.022163042731 -0.239193132550  0.467824680205 -0.000000000000  0.016398903834  0.000000000000 -0.036290451193 -0.035600156604 -0.088905704457 -0.000000000000  0.016398903834  0.000000000000
  0.277566539924  0.001216865812  0.007244876280 -0.247097924313  0.000000000000  0.010486038614 -0.000000000000 -0.043443884216  0.024671022059  0.086172043829  0.000000000000  0.010486038614 -0.000000000000
  0.281368821293 -0.005485285124  0.047086985825 -0.295946825536 -0.000000000000  0.044117155499  0.000000000000  0.008806057096 -0.027508826365  0.018003245690 -0.000000000000  0.044117155499  0.000000000000
  0.285171102662  0.007517608266  0.069879422411  0.058914871108 -0.000000000000  0.056695938015  0.000000000000  0.014574279156 -0.011117586242  0.077784387641  0.000000000000  0.056695938015 -0.000000000000
  0.288973384030  0.008893810462 -0.087964330930  0.284240086316 -0.000000000000  0.013422356435  0.000000000000 -0.005554920458 -0.006793443639 -0.030307013140 -0.000000000000  0.013422356435  0.000000000000
  0.292775665399  0.002706824253 -0.045284042250  0.279966807004 -0.000000000000  0.053233319097  0.000000000000 -0.044034038104  0.007570059064 -0.010146362607  0.000000000000  0.053233319097 -0.000000000000
  0.296577946768  0.005672343192  0.077155115801 -0.337450981169 -0.000000000000  0.037487281443  0.000000000000 -0.056411469668 -0.002288672589 -0.042301304135 -0.000000000000  0.037487281443  0.000000000000
  0.300380228137 -0.004760055881 -0.012943370302  0.022358846272  0.000000000000  0.030895589347 -0.000000000000  0.012549960967 -0.002066016445  0.037107716893 -0.000000000000  0.030895589347  0.000000000000
  0.304182509506  0.015072228754 -0.089125969578 -0.054802094373  0.000000000000  0.020573569577 -0.000000000000 -0.051055011336  0.004578549624  0.133437678556  0.000000000000  0.020573569577 -0.000000000000
  0.307984790875  0.021372920622 -0.017395034478 -0.124148787821 -0.000000000000  0.075997188560  0.000000000000  0.030797638449 -0.004233269956 -0.025728353975 -0.000000000000  0.075997188560  0.000000000000
  0.311787072243  0.012676385011 -0.248094837971  0.261267070252 -0.000000000000  0.048292561898  0.000000000000 -0.028175285343 -0.001666469561 -0.012505147400  0.000000000000  0.048292561898 -0.000000000000
  0.315589353612  0.019624431379  0.137834982432 -0.545826999463  0.000000000000  0.075893501831 -0.000000000000  0.006176848566 -0.007274601386  0.073864584781  0.000000000000  0.075893501831 -0.000000000000
  0.319391634981  0.022446378321 -0.107015303282 -0.138464913459 -0.000000000000  0.083534548983  0.000000000000  0.072606699204  0.002895664010 -0.148830068274 -0.000000000000  0.083534548983  0.000000000000
  0.323193916350 -0.007867940321  0.203395124287 -0.102097825571  0.000000000000  0.015358619684 -0.000000000000  0.047647319440 -0.006282582531  0.010443969263 -0.000000000000  0.015358619684  0.000000000000
  0.326996197719  0.021474222598 -0.080842028271  0.640471290099  0.000000000000  0.096324033413 -0.000000000000  0.072792042037 -0.016803743365  0.040326664663  0.000000000000  0.096324033413 -0.000000000000
  0.330798479087 -0.003374040694 -0.027457208786  0.378638799519  0.000000000000  0.035524954520 -0.000000000000 -0.083466380796 -0.010546461380 -0.102957768300  0.000000000000  0.035524954520 -0.000000000000
  0.334600760456  0.004750064965 -0.284664705871  0.082779048371 -0.000000000000  0.053573321858  0.000000000000 -0.014605618146  0.032040855749  0.131565735992  0.000000000000  0.053573321858 -0.000000000000
  0.338403041825  0.017372544018  0.050853425604 -0.209483590456 -0.000000000000  0.056538578081  0.000000000000 -0.094744467529 -0.018805189838 -0.131259897167  0.000000000000  0.056538578081 -0.000000000000
  0.342205323194 -0.020743757475  0.147071027008 -0.198229745514  0.000000000000  0.043331603958 -0.000000000000  0.028839537436 -0.026131104548 -0.083860438487  0.000000000000  0.043331603958 -0.000000000000
  0.346007604563 -0.000276367708 -0.018249966315 -0.097803748549  0.000000000000  0.029660240357 -0.000000000000 -0.053572609007  0.017302270993  0.109301766561  0.000000000000  0.029660240357 -0.000000000000
  0.349809885932 -0.004694375496  0.146087243981 -0.127924678866  0.000000000000  0.104528028394 -0.000000000000  0.056343354978 -0.019467210764 -0.131244620279 -0.000000000000  0.104528028394  0.000000000000
  0.353612167300 -0.025070508781  0.058074247374  0.127566932763 -0.000000000000  0.027381400040  0.000000000000 -0.035342573351 -0.007456171727 -0.027064302320  0.000000000000  0.027381400040 -0.000000000000
  0.357414448669 -0.015019203316  0.002794877397  0.257934864470  0.000000000000  0.068703348750 -0.000000000000  0.025576422536 -0.019028699231 -0.091733955972 -0.000000000000  0.068703348750  0.000000000000
  0.361216730038 -0.043023284289 -0.072571202596  0.284162010370  0.000000000000  0.012073663748 -0.000000000000 -0.095263349348  0.028755736775  0.052796508973  0.000000000000  0.012073663748 -0.000000000000
  0.365019011407 -0.005856208699  0.088181178957 -0.262241331767  0.000000000000  0.034240377891 -0.000000000000 -0.026747820244  0.010517634485 -0.016266458463 -0.000000000000  0.034240377891  0.000000000000
  0.368821292776 -0.044764552108  0.080557201687 -0.016711966521  0.000000000000  0.042550810744 -0.000000000000 -0.052117991175 -0.015814452240 -0.029621374741 -0.000000000000  0.042550810744  0.000000000000
  0.372623574144 -0.007570919795  0.026358012400 -0.453900196845  0.000000000000  0.025335674064 -0.000000000000 -0.009405026835  0.006366767841  0.161580380496  0.000000000000  0.025335674064 -0.000000000000
  0.376425855513 -0.013314481114 -0.185189121174  0.249039096036 -0.000000000000  0.056716857059  0.000000000000  0.031545650584 -0.000670570289  0.005653959834 -0.000000000000  0.056716857059  0.000000000000
  0.380228136882 -0.002491528735  0.248496394465 -0.011412240189 -0.000000000000  0.013800890695  0.000000000000 -0.042477803375  0.011445635605 -0.013727671336 -0.000000000000  0.013800890695  0.000000000000
  0.384030418251 -0.014179916088  0.117330538662  0.025591791021 -0.000000000000  0.065356932491  0.000000000000  0.020995865308 -0.004262486145  0.025606797318  0.000000000000  0.065356932491 -0.000000000000
  0.387832699620  0.003338252006 -0.199075484168  0.195198561826 -0.000000000000  0.068120632676  0.000000000000 -0.056618530079 -0.001913835746  0.039047938171 -0.000000000000  0.068120632676  0.000000000000
  0.391634980989 -0.006293809045 -0.083537949195  0.090032324426 -0.000000000000  0.054229409905  0.000000000000 -0.012282204676 -0.018830281742 -0.020266546607  0.000000000000  0.054229409905 -0.000000000000
  0.395437262357  0.002051878313  0.081188375551 -0.423323310765 -0.000000000000  0.138085758226  0.000000000000 -0.065324715231 -0.000487162254  0.077933294135 -0.000000000000  0.138085758226  0.000000000000
  0.399239543726  0.010007118559 -0.155213472570  0.046650661852 -0.000000000000  0.057678566301  0.000000000000  0.067381586315 -0.008307193644  0.064355777948 -0.000000000000  0.057678566301  0.000000000000
  0.403041825095  0.015565125167  0.028329599188 -0.358726086688 -0.000000000000  0.058596216762  0.000000000000 -0.051947625328 -0.010599320046 -0.034602626229  0.000000000000  0.058596216762 -0.000000000000
  0.406844106464  0.006975113410 -0.157061523055 -0.023388885911  0.000000000000  0.084188234742 -0.000000000000  0.137909479071  0.020235740668  0.100658908022  0.000000000000  0.084188234742 -0.000000000000
  0.410646387833  0.034585341219  0.213424140314  0.370327448279 -0.000000000000  0.095017332883  0.000000000000 -0.046159193920  0.005452577071 -0.006562015133 -0.000000000000  0.095017332883  0.000000000000
  0.414448669202  0.005318848732  0.240164438876  0.125599480178  0.000000000000  0.024048067203 -0.000000000000  0.058354318324 -0.008780074739 -0.091886635898  0.000000000000  0.024048067203 -0.000000000000
  0.418250950570  0.014926390792  0.306731788211 -0.214547647711  0.000000000000  0.066018156316 -0.000000000000 -0.082854461117  0.001303482278 -0.047617068817  0.000000000000  0.066018156316 -0.000000000000
  0.422053231939 -0.008026163719  0.174689375923 -0.336214296910  0.000000000000  0.077648921153 -0.000000000000  0.094677738905 -0.004585141076 -0.069371517879  0.000000000000  0.077648921153 -0.000000000000
  0.425855513308  0.001590576460 -0.204938117104  0.286274261982  0.000000000000  0.022195695276 -0.000000000000 -0.023995407951  0.005973158199  0.062301082380 -0.000000000000  0.022195695276  0.000000000000
  0.429657794677  0.004264034539  0.106973937389 -0.592201395011  0.000000000000  0.044577050761 -0.000000000000  0.065880307929  0.009771833572  0.081268802254  0.000000000000  0.044577050761 -0.000000000000
  0.433460076046  0.017383935372 -0.434990322211  0.332953982757  0.000000000000  0.036833028554 -0.000000000000  0.075677960776 -0.000688261990 -0.068647653994 -0.000000000000  0.036833028554  0.000000000000
  0.437262357414 -0.006904649349  0.037350301437  0.128130920342  0.000000000000  0.032356428260 -0.000000000000  0.021094423579  0.029095543332  0.028034754656  0.000000000000  0.032356428260 -0.000000000000
  0.441064638783  0.018622968870 -0.277765021172  0.173299434936  0.000000000000  0.020066439109 -0.000000000000  0.040500598576 -0.004868690682 -0.139385863329  0.000000000000  0.020066439109 -0.000000000000
  0.444866920152 -0.035254706139 -0.001991951699  0.021631565427  0.000000000000  0.036289118371 -0.000000000000 -0.010666662437  0.000992835647 -0.068458622373  0.000000000000  0.036289118371 -0.000000000000
  0.448669201521  0.005511018874  0.042629794562  0.019572383180 -0.000000000000  0.029740052368  0.000000000000  0.031883649740  0.003976895820  0.140225998687 -0.000000000000  0.029740052368  0.000000000000
  0.452471482890 -0.011500197453  0.123595161864 -0.047473287194  0.000000000000  0.088623408906 -0.000000000000 -0.016444069967 -0.009503302942 -0.069002225746 -0.000000000000  0.088623408906  0.000000000000
  0.456273764259 -0.004860860105  0.003162949679  0.089688313102  0.000000000000  0.037749550343 -0.000000000000  0.035962093253  0.004820489666 -0.007802841157  0.000000000000  0.037749550343 -0.000000000000
  0.460076045627 -0.012526438280  0.172471903984 -0.261870539257  0.000000000000  0.030708079179 -0.000000000000 -0.026973302706  0.024894815594  0.063153391246  0.000000000000  0.030708079179 -0.000000000000
  0.463878326996  0.007718347338 -0.173597427853 -0.316166921600 -0.000000000000  0.041529468606  0.000000000000  0.088286667852  0.002614580398 -0.013294176084  0.000000000000  0.041529468606 -0.000000000000
  0.467680608365 -0.013097429133  0.019601046758  0.300058308385 -0.000000000000  0.053679968668  0.000000000000  0.035404602825 -0.003757101094  0.015255487300 -0.000000000000  0.053679968668  0.000000000000
  0.471482889734  0.011035330299 -0.079657180367  0.313842683751 -0.000000000000  0.112033621052  0.000000000000  0.028656720190  0.026288611263  0.024608755080  0.000000000000  0.112033621052 -0.000000000000
  0.475285171103 -0.009737541716  0.065941586552  0.328094293945 -0.000000000000  0.034222900335  0.000000000000 -0.040371735707  0.002709136068 -0.105708860601 -0.000000000000  0.034222900335  0.000000000000
  0.479087452471 -0.006850500817 -0.063634574855  0.354204985389  0.000000000000  0.109740790412 -0.000000000000 -0.053241052532  0.014713359200  0.089494834874  0.000000000000  0.109740790412 -0.000000000000
  0.482889733840  0.003134896279  0.144320191030 -0.216552531432 -0.000000000000  0.018369124336  0.000000000000 -0.111989752529  0.002182998375 -0.097850184410 -0.000000000000  0.018369124336  0.000000000000
  0.486692015209 -0.025553956304  0.124226613882  0.010925460116 -0.000000000000  0.098136846398  0.000000000000 -0.022764055539 -0.002303740281 -0.067104724324  0.000000000000  0.098136846398 -0.000000000000
  0.490494296578 -0.010659936813  0.199534395607 -0.163444766411 -0.000000000000  0.027909604499  0.000000000000 -0.109221823952 -0.002046195817  0.043880338450 -0.000000000000  0.027909604499  0.000000000000
  0.494296577947 -0.017112480432  0.057834394690 -0.041627641608 -0.000000000000  0.010095943318  0.000000000000  0.006677405359  0.011847441903  0.069984234271  0.000000000000  0.010095943318 -0.000000000000
  0.498098859316  0.003317611478 -0.154614095449  0.057123276330 -0.000000000000  0.013113137656  0.000000000000 -0.098080752827 -0.029112326982 -0.045760406324 -0.000000000000  0.013113137656  0.000000000000
  0.501901140684 -0.023940303626  0.110566190186 -0.537754193475  0.000000000000  0.017278447003 -0.000000000000  0.014346005911  0.003490910384  0.028409838896  0.000000000000  0.017278447003 -0.000000000000
  0.505703422053  0.009952513225  0.035320513048  0.086733622460 -0.000000000000  0.019931907485  0.000000000000  0.001695745259  0.018155133365  0.084034732341 -0.000000000000  0.019931907485  0.000000000000
  0.509505703422 -0.010053249127  0.057349577671  0.018391306940  0.000000000000  0.036766647582 -0.000000000000  0.008419415727 -0.013163488279 -0.157312467911  0.000000000000  0.036766647582 -0.000000000000
  0.513307984791 -0.015773574548  0.027113254909  0.134567175229 -0.000000000000  0.016241185798  0.000000000000 -0.007052593622  0.032471285379  0.135645540237 -0.000000000000  0.016241185798  0.000000000000
  0.517110266160  0.010966849246 -0.004298799175 -0.087189450332  0.000000000000  0.023382331539 -0.000000000000 -0.016643591968 -0.023018376579 -0.114561431765  0.000000000000  0.023382331539 -0.000000000000
  0.520912547529 -0.035366472428 -0.042088328085 -0.124939580090 -0.000000000000  0.049725453650  0.000000000000  0.010049825990  0.017137040265  0.006390983077  0.000000000000  0.049725453650 -0.000000000000
  0.524714828897  0.012471216489  0.064796762680  0.020323069002 -0.000000000000  0.020934041197  0.000000000000  0.010404079748  0.022065057817  0.095613304636  0.000000000000  0.020934041197 -0.000000000000
  0.528517110266 -0.019558665404  0.198601777511 -0.244196370583  0.000000000000  0.051023403153 -0.000000000000  0.012813744021 -0.010631922285 -0.146939259580  0.000000000000  0.051023403153 -0.000000000000
  0.532319391635 -0.010743117044  0.177162237912  0.177717984648  0.000000000000  0.097181197069 -0.000000000000  0.048551067722  0.011749004303  0.136370853522  0.000000000000  0.097181197069 -0.000000000000
  0.536121673004  0.002547832639  0.327594538769 -0.091241254270  0.000000000000  0.078365055462 -0.000000000000 -0.020778417400 -0.015447327825 -0.091539918681  0.000000000000  0.078365055462 -0.000000000000
  0.539923954373 -0.021019895034 -0.064094448566  0.378473816021  0.000000000000  0.074687033506 -0.000000000000  0.046492490599  0.025252008824  0.199982018795  0.000000000000  0.074687033506 -0.000000000000
  0.543726235741  0.040297490812 -0.125304188794 -0.158260293359  0.000000000000  0.055568834448 -0.000000000000 -0.088432444827 -0.028928729292 -0.016231203260  0.000000000000  0.055568834448 -0.000000000000
  0.547528517110 -0.018945287639 -0.039870319589 -0.177381769913  0.000000000000  0.047406106449 -0.000000000000  0.076040502325  0.006555736953  0.048170674122 -0.000000000000  0.047406106449  0.000000000000
  0.551330798479  0.052067711471  0.066181848171  0.152826696776  0.000000000000  0.119060035183 -0.000000000000 -0.053545367644  0.013042067167  0.083053087150 -0.000000000000  0.119060035183  0.000000000000
  0.555133079848 -0.002792909249 -0.021031633259 -0.181456776255  0.000000000000  0.047210071637 -0.000000000000  0.055498603765 -0.003945559275 -0.047086426490  0.000000000000  0.047210071637 -0.000000000000
  0.558935361217  0.045350400572  0.076081334204 -0.305763196129  0.000000000000  0.065532003240 -0.000000000000 -0.013808696412  0.000231114702  0.016882576420  0.000000000000  0.065532003240 -0.000000000000
  0.562737642586 -0.000650407063  0.220690821639 -0.113920002155 -0.000000000000  0.076960856833  0.000000000000  0.119058258632  0.012393210587  0.036095586775 -0.000000000000  0.076960856833  0.000000000000
  0.566539923954  0.047195147156 -0.245286636525  0.387502280606 -0.000000000000  0.089591403521  0.000000000000  0.001186991519 -0.019223429386 -0.243905501669  0.000000000000  0.089591403521 -0.000000000000
  0.570342205323 -0.044995612947 -0.015015877842  0.053397632961 -0.000000000000  0.117697845619  0.000000000000  0.047642819651  0.000169313193  0.104431039415  0.000000000000  0.117697845619 -0.000000000000
  0.574144486692  0.068445034160 -0.000204940569  0.648208582171  0.000000000000  0.024083518559 -0.000000000000 -0.035188787749 -0.003840996806  0.283199669306 -0.000000000000  0.024083518559  0.000000000000
  0.577946768061  0.006891471629  0.275790016725  0.340296776877 -0.000000000000  0.045548276899  0.000000000000 -0.089325960413 -0.016244670784 -0.204374213285 -0.000000000000  0.045548276899  0.000000000000
  0.581749049430  0.037619723282 -0.164363421175 -0.353088819496 -0.000000000000  0.056903313060  0.000000000000 -0.111523716238  0.001601979633  0.109741337094 -0.000000000000  0.056903313060  0.000000000000
  0.585551330798  0.022346216972  0.004750747489 -0.681428914423 -0.000000000000  0.016958856666  0.000000000000 -0.008981227824 -0.009898872482 -0.054899191642 -0.000000000000  0.016958856666  0.000000000000
  0.589353612167  0.027875295942 -0.085746894091 -0.256862865648 -0.000000000000  0.106991188745  0.000000000000  0.036022401427 -0.006391912377 -0.019001720693  0.000000000000  0.106991188745 -0.000000000000
  0.593155893536  0.015716867413  0.179202763527  0.261044868726  0.000000000000  0.058696282077 -0.000000000000  0.054689735014 -0.004873940847 -0.056108214195 -0.000000000000  0.058696282077  0.000000000000
  0.596958174905  0.016632685128  0.135626920096 -0.265923591822 -0.000000000000  0.099133020690  0.000000000000 -0.003310076257  0.003475685394  0.051671193120  0.000000000000  0.099133020690 -0.000000000000
  0.600760456274  0.019699844306 -0.358253005874 -0.254843641982 -0.000000000000  0.054660005821  0.000000000000  0.105161925636 -0.010426868498 -0.191450368961 -0.000000000000  0.054660005821  0.000000000000
  0.604562737643 -0.018108281806 -0.164665197594  0.111123624944 -0.000000000000  0.097761964533  0.000000000000  0.055833177052 -0.009753973537  0.080406101912  0.000000000000  0.097761964533 -0.000000000000
  0.608365019011  0.032048419151  0.152117019756 -0.024590601081 -0.000000000000  0.061121485773  0.000000000000  0.093809672321  0.004192112387  0.041886815289 -0.000000000000  0.061121485773  0.000000000000
  0.612167300380 -0.006763730292 -0.237461661498  0.062813227367  0.000000000000  0.043184055677 -0.000000000000  0.054239913245  0.007300256901  0.098182268030  0.000000000000  0.043184055677 -0.000000000000
  0.615969581749  0.048524888048 -0.102056320076 -0.021515470336  0.000000000000  0.039847232987 -0.000000000000  0.084868939838  0.005914779107 -0.165415122793 -0.000000000000  0.039847232987  0.000000000000
  0.619771863118 -0.037215540040  0.001855841435  0.351969867451 -0.000000000000  0.053857713024  0.000000000000  0.048485457641  0.014981646210 -0.026666789108 -0.000000000000  0.053857713024  0.000000000000
  0.623574144487  0.042734049557 -0.016545683073  0.416713942575  0.000000000000  0.081080984491 -0.000000000000  0.006218011997 -0.008131031392  0.116666782376  0.000000000000  0.081080984491 -0.000000000000
  0.627376425856 -0.017478264985 -0.141751151935 -0.259396275147  0.000000000000  0.013701710636 -0.000000000000 -0.035809387454 -0.013328098628 -0.066589597869 -0.000000000000  0.013701710636  0.000000000000
  0.631178707224  0.033299904000 -0.381836119470  0.264726672998  0.000000000000  0.081941703558 -0.000000000000  0.042329300085  0.007127543726  0.055416268467  0.000000000000  0.081941703558 -0.000000000000
  0.634980988593 -0.010744263573  0.089939214745  0.187172336859 -0.000000000000  0.036997298936  0.000000000000 -0.080365955767 -0.013868991657 -0.123315970624  0.000000000000  0.036997298936 -0.000000000000
  0.638783269962  0.013699496525 -0.072617023304  0.002237303199  0.000000000000  0.083679119139 -0.000000000000  0.000246311436  0.006139110018  0.165568591337  0.000000000000  0.083679119139 -0.000000000000
  0.642585551331  0.014492387853  0.042276517500 -0.168591790433  0.000000000000  0.070306083235 -0.000000000000 -0.080649944056 -0.038355738688 -0.187892275271 -0.000000000000  0.070306083235  0.000000000000
  0.646387832700 -0.016520712880  0.060791863718 -0.088430083581  0.000000000000  0.116390164932 -0.000000000000  0.033103869479  0.005062605181  0.154013991754 -0.000000000000  0.116390164932  0.000000000000
  0.650190114068  0.039737794335 -0.053713166744  0.516722681550 -0.000000000000  0.105557317921  0.000000000000 -0.073641718349 -0.013949967498 -0.032299282584  0.000000000000  0.105557317921 -0.000000000000
  0.653992395437 -0.020459952874 -0.168824327607  0.122226807336  0.000000000000  0.070890449644 -0.000000000000 -0.067263182115 -0.007093605025 -0.012188774731  0.000000000000  0.070890449644 -0.000000000000
  0.657794676806  0.036849359378 -0.033618038330  0.208566342167  0.000000000000  0.022838988196 -0.000000000000 -0.110402876802 -0.005681641559 -0.004682228730  0.000000000000  0.022838988196 -0.000000000000
  0.661596958175 -0.021527765326  0.336150479684 -0.274185889538  0.000000000000  0.071538388066 -0.000000000000 -0.103338776298 -0.008852824871  0.018068475962 -0.000000000000  0.071538388066  0.000000000000
  0.665399239544  0.041660784679  0.011038362310 -0.319355236855  0.000000000000  0.047519764829 -0.000000000000 -0.057357082132 -0.000813299227  0.065812148106  0.000000000000  0.047519764829 -0.000000000000
  0.669201520913 -0.009712716452  0.102646753568 -0.549767408044  0.000000000000  0.072075951765 -0.000000000000 -0.020670813263 -0.011498957253 -0.031045763353 -0.000000000000  0.072075951765  0.000000000000
  0.673003802281  0.034243506237 -0.053393741570 -0.206399000312 -0.000000000000  0.045508163178  0.000000000000  0.062810216109  0.001011400541 -0.110381341809 -0.000000000000  0.045508163178  0.000000000000
  0.676806083650 -0.032742292870  0.164076053219 -0.019813062460  0.000000000000  0.131721966384 -0.000000000000  0.034439371466  0.001075237098 -0.013666500441  0.000000000000  0.131721966384 -0.000000000000
  0.680608365019  0.027488995690 -0.090740348140  0.208213049712  0.000000000000  0.042852252792 -0.000000000000  0.066628056693  0.001017195501 -0.057509843629 -0.000000000000  0.042852252792  0.000000000000
  0.684410646388 -0.045315570202 -0.010870405736 -0.365416487316  0.000000000000  0.016290533990 -0.000000000000  0.004182345406 -0.011153777813 -0.021376001345 -0.000000000000  0.016290533990  0.000000000000
  0.688212927757  0.022831184308 -0.191466098937  0.086440514771  0.000000000000  0.029517903286 -0.000000000000  0.129728229200  0.015168406479  0.060704562920 -0.000000000000  0.029517903286  0.000000000000
  0.692015209125 -0.039027622899  0.199728405331  0.619387104602  0.000000000000  0.065494930022 -0.000000000000 -0.017696333523 -0.035228405492 -0.211364755145 -0.000000000000  0.065494930022  0.000000000000
  0.695817490494 -0.015031368060  0.105710759717 -0.059515333657 -0.000000000000  0.105380560627  0.000000000000  0.006280085344  0.003473886069  0.090703709336 -0.000000000000  0.105380560627  0.000000000000
  0.699619771863 -0.024676426787  0.275123478925 -0.388949276078 -0.000000000000  0.096901918361  0.000000000000 -0.016198165805  0.010542470729  0.062224200550 -0.000000000000  0.096901918361  0.000000000000
  0.703422053232 -0.001752911522 -0.015761247112  0.376499640103 -0.000000000000  0.173090339115  0.000000000000  0.065471468288 -0.014192611192 -0.045045743100 -0.000000000000  0.173090339115  0.000000000000
  0.707224334601 -0.030421975027  0.149658105199  0.742061600610 -0.000000000000  0.010617203788  0.000000000000 -0.100893835260 -0.012310509099  0.061936913413 -0.000000000000  0.010617203788  0.000000000000
  0.711026615970  0.009242383153 -0.013398519058  0.322406856833 -0.000000000000  0.050890024276  0.000000000000 -0.096460147915 -0.025941184891 -0.008469845210 -0.000000000000  0.050890024276  0.000000000000
  0.714828897338 -0.031288953433  0.096056680429 -0.431504221243 -0.000000000000  0.051676856378  0.000000000000 -0.170238852464  0.004791855750 -0.006041080220  0.000000000000  0.051676856378 -0.000000000000
  0.718631178707  0.008115599127 -0.013466140328 -0.593985058349  0.000000000000  0.056191161203 -0.000000000000 -0.006845587418 -0.001811310672 -0.012443555771  0.000000000000  0.056191161203 -0.000000000000
  0.722433460076 -0.032857186035 -0.087424103498 -0.206127000076  0.000000000000  0.018303971877 -0.000000000000 -0.038861290466 -0.001200572743  0.037980511137 -0.000000000000  0.018303971877  0.000000000000
  0.726235741445  0.016367366283 -0.206376384292  0.091653682614  0.000000000000  0.053712281241 -0.000000000000  0.049016393238  0.007646458522  0.049545967641  0.000000000000  0.053712281241 -0.000000000000
  0.730038022814 -0.024963391538  0.159449797023  0.143176188968  0.000000000000  0.060456300963 -0.000000000000 -0.050341589966 -0.006788463983 -0.126989619434 -0.000000000000  0.060456300963  0.000000000000
  0.733840304183 -0.004021624096 -0.189431589744  0.039138635110 -0.000000000000  0.017827906724  0.000000000000  0.017856705354  0.012020548888  0.126807936128  0.000000000000  0.017827906724 -0.000000000000
  0.737642585551 -0.003540657442 -0.156271893741 -0.183110598467 -0.000000000000  0.079625315426  0.000000000000 -0.053595455973  0.007405756728 -0.024674063529  0.000000000000  0.079625315426 -0.000000000000
  0.741444866920 -0.006859374578 -0.210724357933 -0.154717983444  0.000000000000  0.043657231644 -0.000000000000  0.060065908022 -0.007418753257 -0.051446679848  0.000000000000  0.043657231644 -0.000000000000
  0.745247148289 -0.011273488399  0.053706895495 -0.037635573893  0.000000000000  0.085441502072 -0.000000000000 -0.013810963669  0.013027711618  0.104751852821 -0.000000000000  0.085441502072  0.000000000000
  0.749049429658  0.012852591123 -0.077719707733 -0.281260248048  0.000000000000  0.109812088745 -0.000000000000  0.078581179414 -0.000991854086  0.031444728663  0.000000000000  0.109812088745 -0.000000000000
  0.752851711027 -0.007448782734 -0.287825374934  0.082933245433  0.000000000000  0.140053894812 -0.000000000000  0.043017083938 -0.011696546731 -0.203397444379 -0.000000000000  0.140053894812  0.000000000000
  0.756653992395 -0.023182677672  0.212604946134 -0.329503666948 -0.000000000000  0.155473559825  0.000000000000  0.082236328543  0.000224318800  0.118359074993 -0.000000000000  0.155473559825  0.000000000000
  0.760456273764  0.010760408394 -0.197240827440 -0.209268941313  0.000000000000  0.067571853315 -0.000000000000  0.109283614718  0.002050679872 -0.010572508129 -0.000000000000  0.067571853315  0.000000000000
  0.764258555133 -0.022912686055 -0.059495354098 -0.251912580573 -0.000000000000  0.128400315119  0.000000000000  0.138166936239 -0.002981808169 -0.005902171770  0.000000000000  0.128400315119 -0.000000000000
  0.768060836502  0.011190553393 -0.360358043461  0.411252857031 -0.000000000000  0.059246035384  0.000000000000  0.155070304441  0.000498199090  0.060538500229 -0.000000000000  0.059246035384  0.000000000000
  0.771863117871 -0.011776715338 -0.050456803955  0.090248002812  0.000000000000  0.016086144453 -0.000000000000  0.066537691095 -0.006174708914 -0.021402775011 -0.000000000000  0.016086144453  0.000000000000
  0.775665399240  0.008380002903 -0.274326426100 -0.046341472400 -0.000000000000  0.086951753826  0.000000000000  0.128126564280  0.007570620504 -0.006786335575 -0.000000000000  0.086951753826  0.000000000000
  0.779467680608 -0.012811486577 -0.014802258621  0.623289281226 -0.000000000000  0.078018890127  0.000000000000  0.057844260911 -0.007195685496  0.009418221389  0.000000000000  0.078018890127 -0.000000000000
  0.783269961977  0.012836086523  0.055658082237  0.621356093358 -0.000000000000  0.012031424232  0.000000000000 -0.009695304335 -0.004352625903  0.110310960809  0.000000000000  0.012031424232 -0.000000000000
  0.787072243346  0.009640143572  0.147420289149  0.289715247023 -0.000000000000  0.034615230707  0.000000000000 -0.086415711102  0.008639371036  0.035655867933 -0.000000000000  0.034615230707  0.000000000000
  0.790874524715  0.021474554909 -0.123219626152 -0.379461964257 -0.000000000000  0.014349332082  0.000000000000 -0.075005271202 -0.015064575582 -0.053669552672 -0.000000000000  0.014349332082  0.000000000000
  0.794676806084  0.001623986282  0.292865717780 -0.307138732033 -0.000000000000  0.131635589070  0.000000000000 -0.011921318619  0.009680917468  0.058891885926  0.000000000000  0.131635589070  0.000000000000
  0.798479087452  0.033310661167 -0.252859953145 -0.100937381881 -0.000000000000  0.003782618424  0.000000000000 -0.009413503575  0.006883020111  0.063140213982 -0.000000000000  0.003782618424  0.000000000000
  0.802281368821  0.013741144309 -0.035603701428  0.639791268135 -0.000000000000  0.127629766629  0.000000000000  0.004133313958  0.006017524142 -0.051373632652 -0.000000000000  0.127629766629  0.000000000000
  0.806083650190  0.023497910910 -0.067267517283 -0.025126555068 -0.000000000000  0.024428286653  0.000000000000 -0.129521336051 -0.005132489898 -0.062142239253 -0.000000000000  0.024428286653  0.000000000000
  0.809885931559  0.001353815897  0.031589085172 -0.049937596888 -0.000000000000  0.157533134052  0.000000000000 -0.003532051055  0.008257779727  0.041571635522 -0.000000000000  0.157533134052  0.000000000000
  0.813688212928  0.030636052307  0.194021907431  0.077162640683 -0.000000000000  0.003323357973  0.000000000000 -0.123898303576  0.004140883117  0.035300362854  0.000000000000  0.003323357973 -0.000000000000
  0.817490494297  0.006765270660 -0.005878337248  0.178086268031 -0.000000000000  0.107467004036  0.000000000000 -0.023472799188  0.020035489782 -0.087917530659 -0.000000000000  0.107467004036  0.000000000000
  0.821292775665  0.014354295584 -0.150102679718 -0.103811478955  0.000000000000  0.030089932816 -0.000000000000 -0.156877794868 -0.005549123110 -0.003528191461 -0.000000000000  0.030089932816  0.000000000000
  0.825095057034  0.002955714357 -0.098884541198 -0.230428286590 -0.000000000000  0.062724422118  0.000000000000  0.001519361991 -0.003420642722 -0.016138956699 -0.000000000000  0.062724422118  0.000000000000
  0.828897338403  0.006939702642 -0.132279142780  0.024286001366 -0.000000000000  0.060474904844  0.000000000000 -0.107242703638 -0.017056966604 -0.169830491354 -0.000000000000  0.060474904844  0.000000000000
  0.832699619772 -0.027463761558  0.104005658611 -0.256996881587 -0.000000000000  0.071430818768  0.000000000000  0.012294139171  0.004154425040  0.155162120595 -0.000000000000  0.071430818768  0.000000000000
  0.836501901141  0.031555646687 -0.091243989309 -0.059635665642 -0.000000000000  0.138453582912  0.000000000000 -0.054208802719 -0.003952068375 -0.066537738742  0.000000000000  0.138453582912 -0.000000000000
  0.840304182510 -0.038064892500 -0.114747455928 -0.549588436268  0.000000000000  0.142658994792 -0.000000000000  0.046992319318 -0.006733230398 -0.028060434358  0.000000000000  0.142658994792 -0.000000000000
  0.844106463878  0.025481088670 -0.072264476184 -0.327001911978  0.000000000000  0.144043193686 -0.000000000000  0.066731371858  0.007130513098  0.022663522632  0.000000000000  0.144043193686 -0.000000000000
  0.847908745247 -0.034718420436  0.227568197055 -0.353614417239 -0.000000000000  0.113250354623  0.000000000000  0.134029944056 -0.005164206617  0.007573133548  0.000000000000  0.113250354623 -0.000000000000
  0.851711026616  0.024464677120  0.111218394063  0.031539120016  0.000000000000  0.037791196954 -0.000000000000  0.140545609567  0.003355427638 -0.114858419548 -0.000000000000  0.037791196954 -0.000000000000
  0.855513307985 -0.059026725492  0.386729077560  0.036966271106 -0.000000000000  0.029741189920  0.000000000000  0.131393635025  0.000755088608 -0.096991218282  0.000000000000  0.029741189920 -0.000000000000
  0.859315589354  0.006655357300  0.088773196838  0.496886894551  0.000000000000  0.065571353387 -0.000000000000  0.113054628571 -0.002186798963  0.172455760601 -0.000000000000  0.065571353387 -0.000000000000
  0.863117870722 -0.032906452925 -0.082845438635  0.423689378972  0.000000000000  0.072599907165 -0.000000000000  0.018583323791 -0.012677473388 -0.210217564559  0.000000000000  0.072599907165 -0.000000000000
  0.866920152091 -0.028277664292  0.156048868555  0.294516537749  0.000000000000  0.064074760514 -0.000000000000  0.009214775092 -0.000013469576  0.078972833011  0.000000000000  0.064074760514 -0.000000000000
  0.870722433460 -0.019167565145 -0.240124569795  0.399040722991 -0.000000000000  0.027336504343  0.000000000000 -0.062707310829 -0.003566516898  0.120599836928  0.000000000000  0.027336504343 -0.000000000000
  0.874524714829 -0.005031193373  0.240386759128 -0.065535147984 -0.000000000000  0.034770179657  0.000000000000 -0.072425365816 -0.001932034086 -0.095298530444  0.000000000000  0.034770179657 -0.000000000000
  0.878326996198 -0.030987121249 -0.032283350394 -0.273382062690  0.000000000000  0.078660343260 -0.000000000000 -0.056083627304 -0.011198653711  0.127821004752  0.000000000000  0.078660343260 -0.000000000000
  0.882129277567  0.022045724103 -0.219323888926 -0.000145916536  0.000000000000  0.064258256740 -0.000000000000 -0.016163864589  0.005180127858  0.158384383617 -0.000000000000  0.064258256740  0.000000000000
  0.885931558935  0.002596980605 -0.194150963734 -0.391102857040 -0.000000000000  0.079735583135  0.000000000000 -0.034673059933 -0.000744756646 -0.032184783554  0.000000000000  0.079735583135 -0.000000000000
  0.889733840304  0.023357245858 -0.266411032298 -0.410226756945  0.000000000000  0.067916323545 -0.000000000000  0.075112506733  0.001783975980  0.132611755436 -0.000000000000  0.067916323545  0.000000000000
  0.893536121673  0.028665757147 -0.164069548493  0.072149099411 -0.000000000000  0.041801878350  0.000000000000  0.057509981103  0.006404019426  0.007734704574  0.000000000000  0.041801878350 -0.000000000000
  0.897338403042  0.029919889228 -0.154307848530 -0.037538599242  0.000000000000  0.083499197510 -0.000000000000  0.073909156716  0.015494041326  0.101793674029 -0.000000000000  0.083499197510  0.000000000000
  0.901140684411  0.044144074153 -0.216202429546  0.629870119978  0.000000000000  0.097981148494 -0.000000000000  0.051613251410 -0.015913000382 -0.198860903257 -0.000000000000  0.097981148494  0.000000000000
  0.904942965779 -0.007689809100  0.290035299101 -0.133766625866  0.000000000000  0.085751646897 -0.000000000000 -0.041088488285  0.004139781788 -0.016836303378  0.000000000000  0.085751646897 -0.000000000000
  0.908745247148  0.034084799571 -0.189939450443 -0.682782452077 -0.000000000000  0.028292113935  0.000000000000  0.076225602149  0.000451802799 -0.079280965563 -0.000000000000  0.028292113935  0.000000000000
  0.912547528517 -0.025752940819 -0.085974114963 -0.023558035410  0.000000000000  0.110265841299 -0.000000000000  0.094536191479 -0.002931671922 -0.064993181558 -0.000000000000  0.110265841299  0.000000000000
  0.916349809886  0.021884437076  0.200846489110  0.502364924452  0.000000000000  0.116683221724 -0.000000000000  0.082912100199 -0.005184182758  0.120788192391 -0.000000000000  0.116683221724  0.000000000000
  0.920152091255 -0.007438243576  0.231029242209  0.863054421442 -0.000000000000  0.065985773239  0.000000000000 -0.027296817460 -0.009920245632 -0.136945578558 -0.000000000000  0.065985773239  0.000000000000
  0.923954372624 -0.001499951212  0.031294832634  0.458442177473 -0.000000000000  0.033332013025  0.000000000000 -0.110255638875  0.001983080314  0.045029732905  0.000000000000  0.033332013025 -0.000000000000
  0.927756653992 -0.003930810876 -0.118603251248 -0.861466557086 -0.000000000000  0.148752851843  0.000000000000 -0.116616992577 -0.003849506556 -0.098356460850 -0.000000000000  0.148752851843  0.000000000000
  0.931558935361 -0.018812318561 -0.114244856111 -0.613100825793  0.000000000000  0.025140173146 -0.000000000000  0.063247284055 -0.004479798852  0.054561153910  0.000000000000  0.025140173146 -0.000000000000
  0.935361216730  0.003839714491  0.240927634747 -0.363824277841 -0.000000000000  0.149390429476  0.000000000000  0.033110114541 -0.015425495164 -0.022534076883  0.000000000000  0.149390429476 -0.000000000000
  0.939163498099 -0.022801074108  0.183034118834  0.081934659417 -0.000000000000  0.011526553794  0.000000000000  0.146994972537 -0.002188008740 -0.039351775971  0.000000000000  0.011526553794 -0.000000000000
  0.942965779468  0.000123734529 -0.096475818796 -0.028366310970 -0.000000000000  0.122371205258  0.000000000000  0.025139868647 -0.008173593110  0.170291416861  0.000000000000  0.122371205258  0.000000000000
  0.946768060837  0.010415307133 -0.118151397566  0.128065765610 -0.000000000000  0.101958461710  0.000000000000  0.149026916349  0.002200408697  0.033587553234  0.000000000000  0.101958461710 -0.000000000000
  0.950570342205  0.011369391818 -0.089793474756  0.201797114161  0.000000000000  0.080513712105 -0.000000000000 -0.001896937549 -0.003185440731  0.024354380122  0.000000000000  0.080513712105 -0.000000000000
  0.954372623574  0.016370307973 -0.055788065452 -0.588170245548  0.000000000000  0.072466900712 -0.000000000000  0.121271286351 -0.001481258610  0.007770868508  0.000000000000  0.072466900712 -0.000000000000
  0.958174904943  0.011574392049 -0.246703796710  0.271610925612  0.000000000000  0.122040940085 -0.000000000000  0.101299365067  0.003804661543 -0.091486766500 -0.000000000000  0.122040940085  0.000000000000
  0.961977186312  0.001160776063  0.039908350414  0.178610100726  0.000000000000  0.081019766346 -0.000000000000  0.080505344144  0.014036157057  0.110350938792  0.000000000000  0.081019766346 -0.000000000000
  0.965779467681  0.029025320450 -0.288346107764 -0.217353234488  0.000000000000  0.083033309066 -0.000000000000  0.066400169213 -0.006022008583 -0.089088115296  0.000000000000  0.083033309066 -0.000000000000
  0.969581749049 -0.013132828847 -0.154172961912 -0.028558293227  0.000000000000  0.079686542462 -0.000000000000  0.121332270494  0.000316207028  0.032851156323 -0.000000000000  0.079686542462  0.000000000000
  0.973384030418  0.034661068821 -0.014709597161  0.107650298483  0.000000000000  0.043381786373 -0.000000000000  0.073231228632 -0.007121632976  0.049247492453 -0.000000000000  0.043381786373  0.000000000000
  0.977186311787 -0.004364748958  0.152900493515  0.663262038029  0.000000000000  0.008170209684 -0.000000000000  0.082918510484 -0.004176287171 -0.038150762520  0.000000000000  0.008170209684 -0.000000000000
  0.980988593156  0.026561221053  0.037108674601  0.596399595489  0.000000000000  0.058365857897 -0.000000000000 -0.075129532048 -0.004966772017 -0.055256804023  0.000000000000  0.058365857897 -0.000000000000
  0.984790874525 -0.019721435613  0.114159772508 -0.460356357718  0.000000000000  0.043417327948 -0.000000000000 -0.038639932276  0.003039427812 -0.143294304341  0.000000000000  0.043417327948 -0.000000000000
  0.988593155894 -0.002454226909 -0.023717170950 -0.414948828392  0.000000000000  0.000000000000 -0.000000000000  0.007792887563 -0.026985993489  0.029265352820  0.000000000000  0.000000000000 -0.000000000000
  0.992395437262 -0.019745607484 -0.010108974714 -0.147442183449  0.000000000000  0.000000000000 -0.000000000000  0.054924351186  0.001955364950 -0.083693763924 -0.000000000000  0.000000000000  0.000000000000
  0.996197718631 -0.015764453458 -0.301830853260  0.344855016257  0.000000000000  0.047177275577 -0.000000000000  0.040454250373  0.001438982391  0.132761494675 -0.000000000000  0.047177275577  0.000000000000
  1.000000000000  0.000000000000 -0.002054533303  0.134998464796 -0.000000000000  0.066250732666  0.000000000000  0.000000000000  0.028754527877  0.015340285646  0.000000000000  0.066250732666 -0.000000000000
