             Rad         v_r[Re]         v_t[Re]         v_x[Re]         p[Re]          p_mg[Re]  p_no_phase[Re]         v_r[Im]         v_t[Im]         v_x[Im]         p[Im]          p_mg[Im]  p_no_phase[Im]
  0.250000000000  0.000000000000 -0.006664806341 -0.426629705232  0.083875707786  0.126847614190  0.133336685565  0.000000000000 -0.006123518202  0.468927000260 -0.105884367208  0.126847614190 -0.021632426082
  0.252016129032  0.334232664381 -0.010001263890 -0.153321666723  0.028047965622  0.715138336060  0.066888243294 -0.493692684683  0.004897886294  0.311709385768 -0.068479468377  0.715138336060 -0.031655787367
  0.254032258065  0.290210306407 -0.000485533741  0.222214301425 -0.042639660197  0.369167205477 -0.079026114251 -0.495303814199  0.010279187829 -0.316348408955  0.070500238366  0.369167205477  0.023308742946
  0.256048387097 -0.081491987620  0.009735266526  0.394985037677 -0.075144776386  0.372448355719 -0.146098207712  0.097207886405  0.004179203508 -0.605014962323  0.134371217765  0.372448355719  0.048555898560
  0.258064516129 -0.413485579234  0.008593982931  0.058210416656 -0.010481445347  0.652718815220 -0.026777133990  0.583483089273 -0.007447159524 -0.128889837354  0.028232090126  0.652718815220  0.013780301329
  0.260080645161 -0.178095505223 -0.003670247312 -0.364191599155  0.070300440681  0.196254474122  0.125472241162  0.323367309138 -0.009646759028  0.488070362514 -0.109087988908  0.196254474122 -0.033152043402
  0.262096774194  0.232096882693 -0.010392242527 -0.281923607942  0.052784846559  0.560823288057  0.111797679225 -0.291288198734  0.000192308842  0.488620658751 -0.107990337608  0.560823288057 -0.044152372109
  0.264112903226  0.341031981809 -0.004804661528  0.065747884160 -0.013080537829  0.585785555730 -0.019224121048 -0.556542037159  0.008738591302 -0.062108624218  0.014184611432  0.585785555730  0.001654340135
  0.266129032258  0.102911961854  0.005858505916  0.367639281618 -0.069891921055  0.102716786506 -0.136245322451 -0.167107590253  0.007313826334 -0.564993372491  0.125511888568  0.102716786506  0.045555756066
  0.268145161290 -0.325847959153  0.010192956945  0.244587149363 -0.046549402806  0.603785602103 -0.090008300660  0.456449195358 -0.003056256590 -0.371261268552  0.082505202396  0.603785602103  0.029537453111
  0.270161290323 -0.321987286978  0.001431377724 -0.233593547685  0.045449282782  0.450446905694  0.077240833146  0.489355601099 -0.009901077791  0.288437827289 -0.064775770415  0.450446905694 -0.017186955318
  0.272177419355  0.084231681973 -0.008534764238 -0.354085883241  0.067150022989  0.293225936521  0.132579573359 -0.058785729408 -0.003914290515  0.554364781281 -0.123078291732  0.293225936521 -0.045607545552
  0.274193548387  0.322648718635 -0.007592059879 -0.088760455423  0.016177291022  0.676072551537  0.038999746276 -0.510347781097  0.005881679306  0.182633577180 -0.040120603219  0.676072551537 -0.018718636111
  0.276209677419  0.244061481576  0.001421054744  0.262862260522 -0.049812366488  0.192653851192 -0.098937083760 -0.378597950418  0.008627267857 -0.415119778379  0.092173265854  0.192653851192  0.034476604391
  0.278225806452 -0.165693552720  0.009360813743  0.359729827282 -0.068770444801  0.447076977596 -0.129746622463  0.241923740951  0.001344875749 -0.525693966514  0.117102449756  0.447076977596  0.040102017112
  0.280241935484 -0.387951113638  0.005665827048 -0.049261730786  0.009947099363  0.591476384556  0.013280060758  0.553685857114 -0.008151165186  0.037799584758 -0.008801056562  0.591476384556  0.000208251318
  0.282258064516 -0.081110729586 -0.005147171395 -0.353103542139  0.067549421838  0.024200025855  0.127282713333  0.174747119934 -0.006905306984  0.514915932213 -0.114785636849  0.024200025855 -0.039214508846
  0.284274193548  0.246074259447 -0.008599192667 -0.215719809377  0.040345195094  0.619116807359  0.085889233434 -0.373263020849  0.002317162230  0.376045330755 -0.083190996841  0.619116807359 -0.034227420332
  0.286290322581  0.317314943167 -0.002593766743  0.114727084769 -0.021576992438  0.434498976515 -0.045093791072 -0.499154826011  0.008180292861 -0.194942042863  0.043244743210  0.434498976515  0.017384603093
  0.288306451613  0.021585298973  0.006638511380  0.379978793055 -0.072604024391  0.217768252916 -0.138350500731 -0.010941486172  0.004870009928 -0.563629681923  0.125663782088  0.217768252916  0.043839131309
  0.290322580645 -0.358872625090  0.008180420240  0.143557344844 -0.027390130503  0.604037852855 -0.052261485254  0.504495847471 -0.004940488935 -0.213286262350  0.047508344172  0.604037852855  0.016613222869
  0.292338709677 -0.230900379634 -0.001008809758 -0.275657978566  0.053189133487  0.309854332525  0.096675449663  0.368068438307 -0.008302106704  0.379823261861 -0.085121270317  0.309854332525 -0.026992073167
  0.294354838710  0.127748539008 -0.007870330859 -0.297143621051  0.056140685644  0.428107471694  0.114725257147 -0.176361341454 -0.001304486416  0.488750153691 -0.108656881373  0.428107471694 -0.042381715715
  0.296370967742  0.317972355054 -0.005491072314 -0.039741004644  0.007733239218  0.588185889286  0.012684679290 -0.513571133440  0.006323205212  0.046189455893 -0.010342558447  0.588185889286 -0.002422894005
  0.298387096774  0.187230713831  0.002925845988  0.308872317551 -0.058919195385  0.045481092127 -0.116322024748 -0.246889382483  0.006945025320 -0.483315045000  0.107982076626  0.045481092127  0.040009836490
  0.300403225806 -0.242352424544  0.008580551545  0.295824740897 -0.057125269552  0.499675675441 -0.104734491554  0.352904108276 -0.001071854814 -0.413270103024  0.092762296072  0.499675675441  0.029980431497
  0.302419354839 -0.331051775440  0.002968004460 -0.134017630995  0.026279149654  0.510784408108  0.046040516674  0.486176266732 -0.007916325020  0.174061855016 -0.039499288281  0.510784408108 -0.011448069952
  0.304435483871 -0.012883415534 -0.005701884993 -0.321245379317  0.061506139585  0.148831162952  0.122049748230  0.043618199702 -0.004376400561  0.506551422752 -0.113643283043  0.148831162952 -0.042445964994
  0.306451612903  0.256872494718 -0.006929236446 -0.170689890573  0.032742142841  0.617076762586  0.063705340151 -0.428593399488  0.003549474158  0.261394997569 -0.058618497851  0.617076762586 -0.021208626649
  0.308467741935  0.293701912484 -0.000795303321  0.173251532490 -0.033015698436  0.292676997921 -0.071208804369 -0.417899387615  0.007363379275 -0.308375289610  0.069446585306  0.292676997921  0.029020178052
  0.310483870968 -0.069735942437  0.007021563512  0.368833237488 -0.072130610640  0.306852593450 -0.133000751382  0.131482369153  0.002577363977 -0.520693908496  0.118248531518  0.306852593450  0.038682558465
  0.312500000000 -0.354170818446  0.005909860135  0.042917378882 -0.008079759092  0.589562508437 -0.015619091880  0.505318476096 -0.005884724138 -0.064753723575  0.014314820401  0.589562508437  0.005122553947
  0.314516129032 -0.153277050393 -0.002602462862 -0.281355129038  0.055228989415  0.158690514932  0.106952799027  0.249331046873 -0.006361505940  0.428809345165 -0.098128719079  0.158690514932 -0.035221947137
  0.316532258065  0.151987128431 -0.006886136742 -0.259580248994  0.050657835952  0.507574190454  0.101214329384 -0.266567865465  0.000397814781  0.414516947701 -0.094624534322  0.507574190454 -0.035716639910
  0.318548387097  0.323573413851 -0.003737688377  0.011869272450 -0.001796741319  0.483396659237 -0.013672425116 -0.492832828861  0.006239102628 -0.079631603088  0.018308599674  0.483396659237  0.012308448027
  0.320564516129  0.112411332711  0.004150908076  0.345811093200 -0.069259211904  0.062847020802 -0.131523464651 -0.112010587926  0.005219596755 -0.512947377127  0.119202251948  0.062847020802  0.041323038966
  0.322580645161 -0.288666544899  0.007226521490  0.212463728229 -0.042769071631  0.538447876091 -0.077041745751  0.417496328931 -0.002702188905 -0.289867848292  0.067415690777  0.538447876091  0.020943692671
  0.324596774194 -0.265510646480  0.000764922844 -0.178050110180  0.036373372616  0.412318530445  0.069428058014  0.403951020258 -0.006844256437  0.266710460262 -0.063128657102  0.412318530445 -0.022090594001
  0.326612903226  0.022235806045 -0.005566961723 -0.295348048283  0.059576290433  0.278887552208  0.120288861015 -0.058781944109 -0.002536988921  0.481001913333 -0.113145307903  0.278887552208 -0.043379545845
  0.328629032258  0.279062211111 -0.005505673826 -0.137657755155  0.028664847701  0.570231135960  0.045922783094 -0.460489302369  0.003971284671  0.154728392333 -0.036712050066  0.570231135960 -0.007781137877
  0.330645161290  0.256058623297  0.000804917602  0.236652450569 -0.048597468403  0.190673344645 -0.098898582390 -0.323172634954  0.006335124485 -0.391175921692  0.093446634111  0.190673344645  0.036236138908
  0.332661290323 -0.147615721218  0.006800233349  0.327597227015 -0.068468075476  0.373740923011 -0.123554527287  0.236617551390  0.000776439422 -0.450208269386  0.108250682091  0.373740923011  0.033769310319
  0.334677419355 -0.318739054522  0.003726798381 -0.027526033896  0.005969326533  0.557827409475  0.012335258641  0.472830798003 -0.005752655165  0.047082124744 -0.011756072179  0.557827409475 -0.004656123559
  0.336693548387 -0.110230477238 -0.003274217959 -0.269681484689  0.056016626621  0.031788303031  0.114107682900  0.155581381425 -0.004659815187  0.446541619427 -0.107876876687  0.031788303031 -0.041889374368
  0.338709677419  0.175709296808 -0.005982150865 -0.244922644918  0.051766534024  0.524717297600  0.094850849042 -0.329861365650  0.001190696733  0.345534549975 -0.083973305867  0.524717297600 -0.027103626676
  0.340725806452  0.325840414778 -0.002303060088  0.073173331733 -0.014581046913  0.396407662708 -0.040530439465 -0.452768641646  0.005877299593 -0.182768103394  0.044138714582  0.396407662708  0.022762173243
  0.342741935484  0.031713731346  0.004855921302  0.354271855512 -0.075526081141  0.137746162549 -0.139020467980  0.002176109775  0.003664268092 -0.503720805696  0.123457326996  0.137746162549  0.040239408597
  0.344758064516 -0.293168678656  0.005666170530  0.134849997708 -0.028797811582  0.561461751760 -0.051576926912  0.435178547559 -0.003458233524 -0.183475618919  0.044951554109  0.561461751760  0.013775949296
  0.346774193548 -0.217875737564 -0.000442359529 -0.184556289777  0.038804681473  0.302728173747  0.080756654599  0.331163400808 -0.005602048098  0.315693096539 -0.077266419277  0.302728173747 -0.030891189520
  0.348790322581  0.040086476178 -0.005162660808 -0.288477570000  0.061258027546  0.352633896822  0.119789003825 -0.131784216523 -0.001477755199  0.450426651458 -0.110562304564  0.352633896822 -0.040338117110
  0.350806451613  0.306904803135 -0.004523070553 -0.098900818510  0.022362031514  0.509314360095  0.027089167255 -0.470158207950  0.004179778840  0.060645064260 -0.015684103177  0.509314360095  0.003496936280
  0.352822580645  0.199062897658  0.001916187473  0.284096413264 -0.060678375487  0.127387482097 -0.117053446223 -0.228075228722  0.005363281484 -0.434709781051  0.107140254305  0.127387482097  0.038201964238
  0.354838709677 -0.190905388543  0.006119827826  0.265536924035 -0.057242790110  0.429283001994 -0.103879510361  0.296489119216 -0.000559526823 -0.369326095384  0.091365656036  0.429283001994  0.028869836327
  0.356854838710 -0.275694373407  0.002304478413 -0.057641127062  0.011921185569  0.500680485288  0.028258027152  0.428244941442 -0.005257476073  0.117832082599 -0.028851563861  0.500680485288 -0.013266925193
  0.358870967742 -0.094241122918 -0.003303073955 -0.262860796422  0.055549944858  0.096587684534  0.115287254778  0.085709867262 -0.003538239901  0.447903438289 -0.110137261266  0.096587684534 -0.043873244449
  0.360887096774  0.209833343216 -0.005401286299 -0.232483035730  0.050910526071  0.503900962266  0.084283927627 -0.374504824904  0.001772275616  0.277381087361 -0.069239958520  0.503900962266 -0.016800984032
  0.362903225806  0.306763626765 -0.001209183244  0.137902170952 -0.028792322792  0.335984591792 -0.064503201906 -0.395698149657  0.005605401279 -0.261385490721  0.064127278627  0.335984591792  0.027939983175
  0.364919354839 -0.036649502261  0.005009350405  0.327385210146 -0.070655015086  0.206180499797 -0.129830160604  0.089364393287  0.002245331836 -0.464511064085  0.115162496063  0.206180499797  0.037398677165
  0.366935483871 -0.269449017675  0.004335823116  0.082965250531 -0.018138013551  0.563390598684 -0.030426881209  0.425809119967 -0.003765547531 -0.101277019723  0.025259775297  0.563390598684  0.006422513799
  0.368951612903 -0.197268796978 -0.000901530280 -0.179979399600  0.037530086844  0.186933848833  0.084640694412  0.271975490918 -0.004653012678  0.344080468793 -0.084422305818  0.186933848833 -0.037034929293
  0.370967741935  0.067007728748 -0.004882381009 -0.295043627791  0.063752829230  0.381856970558  0.116620878777 -0.194988109342 -0.000731372269  0.415610305624 -0.103131842345  0.381856970558 -0.033168822311
  0.372983870968  0.325593288429 -0.003688075438 -0.040610544850  0.010080675245  0.460753398079  0.003030567830 -0.459780357579  0.004485581673 -0.030051056529  0.006545261704  0.460753398079  0.011630826402
  0.375000000000  0.128659793860  0.002697091226  0.301165072792 -0.064768920882  0.082222577451 -0.122306451303 -0.135613130941  0.004295451420 -0.445850226447  0.110450819494  0.082222577451  0.037888370362
  0.377016129032 -0.198791793153  0.005203333320  0.205239213290 -0.044308643164  0.480347197188 -0.081553159579  0.326031545925 -0.001503724493 -0.291889013651  0.072420110044  0.480347197188  0.023601066936
  0.379032258065 -0.249739157225  0.001472666661 -0.062769878550  0.012370136190  0.414079487386  0.036701017671  0.387200267549 -0.004686449425  0.168042787243 -0.040880892720  0.414079487386 -0.021847264379
  0.381048387097 -0.079779926030 -0.003280471849 -0.277362743031  0.059099528458  0.171554340868  0.118078502738  0.019892602780 -0.002777211016  0.447023545871 -0.110389452624  0.171554340868 -0.041665965798
  0.383064516129  0.253773611299 -0.004941034767 -0.199309285185  0.044311405551  0.477489950453  0.066629588806 -0.407838674055  0.002422922180  0.199022262137 -0.050285374254  0.477489950453 -0.007253786687
  0.385080645161  0.259054538368 -0.000136345886  0.192235008521 -0.040832440946  0.290256156684 -0.083180349982 -0.323036480950  0.005140496892 -0.318714738659  0.078640117285  0.290256156684  0.030538265458
  0.387096774194 -0.078006825538  0.004745623517  0.279409911520 -0.060122812084  0.283014783708 -0.113117686292  0.152793412948  0.000983730376 -0.411162844702  0.101911919453  0.283014783708  0.034715715569
  0.389112903226 -0.244767883209  0.003316099261  0.061954741169 -0.014139215901  0.531700840119 -0.017072147715  0.409982116845 -0.003714785659 -0.037490376605  0.009833841619  0.531700840119 -0.002272364336
  0.391129032258 -0.192930422541 -0.001123183284 -0.192890846191  0.040177375961  0.084544602971  0.091182346728  0.216855916569 -0.003989664362  0.371629432515 -0.091224486445  0.084544602971 -0.040272920323
  0.393145161290  0.116454832923 -0.004787481299 -0.294274361839  0.064297639647  0.387642417230  0.109525377931 -0.257945032296  0.000021735689  0.368509442220 -0.092012552551  0.387642417230 -0.024590402197
  0.395161290323  0.317100924109 -0.002701565873  0.030340159518 -0.005454278613  0.430585628050 -0.022911087004 -0.426793612080  0.004658147558 -0.115878397834  0.028004106876  0.430585628050  0.017001801358
  0.397177419355  0.065449660311  0.003125563635  0.284816819054 -0.061083972205  0.068120092163 -0.117267331491 -0.053517584556  0.003107009252 -0.432193770061  0.107013267621  0.068120092163  0.037834694029
  0.399193548387 -0.186550289000  0.004274892648  0.168689540758 -0.036621889257  0.509838553898 -0.065022694137  0.339802344474 -0.001999135670 -0.226311592179  0.056323329263  0.509838553898  0.016897616375
  0.401209677419 -0.248811377222  0.001023262801 -0.070291152932  0.013435525226  0.313269269192  0.045040175898  0.351421231072 -0.004221483486  0.214670106796 -0.052081160450  0.313269269192 -0.029399713722
  0.403225806452 -0.043491049388 -0.003447365079 -0.302952320432  0.065278775346  0.214475742499  0.121671475775 -0.052429720384 -0.002107298111  0.439170779389 -0.108950793789  0.214475742499 -0.036436876383
  0.405241935484  0.285841539887 -0.004331075690 -0.138329494012  0.031167070482  0.464979348839  0.042151169779 -0.422172909027  0.003073538027  0.110627387552 -0.028378485483  0.464979348839  0.000060057856
  0.407258064516  0.195864004021  0.000795103756  0.216419465169 -0.046076989721  0.237222453312 -0.092373535360 -0.244489114173  0.004371338391 -0.350297725942  0.086530205838  0.237222453312  0.032828272408
  0.409274193548 -0.088248707975  0.004192637439  0.236495432217 -0.050718361935  0.358156784175 -0.097232186779  0.195478923828  0.000065882623 -0.357992914035  0.088652718567  0.358156784175  0.031265933552
  0.411290322581 -0.241432815561  0.002691811465  0.056946764098 -0.013794089179  0.466262544901 -0.007904899909  0.397386449715 -0.003540647514  0.017849616418 -0.003383263679  0.466262544901 -0.011799827407
  0.413306451613 -0.179847054752 -0.001423424441 -0.229600626823  0.048455795489  0.031855252439  0.102096701354  0.154691723283 -0.003503306101  0.399174123387 -0.098344605985  0.031855252439 -0.039948582146
  0.415322580645  0.174825844059 -0.004664654292 -0.264972082085  0.058314114806  0.394260163860  0.094340313731 -0.312589517258  0.000878650359  0.303092447982 -0.076045757122  0.394260163860 -0.016834439907
  0.417338709677  0.277760564319 -0.001615567628  0.088526331729 -0.018212799183  0.404953833191 -0.044002311434 -0.374499438833  0.004501746769 -0.184977659239  0.045310288852  0.404953833191  0.021178406891
  0.419354838710  0.030047231473  0.003131386737  0.251328001625 -0.053513118517  0.129865228568 -0.107034935868  0.010579271656  0.002023117860 -0.405293323614  0.100129622374  0.129865228568  0.037856540174
  0.421370967742 -0.180288576056  0.003590937487  0.159836032445 -0.035337077465  0.501513614622 -0.055285641891  0.350623881318 -0.002178269769 -0.171972251576  0.043290275002  0.501513614622  0.008139702339
  0.423387096774 -0.257392093046  0.000681263693 -0.101654027708  0.020099299375  0.225086774723  0.058395577958  0.312629041283 -0.003946062218  0.265284460134 -0.064589601764  0.225086774723 -0.034143154019
  0.425403225806  0.017623971193 -0.003733459045 -0.313506944224  0.068150513139  0.242650004953  0.119814678465 -0.128663799223 -0.001319850966  0.413586855140 -0.103052243090  0.242650004953 -0.030144652448
  0.427419354839  0.286213849842 -0.003465084924 -0.066650809928  0.015463796400  0.466627316055  0.015886757323 -0.411822216266  0.003515668845  0.023644269072 -0.006625321341  0.466627316055  0.005534873415
  0.429435483871  0.143584335304  0.001363131278  0.208339591531 -0.044000757301  0.160346912837 -0.092173581176 -0.173342420689  0.003439888356 -0.359092251544  0.088507408212  0.160346912837  0.035688357829
  0.431451612903 -0.084638773007  0.003622379132  0.219483897081 -0.047338765243  0.408739727061 -0.087435516032  0.227409988803 -0.000462697644 -0.313456804181  0.077825302309  0.408739727061  0.025549303523
  0.433467741935 -0.261300753550  0.002343071910  0.040999657303 -0.010900542848  0.387826925999  0.003743560692  0.386604407997 -0.003467054218  0.076211231484 -0.017489177304  0.387826925999 -0.020265214297
  0.435483870968 -0.138749276366 -0.001919571865 -0.272044958876  0.058245484862  0.063096198838  0.112594168602  0.080372699121 -0.002974509723  0.416787548791 -0.103191449786  0.063096198838 -0.036926481182
  0.437500000000  0.215673397219 -0.004280302194 -0.206542556422  0.045628753691  0.415752577135  0.071694937262 -0.347207647108  0.001717588337  0.223919051295 -0.056354643138  0.415752577135 -0.010847347029
  0.439516129032  0.226378784260 -0.000676959787  0.114122531456 -0.023586123420  0.360328066822 -0.055502454559 -0.314900572509  0.004000775340 -0.230328588122  0.056480578976  0.360328066822  0.025803847723
  0.441532258065  0.022789484712  0.002860395213  0.228404300274 -0.048453600287  0.214219280045 -0.098798042402  0.058836805610  0.001243804602 -0.378624728215  0.093455086586  0.214219280045  0.036339391947
  0.443548387097 -0.198899093278  0.003239356824  0.159409179946 -0.036035778564  0.459640362651 -0.047349392835  0.365088148380 -0.002294261590 -0.119202771313  0.030755622886  0.459640362651 -0.001587663070
  0.445564516129 -0.248969443553  0.000189345309 -0.156300359619  0.032284254396  0.167719081743  0.076130287167  0.260481346581 -0.003738262282  0.316271495293 -0.077546185546  0.167719081743 -0.035494553813
  0.447580645161  0.083687814986 -0.003892104191 -0.290408532783  0.063376380955  0.276675480445  0.108366500036 -0.197195967417 -0.000387717686  0.365560224469 -0.091302826277  0.276675480445 -0.024687515453
  0.449596774194  0.256418818927 -0.002480152809 -0.012290806278  0.003655726087  0.464381481292 -0.004933511890 -0.381469071195  0.003586500929 -0.048393974666  0.011319895406  0.464381481292  0.010824270214
  0.451612903226  0.120469473438  0.001514983994  0.188893705912 -0.039393647265  0.072753262359 -0.088238820908 -0.116691029434  0.002600907596 -0.356984614378  0.087717508088  0.072753262359  0.038211662549
  0.453629032258 -0.094179177076  0.003286538188  0.226670916018 -0.049620820607  0.420227847999 -0.083042066653  0.260153039738 -0.000762159687 -0.275001763879  0.068810663508  0.420227847999  0.017353628324
  0.455645161290 -0.283732211456  0.001995020196 -0.003680769665 -0.001306991491  0.323294563882  0.021895536384  0.367622350176 -0.003532821334  0.142416630881 -0.033902481179  0.323294563882 -0.025916634490
  0.457661290323 -0.072751071429 -0.002480389990 -0.292433831371  0.063123869038  0.104212485303  0.115815603402 -0.000564614715 -0.002239889603  0.413038157780 -0.102626406361  0.104212485303 -0.033219694964
  0.459677419355  0.222007318494 -0.003586631952 -0.141378826881  0.031360029435  0.447682344678  0.047745426505 -0.356797133914  0.002314041204  0.144369905646 -0.036463474610  0.447682344678 -0.005780196765
  0.461693548387  0.190519039131 -0.000108603340  0.110557245014 -0.022329136473  0.282775251669 -0.058676898900 -0.261193167530  0.003340824059 -0.256150057842  0.062564850187  0.282775251669  0.031144379110
  0.463709677419  0.021882063948  0.002604092417  0.233316184846 -0.049909949410  0.276766882389 -0.096727304278  0.101889240700  0.000778689332 -0.358621804410  0.088789289161  0.276766882389  0.031911902590
  0.465725806452 -0.238188541454  0.003064162720  0.139685838925 -0.032297888954  0.408275666468 -0.034457553170  0.379058966992 -0.002531738712 -0.057205868377  0.015730435410  0.408275666468 -0.010162541933
  0.467741935484 -0.207892156623 -0.000509721119 -0.210983432759  0.044655049635  0.140143921381  0.092123993573  0.191683839097 -0.003381351117  0.355510184463 -0.087717337362  0.140143921381 -0.034663735227
  0.469758064516  0.127197935034 -0.003712230692 -0.239082395907  0.052147973567  0.325760121923  0.089322534694 -0.245806005847  0.000517974889  0.301713519964 -0.075357071061  0.325760121923 -0.020483752144
  0.471774193548  0.219814079940 -0.001654982753  0.008474642771 -0.000485237681  0.434029387527 -0.016408909049 -0.344050563276  0.003314974847 -0.099595346451  0.023803076602  0.434029387527  0.017250206236
  0.473790322581  0.121061387265  0.001437623023  0.186240114828 -0.038753443784  0.075041588308 -0.087680813077 -0.070600702643  0.002028788258 -0.356584819534  0.087591083600  0.075041588308  0.038549998048
  0.475806451613 -0.131711796341  0.003228747395  0.234095037850 -0.052040181637  0.401599582228 -0.077969712792  0.297945732877 -0.001075340331 -0.231659952569  0.058638839906  0.401599582228  0.008210842671
  0.477822580645 -0.281701666518  0.001424222821 -0.070176360046  0.013442462562  0.286010949889  0.044307220050  0.330190369815 -0.003579232543  0.210004586271 -0.050986586962  0.286010949889 -0.028586746951
  0.479838709677 -0.006393370117 -0.002838777493 -0.276084782432  0.059660779294  0.150349025049  0.108534865316 -0.074768742095 -0.001331088015  0.384552808333 -0.095621562915  0.150349025049 -0.030382147573
  0.481854838710  0.201176271175 -0.002775757747 -0.097900517995  0.022051523589  0.468625001860  0.029771614995 -0.347577807637  0.002530816574  0.077877031230 -0.020002228254  0.468625001860  0.000098834828
  0.483870967742  0.184321399534  0.000078827461  0.103060218453 -0.020247648529  0.183245310655 -0.060083715718 -0.218695873602  0.002776794532 -0.274978006030  0.066930655355  0.183245310655  0.035771874465
  0.485887096774  0.000388708348  0.002588317206  0.258058169697 -0.056059873872  0.302667856866 -0.098592456604  0.150348522570  0.000444971368 -0.340245729462  0.084820377560  0.302667856866  0.024834117839
  0.487903225806 -0.273057072379  0.002784306456  0.087382864585 -0.021008376370  0.372557217319 -0.013761105266  0.380853288802 -0.002873235728  0.016562616611 -0.002599039696  0.372557217319 -0.016085361883
  0.489919354839 -0.143409948973 -0.001231120602 -0.237752184441  0.050759122871  0.121897202983  0.099470549669  0.114072040450 -0.002753198864  0.371413936336 -0.091927580667  0.121897202983 -0.033656773321
  0.491935483871  0.135359210561 -0.003200783493 -0.186244052789  0.040593510175  0.382600113895  0.069816444052 -0.270713345988  0.001165437400  0.236582040613 -0.059083054575  0.382600113895 -0.016257445872
  0.493951612903  0.203648825665 -0.001192708480  0.005169122775  0.000863131976  0.366122399144 -0.021191948007 -0.311971210180  0.002913672864 -0.135847204712  0.032372975121  0.366122399144  0.024487871583
  0.495967741935  0.119579099883  0.001430144913  0.212828723351 -0.044986416546  0.134243878280 -0.093429415774 -0.023659394882  0.001691629369 -0.361892729099  0.089290394942  0.134243878280  0.035601918075
  0.497983870968 -0.186721821116  0.003251613748  0.214465029733 -0.048279533333  0.378703724413 -0.065653172842  0.333942822459 -0.001538229519 -0.173322459507  0.044491747659  0.378703724413  0.000299740449
  0.500000000000 -0.244185714224  0.000634583673 -0.130895091444  0.027022288249  0.267297889028  0.063810923336  0.272798365324 -0.003394013915  0.265076117474 -0.065039036997  0.267297889028 -0.029806818997
  0.502016129032  0.033183983023 -0.002811933532 -0.234626596294  0.050510783592  0.212188780147  0.094209696207 -0.130077831033 -0.000458470561  0.339824424297 -0.084397678222  0.212188780147 -0.028263766360
  0.504032258065  0.180256416994 -0.002141573293 -0.087595738161  0.020368745678  0.454799300157  0.020543307467 -0.333052751102  0.002435762472  0.028704769951 -0.008159467154  0.454799300157  0.007709424302
  0.506048387097  0.196230015001  0.000110491083  0.118837589465 -0.023653723139  0.094058895242 -0.066518294234 -0.181499153419  0.002445580632 -0.298160323324  0.072743079760  0.094058895242  0.037767324548
  0.508064516129 -0.051374471839  0.002801980415  0.274721406721 -0.060507788195  0.304795151977 -0.097464649434  0.205875549941  0.000019549626 -0.311338659547  0.078276810748  0.304795151977  0.017002754009
  0.510080645161 -0.277216778532  0.002214494393  0.016009074799 -0.005221417246  0.360962822105  0.010891651490  0.360545782285 -0.003124013438  0.092853488931 -0.021870466848  0.360962822105 -0.019671106884
  0.512096774194 -0.083942033899 -0.001694767665 -0.226884248576  0.048385016801  0.096518693860  0.096204404998  0.042435960213 -0.001939464684  0.362130224611 -0.089683820254  0.096518693860 -0.033600742927
  0.514112903226  0.121402974469 -0.002594158863 -0.159382324999  0.035086640976  0.423055514436  0.056943939203 -0.279573608301  0.001443807782  0.183118626883 -0.046023795443  0.423055514436 -0.010327144329
  0.516129032258  0.216904377253 -0.001053824921  0.006382124850  0.001082992218  0.278035438007 -0.026586250828 -0.288524955716  0.002621806080 -0.169958469424  0.040613520714  0.278035438007  0.030721363964
  0.518145161290  0.090603205602  0.001679952155  0.254119666114 -0.054904370674  0.167992845013 -0.101903129366  0.033270368181  0.001391610764 -0.365378686167  0.090995538579  0.167992845013  0.030173335676
  0.520161290323 -0.230268641144  0.003066956774  0.160268130854 -0.036616358683  0.373591891997 -0.044786755411  0.354897620730 -0.002067923902 -0.100251084526  0.026319413992  0.373591891997 -0.005255075245
  0.522177419355 -0.186870093471 -0.000141638017 -0.158729434957  0.033338267451  0.241326717449  0.073942511604  0.205871981954 -0.002894780072  0.295974498461 -0.073147429673  0.241326717449 -0.031535559643
  0.524193548387  0.037924951946 -0.002457169798 -0.198421999444  0.042827034755  0.282866692420  0.081137497707 -0.163656023401  0.000136845441  0.294639181641 -0.073426229171  0.282866692420 -0.025343095748
  0.526209677419  0.184899395929 -0.001849771481 -0.095197343423  0.022866525037  0.402589588636  0.016197160839 -0.324627656171  0.002245916056 -0.009984131904  0.001021266352  0.402589588636  0.016173216532
  0.528225806452  0.197657188407  0.000289935652  0.164160895039 -0.034345069991  0.057310860544 -0.079928182119 -0.138456565123  0.002273885360 -0.326850791248  0.080921625993  0.057310860544  0.036597528456
  0.530241935484 -0.115681841600  0.002993009798  0.258071998124 -0.057809166197  0.307963362674 -0.088008514156  0.258130349251 -0.000556598096 -0.263774652719  0.067208657066  0.307963362674  0.010649165084
  0.532258064516 -0.245250970650  0.001408119079 -0.042038442077  0.007851976192  0.361055116237  0.031477924922  0.319265310163 -0.003059723535  0.154807514891 -0.038082979306  0.361055116237 -0.022827770052
  0.534274193548 -0.056524582167 -0.001744963148 -0.196284766813  0.042143843672  0.101551905457  0.088238901851 -0.009460779417 -0.001201370784  0.338458832600 -0.084705817780  0.101551905457 -0.034133199753
  0.536290322581  0.114867555318 -0.002181732835 -0.165538880683  0.037712981847  0.423352772825  0.053273116525 -0.285739177372  0.001416294474  0.146044224368 -0.037703778855  0.423352772825 -0.002412259412
  0.538306451613  0.242313968293 -0.000953334874  0.035984983236 -0.005688025520  0.207920982235 -0.039171186821 -0.267665346526  0.002515514821 -0.210232688083  0.051861912810  0.207920982235  0.034462004550
  0.540322580645  0.032368876124  0.002104397561  0.278742308279 -0.062507532333  0.182972520425 -0.107459249699  0.096255105632  0.000970477382 -0.355310403547  0.090908868997  0.182972520425  0.024982468149
  0.542338709677 -0.236432651785  0.002495272191  0.094577184361 -0.022477655088  0.391497940033 -0.022060323398  0.351179685387 -0.002368500142 -0.028585623552  0.008099686816  0.391497940033 -0.009175621850
  0.544354838710 -0.144147539023 -0.000609004713 -0.147995323978  0.031935694768  0.189530152443  0.075268868865  0.149841989600 -0.002223604732  0.301196244397 -0.076650415573  0.189530152443 -0.035068107840
  0.546370967742  0.024872641561 -0.002048292857 -0.195010563904  0.044125643693  0.327917781441  0.078797482085 -0.181274087869  0.000296162084  0.265457395459 -0.068533837528  0.327917781441 -0.020854643002
  0.548387096774  0.217944783868 -0.001776242779 -0.091954599293  0.023336578022  0.340423849500  0.010140359393 -0.325224089260  0.002118236110 -0.046348735107  0.010518292322  0.340423849500  0.023503264848
  0.550403225806  0.168016920387  0.000765734040  0.215647090469 -0.048748742129  0.074941872339 -0.097554727746 -0.087704008739  0.002076680211 -0.350800730546  0.091288028983  0.074941872339  0.034540109860
  0.552419354839 -0.155884014243  0.002826139714  0.210010701677 -0.049453859025  0.327720442931 -0.073621872511  0.288496525956 -0.001030804547 -0.207022507501  0.055023324661  0.327720442931  0.007284937696
  0.554435483871 -0.201252160521  0.000674151051 -0.056823141227  0.011746801336  0.348741760539  0.041071014696  0.274565047291 -0.002605640240  0.185038994147 -0.048044244387  0.348741760539 -0.027557367657
  0.556451612903 -0.067408547465 -0.001492839940 -0.179668509111  0.040802147047  0.146520119964  0.086865968842 -0.032747090838 -0.000849268044  0.319928820294 -0.084139079303  0.146520119964 -0.034619406795
  0.558467741935  0.136486837738 -0.002097103116 -0.186147553347  0.045488384977  0.386205601985  0.056831410489 -0.297946357318  0.001241582618  0.124734239155 -0.034465699347  0.386205601985  0.005221913550
  0.560483870968  0.249464607328 -0.000623081673  0.088973710625 -0.019171505586  0.188663087740 -0.058562851850 -0.243696994717  0.002481590630 -0.250333717679  0.065853720246  0.188663087740  0.035702261551
  0.562500000000 -0.024662415618  0.002358575275  0.264414346129 -0.062971855060  0.193541328730 -0.106302600576  0.144429605034  0.000499640278 -0.328778622075  0.088685062391  0.193541328730  0.023027199824
  0.564516129032 -0.205556049238  0.001773484468  0.057007340358 -0.014819356407  0.413285217208 -0.008736026978  0.326957914152 -0.002238193985  0.015193428361 -0.003273495497  0.413285217208 -0.012410114009
  0.566532258065 -0.141830297196 -0.000596770073 -0.120725569965  0.026842921399  0.123677063939  0.071990473287  0.124410318997 -0.001720361412  0.290998306589 -0.077365769034  0.123677063939 -0.039030454820
  0.568548387097  0.022590850607 -0.001899470769 -0.223033025469  0.053899469705  0.324348115365  0.087311224645 -0.192218363835  0.000156560240  0.258265469612 -0.070456182656  0.324348115365 -0.015683639878
  0.570564516129  0.252408835078 -0.001721279616 -0.061537043248  0.017167726551  0.305012814655 -0.001037070021 -0.327252884994  0.002160115828 -0.081266326350  0.020338794619  0.305012814655  0.026595523820
  0.572580645161  0.116704855645  0.001234868442  0.237096573738 -0.056323555567  0.097526655979 -0.106510214745 -0.040938891210  0.001761625155 -0.355071082874  0.096273677596  0.097526655979  0.033114016133
  0.574596774194 -0.150244753952  0.002363694558  0.160045782733 -0.039221321726  0.360539093853 -0.058950169698  0.287451237344 -0.001255750616 -0.161151942361  0.044471048163  0.360539093853  0.006392471762
  0.576612903226 -0.178936276119  0.000441912348 -0.031912785957  0.005533451390  0.307373209897  0.036751008163  0.247011388791 -0.002109068258  0.183206579120 -0.048442056990  0.307373209897 -0.032040839077
  0.578629032258 -0.090058620346 -0.001240220688 -0.194352345987  0.045923561149  0.171984639434  0.091806226109 -0.037428512231 -0.000860039160  0.316679187874 -0.085856907671  0.171984639434 -0.032434532694
  0.580645161290  0.177070613318 -0.002232673083 -0.187963508065  0.047516939390  0.344428635338  0.055749567006 -0.314061198010  0.001277442927  0.106079927939 -0.030639799699  0.344428635338  0.009415021681
  0.582661290323  0.222572972241 -0.000206333995  0.134582981954 -0.030978080392  0.208065086769 -0.073129863347 -0.211989533209  0.002419968602 -0.276393587556  0.074526970449  0.208065086769  0.034145773910
  0.584677419355 -0.048378100085  0.002244234708  0.219756972854 -0.053039206045  0.216042712543 -0.092953475437  0.165040224289  0.000053363123 -0.291393308918  0.079765758152  0.216042712543  0.023138387056
  0.586693548387 -0.169063307767  0.001343569352  0.063338705265 -0.016992791193  0.408586207544 -0.008572127812  0.300081127044 -0.001926583866  0.026129831422 -0.005896742528  0.408586207544 -0.015812815997
  0.588709677419 -0.168769995846 -0.000317326242 -0.112469623464  0.025064721824  0.071626697364  0.070113786482  0.121687176128 -0.001574259865  0.285095705156 -0.076529987348  0.071626697364 -0.039612323698
  0.590725806452  0.049573402782 -0.002038083621 -0.250480806165  0.061713433650  0.292698505909  0.093388964461 -0.210278223741  0.000126780918  0.255513158789 -0.070912221726  0.292698505909 -0.010751390604
  0.592741935484  0.257929807700 -0.001504449296 -0.011108851767  0.004720507663  0.308830369508 -0.017115200151 -0.316883106673  0.002321224902 -0.117017854573  0.030551453640  0.308830369508  0.025743823257
  0.594758064516  0.071447510217  0.001443103844  0.215661280349 -0.051348023765  0.100568322730 -0.099694244091 -0.005063305150  0.001307835349 -0.336309956086  0.091614399908  0.100568322730  0.033028404594
  0.596774193548 -0.115381071703  0.001859083908  0.140531110847 -0.034749675096  0.387276370719 -0.051217284355  0.268997441723 -0.001224402231 -0.136120777090  0.037900165076  0.387276370719  0.004555459948
  0.598790322581 -0.193642369803  0.000603134024 -0.005287080224 -0.001344408606  0.244845295438  0.030174707820  0.240580194006 -0.001837523766  0.175740109276 -0.046221499466  0.244845295438 -0.035038856365
  0.600806451613 -0.087340925583 -0.001257581237 -0.231714949063  0.055762986645  0.166093724745  0.101036606297 -0.049855293151 -0.000948949254  0.324417685813 -0.088770189378  0.166093724745 -0.027951053466
  0.602822580645  0.210725261638 -0.002252936492 -0.152972208070  0.038996302441  0.330891837534  0.043434446725 -0.324927455634  0.001540894506  0.073654376037 -0.021707598000  0.330891837534  0.010265488427
  0.604838709677  0.173466336538  0.000212676131  0.145962834201 -0.033918698023  0.223369412185 -0.076555881137 -0.172796553166  0.002138302598 -0.282267303174  0.076387422004  0.223369412185  0.033536746701
  0.606854838710 -0.031862370103  0.001846097795  0.180330503843 -0.043306417954  0.254668632750 -0.079612452846  0.163008940770 -0.000193088601 -0.258370842831  0.070639597217  0.254668632750  0.022962053103
  0.608870967742 -0.162607576024  0.001284099624  0.094655292823 -0.025189938015  0.366072027189 -0.015672111341  0.288180818873 -0.001617763155  0.022134146265 -0.004344345608  0.366072027189 -0.020193841686
  0.610887096774 -0.189775880022 -0.000186625074 -0.141731327960  0.032590078035  0.061588032340  0.078022284892  0.117809208731 -0.001660948378  0.296322435545 -0.080017109885  0.061588032340 -0.037112991269
  0.612903225806  0.096231439169 -0.002243785019 -0.244827971401  0.060567296628  0.269820668921  0.089337919803 -0.235787240160  0.000356626471  0.237451944239 -0.066159671456  0.269820668921 -0.008014713545
  0.614919354839  0.225377406290 -0.001055302016  0.029207735916 -0.005408125815  0.333397298010 -0.030018829726 -0.288467942455  0.002304686414 -0.145219616463  0.038595458718  0.333397298010  0.024854116769
  0.616935483871  0.060386144897  0.001307106023  0.172512098006 -0.040503450958  0.092235674012 -0.086042116593  0.012107816981  0.000882538479 -0.306781813988  0.083244413090  0.092235674012  0.034160152554
  0.618951612903 -0.089612392830  0.001576953720  0.160555059103 -0.040093014509  0.380200565061 -0.054628676741  0.254505034190 -0.000998325082 -0.131805420961  0.037107645095  0.380200565061  0.000367170800
  0.620967741935 -0.227447329234  0.000822883850 -0.013068214615  0.000560682361  0.197277521272  0.033164662044  0.243765195925 -0.001853025185  0.184168478455 -0.048569298844  0.197277521272 -0.035487974674
  0.622983870968 -0.047917617153 -0.001528098863 -0.256956274109  0.062378328326  0.151961909272  0.106443699507 -0.078811937717 -0.000848764703  0.325743965359 -0.089544298917  0.151961909272 -0.024061923210
  0.625000000000  0.208812863785 -0.001958412391 -0.100139275493  0.025756052609  0.351507690231  0.026074392006 -0.317725758462  0.001773090699  0.033924418810 -0.010462308520  0.351507690231  0.009641588412
  0.627016129032  0.137717407873  0.000392350871  0.118217808675 -0.026855005357  0.199445432609 -0.068530056943 -0.141252737914  0.001699237412 -0.267993452984  0.072220725352  0.199445432609  0.035222943922
  0.629032258065  0.001646054883  0.001443120762  0.178091359645 -0.042943235280  0.281945874062 -0.076822033844  0.151952993959 -0.000150916903 -0.244196282179  0.066899126145  0.281945874062  0.020444795214
  0.631048387097 -0.192778661427  0.001481387627  0.111449937275 -0.029641848825  0.310644513543 -0.018704087570  0.293928637581 -0.001529294486  0.024589435061 -0.004723314917  0.310644513543 -0.023475647249
  0.633064516129 -0.174376428515 -0.000383569062 -0.186196422204  0.043981631938  0.086261479977  0.090074599276  0.096805690777 -0.001713565090  0.314196696413 -0.085415554966  0.086261479977 -0.033418072109
  0.635080645161  0.126267855297 -0.002215604887 -0.201685337172  0.049801875151  0.277340937294  0.074565083556 -0.252091064140  0.000725422562  0.201444828847 -0.056040988778  0.277340937294 -0.007801763008
  0.637096774194  0.179224535101 -0.000636024551  0.030260207915 -0.005558772482  0.339334608650 -0.031508694975 -0.253729343616  0.002021374619 -0.152939582916  0.040639957378  0.339334608650  0.026262296704
  0.639112903226  0.085585221879  0.000947037977  0.147388659956 -0.034227162550  0.111775667735 -0.077481498131  0.010780200539  0.000706822458 -0.286075817378  0.077422308043  0.111775667735  0.034092959484
  0.641129032258 -0.101721705743  0.001642161705  0.193432479696 -0.048685372435  0.339900229691 -0.061768021700  0.258012964945 -0.000831303626 -0.134312204863  0.038285609383  0.339900229691 -0.004556848712
  0.643145161290 -0.242124723630  0.000792576675 -0.056947966959  0.011681656803  0.191968443249  0.046333895488  0.237746913408 -0.002007745380  0.209544604874 -0.055920457501  0.191968443249 -0.033417492452
  0.645161290323  0.001690789814 -0.001759487342 -0.241960656317  0.058726757620  0.151438619591  0.100284376201 -0.111762879023 -0.000500910790  0.307055133776 -0.084408928053  0.151438619591 -0.022731983758
  0.647177419355  0.172054960422 -0.001474489136 -0.069021942696  0.018026609478  0.380633428526  0.015065045932 -0.293136924897  0.001752513713  0.005824127068 -0.002600118234  0.380633428526  0.010235411822
  0.649193548387  0.141586048028  0.000230738274  0.080707454083 -0.017309220562  0.139855469691 -0.057599208039 -0.129635158068  0.001360328475 -0.248294549282  0.066464068819  0.139855469691  0.037408726171
  0.651209677419  0.013313348938  0.001324127766  0.210982478496 -0.051523049931  0.273400764707 -0.084104986295  0.150852279544  0.000019416064 -0.247567037465  0.068303797335  0.273400764707  0.015696645658
  0.653225806452 -0.230288887153  0.001623638831  0.087336534586 -0.023652703553  0.280234793477 -0.010152532605  0.303065727798 -0.001692912881  0.046478409915 -0.010846436547  0.280234793477 -0.023958748983
  0.655241935484 -0.126145577816 -0.000757046849 -0.205961961569  0.049083774273  0.115511379799  0.094962626190  0.060389118225 -0.001522955280  0.319333410404 -0.087077030532  0.115511379799 -0.031204579316
  0.657258064516  0.115590834419 -0.001867049490 -0.152558482856  0.037503403150  0.311929129728  0.058137609245 -0.247763470150  0.000969439443  0.162870561483 -0.045147354529  0.311929129728 -0.008050295649
  0.659274193548  0.158176785722 -0.000521222130 -0.002460897534  0.002882294676  0.302502534217 -0.023184965466 -0.231325839313  0.001645999054 -0.143085189095  0.037539864037  0.302502534217  0.029664901667
  0.661290322581  0.115333107630  0.000679598605  0.164225471395 -0.038647169344  0.132235526717 -0.080888021935  0.006415071912  0.000790372176 -0.285863871104  0.077633733077  0.132235526717  0.031268644314
  0.663306451613 -0.144882897998  0.001876180087  0.199164185127 -0.050347604781  0.299248718947 -0.061239682368  0.276240344339 -0.000916544121 -0.124041206846  0.035681727092  0.299248718947 -0.007600543327
  0.665322580645 -0.215825746581  0.000449096502 -0.103202554398  0.023416140966  0.219814917437  0.060077475575  0.211959973392 -0.002035016690  0.235464268199 -0.063451504184  0.219814917437 -0.031066154727
  0.667338709677  0.023052930204 -0.001686803281 -0.195450857639  0.047047921731  0.169921904910  0.085073657356 -0.130210586878 -0.000095199828  0.272615635117 -0.074641167321  0.169921904910 -0.023394093749
  0.669354838710  0.134186463652 -0.001120790092 -0.080912916077  0.021245566119  0.380246673712  0.016490919761 -0.267476706955  0.001490078666 -0.000265825000 -0.001189532739  0.380246673712  0.013447625563
  0.671370967742  0.174949778959 -0.000072511096  0.073059009871 -0.015386828103  0.084624314303 -0.055091911100 -0.133083330174  0.001297424887 -0.242601341663  0.064850999283  0.084624314303  0.037513836360
  0.673387096774 -0.016151916997  0.001524429290  0.243167154715 -0.059914643617  0.241887361685 -0.091255561727  0.169152503220  0.000051442722 -0.251019862259  0.069718278505  0.241887361685  0.011082659035
  0.675403225806 -0.237153145171  0.001458844905  0.034320852835 -0.010291010262  0.290820747076  0.006579664563  0.297230413324 -0.001903376783  0.082093688150 -0.021027615123  0.290820747076 -0.022467165024
  0.677419354839 -0.080643103086 -0.000982524282 -0.182464676346  0.043169777083  0.113682891257  0.087381319685  0.025650818620 -0.001119941207  0.302573341807 -0.082310494369  0.113682891257 -0.031672576573
  0.679435483871  0.077519589939 -0.001415757573 -0.136379458071  0.033599768114  0.343435728672  0.051178736371 -0.229129240645  0.000930124914  0.140801865077 -0.039102290787  0.343435728672 -0.006218561372
  0.681451612903  0.178733800728 -0.000719844495 -0.031275691312  0.010308121833  0.239874234776 -0.015792850169 -0.229414331304  0.001441127514 -0.134026948424  0.034709542757  0.239874234776  0.032582136481
  0.683467741935  0.112386934800  0.000738931431  0.207693513003 -0.049851757735  0.127375611940 -0.091931295079  0.017116560722  0.000913383598 -0.298897538260  0.081740516978  0.127375611940  0.026745968858
  0.685483870968 -0.181867962634  0.001950737842  0.162084183349 -0.041093652137  0.289893555956 -0.048535198602  0.291328240814 -0.001202028583 -0.093086861497  0.026975170656  0.289893555956 -0.007789902087
  0.687500000000 -0.165000532731  0.000028967400 -0.113828879901  0.026078354859  0.239466907385  0.063540746493  0.174110518660 -0.001792679393  0.243283056256 -0.065672089311  0.239466907385 -0.030910798142
  0.689516129032  0.002593435837 -0.001325187983 -0.156677947159  0.037351344792  0.208877454891  0.072000099750 -0.127349207330  0.000111583766  0.241521414492 -0.065872002190  0.208877454891 -0.023456966264
  0.691532258065  0.131394606551 -0.001111938439 -0.117217628811  0.030667011996  0.338468643075  0.025093322330 -0.258406136062  0.001216838851  0.006850643893 -0.003629261475  0.338468643075  0.017998953805
  0.693548387097  0.199131174385 -0.000189716721  0.107843603334 -0.024284855750  0.073373883223 -0.064660282705 -0.133008176895  0.001435948121 -0.257445586288  0.069296472348  0.073373883223  0.034796596659
  0.695564516129 -0.067200059288  0.001788083825  0.237822941154 -0.058736171182  0.221549185062 -0.087739661585  0.197772453070 -0.000179305366 -0.236383095238  0.065794760867  0.221549185062  0.008979985944
  0.697580645161 -0.202829988854  0.001026905223 -0.007002251961  0.000092101193  0.322593189016  0.019932061471  0.270963130271 -0.001909321957  0.111734809075 -0.029458458482  0.322593189016 -0.021691523328
  0.699596774194 -0.072736464606 -0.000864087322 -0.137456146112  0.031792797669  0.083778874659  0.073481525417  0.009650567650 -0.000743971540  0.274194517471 -0.074156268895  0.083778874659 -0.033322659293
  0.701612903226  0.051909927338 -0.001185467817 -0.162474909817  0.040459914662  0.338346968554  0.056428568481 -0.215381988210  0.000703186136  0.140268716989 -0.039375089468  0.338346968554 -0.001794163943
  0.703629032258  0.218307670899 -0.000959135191 -0.020836058999  0.007713820766  0.194158771094 -0.019470862238 -0.237503950338  0.001510673413 -0.143350696207  0.037322962876  0.194158771094  0.032762663389
  0.705645161290  0.069371777443  0.001058297622  0.236082092142 -0.057208082015  0.120026620804 -0.098734110608  0.046972931923  0.000830774199 -0.304921081790  0.083773018901  0.120026620804  0.023286449838
  0.707661290323 -0.179361195262  0.001689269836  0.107003518250 -0.027257907376  0.316648442955 -0.030658875840  0.286894114202 -0.001440095330 -0.053111777597  0.015616395471  0.316648442955 -0.006848259213
  0.709677419355 -0.130420091647 -0.000148525620 -0.082836837170  0.018153658826  0.215158703305  0.054926753035  0.143834029658 -0.001395057178  0.229518447605 -0.061576042251  0.215158703305 -0.033229747352
  0.711693548387 -0.034183995032 -0.000960674726 -0.159232225331  0.038194582594  0.238029784513  0.070720891655 -0.115055830731  0.000036889038  0.230600815899 -0.063051480596  0.238029784513 -0.020805548020
  0.713709677419  0.167763537648 -0.001354470506 -0.135386042600  0.035445450914  0.283890039387  0.028741040919 -0.268554709253  0.001168299935  0.006435876635 -0.003805851091  0.283890039387  0.021090686567
  0.715725806452  0.182620428808  0.000033314722  0.157285409632 -0.036917973710  0.104035443159 -0.078479245283 -0.113767511134  0.001520172861 -0.279807738371  0.075955194714  0.104035443159  0.031195134983
  0.717741935484 -0.098382844236  0.001800598795  0.192387825107 -0.047352624882  0.231590692636 -0.072721285955  0.216746382381 -0.000540107605 -0.201722047387  0.055988866661  0.231590692636  0.009414820353
  0.719758064516 -0.155603464064  0.000625864699 -0.005035060396 -0.000547271335  0.332658510254  0.020812909782  0.237447081334 -0.001648291333  0.119466625883 -0.031464952974  0.332658510254 -0.023604354640
  0.721774193548 -0.103156904337 -0.000519521448 -0.114036987297  0.025945868020  0.083362511174  0.065580236942  0.013491720458 -0.000618657953  0.255287820160 -0.068841750910  0.083362511174 -0.033340774709
  0.723790322581  0.068201990361 -0.001305607331 -0.200259744698  0.050289009042  0.298325413373  0.065271965017 -0.221320440597  0.000549612910  0.146922384917 -0.041725786859  0.298325413373  0.003097789884
  0.725806451613  0.235050351789 -0.000932202005  0.027887918699 -0.004645202970  0.193986899611 -0.034097908329 -0.235399695345  0.001702804960 -0.171422362211  0.045480243666  0.193986899611  0.030452637359
  0.727822580645  0.017249371375  0.001327156854  0.220037764320 -0.053265974688  0.122366132135 -0.092859791829  0.081558368402  0.000500734039 -0.289013086096  0.079378484880  0.122366132135  0.022699493007
  0.729838709677 -0.140035141033  0.001232354598  0.077347427187 -0.019913317707  0.351831932149 -0.020021536706  0.263416422305 -0.001418796215 -0.025447850429  0.007884429993  0.351831932149 -0.007605427427
  0.731854838710 -0.139281376680  0.000021797341 -0.043441314913  0.008128713144  0.152803255297  0.043649759301  0.135024499001 -0.001106019224  0.209825323841 -0.055830792985  0.152803255297 -0.035747054922
  0.733870967742 -0.045353605467 -0.000888380084 -0.198613362824  0.048454832797  0.229500675106  0.080184335641 -0.113650872258 -0.000150669417  0.238698277155 -0.065849540889  0.229500675106 -0.015953218315
  0.735887096774  0.209837209297 -0.001526257399 -0.108631651729  0.028779020790  0.257057148695  0.019675164596 -0.282407602719  0.001363615221 -0.015286310664  0.002338299072  0.257057148695  0.021132618823
  0.737903225806  0.131659139795  0.000431644532  0.177908320854 -0.042268326851  0.137909621877 -0.084235089705 -0.077554533960  0.001352010109 -0.288342737426  0.078631824856  0.137909621877  0.029563913769
  0.739919354839 -0.084887004167  0.001478837408  0.142704401901 -0.034950896829  0.269708449614 -0.056419167836  0.213224661795 -0.000762712555 -0.164131427150  0.045394214450  0.269708449614  0.009953762871
  0.741935483871 -0.137361816873  0.000537374021  0.032291290750 -0.010175021409  0.296267245037  0.011328188152  0.217278873709 -0.001304038287  0.107970075589 -0.027942670805  0.296267245037 -0.027495382623
  0.743951612903 -0.136329442960 -0.000277879579 -0.136323012791  0.031857940482  0.099882168837  0.070912905085  0.020816983173 -0.000744284371  0.258705058473 -0.070275655886  0.099882168837 -0.030413090512
  0.745967741935  0.116531174608 -0.001583578045 -0.206776971321  0.052268080021  0.259424030078  0.065610359913 -0.243234728478  0.000647972494  0.139875513360 -0.040060296549  0.259424030078  0.005662174568
  0.747983870968  0.207045915144 -0.000579177166  0.076405157343 -0.017063539709  0.229185730566 -0.048996110765 -0.211910994297  0.001748453934 -0.199875937131  0.053974695135  0.229185730566  0.028351600169
  0.750000000000 -0.001966699962  0.001272445485  0.171312587589 -0.041205780233  0.133183461173 -0.077823854536  0.099862804602  0.000130677800 -0.256114444974  0.070287561345  0.133183461173  0.024118566905
  0.752016129032 -0.101632804023  0.000910801698  0.094963211641 -0.024715175704  0.353810200445 -0.023210770404  0.238687244168 -0.001152156585 -0.022502022159  0.007355437988  0.353810200445 -0.011233989289
  0.754032258065 -0.178763634194  0.000322768807 -0.037839338591  0.006872119212  0.098361972288  0.042140029914  0.143421275216 -0.001093262016  0.205107099563 -0.054967986840  0.098361972288 -0.035957245146
  0.756048387097 -0.012502274816 -0.001134912117 -0.234601175895  0.058349572273  0.197371593496  0.089824962985 -0.132595352310 -0.000198292978  0.247612738259 -0.069310644893  0.197371593496 -0.011836980393
  0.758064516129  0.216210996176 -0.001358068356 -0.053483992654  0.014884095278  0.275509113412  0.002386917923 -0.280061534437  0.001570898085 -0.050524033585  0.012760144890  0.275509113412  0.019459193526
  0.760080645161  0.087420777295  0.000663051533  0.150677594600 -0.035939703826  0.134210299898 -0.077178749837 -0.045085311237  0.000983695206 -0.272702933305  0.075097883501  0.134210299898  0.031221707049
  0.762096774194 -0.042244490038  0.001051471781  0.131763380258 -0.032887682722  0.301485150838 -0.052057029633  0.192797689251 -0.000668095255 -0.146852671351  0.041184625847  0.301485150838  0.008236428031
  0.764112903226 -0.164428767027  0.000752941653  0.064043352708 -0.018532881527  0.236993596072  0.003017239582  0.221062100205 -0.001125478918  0.095323326190 -0.024770409489  0.236993596072 -0.030788587971
  0.766129032258 -0.133425435819 -0.000386648753 -0.184351973513  0.045433969046  0.093732883516  0.085866363587  0.014493366595 -0.000908029798  0.277201899864 -0.077584234411  0.093732883516 -0.026655704394
  0.768145161290  0.152612350034 -0.001647569968 -0.168680959071  0.043669921210  0.254166651761  0.054639519510 -0.260005320701  0.000885693961  0.113998478860 -0.033206563050  0.254166651761  0.004925520869
  0.770161290323  0.155678391165 -0.000153691012  0.080567238575 -0.018857508193  0.256894005782 -0.052505810434 -0.178690243447  0.001500334257 -0.205066601967  0.057214972000  0.256894005782  0.029534700047
  0.772177419355  0.027910031098  0.000911994844  0.134765379819 -0.033221771266  0.160370814232 -0.068277504004  0.089481191411  0.000028119712 -0.230162302312  0.064873780406  0.160370814232  0.025504429365
  0.774193548387 -0.102275523983  0.000941144266  0.139853121229 -0.037627136552  0.311244722971 -0.036524397633  0.232680906095 -0.000836759177 -0.040266764582  0.012959378194  0.311244722971 -0.015802381650
  0.776209677419 -0.206106789778  0.000384713559 -0.074681309710  0.017395787098  0.101797475563  0.054824078079  0.153344453483 -0.001266146813  0.220666977802 -0.062253739603  0.101797475563 -0.034241231959
  0.778225806452  0.035674088772 -0.001391808021 -0.227629924411  0.059275092675  0.173178234100  0.091212938123 -0.156352670101 -0.000053477667  0.241499748232 -0.070355456119  0.173178234100 -0.011984437249
  0.780241935484  0.175915059495 -0.000905873977 -0.021301670608  0.006822349510  0.317802794588 -0.008015780469 -0.256762866124  0.001485477832 -0.069606075576  0.019358761314  0.317802794588  0.018895855522
  0.782258064516  0.091909906770  0.000506269430  0.099560941230 -0.024131963469  0.093939416211 -0.064857550456 -0.043764084229  0.000704590280 -0.243486366463  0.069756457395  0.093939416211  0.035239369432
  0.784274193548 -0.012239121966  0.000879690353  0.169507862405 -0.045053338732  0.284303800090 -0.065842524590  0.172745201552 -0.000315979998 -0.163022912362  0.048305645131  0.284303800090  0.005291562907
  0.786290322581 -0.207610456196  0.000969806944  0.056971428763 -0.017364079100  0.208633465407  0.004629514880  0.240616946048 -0.001185081368  0.094191294956 -0.025881434319  0.208633465407 -0.030820893521
  0.788306451613 -0.093927520542 -0.000711475059 -0.207524169491  0.054251613478  0.097053799736  0.097269870714 -0.001494925689 -0.000902050343  0.288314193370 -0.084839249951  0.097053799736 -0.026067377092
  0.790322580645  0.136223672636 -0.001351651631 -0.119911169231  0.032495453237  0.282438497319  0.042565906663 -0.249543106015  0.000966868705  0.091007206300 -0.027538795922  0.282438497319  0.001575865436
  0.792338709677  0.128756095567 -0.000066741765  0.032373348746 -0.006500907608  0.243659744717 -0.039098946273 -0.164163914251  0.001125110907 -0.176721162052  0.050864571869  0.243659744717  0.033177384940
  0.794354838710  0.078319249404  0.000575064693  0.143765246647 -0.037351983667  0.164184091272 -0.073712288302  0.057319588415  0.000266657679 -0.232221086572  0.068410484495  0.164184091272  0.025331080236
  0.796370967742 -0.138093100456  0.001218587021  0.166131290263 -0.046387080281  0.260497185722 -0.047883611736  0.246377353615 -0.000728057751 -0.062007697994  0.020211896529  0.260497185722 -0.016353645019
  0.798387096774 -0.190185130269  0.000175748187 -0.114459236027  0.029067929389  0.158298875198  0.068229868137  0.152314436019 -0.001387189921  0.236128322808 -0.069352114600  0.158298875198 -0.031612424970
  0.800403225806  0.048524234609 -0.001335300104 -0.178751061996  0.047666601202  0.169261439669  0.079627635972 -0.156849655665  0.000145543385  0.220563170530 -0.065887165781  0.169261439669 -0.016512512656
  0.802419354839  0.124122983395 -0.000620987014 -0.045404670453  0.013764589578  0.332683011738  0.000916218200 -0.229024602963  0.001159769069 -0.050177526467  0.013715198724  0.332683011738  0.019409563274
  0.804435483871  0.139211568551  0.000105372283  0.070942422315 -0.016863573489  0.057753435033 -0.056210960511 -0.075356970948  0.000730527733 -0.222424115354  0.064893332096  0.057753435033  0.036549317092
  0.806451612903 -0.022016469614  0.001048264751  0.214504366828 -0.058473573383  0.229166804706 -0.082912331293  0.167823448971 -0.000064111661 -0.193750182719  0.058923389756  0.229166804706  0.004082886721
  0.808467741935 -0.218483539055  0.000970413171  0.018718929680 -0.006953720481  0.233747306088  0.014533533940  0.250884294966 -0.001370611775  0.102534276673 -0.029168481515  0.233747306088 -0.026228437499
  0.810483870968 -0.056787023898 -0.000854684907 -0.175994510238  0.046242885621  0.104181313676  0.088786772049 -0.010521082403 -0.000696300735  0.272583765129 -0.081029345749  0.104181313676 -0.028654292040
  0.812500000000  0.079143052687 -0.000961416252 -0.107262731790  0.029344297025  0.309682888394  0.040650553437 -0.215066970013  0.000805131685  0.092214517875 -0.028149231680  0.309682888394 -0.000999758626
  0.814516129032  0.150020476095 -0.000372709834 -0.022735394536  0.008678859105  0.198447976619 -0.019952968541 -0.179253060939  0.000936544984 -0.137277380625  0.039094766445  0.198447976619  0.034721785743
  0.816532258065  0.098724860447  0.000524477353  0.185504186045 -0.049294356586  0.127942026241 -0.087762468067  0.033273834298  0.000579219969 -0.254930632654  0.076168555344  0.127942026241  0.023007207857
  0.818548387097 -0.168673801859  0.001391775215  0.144224200210 -0.040417499776  0.244771517645 -0.043879731527  0.259716460646 -0.000879275022 -0.064580232031  0.020811567497  0.244771517645 -0.011885486568
  0.820564516129 -0.142840835210 -0.000081498057 -0.111991401349  0.028592654014  0.211128199253  0.066672461578  0.137761007621 -0.001272198436  0.228898124020 -0.067562961121  0.211128199253 -0.030611704398
  0.822580645161  0.009231585751 -0.000970531923 -0.132883100724  0.035031459659  0.186616476033  0.066225901433 -0.127608541654  0.000184903526  0.200952102620 -0.059849410216  0.186616476033 -0.020573892399
  0.824596774194  0.109001907646 -0.000699278259 -0.103987182195  0.030007770585  0.296412982264  0.021779117104 -0.219161310408  0.000829759067 -0.007617113474  0.000563765017  0.296412982264  0.020650767169
  0.826612903226  0.180832679633 -0.000152958152  0.091178732648 -0.022667750194  0.062321684147 -0.061461510627 -0.108970906652  0.000988432527 -0.225678289157  0.066323615137  0.062321684147  0.033691713153
  0.828629032258 -0.058988044860  0.001298349215  0.217059971208 -0.059164911226  0.186010736626 -0.085859820014  0.177048354104 -0.000101747920 -0.205648109165  0.062537424691  0.186010736626  0.006285500343
  0.830645161290 -0.179415018502  0.000704838703 -0.008699311113  0.000844043122  0.286511693420  0.021218933406  0.235946831279 -0.001388856656  0.105714663474 -0.030543423501  0.286511693420 -0.021985676998
  0.832661290323 -0.062278860183 -0.000648770616 -0.114616515721  0.029193545407  0.078430070956  0.069116419067  0.002309954389 -0.000487922604  0.239008270039 -0.070529307596  0.078430070956 -0.032397020524
  0.834677419355  0.032828537864 -0.000775429215 -0.145437720006  0.039912500203  0.293503959683  0.054467777470 -0.183090909774  0.000457311288  0.120965576730 -0.037066716710  0.293503959683 -0.000458669281
  0.836693548387  0.195932371420 -0.000735630598 -0.032941212683  0.011334594928  0.171238519199 -0.014302255050 -0.209044149156  0.001038892479 -0.118704907516  0.033623101594  0.171238519199  0.032472011079
  0.838709677419  0.070795661631  0.000740879571  0.211456742822 -0.056532469169  0.099313619513 -0.096613020308  0.033752782469  0.000679396532 -0.271379602393  0.081367315032  0.099313619513  0.021965526009
  0.840725806452 -0.153436225069  0.001223374939  0.098029233842 -0.027350250611  0.272373168769 -0.031483785192  0.250203715372 -0.001015991747 -0.052870999035  0.016738611655  0.272373168769 -0.006081825265
  0.842741935484 -0.112117172090 -0.000110329373 -0.059280306558  0.013989000504  0.210400445585  0.048644870021  0.129430947535 -0.000983836522  0.194328472851 -0.056820810244  0.210400445585 -0.032526500464
  0.844758064516 -0.050497984873 -0.000592427139 -0.135004182511  0.035600705895  0.191300119435  0.067391969894 -0.085516948873 -0.000049804233  0.204582692724 -0.060955297959  0.191300119435 -0.021006689488
  0.846774193548  0.140556425191 -0.001022652556 -0.141523548333  0.040276804046  0.244238589597  0.036355374961 -0.233304595760  0.000734432124  0.026377668309 -0.009806998381  0.244238589597  0.019916949385
  0.848790322581  0.173912679526 -0.000062800939  0.130063441411 -0.033624926779  0.118532758111 -0.072774323451 -0.118417597521  0.001190540325 -0.240105112719  0.071101074370  0.118532758111  0.029831130110
  0.850806451613 -0.073623946307  0.001293751561  0.170873791479 -0.046128252277  0.179402019081 -0.072880270476  0.176565144426 -0.000295548214 -0.190835877048  0.057565483013  0.179402019081  0.011404677464
  0.852822580645 -0.124501156067  0.000458044421  0.014507340076 -0.005482835599  0.310645406160  0.011987480970  0.210123655942 -0.001135718335  0.083467382056 -0.023781871936  0.310645406160 -0.021258862128
  0.854838709677 -0.112103220408 -0.000226988334 -0.079151126508  0.019361279388  0.052986790089  0.057027705408  0.038508216262 -0.000522185081  0.216015767194 -0.063369266258  0.052986790089 -0.033739648213
  0.856854838710  0.036676563061 -0.000930625524 -0.196136441313  0.053914472136  0.237566384109  0.072504045097 -0.175612966982  0.000199036848  0.157856975229 -0.048480651098  0.237566384109  0.000554329396
  0.858870967742  0.213540690535 -0.000813316682  0.002796200002  0.001156255230  0.196963345844 -0.023393898516 -0.225612370791  0.001263461014 -0.124862789227  0.035959482630  0.196963345844  0.027333986708
  0.860887096774  0.032370167870  0.000899342982  0.184083106729 -0.048840069978  0.096740293338 -0.088448106913  0.041949638329  0.000511313377 -0.260046101018  0.077682861159  0.096740293338  0.024431777193
  0.862903225806 -0.095982684819  0.000861425863  0.082527908196 -0.022869873050  0.306539392288 -0.028336640855  0.217313393682 -0.000895721319 -0.054541515229  0.016977960897  0.306539392288 -0.002883926945
  0.864919354839 -0.132247244051  0.000190449497  0.000490007706 -0.002554872500  0.165554040919  0.027866036230  0.145963098238 -0.000807911890  0.153440896043 -0.044123340897  0.165554040919 -0.034305693555
  0.866935483871 -0.076979830322 -0.000516053930 -0.178902204195  0.047819218922  0.153876536064  0.081886037082 -0.058590016887 -0.000372506244  0.230378027645 -0.069069247410  0.153876536064 -0.018759412764
  0.868951612903  0.176016628564 -0.001241455943 -0.124140842081  0.035190404550  0.227234503342  0.033491465220 -0.250967219957  0.000890611607  0.031928787444 -0.011130055681  0.227234503342  0.015510140852
  0.870967741935  0.127468813946  0.000190444346  0.132624378388 -0.034407191531  0.176239313582 -0.072789072528 -0.105640153048  0.001118654130 -0.237056364982  0.070266269189  0.176239313582  0.028687180680
  0.872983870968 -0.036330352904  0.000963124496  0.122763494113 -0.032593130216  0.201965257252 -0.058698450440  0.149526231174 -0.000350828024 -0.171872071024  0.051356449431  0.201965257252  0.015946440085
  0.875000000000 -0.106514357139  0.000521728862  0.075489919135 -0.022339992064  0.278576941223 -0.009488545468  0.200724216856 -0.000820592114  0.040255655910 -0.010393548038  0.278576941223 -0.022739142269
  0.877016129032 -0.159391920684  0.000053831706 -0.098306086834  0.024799094495  0.046611796779  0.062128223904  0.075196484443 -0.000785038083  0.220552558809 -0.064978263797  0.046611796779 -0.031261056417
  0.879032258065  0.075602547254 -0.001204694316 -0.205048576099  0.056220284584  0.191311349477  0.077445298525 -0.187281125545  0.000221389264  0.174065510873 -0.053283394078  0.191311349477 -0.001437435084
  0.881048387097  0.178107165315 -0.000572484702  0.034178708722 -0.007768852839  0.255127030019 -0.031521712255 -0.214203057505  0.001317166858 -0.131069528508  0.038238946590  0.255127030019  0.022998994919
  0.883064516129  0.034750853688  0.000730968448  0.122382467288 -0.031594372090  0.077866031476 -0.068923613377  0.031065057008  0.000307983093 -0.228410872268  0.067614169409  0.077866031476  0.028625439240
  0.885080645161 -0.046334835742  0.000665548568  0.120759085031 -0.033407384917  0.296873030509 -0.042165395208  0.185615504297 -0.000564760435 -0.083625150526  0.025946156273  0.296873030509 -0.003366873815
  0.887096774194 -0.182085094064  0.000567799300  0.014690304674 -0.006337172816  0.134812503382  0.021229199820  0.178703161601 -0.000909079348  0.134393025581 -0.038422981669  0.134812503382 -0.032646689797
  0.889112903226 -0.050877970095 -0.000734183622 -0.211237550047  0.056780104618  0.110750546896  0.092983349910 -0.058945322264 -0.000496852964  0.251705249181 -0.075713308505  0.110750546896 -0.017623336939
  0.891129032258  0.166106918961 -0.001114254697 -0.076838306402  0.021781263386  0.257625063501  0.020705686366 -0.246053018102  0.001046495229  0.019648357534 -0.006853391433  0.257625063501  0.009626368004
  0.893145161290  0.093998022679  0.000247829451  0.081760401860 -0.020276539046  0.180126516143 -0.055680206448 -0.096637377865  0.000852194638 -0.205426533223  0.060368596084  0.180126516143  0.030906634220
  0.895161290323  0.025939701389  0.000586851392  0.122852148550 -0.032558459409  0.213370154357 -0.059434624025  0.107669937911 -0.000131502520 -0.175788356846  0.052486166465  0.213370154357  0.016804059520
  0.897177419355 -0.138971404376  0.000848516406  0.118524664304 -0.034147269144  0.225358699109 -0.025645279571  0.216927688665 -0.000720364887  0.004259427234  0.000636497588  0.225358699109 -0.022555725546
  0.899193548387 -0.157534975641 -0.000016968071 -0.141265501453  0.036863842194  0.085473910885  0.075043148205  0.087340101144 -0.001009954887  0.238850591530 -0.070918730849  0.085473910885 -0.027512454526
  0.901209677419  0.095274939681 -0.001244197780 -0.161251305208  0.043821580173  0.184963366726  0.065394151220 -0.190917544084  0.000413393073  0.161533697547 -0.048989636033  0.184963366726 -0.006627240272
  0.903225806452  0.122061956914 -0.000317248405  0.014305817980 -0.002355846471  0.286870717353 -0.023569196187 -0.189439758072  0.001094851430 -0.111764681049  0.032373257424  0.286870717353  0.022317499859
  0.905241935484  0.085330235420  0.000323246640  0.083729742354 -0.020837005396  0.069936501497 -0.056177192184 -0.004953823276  0.000333313277 -0.205757388232  0.060491846750  0.069936501497  0.030619722327
  0.907258064516 -0.047789540457  0.000813063607  0.176348877884 -0.048768463009  0.242005159326 -0.061786639294  0.178682978634 -0.000301259793 -0.123261897894  0.038222224733  0.242005159326 -0.004659683738
  0.909274193548 -0.206095749947  0.000677754082 -0.021228637523  0.003872234091  0.159747547993  0.030632289667  0.199547864756 -0.001146728809  0.142032469604 -0.041187216345  0.159747547993 -0.027803665529
  0.911290322581 -0.009697691729 -0.000923430996 -0.188951882719  0.050479066698  0.098038555074  0.086742947349 -0.069260876524 -0.000349680669  0.244739082415 -0.073359196040  0.098038555074 -0.020133775197
  0.913306451613  0.109733633543 -0.000767554309 -0.057850773727  0.016325557797  0.298883622585  0.016442840495 -0.215696608248  0.000954960969  0.019478039906 -0.006506257818  0.298883622585  0.006203887865
  0.915322580645  0.112817779330 -0.000031559571  0.019032642474 -0.002875662156  0.134741468339 -0.034318130566 -0.113099194325  0.000677357210 -0.164965163384  0.047744703411  0.134741468339  0.033318043927
  0.917338709677  0.057102368170  0.000495687558  0.169127975901 -0.045422090997  0.177805434729 -0.074901208016  0.079692395060  0.000193822509 -0.204017418594  0.061335876116  0.177805434729  0.014665097584
  0.919354838710 -0.179697020229  0.001099455934  0.104937858053 -0.030129061440  0.206678647342 -0.023882671305  0.238831322842 -0.000875690127 -0.002699667782  0.002422984927  0.206678647342 -0.018526986008
  0.921370967742 -0.111770109796 -0.000276316562 -0.149695197993  0.039257909579  0.144471288813  0.077250836529  0.075250952460 -0.000969676852  0.240652912066 -0.071570936439  0.144471288813 -0.026379739629
  0.923387096774  0.060960537255 -0.000946855168 -0.110968535221  0.029661578141  0.212417997618  0.050728136200 -0.167028696686  0.000484916313  0.142576990466 -0.042746861519  0.212417997618 -0.011565447902
  0.925403225806  0.101289259739 -0.000360405882 -0.048125830424  0.014925497684  0.259064741297 -0.001859652236 -0.180157012433  0.000791010447 -0.069043415538  0.019103164968  0.259064741297  0.024171120919
  0.927419354839  0.137681045866  0.000027366896  0.101855658191 -0.025960743460  0.061566324151 -0.061275330356 -0.043770799633  0.000594861500 -0.211530975114  0.062441268052  0.061566324151  0.028604301193
  0.929435483871 -0.088791061494  0.001106500200  0.191555835803 -0.052827434991  0.192990151865 -0.068806943225  0.192970342567 -0.000310072500 -0.143170386537  0.044188277502  0.192990151865 -0.002991040005
  0.931451612903 -0.174598197477  0.000457219313 -0.056971134807  0.013997070047  0.222553540437  0.040377054367  0.191389680028 -0.001230665756  0.151761620511 -0.044550771899  0.222553540437 -0.023460237155
  0.933467741935 -0.008334104275 -0.000793686871 -0.127386025728  0.033243588342  0.086601241432  0.067604720308 -0.060999630945 -0.000148511573  0.215044293233 -0.063852147261  0.086601241432 -0.024735291948
  0.935483870968  0.057043586951 -0.000560291947 -0.095399106393  0.026675304056  0.296127078624  0.030038557120 -0.184367100928  0.000641795724  0.048111883429 -0.015334484296  0.296127078624  0.006663583214
  0.937500000000  0.166070081296 -0.000417403257  0.000874838379  0.002038202468  0.099588257950 -0.026741372292 -0.148158045545  0.000774029312 -0.145583533308  0.041889641567  0.099588257950  0.032307821776
  0.939516129032  0.032924229479  0.000713313913  0.207790882459 -0.056137281069  0.125815421581 -0.088245648877  0.080098502675  0.000338421070 -0.229885777322  0.069391252849  0.125815421581  0.013388269200
  0.941532258065 -0.175503731314  0.001010393196  0.056541759952 -0.016419500248  0.239161654012 -0.010694489860  0.238515590663 -0.001049124719  0.010442102372 -0.002121446203  0.239161654012 -0.012638370505
  0.943548387097 -0.075312793288 -0.000362882107 -0.101345029080  0.025804516764  0.152600828647  0.061300624852  0.065159836470 -0.000722878373  0.212250347831 -0.062649867730  0.152600828647 -0.028863686611
  0.945564516129 -0.003287646911 -0.000573348836 -0.108545183325  0.028914423760  0.230766847100  0.050870795848 -0.125772459964  0.000283425452  0.146262056576 -0.043776654155  0.230766847100 -0.012829710836
  0.947580645161  0.134177822605 -0.000685274242 -0.096407905584  0.028220196656  0.204703584648  0.015771053015 -0.197976283101  0.000685367385 -0.031382481144  0.007516128394  0.204703584648  0.024579372899
  0.949596774194  0.140984951961  0.000079019845  0.148682685833 -0.039096014095  0.064324523590 -0.075741505458 -0.058397399123  0.000838489069 -0.233467378456  0.069509888762  0.064324523590  0.024966924214
  0.951612903226 -0.113721541361  0.001186583443  0.150436027049 -0.041178009622  0.186327142903 -0.057759795996  0.200800270794 -0.000500494800 -0.132785229021  0.040562900658  0.186327142903  0.002187087725
  0.953629032258 -0.117603651934  0.000193328530 -0.041039287683  0.009673514801  0.261767461578  0.033928583285  0.167549809369 -0.001037800064  0.135772378232 -0.039722501251  0.261767461578 -0.022810200143
  0.955645161290 -0.058995045146 -0.000402401164 -0.085481842637  0.021564653799  0.093166056849  0.054193498875 -0.025636477591 -0.000162913914  0.192546153339 -0.056753155884  0.093166056849 -0.027368223834
  0.957661290323  0.055823082206 -0.000696403232 -0.155406486060  0.043301143704  0.242844001212  0.051095751584 -0.177768353976  0.000374366771  0.090053009323 -0.028354999783  0.242844001212  0.008259493256
  0.959677419355  0.196418488803 -0.000556016894  0.036649487511 -0.008129414411  0.123017814390 -0.036402128086 -0.173037513844  0.001021235958 -0.154549408275  0.045081761122  0.123017814390  0.027808948835
  0.961693548387 -0.010908167759  0.000929556455  0.190918794924 -0.051384143256  0.104301914215 -0.084093498380  0.092525272359  0.000211183585 -0.227268154982  0.068438880964  0.104301914215  0.015890064063
  0.963709677419 -0.120631471421  0.000678185550  0.033849804264 -0.009933915618  0.287128897753 -0.005225471525  0.210763509716 -0.000984336556  0.012632627642 -0.003129491193  0.287128897753 -0.009009486221
  0.965725806452 -0.092361617198 -0.000107461131 -0.035970320644  0.007658595628  0.107295832211  0.039520205211  0.081257087849 -0.000548275107  0.172298839930 -0.050221486704  0.107295832211 -0.031921860751
  0.967741935484 -0.039142840575 -0.000467074331 -0.156661691166  0.042378338557  0.197896293931  0.067277520328 -0.096678474029 -0.000043404933  0.176608113932 -0.053363210147  0.197896293931 -0.010830098549
  0.969758064516  0.179800457556 -0.000960776288 -0.086963896361  0.025405958678  0.184321602729  0.015224624418 -0.223863349809  0.000835971788 -0.022789566423  0.005244540116  0.184321602729  0.021004255491
  0.971774193548  0.096309834431  0.000342517839  0.162892450797 -0.043250024134  0.117336714468 -0.080384997409 -0.047294940551  0.000827634308 -0.239993031617  0.071847041971  0.117336714468  0.023891718634
  0.973790322581 -0.082469530655  0.000918929651  0.098347421095 -0.026584853530  0.217446301682 -0.042884219993  0.179893634310 -0.000582114993 -0.114177167363  0.034483704509  0.217446301682  0.007538168841
  0.975806451613 -0.094054323178  0.000214665487  0.022626289813 -0.007983983180  0.238805983514  0.012098168739  0.158518886963 -0.000742624542  0.093335826439 -0.026685092921  0.238805983514 -0.025089290241
  0.977822580645 -0.116279183742 -0.000096897589 -0.102130858655  0.026469677561  0.086570712989  0.059579346033  0.015718014843 -0.000424237611  0.199461489671 -0.059368770295  0.086570712989 -0.025992234279
  0.979838709677  0.098040032698 -0.000998727353 -0.177020326006  0.049482997269  0.191156813608  0.060717971674 -0.194090303992  0.000361824092  0.114325436452 -0.035854881978  0.191156813608  0.006889665900
  0.981854838710  0.168983951754 -0.000349305384  0.075497171305 -0.019395582122  0.191544571843 -0.047853884800 -0.168738619799  0.001125790115 -0.166750728115  0.049726890580  0.191544571843  0.023642291812
  0.983870967742 -0.014721431462  0.000828405770  0.129876034821 -0.034644796463  0.096810698859 -0.066233627115  0.085309834152  0.000025458684 -0.200207899098  0.060284312175  0.096810698859  0.021155775939
  0.985887096774 -0.064942402247  0.000460367327  0.071635510149 -0.020586005680  0.289969326619 -0.019301712560  0.179787129069 -0.000673231596 -0.017415429080  0.006080250339  0.289969326619 -0.009391323990
  0.987903225806 -0.149100013475  0.000274272706 -0.013305045414  0.001626272913  0.072653797857  0.031387463124  0.120243540302 -0.000640441840  0.151855566823 -0.044766750840  0.072653797857 -0.031961444006
  0.989919354839 -0.018264619864 -0.000679553026 -0.200798847608  0.055711501570  0.135833050409  0.084462704353 -0.095072157201 -0.000222984020  0.208255677025 -0.064247414142  0.135833050409 -0.009876902578
  0.991935483871  0.179331731036 -0.000883228033 -0.040253992561  0.012202064991  0.205528741394  0.002664950260 -0.227864741949  0.000993895073 -0.033260844114  0.009410662019  0.205528741394  0.015177252379
  0.993951612903  0.060305395766  0.000439784793  0.114775815681 -0.030676717279  0.000000000000 -0.066536872049 -0.040519545709  0.000609064737 -0.213570012185  0.065079570423  0.000000000000  0.027372543313
  0.995967741935 -0.011432654941  0.000531807204  0.094042379381 -0.026027585614  0.009050807628 -0.044491938649  0.135351069387 -0.000357024232 -0.121614912652  0.037478235552  0.009050807628  0.010125252996
  0.997983870968 -0.108404834856  0.000403365535  0.056892564256 -0.017744915250  0.011136182898 -0.002203020369  0.174615163485 -0.000664037940  0.056394552096 -0.016165822682  0.011136182898 -0.023903191031
  1.000000000000  0.000000000000 -0.001025862501 -0.352133784961  0.101105469510  0.010290648445  0.136915612439  0.000000000000 -0.001261855294  0.289151137513 -0.092323176748  0.010290648445  0.000000000000
