             Rad         v_r[Re]         v_t[Re]         v_x[Re]         p[Re]          p_mg[Re]  p_no_phase[Re]         v_r[Im]         v_t[Im]         v_x[Im]         p[Im]          p_mg[Im]  p_no_phase[Im]
  0.000000000000 -0.000947365274  0.000000000000  0.000734189277 -0.000358655218  0.000338956586  0.000351549156 -0.001688060115  0.000000000000  0.001253583917 -0.000631851843  0.000338956586 -0.000635832925
  0.007812500000 -0.001346228891  0.002027084090 -0.000563667487  0.000273915446  0.004812978844 -0.000361257672 -0.002499515619 -0.000998263598 -0.001174890593  0.000591344764  0.004812978844  0.000542412386
  0.015625000000 -0.001275260815  0.003918785416 -0.002311941292  0.001125355135  0.003899892161 -0.001363508811 -0.002763427060 -0.002044792499 -0.004543989579  0.002287969731  0.003899892161  0.002154547143
  0.023437500000 -0.000170327077  0.004360264110 -0.003439840570  0.001668823440  0.000819852181 -0.002380765483  0.000293053330 -0.002033102286 -0.007579550643  0.003813600739  0.000819852181  0.003414744205
  0.031250000000  0.002062618932  0.001666339378 -0.002711782276  0.001329854585  0.002398446525 -0.000972459973  0.004348605351 -0.001192723326 -0.003872035687  0.001954654145  0.002398446525  0.002154879961
  0.039062500000  0.002289091113 -0.000862725815  0.001214976304 -0.000590638039  0.001906038377  0.000764867098  0.003157407281  0.000430233774  0.002500322958 -0.001258564482  0.001906038377 -0.001160954853
  0.046875000000 -0.000605541206 -0.000994045269  0.002493671251 -0.001223537690  0.000624693750  0.000853328113 -0.000552700141  0.000730911858  0.003465450883 -0.001749856188  0.000624693750 -0.001957261426
  0.054687500000 -0.001328748552 -0.000300404072 -0.000168736204  0.000092582276  0.003249199531  0.000563842671 -0.001996740598 -0.000038713707  0.001211050810 -0.000604466827  0.003249199531 -0.000236713045
  0.062500000000  0.000046518023  0.000252836348 -0.000524052314  0.000254125021  0.002261973394 -0.000370109774 -0.001905470642 -0.000116190383 -0.001171949799  0.000589605849  0.002261973394  0.000524626857
  0.070312500000 -0.000494305734  0.000613228229 -0.000016275076 -0.000013421267  0.004069114236 -0.001364630514  0.000381973981 -0.000009435985 -0.003183223986  0.001591943727  0.004069114236  0.000819907628
  0.078125000000  0.000173490614  0.000049479486 -0.001673326951  0.000834730683  0.003550409103  0.000297221956  0.003244564470 -0.000290674600 -0.000302559226  0.000162634090  0.003550409103  0.000796796253
  0.085937500000  0.002249169449 -0.000678109438  0.000307026079 -0.000124375525  0.004729565677  0.001772818454  0.000240333979  0.000055367145  0.004305172216 -0.002154965165  0.004729565677 -0.001231445842
  0.093750000000 -0.000737266973 -0.000038878422  0.003509169749 -0.001752762449  0.004565414884 -0.000764943175 -0.004001765620  0.000507494317  0.000305125265 -0.000176351429  0.004565414884 -0.001586864193
  0.101562500000 -0.003529494099  0.000657527589 -0.001298801571  0.000616010713  0.005579024459 -0.001793911532  0.000384806713 -0.000180002253 -0.004943231849  0.002480756664  0.005579024459  0.001820852613
  0.109375000000  0.001986839775 -0.000143269137 -0.004641485760  0.002328577911  0.005798241215  0.001662231675  0.004291999441 -0.000573431757  0.001109119896 -0.000523200399  0.005798241215  0.001712600246
  0.117187500000  0.004055645297 -0.000574675940  0.003182555894 -0.001557605528  0.006947321306  0.001339098964 -0.002096366927  0.000373821987  0.005004272193 -0.002524039729  0.006947321306 -0.002646455270
  0.125000000000 -0.003949751168  0.000398731237  0.004763412353 -0.002406626879  0.007604861828 -0.002777556514 -0.003940175076  0.000512158537 -0.003630486770  0.001783233476  0.007604861828 -0.001121139766
  0.132812500000 -0.003571773653  0.000420033012 -0.005835016021  0.002889615193  0.009006446672 -0.000306517767  0.004567497582 -0.000599510286 -0.004178191995  0.002128907227  0.009006446672  0.003576054922
  0.140625000000  0.006415827126 -0.000660571696 -0.003583894676  0.001838393786  0.010100757618  0.003848166337  0.002665039514 -0.000338475446  0.006820780566 -0.003386591228  0.010100757618 -0.000200767770
  0.148437500000  0.001855437178 -0.000185241940  0.008901308807 -0.004436905978  0.011777547823 -0.001360976629 -0.007375044156  0.000814296507  0.002121341176 -0.001121106657  0.011777547823 -0.004369297130
  0.156250000000 -0.009004021757  0.000880494305  0.000870849123 -0.000504213179  0.013280284092 -0.004585762133 -0.000208982919  0.000066459535 -0.010147370905  0.005068493301  0.013280284092  0.002216898946
  0.164062500000  0.001240642229 -0.000127793580 -0.011863448257  0.005942207196  0.015241250954  0.003642738079  0.010024276099 -0.000978307304  0.001425892911 -0.000632694684  0.015241250954  0.004737149798
  0.171875000000  0.011219989103 -0.001022146287  0.003495093776 -0.001659706191  0.017135233960  0.004699675017 -0.003580848677  0.000285989073  0.013005176229 -0.006527165300  0.017135233960 -0.004824061177
  0.179687500000 -0.005746431854  0.000506075197  0.014102727714 -0.007096831550  0.019403201744 -0.006425783742 -0.011972654948  0.001058065349 -0.006568203518  0.003189041200  0.019403201744 -0.004386833156
  0.187500000000 -0.012510138145  0.001058475062 -0.009476548027  0.004639041976  0.021693250092 -0.003921805694  0.008705870102 -0.000695581992 -0.014748506809  0.007439464216  0.021693250092  0.007841286781
  0.195312500000  0.011544242268 -0.000927350035 -0.014960910795  0.007571016925  0.024306390745  0.009504044433  0.012662808271 -0.001028201982  0.013217280421 -0.006508229861  0.024306390745  0.003057857518
  0.203125000000  0.012314699165 -0.000971070446  0.016852632729 -0.008327692022  0.027016318139  0.002032157705 -0.014994413040  0.001133961587  0.014734564075 -0.007482450011  0.027016318139 -0.011009443567
  0.210937500000 -0.018354382618  0.001362737085  0.013800936503 -0.007044194428  0.030023151371 -0.012588234047 -0.011563465669  0.000872361004 -0.021078709867  0.010447348109  0.030023151371 -0.000551471884
  0.218750000000 -0.010119333475  0.000750215396 -0.025211652224  0.012523771303  0.033189289167  0.001117540263  0.022099767444 -0.001569090329 -0.012374029009  0.006358633759  0.033189289167  0.014001006203
  0.226562500000  0.025737427260 -0.001779488569 -0.010065216593  0.005234190986  0.036643343629  0.015323901519  0.008213786207 -0.000583571958  0.029659333634 -0.014763559056  0.036643343629 -0.003246147486
  0.234375000000  0.005503139712 -0.000394970458  0.033962593928 -0.016935011363  0.040308396627 -0.005584532707 -0.029514489179  0.001967172661  0.007182778198 -0.003821917145  0.040308396627 -0.016438207171
  0.242187500000 -0.033111836668  0.002143638330  0.003328414131 -0.001923788270  0.044263930636 -0.017315447017 -0.002266095293  0.000164160389 -0.038291755921  0.019125999164  0.044263930636  0.008347460687
  0.250000000000  0.001819690075 -0.000087022893 -0.042363264091  0.021192509907  0.048472258421  0.011321890570  0.036598133291 -0.002294755214  0.001170832820 -0.000298572008  0.048472258421  0.017917210032
  0.257812500000  0.039784560733 -0.002422416513  0.006658589126 -0.003017029934  0.052981163097  0.018153895842 -0.006477311628  0.000374779768  0.046172822011 -0.023134722460  0.052981163097 -0.014654484593
  0.265625000000 -0.011967192559  0.000680132763  0.049561872914 -0.024871266590  0.057775573897 -0.018172645822 -0.042615511937  0.002520766944 -0.012827632037  0.006079026659  0.057775573897 -0.018035781400
  0.273437500000 -0.044991551736  0.002586351509 -0.019936374917  0.009614584713  0.062885218277 -0.017446220266  0.018036632413 -0.001014315368 -0.052412615315  0.026344983587  0.062885218277  0.021957408723
  0.281250000000  0.024868006753 -0.001361722659 -0.054648248728  0.027515616613  0.068304970578  0.025871629186  0.046782324474 -0.002618336968  0.027711489148 -0.013487540938  0.068304970578  0.016421988960
  0.289062500000  0.047944714054 -0.002610999867  0.036318339029 -0.017781798440  0.074056667608  0.014844072894 -0.032238506997  0.001728945652  0.056090203401 -0.028294988377  0.074056667608 -0.029940811995
  0.296875000000 -0.040252084418  0.002103474007  0.056710542990 -0.028667505918  0.080136260016 -0.034054792601 -0.048314804954  0.002566282246 -0.045517319141  0.022377727049  0.080136260016 -0.012761648184
  0.304687500000 -0.047881676757  0.002478262172 -0.055386735712  0.027315820103  0.086564082632 -0.010069976086  0.048712565490 -0.002488137142 -0.056312194419  0.028535149352  0.086564082632  0.038196915557
  0.312500000000  0.057654145583 -0.002872956242 -0.054893254669  0.027895526748  0.093332437968  0.042275254437  0.046479990472 -0.002350199542  0.065713936603 -0.032489749623  0.093332437968  0.006822543910
  0.320312500000  0.044114868127 -0.002177261882  0.076503412876 -0.037903004340  0.100462220088  0.002939296975 -0.066900662026  0.003258030093  0.052270217320 -0.026656902542  0.100462220088 -0.046244877818
  0.328125000000 -0.076429425287  0.003635342819  0.048452625609 -0.024822736236  0.107941953731 -0.050024877463 -0.040643367876  0.001963130734 -0.087561338257  0.043458592992  0.107941953731  0.001526163136
  0.335937500000 -0.036076668713  0.001704784520 -0.098834270951  0.049130784951  0.115790417304  0.006623294517  0.086077975997 -0.004003220171 -0.043293722175  0.022319276976  0.115790417304  0.053554795531
  0.343750000000  0.095780483697 -0.004355170581 -0.036805900447  0.019151495167  0.123996975874  0.056759886933  0.030310998133 -0.001405799636  0.110141024886 -0.054828890630  0.123996975874 -0.012300497968
  0.351562500000  0.023357885116 -0.001065294626  0.121385649045 -0.060505565701  0.132571000541 -0.018573766019 -0.105384413355  0.004688521499  0.028894984116 -0.015271646228  0.132571000541 -0.059574842637
  0.359375000000 -0.114793216185  0.004998046692  0.019571558928 -0.010683865979  0.141511546577 -0.061928860893 -0.015163715161  0.000686442532 -0.132397201472  0.066075255593  0.141511546577  0.025394892843
  0.367187500000 -0.005737377024  0.000270566010 -0.143050193271  0.071475422407  0.150807631984  0.032745499584  0.123864169681 -0.005280625474 -0.008803839745  0.005371409706  0.150807631984  0.063759864394
  0.375000000000  0.132479732697 -0.005532219393  0.003401637704 -0.000663527716  0.160479630971  0.065001371984 -0.004918394970  0.000179726008  0.153186135643 -0.076626766448  0.160479630971 -0.040582302121
  0.382812500000 -0.016798661693  0.000661024129  0.162659318784 -0.081456183542  0.170483595758 -0.048852908154 -0.140510934734  0.005749582316 -0.017009566554  0.007404277287  0.170483595758 -0.065599744849
  0.390625000000 -0.147825490469  0.005929944161 -0.032018145816  0.014850880689  0.180873136769 -0.065495618541  0.029842356343 -0.001171355968 -0.171330616296  0.085894088611  0.180873136769  0.057521014138
  0.398437500000  0.044048567409 -0.001705475354 -0.179039146267  0.089859335801  0.191560062030  0.066501493783  0.154316025304 -0.006070047615  0.048324953667 -0.022953209535  0.191560062030  0.064645969582
  0.406250000000  0.159837959869 -0.006168594099  0.065932233142 -0.031713120895  0.202640014215  0.063003536707 -0.059299941041  0.002262047524  0.185676330926 -0.093297643866  0.202640014215 -0.075767583769
  0.414062500000 -0.075598329125  0.002834349455  0.191066767679 -0.096120182750  0.213974385056 -0.085203603912 -0.164316719290  0.006222253039 -0.084675130562  0.041049364457  0.213974385056 -0.060534995950
  0.421875000000 -0.167594167809  0.006231481185 -0.104557442003  0.050964267939  0.225702557388 -0.057212115326  0.092776356263 -0.003421608246 -0.195147055222  0.098295273100  0.225702557388  0.094794995545
  0.429687500000  0.110835444681 -0.004016089162 -0.197723855474  0.099724759393  0.237638497383  0.104398866342  0.169642210441 -0.006192677457  0.125361681466 -0.061350382685  0.237638497383  0.053007299480
  0.437500000000  0.170284675535 -0.006108372460  0.147087999364 -0.072207793206  0.249956022872  0.047919919995 -0.129569158128  0.004617409526  0.198795796330 -0.100407956499  0.249956022872 -0.114014930582
  0.445312500000 -0.148972431888  0.005217398747  0.198144945838 -0.100234159359  0.262437465816 -0.123478087051 -0.169554884769  0.005974411263 -0.169481867201  0.083410693593  0.262437465816 -0.041921265799
  0.453125000000 -0.167251880319  0.005795701402 -0.192530662030  0.094952242416  0.275267665937 -0.035048150206  0.168816065493 -0.005815772312 -0.195849419682  0.099242345756  0.275267665937  0.132802856513
  0.460937500000  0.189078465303 -0.006404619210 -0.191658165669  0.097305147418  0.288228279324  0.141809281057  0.163485006433 -0.005567221683  0.215964974702 -0.106699416729  0.288228279324  0.027261420554
  0.468750000000  0.158020952458 -0.005296489074  0.239745026474 -0.118631148610  0.301476271294  0.018645882662 -0.209529955014  0.006983317785  0.185744782362 -0.094509106287  0.301476271294 -0.150524588196
  0.476562500000 -0.230117278068  0.007545037486  0.177816697784 -0.090706189855  0.314838946208 -0.158764473386 -0.151057360777  0.004977339845 -0.263615957952  0.130621972216  0.314838946208 -0.009140814742
  0.484375000000 -0.142322197565  0.004620001592 -0.287490016310  0.142626101520  0.328392227792  0.001110524587  0.250639049396 -0.008088226535 -0.168154955853  0.086036345290  0.328392227792  0.166562973919
  0.492187500000  0.270989261749 -0.008608077951 -0.156419851536  0.080328319951  0.342067986996  0.173745948681  0.132108902689 -0.004217000948  0.311163969907 -0.154544207377  0.342067986996 -0.012202308667
  0.500000000000  0.120104137379 -0.003781179876  0.334474088915 -0.166291749488  0.355798166673 -0.023923595134 -0.291030167223  0.009101359404  0.143004710739 -0.073777695220  0.355798166673 -0.180343438627
  0.507812500000 -0.310575614240  0.009566334738  0.127523190876 -0.066190547617  0.369684418872 -0.186210734567 -0.106696968623  0.003303776766 -0.357313285602  0.177817793231  0.369684418872  0.036413164040
  0.515625000000 -0.091537100849  0.002799884279 -0.379406670796  0.188981490232  0.383450153541  0.049385932549  0.329592880529 -0.009997203865 -0.110475021036  0.057814914639  0.383450153541  0.191357251421
  0.523437500000  0.347782418203 -0.010396414390 -0.091437736365  0.048439804761  0.397428334487  0.195692263688  0.075098102481 -0.002259744979  0.400794152861 -0.199805658799  0.397428334487 -0.063033752120
  0.531250000000  0.057007585028 -0.001700000698  0.421048426449 -0.210072650539  0.411079397611 -0.076995709962 -0.365262514920  0.010754620848  0.070996896123 -0.038355144224  0.411079397611 -0.199181566015
  0.539062500000 -0.381582667060  0.011079569501  0.048718774413 -0.027345677423  0.425012179867 -0.201818358818 -0.037797995316  0.001110542413 -0.440411264233  0.219906306232  0.425012179867  0.091520050472
  0.546875000000 -0.017104061343  0.000508456197 -0.458258169882  0.228990053950  0.438394420600  0.106175548148  0.397060111492 -0.011357377865 -0.025235338536  0.015723202278  0.438394420600  0.203495495953
  0.554687500000  0.411054474833 -0.011602114795 -0.000145254200  0.003290401125  0.452122830282  0.204324910839 -0.004526572683  0.000115650439  0.475087802186 -0.237575976020  0.452122830282 -0.121262120762
  0.562500000000 -0.027404749031  0.000745808674  0.490034520254 -0.245227018817  0.465083614113 -0.136293777245 -0.424127731663  0.011794464567 -0.025935362993  0.009650488337  0.465083614113 -0.204091717047
  0.570312500000 -0.435413990568  0.011955627072 -0.053308885086  0.023245220761  0.478424547237 -0.203064856858  0.051032585969 -0.001389148150 -0.503903346927  0.252347797741  0.478424547237  0.151606118683
  0.578125000000  0.075597837171 -0.002032866478 -0.515550759419  0.258363005176  0.490818110503  0.166687031172  0.445757804954 -0.012060196128  0.081463477114 -0.037245588114  0.490818110503  0.200883324138
  0.585937500000  0.454041866731 -0.012136939248  0.110509846324 -0.051699179242  0.503562872969  0.198012302706 -0.100741011369  0.002679780449  0.526124328214 -0.263847256036  0.503562872969 -0.181877177317
  0.593750000000 -0.126434626036  0.003322788501  0.534181745553 -0.268077325613  0.515254898941 -0.196683130770 -0.461415574876  0.012154117808 -0.140157062704  0.066470277628  0.515254898941 -0.193905895697
  0.601562500000 -0.466502483328  0.012147946181 -0.170203785315  0.081448018220  0.527169480712 -0.189261859265  0.152570805354 -0.003957856759 -0.541226125213  0.271803511710  0.527169480712  0.211402169519
  0.609375000000  0.178790865776 -0.004586555068 -0.545522150011  0.274158541003  0.538040136074  0.225623266364  0.470754068860 -0.012080730511  0.200724725508 -0.096681515177  0.538040136074  0.183314927534
  0.617187500000  0.472555486019 -0.011995245817  0.231059445379 -0.111828064801  0.548867950472  0.177023466082 -0.205375080078  0.005195044211  0.548906348673 -0.276056332511  0.548867950472 -0.239531432703
  0.625000000000 -0.231496100380  0.005796862812  0.549395692698 -0.276509365978  0.558812627956 -0.252882585927 -0.473621385606  0.011849062053 -0.261818012779  0.127206174498  0.558812627956 -0.169378977559
  0.632812500000 -0.472159539978  0.011689643493 -0.291711774941  0.142157211209  0.568280383129 -0.161613151315  0.257977822368 -0.006365134677 -0.549089256506  0.276558596647  0.568280383129  0.265658652033
  0.640625000000  0.283371151346 -0.006928808103 -0.545855435993  0.275147101842  0.577207494485  0.277888423307  0.470060440412 -0.011472112143  0.322073629933 -0.157362154046  0.577207494485  0.152469011179
  0.648437500000  0.465468517206 -0.011245549864  0.350804780101 -0.171756371930  0.585034703522  0.143440319016 -0.309209658085  0.007444683091  0.541921639063 -0.273374525377  0.585034703522 -0.289238236242
  0.656250000000 -0.333264175912  0.007960432951  0.535175543587 -0.270199788856  0.592860065594 -0.300135553565 -0.460301621659  0.010966200870 -0.380153812412  0.186478621545  0.592860065594 -0.133044547718
  0.664062500000 -0.452820612054  0.010680304093 -0.407032022166  0.199969816365  0.598772439715 -0.122992259996  0.357941315007 -0.008413505966 -0.527760849005  0.266673971405  0.598772439715  0.309799674730
  0.671875000000  0.380084019085 -0.008873126653 -0.517835207321  0.261898419645  0.605410095166  0.319198030754  0.444749078426 -0.010350250873  0.434783401099 -0.213914663147  0.605410095166  0.111637280892
  0.679687500000  0.434721110316 -0.010013453630  0.459173378678 -0.226183679707  0.609156705662  0.100816649939 -0.403113648519  0.009255035278  0.507155931272 -0.256723231531  0.609156705662 -0.326958525915
  0.687500000000 -0.422829776808  0.009651882976  0.494495685112 -0.250565677329  0.614506408459 -0.334737339303 -0.423961571851  0.009645032570 -0.484782435967  0.239075738038  0.614506408459 -0.088832881582
  0.695312500000 -0.411819716806  0.009266020467 -0.506126930003  0.249842075074  0.615880063197 -0.077502828510  0.443763342536 -0.009956528517 -0.480823023278  0.243872961006  0.615880063197  0.340423846345
  0.703125000000  0.460615709052 -0.010285418536 -0.465971573300  0.236601754104  0.619812116274  0.346506765940  0.398628976152 -0.008872400012  0.529093384421 -0.261427489082  0.619812116274  0.065251691553
  0.710937500000  0.384883474144 -0.008459781132  0.546935097021 -0.270460360686  0.618671902124  0.053662647940 -0.479043669583  0.010509140640  0.449616339679 -0.228543840926  0.618671902124 -0.350002020200
  0.718750000000 -0.492690873463  0.010766163153  0.433197557660 -0.220467868713  0.621010529027 -0.354352068250 -0.369545606725  0.008054542343 -0.566802442340  0.280506620016  0.621010529027 -0.041528986676
  0.726562500000 -0.354766383389  0.007616584343 -0.580804424754  0.287635250096  0.617304959737 -0.029911641929  0.508239975501 -0.010907867695 -0.414496128443  0.211210688033  0.617304959737  0.355597083107
  0.734375000000  0.518453081284 -0.011090137148 -0.397191952822  0.202668136145  0.617811882670  0.358208672845  0.337581582710 -0.007213272745  0.597154671780 -0.295928712304  0.617811882670  0.018295433116
  0.742187500000  0.322376869862 -0.006757726179  0.607118669738 -0.301051584920  0.611600608623  0.006851199473 -0.530779832831  0.011151375047  0.376494987109 -0.192385699139  0.611600608623 -0.357207747791
  0.750000000000 -0.537456997944  0.011256733744  0.359018356401 -0.183730453354  0.609960944156 -0.358095776208 -0.303653402214  0.006369373348 -0.619563055265  0.307393012627  0.609960944156  0.003841713623
  0.757812500000 -0.288644231532  0.005903398164 -0.625445095737  0.310485713408  0.601432579151  0.014947662397  0.546238070781 -0.011241725385 -0.336683863946  0.172601491982  0.601432579151  0.354921428846
  0.765625000000  0.549416413775 -0.011268426977 -0.319746720080  0.164187054742  0.597245497376  0.354107841020  0.268694824554 -0.005542011069  0.633611839312 -0.314684368544  0.597245497376 -0.024316201977
  0.773437500000  0.254485170704 -0.005072218953  0.635534105977 -0.315805530815  0.586728854877 -0.034958443597 -0.554337127827  0.011184023160  0.296138944246 -0.152394543579  0.586728854877 -0.348905628254
  0.781250000000 -0.554200891042  0.011130426676  0.280415085025 -0.144555365433  0.579505624184 -0.346404077504 -0.233629021383  0.004748235981 -0.639054797423  0.317672619031  0.579505624184  0.042618794520
  0.789062500000 -0.220771450996  0.004280855537 -0.637312536546  0.316967336987  0.567471589195  0.052710866530  0.554943375996 -0.010985992786 -0.255910445163  0.132289540048  0.567471589195  0.339397082592
  0.796875000000  0.551827149801 -0.010850302317 -0.241993153239  0.125319743949  0.556643594654  0.335196571140  0.199342784889 -0.004002570646  0.635809254753 -0.316309853135  0.556643594654 -0.058311406344
  0.804687500000  0.188299649414 -0.003543735246  0.630871103870 -0.314009752207  0.543695043560 -0.067799922636 -0.548060225242  0.010657508037  0.216994122398 -0.112785042948  0.543695043560 -0.326689089020
  0.812500000000 -0.542445687596  0.010437596775  0.205348779451 -0.106914663415  0.528634073242 -0.320737763548 -0.166663374957  0.003316696075 -0.623946874040  0.310626029240  0.528634073242  0.071039160527
  0.820312500000 -0.157763895493  0.002872845424 -0.616446641377  0.307045005183  0.515481747025  0.079892185357  0.533818925056 -0.010210089739 -0.180306039427  0.094340751833  0.515481747025  0.311117423786
  0.828125000000  0.526323239603 -0.009903449393 -0.171218378216  0.089709836122  0.495534241601  0.303308011347  0.136338357940 -0.002699237644  0.603682297660 -0.300723495743  0.495534241601 -0.080540212576
  0.835937500000  0.129732412463 -0.002277613666  0.594399881197 -0.296247969261  0.482957336183 -0.088729463355 -0.512468032710  0.009656388186  0.146660876398 -0.077366506698  0.482957336183 -0.293045249037
  0.843750000000 -0.503821781686  0.009260245326  0.140182154377 -0.073997743186  0.457493343213 -0.283203937337 -0.109018548029  0.002155652404 -0.575360767766  0.286770968025  0.457493343213  0.086653239844
  0.851562500000 -0.104628603490  0.001764858072 -0.565189642761  0.281843377905  0.446284888764  0.094130016021  0.484362508799 -0.009009665971 -0.116753774235  0.062213033957  0.446284888764  0.272847377387
  0.859375000000  0.475374865470 -0.008521304909 -0.112644985552  0.059983990979  0.414761078494  0.260728248492  0.085243919736 -0.001688217767  0.539445800908 -0.268997494382  0.414761078494 -0.089322514497
  0.867187500000  0.082717361080 -0.001338794136  0.529344389827 -0.264091702144  0.405660113820 -0.095987697258 -0.449953327869  0.008283296135  0.091145433819 -0.049164302343  0.405660113820 -0.250894236166
  0.875000000000 -0.441462159647  0.007700622960  0.088823713111 -0.047780879100  0.367694228854 -0.236181624753 -0.065432129258  0.001296120446 -0.496507872535  0.247686883572  0.367694228854  0.088600478724
  0.882812500000 -0.064097218174  0.001001082902 -0.487432219539  0.243274225520  0.361309805524  0.094269529097  0.409778353328 -0.007490289979 -0.070249935538  0.038431228580  0.361309805524  0.227535852156
  0.890625000000  0.402583162949 -0.006812663525 -0.068741529779  0.037404529115  0.316760870586  0.209857180368  0.049869077136 -0.000975643708  0.447214869543 -0.223172968433  0.316760870586 -0.084647719908
  0.898437500000  0.048698900776 -0.000750903831  0.440030460350 -0.219677910094  0.313498445573 -0.089012328897 -0.364455021910  0.006642868558  0.054324527502 -0.030146364861  0.313498445573 -0.203086170879
  0.906250000000 -0.359231158516  0.005872210740  0.052230079974 -0.028775885478  0.262541558745 -0.182037864218 -0.038700779305  0.000720450176 -0.392324797160  0.195835944594  0.262541558745  0.077730205010
  0.914062500000 -0.036290775628  0.000585035697 -0.387696186896  0.193580713852  0.262555025509  0.080319116984  0.314675116173 -0.005752091879 -0.043460468921  0.024359120202  0.262555025509  0.177808039636
  0.921875000000  0.311868601795 -0.004894271346 -0.038939801827  0.021725854112  0.205726921986  0.152996996328  0.031925704233 -0.000521956628  0.332680884604 -0.166099852919  0.205726921986 -0.068213583626
  0.929687500000  0.026491600983 -0.000497929751  0.330939113631 -0.165238097283  0.208957408277 -0.068356108591 -0.261201579524  0.004827560146  0.037573927401 -0.021031024862  0.208957408277 -0.151899227183
  0.937500000000 -0.260905276815  0.003894019160  0.028358922076 -0.016004782519  0.147111227592 -0.123001934139 -0.029386696817  0.000369796015 -0.269208830422  0.134431073329  0.147111227592  0.056554316706
  0.945312500000 -0.018790868964  0.000481761545 -0.270198505346  0.134871545068  0.153623029758  0.053351136439  0.204866956031 -0.003877202066 -0.036395934723  0.020030551150  0.153623029758  0.125479930224
  0.953125000000  0.206680716585 -0.002886766598 -0.019841348212  0.011296398813  0.087581789755  0.092320625084  0.030761662273 -0.000252360279  0.202915476155 -0.101337472632  0.087581789755 -0.043287344221
  0.960937500000  0.012576857218 -0.000526451237  0.205825936300 -0.102660024782  0.099227712280 -0.035594348548 -0.146572630276  0.002907165987  0.039460524838 -0.021127064827  0.099227712280 -0.098582330607
  0.968750000000 -0.149452555145  0.001887943518  0.012643465485 -0.007236205384  0.028107994956 -0.061230534033 -0.035552342156  0.000157415120 -0.134887714429  0.067367609266  0.028107994956  0.029009983602
  0.976562500000 -0.007172266959  0.000619646932 -0.138075928581  0.068735402312  0.058782819470  0.015441968498  0.087287619302 -0.001921830433 -0.046090429305  0.023983608419  0.058782819470  0.071142916814
  0.984375000000  0.089392647622 -0.000913059373 -0.005969518068  0.003434155444  0.000000000000  0.030029140515  0.043070795621 -0.000072774548  0.066289949665 -0.033109156110  0.000000000000 -0.014361767366
  0.992187500000  0.001876995461 -0.000746671780  0.067106684217 -0.033182922905  0.002259557505  0.006676219976 -0.028045253938  0.000923951073  0.055380106037 -0.028148419371  0.002259557505 -0.042998464769
  1.000000000000 -0.026592939382 -0.000022378635 -0.000975186811  0.000498782723  0.004420187270  0.000955110114 -0.052423615288 -0.000012981337  0.001642031521 -0.000814525092  0.004420187270 -0.000000000000
