             Rad         v_r[Re]         v_t[Re]         v_x[Re]         p[Re]          p_mg[Re]  p_no_phase[Re]         v_r[Im]         v_t[Im]         v_x[Im]         p[Im]          p_mg[Im]  p_no_phase[Im]
  0.250000000000  0.000000000000  0.000550257785  0.002138800718  0.000105728252  0.000757638914  0.000132826356  0.000000000000 -0.000418445118 -0.001626457167 -0.000080401354  0.000757638914  0.000000000000
  0.252717391304 -0.000153610156  0.000371609081  0.002384361739  0.000118801357  0.001009965550  0.000149250093 -0.000201998256 -0.000282591196 -0.001813194753 -0.000090342834  0.001009965550  0.000000000000
  0.255434782609 -0.000308962824  0.000136868239  0.002399871664  0.000120500792  0.001238665068  0.000151385093 -0.000406287926 -0.000104081846 -0.001824989321 -0.000091635175  0.001238665068  0.000000000000
  0.258152173913 -0.000458607734 -0.000069892021  0.002471249806  0.000125014013  0.001482611933  0.000157055049 -0.000603071862  0.000053149589 -0.001879269034 -0.000095067266  0.001482611933  0.000000000000
  0.260869565217 -0.000611344011 -0.000299719137  0.002448179700  0.000124770955  0.001690773955  0.000156749695 -0.000803920962  0.000227922281 -0.001861725305 -0.000094882432  0.001690773955  0.000000000000
  0.263586956522 -0.000749778516 -0.000486465550  0.002494934951  0.000128064672  0.001924761365  0.000160887592 -0.000985963148  0.000369934129 -0.001897280471 -0.000097387149  0.001924761365  0.000000000000
  0.266304347826 -0.000897442419 -0.000703050103  0.002456344092  0.000127006386  0.002111465598  0.000159558067 -0.001180142046  0.000534636476 -0.001867933941 -0.000096582372  0.002111465598  0.000000000000
  0.269021739130 -0.001023445336 -0.000867916908  0.002485286927  0.000129404791  0.002334636545  0.000162571182 -0.001345836622  0.000660009913 -0.001889943604 -0.000098406246  0.002334636545  0.000000000000
  0.271739130435 -0.001165080663 -0.001070064574  0.002435570520  0.000127759507  0.002499511273  0.000160504212 -0.001532087908  0.000813733688 -0.001852136618 -0.000097155085  0.002499511273  0.000000000000
  0.274456521739 -0.001278094929 -0.001212963821  0.002450400988  0.000129461626  0.002711372118  0.000162642583 -0.001680702331  0.000922401832 -0.001863414490 -0.000098449466  0.002711372118  0.000000000000
  0.277173913043 -0.001413182925 -0.001400514280  0.002392475735  0.000127420709  0.002854192052  0.000160078581 -0.001858343837  0.001065025119 -0.001819365065 -0.000096897446  0.002854192052  0.000000000000
  0.279891304348 -0.001512983534 -0.001522127978  0.002395581612  0.000128601926  0.003054175833  0.000161562543 -0.001989582225  0.001157506606 -0.001821726938 -0.000097795705  0.003054175833  0.000000000000
  0.282608695652 -0.001641225393 -0.001695661855  0.002330639305  0.000126326468  0.003174307163  0.000158703886 -0.002158221021  0.001289470942 -0.001772341374 -0.000096065326  0.003174307163  0.000000000000
  0.285326086957 -0.001727675976 -0.001797235053  0.002322508913  0.000127131503  0.003361152358  0.000159715251 -0.002271904045  0.001366712574 -0.001766158594 -0.000096677518  0.003361152358  0.000000000000
  0.288043478261 -0.001848728508 -0.001957936243  0.002249171469  0.000124743526  0.003456762258  0.000156715237 -0.002431088835  0.001488918256 -0.001710388923 -0.000094861574  0.003456762258  0.000000000000
  0.290760869565 -0.001921445413 -0.002041121891  0.002227440433  0.000125274188  0.003627666345  0.000157381908 -0.002526711991  0.001552177022 -0.001693863494 -0.000095265117  0.003627666345  0.000000000000
  0.293478260870 -0.002034545005 -0.002190709393  0.002140517447  0.000122842627  0.003694717553  0.000154327138 -0.002675438618  0.001665931269 -0.001627762659 -0.000093416029  0.003694717553  0.000000000000
  0.296195652174 -0.002092418800 -0.002257450266  0.002098803230  0.000123138091  0.003844452019  0.000154698329 -0.002751542999  0.001716684558 -0.001596040963 -0.000093640716  0.003844452019  0.000000000000
  0.298913043478 -0.002195869052 -0.002398198882  0.001988069736  0.000120655855  0.003875923586  0.000151579898 -0.002887580686  0.001823717248 -0.001511833358 -0.000091753093  0.003875923586  0.000000000000
  0.301630434783 -0.002236455935 -0.002450644057  0.001915612208  0.000120661460  0.003996778750  0.000151586939 -0.002940952677  0.001863599333 -0.001456732822 -0.000091757355  0.003996778750  0.000000000000
  0.304347826087 -0.002327091967 -0.002585522957  0.001766557108  0.000118011419  0.003983525450  0.000148257693 -0.003060139589  0.001966168381 -0.001343383442 -0.000089742123  0.003983525450  0.000000000000
  0.307065217391 -0.002346142076 -0.002625971988  0.001651894922  0.000117536522  0.004068007601  0.000147661081 -0.003085190595  0.001996927963 -0.001256188252 -0.000089380987  0.004068007601  0.000000000000
  0.309782608696 -0.002419297126 -0.002758911623  0.001453260250  0.000114454072  0.004003409407  0.000143788600 -0.003181389915  0.002098022291 -0.001105135944 -0.000087036929  0.004003409407  0.000000000000
  0.312500000000 -0.002411274748 -0.002789744292  0.001297342473  0.000113136257  0.004050951901  0.000142133029 -0.003170840440  0.002121469083 -0.000986567821 -0.000086034792  0.004050951901  0.000000000000
  0.315217391304 -0.002462412786 -0.002925894929  0.001059927414  0.000109201161  0.003938511122  0.000137189370 -0.003238087261  0.002225005228 -0.000806024855 -0.000083042337  0.003938511122  0.000000000000
  0.317934782609 -0.002423310740 -0.002949278341  0.000896423209  0.000106525184  0.003961222747  0.000133827542 -0.003186667842  0.002242787211 -0.000681687612 -0.000081007383  0.003961222747  0.000000000000
  0.320652173913 -0.002452088771 -0.003094601738  0.000669726466  0.000101242887  0.003816254207  0.000127191395 -0.003224511120  0.002353298807 -0.000509295421 -0.000076990445  0.003816254207  0.000000000000
  0.323369565217 -0.002384027046 -0.003111305708  0.000561753951  0.000096672379  0.003832797800  0.000121449467 -0.003135009553  0.002366001389 -0.000427187411 -0.000073514789  0.003832797800  0.000000000000
  0.326086956522 -0.002397774659 -0.003269916685  0.000406900829  0.000089670797  0.003670708770  0.000112653383 -0.003153087745  0.002486617563 -0.000309428908 -0.000068190416  0.003670708770  0.000000000000
  0.328804347826 -0.002310023499 -0.003276263611  0.000387163040  0.000082866178  0.003690042464  0.000104104743 -0.003037694455  0.002491444101 -0.000294419249 -0.000063015824  0.003690042464  0.000000000000
  0.331521739130 -0.002320037531 -0.003444481593  0.000308215789  0.000074102200  0.003513005936  0.000093094561 -0.003050862965  0.002619365951 -0.000234383585 -0.000056351232  0.003513005936  0.000000000000
  0.334239130435 -0.002221923137 -0.003428550176  0.000325351560  0.000065076142  0.003527069609  0.000081755128 -0.002921841961  0.002607250858 -0.000247414531 -0.000049487339  0.003527069609  0.000000000000
  0.336956521739 -0.002233626049 -0.003589840205  0.000257838771  0.000054891712  0.003324986107  0.000068960434 -0.002937231360  0.002729904326 -0.000196074236 -0.000041742561  0.003324986107  0.000000000000
  0.339673913043 -0.002126463759 -0.003532334078  0.000221776085  0.000044004845  0.003316948513  0.000055283267 -0.002796312320  0.002686173625 -0.000168650262 -0.000033463611  0.003316948513  0.000000000000
  0.342391304348 -0.002134976665 -0.003661182534  0.000103528064  0.000033022849  0.003078014494  0.000041486590 -0.002807506841  0.002784156805 -0.000078728214 -0.000025112320  0.003078014494  0.000000000000
  0.345108695652 -0.002012653148 -0.003543658745 -0.000033745278  0.000020872807  0.003033602933  0.000026222498 -0.002646650698  0.002694785502  0.000025661694 -0.000015872786  0.003033602933  0.000000000000
  0.347826086957 -0.002007787898 -0.003617143698 -0.000213850184  0.000009835381  0.002752086158  0.000012356185 -0.002640252866  0.002750667346  0.000162622989 -0.000007479344  0.002752086158  0.000000000000
  0.350543478261 -0.001863158329 -0.003430577164 -0.000441766224 -0.000002883823  0.002664777359 -0.000003622945 -0.002450064135  0.002608792287  0.000335942398  0.000002193011  0.002664777359 -0.000000000000
  0.353260869565 -0.001836275490 -0.003436830128 -0.000656469420 -0.000013260281  0.002342592845 -0.000016658885 -0.002414713043  0.002613547372  0.000499214061  0.000010083819  0.002342592845 -0.000000000000
  0.355978260870 -0.001665870079 -0.003183650364 -0.000936499520 -0.000025882064  0.002213299797 -0.000032515625 -0.002190628928  0.002421016091  0.000712163758  0.000019682090  0.002213299797 -0.000000000000
  0.358695652174 -0.001613021038 -0.003122461798 -0.001149606975 -0.000035001908  0.001858165583 -0.000043972882 -0.002121132128  0.002374485069  0.000874221936  0.000026617302  0.001858165583 -0.000000000000
  0.361413043478 -0.001417998967 -0.002813433484 -0.001442902737 -0.000046966108  0.001692852328 -0.000059003501 -0.001864676961  0.002139483598  0.001097259543  0.000035715512  0.001692852328 -0.000000000000
  0.364130434783 -0.001339736366 -0.002692583520 -0.001625694711 -0.000054394904  0.001315767157 -0.000068336294 -0.001761761181  0.002047582895  0.001236264226  0.000041364762  0.001315767157 -0.000000000000
  0.366847826087 -0.001124769454 -0.002342697063 -0.001903902945 -0.000065279943  0.001123064293 -0.000082011164 -0.001479078432  0.001781510730  0.001447828479  0.000049642321  0.001123064293 -0.000000000000
  0.369565217391 -0.001024703400 -0.002174020472 -0.002038779173 -0.000070746084  0.000736262439 -0.000088878275 -0.001347490983  0.001653240131  0.001550395495  0.000053799064  0.000736262439 -0.000000000000
  0.372282608696 -0.000796449316 -0.001799446776 -0.002284681465 -0.000080269547  0.000525717602 -0.000100842597 -0.001047335523  0.001368394485  0.001737392602  0.000061041208  0.000525717602 -0.000000000000
  0.375000000000 -0.000679804009 -0.001596072175 -0.002363389557 -0.000083646094  0.000141293862 -0.000105084551 -0.000893946260  0.001213737684  0.001797246397  0.000063608913  0.000141293862 -0.000000000000
  0.377717391304 -0.000445668303 -0.001212360112 -0.002568300198 -0.000091649656  0.000077749733 -0.000115139423 -0.000586056433  0.000921942740  0.001953071284  0.000069695245  0.000077749733 -0.000000000000
  0.380434782609 -0.000318223040 -0.000987082310 -0.002589143764 -0.000092929212  0.000448674194 -0.000116746928 -0.000418465164  0.000750629586  0.001968921834  0.000070668287  0.000448674194 -0.000000000000
  0.383152173913 -0.000085526834 -0.000608212250 -0.002750165543 -0.000099357915  0.000667737519 -0.000124823305 -0.000112468289  0.000462516758  0.002091371310  0.000075557013  0.000667737519 -0.000000000000
  0.385869565217  0.000047062827 -0.000372619964 -0.002715680094 -0.000098626863  0.001015476536 -0.000123904885  0.000061887893  0.000283359925  0.002065146751  0.000075001082  0.001015476536 -0.000000000000
  0.388586956522  0.000271587760 -0.000010559489 -0.002833626871 -0.000103507648  0.001227297375 -0.000130036612  0.000357139498  0.000008029994  0.002154839717  0.000078712689  0.001227297375 -0.000000000000
  0.391304347826  0.000404189364  0.000225388189 -0.002748933620 -0.000100922309  0.001543817457 -0.000126788652  0.000531511385 -0.000171397098  0.002090434490  0.000076746661  0.001543817457 -0.000000000000
  0.394021739130  0.000614679876  0.000560843684 -0.002826907215 -0.000104343880  0.001742504827 -0.000131087170  0.000808307643 -0.000426495195  0.002149729735  0.000079348604  0.001742504827 -0.000000000000
  0.396739130435  0.000742897518  0.000788979046 -0.002698598531 -0.000100109398  0.002021485120 -0.000125767393  0.000976914594 -0.000599981389  0.002052157027  0.000076128480  0.002021485120 -0.000000000000
  0.399456521739  0.000934490841  0.001090199277 -0.002741034414 -0.000102204238  0.002202546079 -0.000128399139  0.001228860939 -0.000829045181  0.002084427516  0.000077721507  0.002202546079 -0.000000000000
  0.402173913043  0.001054758641  0.001304151258 -0.002576417516 -0.000096556404  0.002439335939 -0.000121303768  0.001387013801 -0.000991745581  0.001959244122  0.000073426596  0.002439335939 -0.000000000000
  0.404891304348  0.001223628689  0.001565562171 -0.002588437128 -0.000097485198  0.002599620097 -0.000122470612  0.001609078905 -0.001190536263  0.001968384471  0.000074132900  0.002599620097 -0.000000000000
  0.407608695652  0.001333227014  0.001760665305 -0.002395011647 -0.000090675166  0.002791130514 -0.000113915171  0.001753201346 -0.001338903003  0.001821293506  0.000068954191  0.002791130514 -0.000000000000
  0.410326086957  0.001476558698  0.001978576650 -0.002381973993 -0.000090613708  0.002928722208 -0.000113837962  0.001941683351 -0.001504614314  0.001811378985  0.000068907456  0.002928722208 -0.000000000000
  0.413043478261  0.001573580581  0.002151720758 -0.002167066417 -0.000082895485  0.003073275836 -0.000104141562  0.002069267697 -0.001636282249  0.001647951900  0.000063038111  0.003073275836 -0.000000000000
  0.415760869565  0.001689504087  0.002324115559 -0.002134254208 -0.000082023992  0.003187354711 -0.000103046706  0.002221707786 -0.001767380372  0.001622999761  0.000062375381  0.003187354711 -0.000000000000
  0.418478260870  0.001772789955  0.002473561034 -0.001904763465 -0.000073644535  0.003284512231 -0.000092519597  0.002331229193 -0.001881026614  0.001448482864  0.000056003199  0.003284512231 -0.000000000000
  0.421195652174  0.001860289964  0.002599865439 -0.001857165390 -0.000072139240  0.003375197127 -0.000090628496  0.002446292218 -0.001977075163  0.001412286771  0.000054858493  0.003375197127 -0.000000000000
  0.423913043478  0.001929343247  0.002725041963 -0.001619391597 -0.000063330930  0.003425573008 -0.000079562620  0.002537097690 -0.002072266011  0.001231471005  0.000048160188  0.003425573008 -0.000000000000
  0.426630434783  0.001988153835  0.002805889546 -0.001561556853 -0.000061357764  0.003493760154 -0.000077083731  0.002614433958 -0.002133746788  0.001187490408  0.000046659688  0.003493760154 -0.000000000000
  0.429347826087  0.002043046468  0.002907191410 -0.001321094674 -0.000052333016  0.003498837541 -0.000065745944  0.002686618093 -0.002210782083  0.001004630251  0.000039796792  0.003498837541 -0.000000000000
  0.432065217391  0.002073539581  0.002944192540 -0.001257043536 -0.000050043137  0.003546041130 -0.000062869171  0.002726716715 -0.002238919699  0.000955922379  0.000038055448  0.003546041130 -0.000000000000
  0.434782608696  0.002114814061  0.003022780217 -0.001018726469 -0.000040990866  0.003507993004 -0.000051496807  0.002780992898 -0.002298681924  0.000774693478  0.000031171622  0.003507993004 -0.000000000000
  0.437500000000  0.002117887463  0.003018304322 -0.000951904728 -0.000038517801  0.003536193978 -0.000048389896  0.002785034440 -0.002295278217  0.000723878693  0.000029290973  0.003536193978 -0.000000000000
  0.440217391304  0.002146460350  0.003075919095 -0.000719789309 -0.000029601458  0.003457715653 -0.000037188299  0.002822607954 -0.002339091537  0.000547365853  0.000022510514  0.003457715653 -0.000000000000
  0.442934782609  0.002123429373  0.003032895137 -0.000653056697 -0.000027059573  0.003469222645 -0.000033994930  0.002792322084 -0.002306373844  0.000496618846  0.000020577531  0.003469222645 -0.000000000000
  0.445652173913  0.002140499753  0.003071691282 -0.000430437247 -0.000018416476  0.003353378930 -0.000023136611  0.002814769734 -0.002335876484  0.000327327245  0.000014004863  0.003353378930 -0.000000000000
  0.448369565217  0.002092995901  0.002993429754 -0.000366081477 -0.000015900543  0.003350703835 -0.000019975846  0.002752301890 -0.002276362280  0.000278387714  0.000012091614  0.003350703835 -0.000000000000
  0.451086956522  0.002099961219  0.003015826832 -0.000155527279 -0.000007642229  0.003200792755 -0.000009600929  0.002761461324 -0.002293394203  0.000118271167  0.000005811555  0.003200792755 -0.000000000000
  0.453804347826  0.002029839657  0.002905864857 -0.000095296508 -0.000005227832  0.003186542126 -0.000006567723  0.002669251058 -0.002209773302  0.000072468504  0.000003975520  0.003186542126 -0.000000000000
  0.456521739130  0.002028220391  0.002914421211  0.000101295673  0.000002558811  0.003005975929  0.000003214633  0.002667121713 -0.002216280006 -0.000077030586 -0.000001945855  0.003005975929  0.000000000000
  0.459239130435  0.001937477453  0.002776390971  0.000156148097  0.000004814236  0.002982758425  0.000006048123  0.002547794219 -0.002111314512 -0.000118743270 -0.000003661000  0.002982758425  0.000000000000
  0.461956521739  0.001928851380  0.002773698334  0.000337492257  0.000012065273  0.002774961595  0.000015157598  0.002536450881 -0.002109266888 -0.000256646959 -0.000009175072  0.002774961595  0.000000000000
  0.464673913043  0.001819552540  0.002611218018  0.000386155928  0.000014120966  0.002745310938  0.000017740163  0.002392722265 -0.001985708264 -0.000293653388 -0.000010738329  0.002745310938  0.000000000000
  0.467391304348  0.001805498712  0.002599816298  0.000551511121  0.000020793354  0.002513634217  0.000026122681  0.002374241399 -0.001977037793 -0.000419398220 -0.000015812366  0.002513634217  0.000000000000
  0.470108695652  0.001679716850  0.002416401910  0.000593563728  0.000022623480  0.002479946584  0.000028421868  0.002208837513 -0.001837559794 -0.000451377247 -0.000017204091  0.002479946584  0.000000000000
  0.472826086957  0.001661768959  0.002398712636  0.000742668911  0.000028692785  0.002227595378  0.000036046733  0.002185235930 -0.001824107934 -0.000564764713 -0.000021819511  0.002227595378  0.000000000000
  0.475543478261  0.001521532318  0.002197708340  0.000778021405  0.000030284559  0.002192079996  0.000038046478  0.002000823925 -0.001671253638 -0.000591648619 -0.000023029980  0.002192079996  0.000000000000
  0.478260869565  0.001501140798  0.002175984876  0.000911034589  0.000035742592  0.001922055265  0.000044903403  0.001974008957 -0.001654733967 -0.000692798877 -0.000027180557  0.001922055265  0.000000000000
  0.480978260870  0.001348389649  0.001960508916  0.000939877699  0.000037094375  0.001886697305  0.000046601648  0.001773140300 -0.001490874653 -0.000714732704 -0.000028208525  0.001886697305  0.000000000000
  0.483695652174  0.001326891771  0.001936801376  0.001057322118  0.000041946835  0.001601747212  0.000052697791  0.001744870464 -0.001472846186 -0.000804043651 -0.000031898592  0.001601747212  0.000000000000
  0.486413043478  0.001163442629  0.001709703813  0.001080072701  0.000043066292  0.001568283581  0.000054104164  0.001529933884 -0.001300149190 -0.000821344397 -0.000032749886  0.001568283581  0.000000000000
  0.489130434783  0.001142040041  0.001685836593  0.001182790863  0.000047330461  0.001270865407  0.000059461237  0.001501789354 -0.001281999294 -0.000899456719 -0.000035992585  0.001270865407  0.000000000000
  0.491847826087  0.000969556402  0.001449663916  0.001200030958  0.000048232831  0.001240777727  0.000060594884  0.001274972358 -0.001102401101 -0.000912566999 -0.000036678795  0.001240777727  0.000000000000
  0.494565217391  0.000949300474  0.001427223936  0.001289143257  0.000051935321  0.000933033071  0.000065246321  0.001248335693 -0.001085336554 -0.000980332704 -0.000039494365  0.000933033071  0.000000000000
  0.497282608696  0.000769269759  0.001184183567  0.001301533349  0.000052641793  0.000907570352  0.000066133862  0.001011594247 -0.000900515805 -0.000989754785 -0.000040031603  0.000907570352  0.000000000000
  0.500000000000  0.000751057333  0.001164517742  0.001378388644  0.000055816234  0.000591324816  0.000070121910  0.000987644799 -0.000885560872 -0.001048199615 -0.000042445616  0.000591324816  0.000000000000
  0.502717391304  0.000564775878  0.000916431817  0.001386513843  0.000056352328  0.000571585093  0.000070795405  0.000742683593 -0.000696903216 -0.001054378446 -0.000042853290  0.000571585093  0.000000000000
  0.505434782609  0.000549362995  0.000900653150  0.001452599675  0.000059036665  0.000248400325  0.000074167736  0.000722415561 -0.000684904282 -0.001104633608 -0.000044894602  0.000248400325  0.000000000000
  0.508152173913  0.000357935857  0.000648884465  0.001456664646  0.000059430331  0.000235530955  0.000074662298  0.000470687752 -0.000493446061 -0.001107724827 -0.000045193966  0.000235530955  0.000000000000
  0.510869565217  0.000345987171  0.000637887701  0.001513407514  0.000061663065  0.000093134741  0.000077467282  0.000454975160 -0.000485083540 -0.001150875104 -0.000046891855  0.000093134741  0.000000000000
  0.513586956522  0.000150359635  0.000383209257  0.001512625937  0.000061941822  0.000097514621  0.000077817484  0.000197723802 -0.000291412583 -0.001150280751 -0.000047103837  0.000097514621  0.000000000000
  0.516304347826  0.000142569654  0.000377699768  0.001560958157  0.000063755769  0.000429951640  0.000080096345  0.000187479931 -0.000287222876 -0.001187035128 -0.000048483259  0.000429951640  0.000000000000
  0.519021739130 -0.000056375553  0.000120059738  0.001552409078  0.000063941548  0.000422980792  0.000080329739 -0.000074134183 -0.000091299774 -0.001180533956 -0.000048624535  0.000422980792  0.000000000000
  0.521739130435 -0.000059026746  0.000120603428  0.001591963386  0.000065352509  0.000756632342  0.000082102329 -0.000077620517 -0.000091713225 -0.001210613143 -0.000049697504  0.000756632342  0.000000000000
  0.524456521739 -0.000260254778 -0.000141293676  0.001568772239  0.000065451814  0.000733109958  0.000082227086 -0.000342236560  0.000107447183 -0.001192977369 -0.000049773021  0.000733109958  0.000000000000
  0.527173913043 -0.000256035242 -0.000134186569  0.001596838673  0.000066437979  0.001063996453  0.000083466003 -0.000336687846  0.000102042563 -0.001214320569 -0.000050522952  0.001063996453  0.000000000000
  0.529891304348 -0.000457998444 -0.000403601296  0.001546341124  0.000066424323  0.001015615441  0.000083448848 -0.000602270642  0.000306919768 -0.001175919563 -0.000050512568  0.001015615441  0.000000000000
  0.532608695652 -0.000443760069 -0.000389341540  0.001557910929  0.000066891767  0.001338831013  0.000084036098 -0.000583547094  0.000296075896 -0.001184717854 -0.000050868037  0.001338831013  0.000000000000
  0.535326086957 -0.000644049552 -0.000672650890  0.001462968969  0.000066679717  0.001255539407  0.000083769699 -0.000846928939  0.000511519307 -0.001112518967 -0.000050706783  0.001255539407  0.000000000000
  0.538043478261 -0.000614763957 -0.000650360867  0.001455472793  0.000066414749  0.001568244533  0.000083436820 -0.000808418210  0.000494568795 -0.001106818478 -0.000050505287  0.001568244533  0.000000000000
  0.540760869565 -0.000810410139 -0.000958564771  0.001305237986  0.000065836264  0.001443101537  0.000082710069 -0.001065694088  0.000728943342 -0.000992571987 -0.000050065377  0.001443101537  0.000000000000
  0.543478260870 -0.000759992751 -0.000926704464  0.001289854814  0.000064463291  0.001748154273  0.000080985205 -0.000999394927  0.000704715079 -0.000980873809 -0.000049021296  0.001748154273  0.000000000000
  0.546195652174 -0.000949276837 -0.001276242716  0.001099511504  0.000063277919  0.001581786899  0.000079496022 -0.001248304610  0.000970522450 -0.000836126690 -0.000048119876  0.001581786899  0.000000000000
  0.548913043478 -0.000873526312 -0.001231634334  0.001102927761  0.000060264478  0.001884219600  0.000075710237 -0.001148692226  0.000936599877 -0.000838724593 -0.000045828296  0.001884219600  0.000000000000
  0.551630434783 -0.001058178316 -0.001640914766  0.000916079115  0.000058237483  0.001681306625  0.000073163724 -0.001391510694  0.001247838361 -0.000696635002 -0.000044286862  0.001681306625  0.000000000000
  0.554347826087 -0.000957474191 -0.001575957106  0.000942061238  0.000052979808  0.001975313765  0.000066558510 -0.001259084178  0.001198441121 -0.000716393182 -0.000040288648  0.001975313765  0.000000000000
  0.557065217391 -0.001140540257 -0.002051706834  0.000791922590  0.000050011506  0.001735810766  0.000062829433 -0.001499817130  0.001560226373 -0.000602219815 -0.000038031394  0.001735810766  0.000000000000
  0.559782608696 -0.001017714650 -0.001949205449  0.000771317533  0.000041994963  0.001996444606  0.000052758253 -0.001338300736  0.001482278899 -0.000586550640 -0.000031935190  0.001996444606  0.000000000000
  0.562500000000 -0.001195680626 -0.002464463760  0.000648237037  0.000038241008  0.001713996293  0.000048042161 -0.001572327038  0.001874108566 -0.000492953722 -0.000029080484  0.001713996293  0.000000000000
  0.565217391304 -0.001050706647 -0.002295349463  0.000466318781  0.000027259495  0.001905333539  0.000034246091 -0.001381685405  0.001745505112 -0.000354613460 -0.000020729561  0.001905333539  0.000000000000
  0.567934782609 -0.001208471372 -0.002780967147  0.000345052044  0.000023205038  0.001575516947  0.000029152480 -0.001589146944  0.002114794478 -0.000262395821 -0.000017646338  0.001575516947  0.000000000000
  0.570652173913 -0.001037502090 -0.002514242406 -0.000067270345  0.000009572283  0.001667257660  0.000012025655 -0.001364321336  0.001911962880  0.000051155928 -0.000007279270  0.001667257660  0.000000000000
  0.573369565217 -0.001153320772 -0.002882975707 -0.000181968627  0.000006016007  0.001296643681  0.000007557907 -0.001516623582  0.002192367182  0.000138378566 -0.000004574890  0.001296643681  0.000000000000
  0.576086956522 -0.000953678915 -0.002504536404 -0.000800960978 -0.000009390721  0.001275505295 -0.000011797559 -0.001254093369  0.001904581924  0.000609093083  0.000007141201  0.001275505295 -0.000000000000
  0.578804347826 -0.001009210647 -0.002689039268 -0.000866504125 -0.000011484640  0.000884617471 -0.000014428148 -0.001327117921  0.002044887658  0.000658935558  0.000008733527  0.000884617471 -0.000000000000
  0.581521739130 -0.000784873651 -0.002213386637 -0.001602452291 -0.000027411753  0.000756341296 -0.000034437374 -0.001032113456  0.001683176245  0.001218589461  0.000020845347  0.000756341296 -0.000000000000
  0.584239130435 -0.000772078338 -0.002187191890 -0.001562495606 -0.000027141883  0.000376625778 -0.000034098335 -0.001015287545  0.001663256374  0.001188204285  0.000020640123  0.000376625778 -0.000000000000
  0.586956521739 -0.000535469346 -0.001655231480 -0.002309432116 -0.000042255898  0.000161781587 -0.000053086066 -0.000704145332  0.001258725548  0.001756214305  0.000032133619  0.000161781587 -0.000000000000
  0.589673913043 -0.000457822271 -0.001431340619 -0.002119539217 -0.000038988215  0.000170280548 -0.000048980877 -0.000602038972  0.001088467097  0.001611809703  0.000029648700  0.000170280548 -0.000000000000
  0.592391304348 -0.000227976008 -0.000900089040 -0.002788700186 -0.000052134522  0.000442645666 -0.000065496577 -0.000299789788  0.000684475304  0.002120675091  0.000039645848  0.000442645666 -0.000000000000
  0.595108695652 -0.000097928295 -0.000518707935 -0.002429507066 -0.000045623376  0.000691687894 -0.000057316627 -0.000128776283  0.000394452943  0.001847525647  0.000034694427  0.000691687894 -0.000000000000
  0.597826086957  0.000103072816 -0.000049805478 -0.002962076761 -0.000055984792  0.000990157147 -0.000070333669  0.000135541357  0.000037874719  0.002252519806  0.000042573796  0.000990157147 -0.000000000000
  0.600543478261  0.000267938621  0.000435180396 -0.002441368584 -0.000046405614  0.001127015981 -0.000058299353  0.000352340859 -0.000330934186  0.001856545773  0.000035289283  0.001127015981 -0.000000000000
  0.603260869565  0.000418686807  0.000785033550 -0.002808952114 -0.000053563245  0.001422677805 -0.000067291481  0.000550575608 -0.000596981024  0.002136075727  0.000040732324  0.001422677805 -0.000000000000
  0.605978260870  0.000599353752  0.001317129336 -0.002157719560 -0.000041476556  0.001427941725 -0.000052106979  0.000788153700 -0.001001614798  0.001640844056  0.000031540966  0.001427941725 -0.000000000000
  0.608695652174  0.000682196012  0.001503126632 -0.002357613122 -0.000045397130  0.001697758935 -0.000057032394  0.000897091759 -0.001143056978  0.001792853690  0.000034522378  0.001697758935 -0.000000000000
  0.611413043478  0.000861163587  0.002031208386 -0.001623625497 -0.000031666373  0.001563704617 -0.000039782450  0.001132435170 -0.001544638268  0.001234690686  0.000024080784  0.001563704617 -0.000000000000
  0.614130434783  0.000864349899  0.002024851208 -0.001672407282 -0.000032640888  0.001792402098 -0.000041006733  0.001136625189 -0.001539803934  0.001271786935  0.000024821857  0.001792402098 -0.000000000000
  0.616847826087  0.001027673426  0.002508310893 -0.000913093474 -0.000018323702  0.001523428612 -0.000023020058  0.001351396585 -0.001907452244  0.000694364563  0.000013934312  0.001523428612 -0.000000000000
  0.619565217391  0.000946528773  0.002299484454 -0.000839981536 -0.000016878134  0.001704051316 -0.000021203992  0.001244690890 -0.001748649577  0.000638766379  0.000012835025  0.001704051316 -0.000000000000
  0.622282608696  0.001084962045  0.002710919134 -0.000115505264 -0.000003107487  0.001315821432 -0.000003903934  0.001426731455 -0.002061526265  0.000087836311  0.000002363097  0.001315821432 -0.000000000000
  0.625000000000  0.000922149234  0.002307872657  0.000043887077  0.000000097632  0.001449184654  0.000000122656  0.001212631653 -0.001755028410 -0.000033374054 -0.000000074245  0.001449184654  0.000000000000
  0.627717391304  0.001031482278  0.002633696324  0.000676826489  0.000012228727  0.000966746246  0.000015362944  0.001356405248 -0.002002801957 -0.000514694653 -0.000009299370  0.000966746246  0.000000000000
  0.630434782609  0.000796482169  0.002061244090  0.000885963514  0.000016496387  0.001060045880  0.000020724404  0.001047378726 -0.001567479006 -0.000673733506 -0.000012544725  0.001060045880  0.000000000000
  0.633152173913  0.000877208494  0.002300623128  0.001379226159  0.000026035628  0.000515245491  0.000032708548  0.001153534316 -0.001749515485 -0.001048836506 -0.000019798868  0.000515245491  0.000000000000
  0.635869565217  0.000585182859  0.001596968617  0.001605075870  0.000030717812  0.000580120412  0.000038590774  0.000769518892 -0.001214419385 -0.001220584570 -0.000023359449  0.000580120412  0.000000000000
  0.638586956522  0.000641658223  0.001759519741  0.001922810914  0.000036931928  0.000008634247  0.000046397565  0.000843784328 -0.001338031856 -0.001462207099 -0.000028084991  0.000008634247  0.000000000000
  0.641304347826  0.000311884148  0.000972167011  0.002139039768  0.000041495481  0.000058973647  0.000052130755  0.000410129485 -0.000739287204 -0.001626638954 -0.000031555358  0.000058973647  0.000000000000
  0.644021739130  0.000351153700  0.001074879130  0.002259917303  0.000043921440  0.000502732233  0.000055178486  0.000461769175 -0.000817394931 -0.001718560624 -0.000033400186  0.000502732233  0.000000000000
  0.646739130435  0.000005226411  0.000256114417  0.002448778751  0.000047990586  0.000452966655  0.000060290552  0.000006872761 -0.000194762946 -0.001862180856 -0.000036494579  0.000452966655  0.000000000000
  0.649456521739  0.000035697442  0.000319945505  0.002366727105  0.000046458225  0.000970472481  0.000058365448  0.000046942345 -0.000243303481 -0.001799784445 -0.000035329291  0.000970472481  0.000000000000
  0.652173913043 -0.000304309726 -0.000477655147  0.002519686101  0.000049832990  0.000909182664  0.000062605163 -0.000400169075  0.000363234232 -0.001916102554 -0.000037895640  0.000909182664  0.000000000000
  0.654891304348 -0.000274186037 -0.000431101155  0.002243262952  0.000044460419  0.001352528348  0.000055855604 -0.000360556247  0.000327832115 -0.001705895774 -0.000033810054  0.001352528348  0.000000000000
  0.657608695652 -0.000587438392 -0.001158748194  0.002360503827  0.000047112758  0.001271004423  0.000059187737 -0.000772484933  0.000881173402 -0.001795051936 -0.000035827033  0.001271004423  0.000000000000
  0.660326086957 -0.000550338946 -0.001110134758  0.001911129086  0.000038278191  0.001616527232  0.000048088874 -0.000723698943  0.000844205175 -0.001453323619 -0.000029108761  0.001616527232  0.000000000000
  0.663043478261 -0.000818701296 -0.001726187268  0.002000173724  0.000040329558  0.001510454371  0.000050666005 -0.001076597008  0.001312684081 -0.001521037871 -0.000030668728  0.001510454371  0.000000000000
  0.665760869565 -0.000769353907 -0.001660712502  0.001409517810  0.000028624796  0.001741967363  0.000035961318 -0.001011704902  0.001262893606 -0.001071871879 -0.000021767808  0.001741967363  0.000000000000
  0.668478260870 -0.000978502922 -0.002133132869  0.001483228368  0.000030310114  0.001611872552  0.000038078582 -0.001286737084  0.001622147035 -0.001127925286 -0.000023049413  0.001611872552  0.000000000000
  0.671195652174 -0.000914295773 -0.002042014083  0.000790079278  0.000016481788  0.001721166422  0.000020706063 -0.001202304306  0.001552855492 -0.000600818063 -0.000012533623  0.001721166422  0.000000000000
  0.673913043478 -0.001054433307 -0.002349827160  0.000864334300  0.000018105353  0.001572320873  0.000022745747 -0.001386585986  0.001786932833 -0.000657285508 -0.000013768268  0.001572320873  0.000000000000
  0.676630434783 -0.000975685390 -0.002230961649  0.000111263685  0.000002990214  0.001559029588  0.000003756605 -0.001283032012  0.001696541213 -0.000084610790 -0.000002273917  0.001559029588  0.000000000000
  0.679347826087 -0.001041842253 -0.002364726372  0.000202582333  0.000004878978  0.001400870683  0.000006129458 -0.001370028676  0.001798262982 -0.000154054319 -0.000003710233  0.001400870683  0.000000000000
  0.682065217391 -0.000951744294 -0.002222570769 -0.000567299325 -0.000010660863  0.001271787150 -0.000013393237 -0.001251549331  0.001690160344  0.000431404406  0.000008107084  0.001271787150 -0.000000000000
  0.684782608696 -0.000943698923 -0.002183951831 -0.000443946481 -0.000008201717  0.001116959674 -0.000010303814 -0.001240969620  0.001660792462  0.000337600380  0.000006237019  0.001116959674 -0.000000000000
  0.687500000000 -0.000847963480 -0.002028728150 -0.001189904884 -0.000023338516  0.000884919991 -0.000029320167 -0.001115076951  0.001542752166  0.000904866597  0.000017747842  0.000884919991 -0.000000000000
  0.690217391304 -0.000769827701 -0.001829314647 -0.001022910807 -0.000020063723  0.000748059203 -0.000025206046 -0.001012327944  0.001391107593  0.000777875470  0.000015257516  0.000748059203 -0.000000000000
  0.692934782609 -0.000676108811 -0.001675696881 -0.001708992839 -0.000034054836  0.000430532588 -0.000042783075 -0.000889087053  0.001274288520  0.001299608528  0.000025897098  0.000430532588 -0.000000000000
  0.695652173913 -0.000535652465 -0.001335252269 -0.001491424254 -0.000029808039  0.000326922072 -0.000037447826 -0.000704386135  0.001015396434  0.001134157871  0.000022667609  0.000326922072 -0.000000000000
  0.698369565217 -0.000452809023 -0.001200712988 -0.002088236775 -0.000042034948  0.000055550267 -0.000052808487 -0.000595446522  0.000913085651  0.001588005672  0.000031965597  0.000055550267 -0.000000000000
  0.701086956522 -0.000260606433 -0.000745057064 -0.001818565739 -0.000036766865  0.000111313145 -0.000046190197 -0.000342698988  0.000566580791  0.001382933555  0.000027959469  0.000111313145 -0.000000000000
  0.703804347826 -0.000197889770 -0.000648060841 -0.002304372740 -0.000046761051  0.000536691129 -0.000058745888 -0.000260226209  0.000492819734  0.001752366889  0.000035559576  0.000536691129 -0.000000000000
  0.706521739130  0.000033625229 -0.000106782197 -0.001986605118 -0.000040536288  0.000531897145 -0.000050925721  0.000044217374  0.000081202829  0.001510719585  0.000030825937  0.000531897145 -0.000000000000
  0.709239130435  0.000067379154 -0.000065005657 -0.002347740181 -0.000047991658  0.000978099651 -0.000060291899  0.000088603983  0.000049433739  0.001785345784  0.000036495395  0.000978099651 -0.000000000000
  0.711956521739  0.000324865445  0.000530814141 -0.001990954639 -0.000040984689  0.000902884826 -0.000051489046  0.000427199966 -0.000403659142  0.001514027191  0.000031166924  0.000902884826 -0.000000000000
  0.714673913043  0.000321963590  0.000502072310 -0.002221586710 -0.000045757259  0.001349022017 -0.000057484825  0.000423384009 -0.000381802334  0.001689412014  0.000034796240  0.001349022017 -0.000000000000
  0.717391304348  0.000592055208  0.001121968993 -0.001838922831 -0.000038238950  0.001196983565 -0.000048039576  0.000778556073 -0.000853204553  0.001398414165  0.000029078920  0.001196983565 -0.000000000000
  0.720108695652  0.000546526791  0.001011044273 -0.001940243829 -0.000040335237  0.001624275714 -0.000050673141  0.000718685937 -0.000768851530  0.001475464009  0.000030673047  0.001624275714 -0.000000000000
  0.722826086957  0.000816578873  0.001626994229 -0.001547394263 -0.000032652006  0.001392671755 -0.000041020701  0.001073806009 -0.001237252449  0.001176720425  0.000024830312  0.001392671755 -0.000000000000
  0.725543478261  0.000724548212  0.001426650022 -0.001526325436 -0.000032208112  0.001784999489 -0.000040463037  0.000952785150 -0.001084900119  0.001160698575  0.000024492752  0.001784999489 -0.000000000000
  0.728260869565  0.000983193169  0.002014516565 -0.001139612569 -0.000024756397  0.001474496598 -0.000031101451  0.001292904786 -0.001531944925  0.000866621661  0.000018826074  0.001474496598 -0.000000000000
  0.730978260870  0.000843000573  0.001722148240 -0.001007177442 -0.000022010193  0.001818590717 -0.000027651396  0.001108550699 -0.001309612590  0.000765910988  0.000016737715  0.001818590717 -0.000000000000
  0.733695652174  0.001080481159  0.002262682987 -0.000641379497 -0.000015209574  0.001432617451 -0.000019107781  0.001420839063 -0.001720663796  0.000487738886  0.000011566164  0.001432617451 -0.000000000000
  0.736413043478  0.000892530111  0.001879781072 -0.000411024919 -0.000010468804  0.001718038296 -0.000013151954  0.001173682333 -0.001429484932  0.000312565084  0.000007961032  0.001718038296 -0.000000000000
  0.739130434783  0.001100814323  0.002359114882 -0.000077379160 -0.000004738191  0.001262036525 -0.000005952587  0.001447577294 -0.001793995708  0.000058843205  0.000003603171  0.001262036525 -0.000000000000
  0.741847826087  0.000867180172  0.001889769034  0.000236134227  0.000001651733  0.001481401339  0.000002075072  0.001140347014 -0.001437080306 -0.000179568953 -0.000001256065  0.001481401339  0.000000000000
  0.744565217391  0.001039948761  0.002299287586  0.000530636139  0.000005908206  0.000962782309  0.000007422476  0.001367538723 -0.001748499868 -0.000403523781 -0.000004492912  0.000962782309  0.000000000000
  0.747282608696  0.000763925533  0.001747368116  0.000910437893  0.000013590603  0.001113234772  0.000017073868  0.001004566558 -0.001328791118 -0.000692345119 -0.000010335013  0.001113234772  0.000000000000
  0.750000000000  0.000896709632  0.002082733829  0.001159886656  0.000015976687  0.000543711925  0.000020071505  0.001179178427 -0.001583820940 -0.000882039149 -0.000012149518  0.000543711925  0.000000000000
  0.752717391304  0.000582783441  0.001447087549  0.001582028963  0.000024592620  0.000631033471  0.000030895697  0.000766363644 -0.001100441895 -0.001203058482 -0.000018701529  0.000631033471  0.000000000000
  0.755434782609  0.000673854084  0.001705793365  0.001769877370  0.000024671685  0.000033714606  0.000030995027  0.000886122074 -0.001297175479 -0.001345908345 -0.000018761654  0.000033714606  0.000000000000
  0.758152173913  0.000329115215  0.000972177534  0.002192914658  0.000033829580  0.000079171429  0.000042500087  0.000432788439 -0.000739295206 -0.001667608269 -0.000025725802  0.000079171429  0.000000000000
  0.760869565217  0.000381971973  0.001147966978  0.002266607308  0.000031000743  0.000497590290  0.000038946220  0.000502295385 -0.000872974795 -0.001723648057 -0.000023574604  0.000497590290  0.000000000000
  0.763586956522  0.000020407847  0.000275492945  0.002624256132  0.000040170687  0.000451774854  0.000050466416  0.000026836439 -0.000209499403 -0.001995623136 -0.000030547915  0.000451774854  0.000000000000
  0.766304347826  0.000047923396  0.000345169792  0.002454655908  0.000033425843  0.000906928157  0.000041992872  0.000063019547 -0.000262485363 -0.001866650157 -0.000025418779  0.000906928157  0.000000000000
  0.769021739130 -0.000301197247 -0.000753040020  0.002681366867  0.000041717002  0.000794147208  0.000052409051 -0.000396076147  0.000572651452 -0.002039053159 -0.000031723814  0.000794147208  0.000000000000
  0.771739130435 -0.000273464626 -0.000859881754  0.001976907742  0.000029271620  0.000882833186  0.000036773924 -0.000359607588  0.000653899557 -0.001503345188 -0.000022259688  0.000882833186  0.000000000000
  0.774456521739 -0.000548974267 -0.002299301021  0.002078632322  0.000035093434  0.000601211668  0.000044087866 -0.000721904382  0.001748510085 -0.001580701937 -0.000026686903  0.000601211668  0.000000000000
  0.777173913043 -0.000480706634 -0.002731666343 -0.000007843141  0.000014244413  0.000269336485  0.000017895250 -0.000632132044  0.002077303540  0.000005964339 -0.000010832205  0.000269336485  0.000000000000
  0.779891304348 -0.000534389298 -0.004067265699  0.000085616192  0.000015474988  0.000011042664  0.000019441221 -0.000702725062  0.003092963918 -0.000065107080 -0.000011767999  0.000011042664  0.000000000000
  0.782608695652 -0.000363920485 -0.004567400196 -0.006202310392 -0.000013148722  0.000016593699 -0.000016518734 -0.000478557573  0.003473292637  0.004716564805  0.000009998984  0.000016593699 -0.000000000000
  0.785326086957  0.000163032538  0.002793892775 -0.003379465718 -0.000010906021  0.003008880177 -0.000013701229  0.000214388744 -0.002124623810  0.002569924441  0.000008293515  0.003008880177 -0.000000000000
  0.788043478261  0.000006684254  0.000276259084 -0.000325826005 -0.000000419182  0.004788187622 -0.000000526619  0.000008789833 -0.000210082016  0.000247775325  0.000000318768  0.004788187622  0.000000000000
  0.790760869565  0.000010044361 -0.001134668810  0.022604488957 -0.000003279710  0.029042707558 -0.000004120299  0.000013208393  0.000862862166 -0.017189648756  0.000002494065  0.029042707558  0.000000000000
  0.793478260870 -0.001821310516  0.075728441049 -0.013185360620  0.000035925119  0.032201182645  0.000045132711 -0.002395034013 -0.057587911187  0.010026845473 -0.000027319360  0.032201182645  0.000000000000
  0.796195652174  0.002898346213 -0.090846407040 -0.219446512031  0.000328791402  0.055789583870  0.000413060494  0.003811342274  0.069084411981  0.166878732349 -0.000250030369  0.055789583870 -0.000000000000
  0.798913043478  0.017579892044 -0.321325998381  0.215495981747 -0.000602783258  0.033931881324 -0.000757276342  0.023117661171  0.244353281281 -0.163874540209  0.000458388265  0.033931881324 -0.000000000000
  0.801630434783 -0.019491754116  0.360635291307  0.528074722075 -0.001212541624  0.028631752957 -0.001523315508 -0.025631771012 -0.274246146343 -0.401575943903  0.000922080771  0.028631752957  0.000000000000
  0.804347826087 -0.033770090467  0.458631067357 -0.449957525157  0.001439426400  0.041483382743  0.001808350753 -0.044407867076 -0.348767316591  0.342171496431 -0.001094615953  0.041483382743  0.000000000000
  0.807065217391  0.020539366357 -0.315096584864 -0.448662863607  0.001281862087  0.009062492905  0.001610402776  0.027009387254  0.239616105821  0.341186967327 -0.000974795717  0.009062492905 -0.000000000000
  0.809782608696  0.017331136397 -0.222275347470  0.019931725990 -0.000119238962  0.055503318041 -0.000149799856  0.022790546035  0.169029928408 -0.015157138455  0.000090675612  0.055503318041 -0.000000000000
  0.812500000000  0.025110378872 -0.306820490373  0.075231942614 -0.000314746161  0.025378149006 -0.000395415464  0.033020295527  0.233322525922 -0.057210347519  0.000239349625  0.025378149006 -0.000000000000
  0.815217391304  0.005485633411 -0.021781046079  0.568035651887 -0.001941352417  0.039076941802 -0.002438920188  0.007213640116  0.016563459249 -0.431964348113  0.001476307039  0.039076941802  0.000000000000
  0.817934782609 -0.033596810398  0.410226896434  0.123118959872 -0.000364255333  0.028296669111 -0.000457613814 -0.044180002769 -0.311958225347 -0.093626167769  0.000276999017  0.028296669111  0.000000000000
  0.820652173913 -0.015361691706  0.172944082440 -0.100556079865  0.000375330188  0.048118257727  0.000471527150 -0.020200714713 -0.131515825781  0.076468160656 -0.000285420923  0.048118257727  0.000000000000
  0.823369565217 -0.023653731903  0.254576415668 -0.274001904156  0.000996731227  0.026846304073  0.001252193002 -0.031104796216 -0.193593368787  0.208365537474 -0.000757967134  0.026846304073  0.000000000000
  0.826086956522  0.017128306209 -0.236746550766 -0.489350381540  0.001708163266  0.025812301014  0.002145964760  0.022523823148  0.180034596648  0.372127907570 -0.001298977678  0.025812301014 -0.000000000000
  0.828804347826  0.029126546639 -0.329968960945  0.083660347846 -0.000329317340  0.052804096377 -0.000413721230  0.038301579701  0.250925847064 -0.063619752562  0.000250430320  0.052804096377 -0.000000000000
  0.831521739130  0.016250383214 -0.180353737804  0.089260136472 -0.000333504285  0.031722320923 -0.000418981287  0.021369349259  0.137150519553 -0.067878127957  0.000253614294  0.031722320923 -0.000000000000
  0.834239130435  0.015624489016 -0.145282876720  0.447681066258 -0.001601424394  0.035130788971 -0.002011868762  0.020546294717  0.110480782195 -0.340440356704  0.001217807795  0.035130788971  0.000000000000
  0.836956521739 -0.031962939817  0.389491989044  0.284917294640 -0.000977371251  0.002882305048 -0.001227871072 -0.042031453370 -0.296190305280 -0.216666177620  0.000743244784  0.002882305048  0.000000000000
  0.839673913043 -0.019201893491  0.209818605803 -0.143762777067  0.000525402982  0.056916308031  0.000660063536 -0.025250602589 -0.159557163317  0.109324818032 -0.000399544212  0.056916308031  0.000000000000
  0.842391304348 -0.021265079239  0.233384103567 -0.147572077047  0.000539072632  0.022612631206  0.000677236710 -0.027963703951 -0.177477613990  0.112221611177 -0.000409939336  0.022612631206  0.000000000000
  0.845108695652  0.001744693103 -0.060493497312 -0.530934989862  0.001864110514  0.036273494375  0.002341881218  0.002294281666  0.046002454325  0.403751042782 -0.001417568211  0.036273494375 -0.000000000000
  0.847826086957  0.034452109837 -0.399990526926 -0.039830847923  0.000109546820  0.036016904966  0.000137623621  0.045304726549  0.304173948662  0.030289483065 -0.000083305195  0.036016904966 -0.000000000000
  0.850543478261  0.013687691296 -0.149588946238  0.109497363377 -0.000394377848  0.043846587888 -0.000495456717  0.017999394353  0.113755345165 -0.083267585465  0.000299905771  0.043846587888 -0.000000000000
  0.853260869565  0.021956772244 -0.230518894256  0.305010334323 -0.001081283674  0.025635737291 -0.001358416205  0.028873284310  0.175298757314 -0.231945987537  0.000822265286  0.025635737291 -0.000000000000
  0.855978260870 -0.021801455660  0.285454617975  0.445302470354 -0.001528025163  0.019562256380 -0.001919657340 -0.028669042091 -0.217074786696 -0.338631546596  0.001161991138  0.019562256380  0.000000000000
  0.858695652174 -0.026540854707  0.297414888885 -0.129536685285  0.000470947247  0.057105249900  0.000591650819 -0.034901379641 -0.226170009170  0.098506545547 -0.000358133191  0.057105249900  0.000000000000
  0.861413043478 -0.015517612921  0.172945132619 -0.091288828524  0.000328192927  0.026608139441  0.000412308630 -0.020405752025 -0.131516624394  0.069420852672 -0.000249575257  0.026608139441  0.000000000000
  0.864130434783 -0.011841263582  0.102254403680 -0.471147706116  0.001631435685  0.032407125104  0.002049571933 -0.015571331076 -0.077759655897  0.358285630597 -0.001240629967  0.032407125104 -0.000000000000
  0.866847826087  0.034566478570 -0.417295710709 -0.215719335295  0.000711243928  0.012400397893  0.000893535433  0.045455122104  0.317333725529  0.164044390061 -0.000540867494  0.012400397893 -0.000000000000
  0.869565217391  0.016106219365 -0.174406518016  0.172568744084 -0.000603877930  0.057222919965 -0.000758651578  0.021179772952  0.132627939129 -0.131230398646  0.000459220712  0.057222919965 -0.000000000000
  0.872282608696  0.019616413506 -0.215660813012  0.169841391386 -0.000595784900  0.017526914139 -0.000748484308  0.025795698840  0.163999886623 -0.129156375429  0.000453066344  0.017526914139 -0.000000000000
  0.875000000000 -0.007506106510  0.125581303161  0.519510440775 -0.001760981717  0.029362068649 -0.002212320557 -0.009870574095 -0.095498663815 -0.395063211512  0.001339143621  0.029362068649  0.000000000000
  0.877717391304 -0.034637705642  0.400458633097 -0.043370062497  0.000176002325  0.045274788421  0.000221111643 -0.045548786122 -0.304529921348  0.032980888983 -0.000133841475  0.045274788421  0.000000000000
  0.880434782609 -0.010609247014  0.113699963318 -0.137307936481  0.000473364953  0.040593407394  0.000594688182 -0.013951222062 -0.086463464700  0.104416215910 -0.000359971742  0.040593407394  0.000000000000
  0.883152173913 -0.017773205064  0.183416171656 -0.329818056666  0.001127643528  0.019178857004  0.001416658069 -0.023371868926 -0.139479356199  0.250811091470 -0.000857519770  0.019178857004  0.000000000000
  0.885869565217  0.027405361266 -0.348176604356 -0.387024134156  0.001279674722  0.009000576931  0.001607654790  0.036038210839  0.264771901955  0.294313617921 -0.000973132329  0.009000576931 -0.000000000000
  0.888586956522  0.024571666339 -0.271810157291  0.212082728775 -0.000732375074  0.062892506861 -0.000920082483  0.032311885385  0.206698817256 -0.161278922153  0.000556936735  0.062892506861 -0.000000000000
  0.891304347826  0.011609187435 -0.126952629786  0.121904663579 -0.000417865749  0.020322000263 -0.000524964556  0.015266149582  0.096541493100 -0.092702752651  0.000317767213  0.020322000263 -0.000000000000
  0.894021739130  0.005448154945 -0.029968039772  0.469409018080 -0.001572635095  0.023377497017 -0.001975700778  0.007164355714  0.022789282191 -0.356963440270  0.001195914889  0.023377497017  0.000000000000
  0.896739130435 -0.038069573190  0.454225251876  0.120619160416 -0.000370351310  0.023763062593 -0.000465272188 -0.050061712080 -0.345416901511 -0.091725188069  0.000281634721  0.023763062593  0.000000000000
  0.899456521739 -0.012301145478  0.126520217058 -0.244829544182  0.000824364052  0.057843578034  0.001035648196 -0.016176078468 -0.096212663595  0.186181332280 -0.000626890019  0.057843578034  0.000000000000
  0.902173913043 -0.014150673556  0.152042015562 -0.192013793423  0.000648884059  0.008577063935  0.000815192758 -0.018608218741 -0.115620788801  0.146017442442 -0.000493445753  0.008577063935  0.000000000000
  0.904891304348  0.014384060928 -0.202188969777 -0.473948290821  0.001557315708  0.018160835254  0.001956455038  0.018915124504  0.153755184617  0.360415343305 -0.001184265217  0.018160835254 -0.000000000000
  0.907608695652  0.035013397262 -0.399303082358  0.154040229529 -0.000538172140  0.054099175601 -0.000676105422  0.046042822806  0.303651179459 -0.117140336369  0.000409254554  0.054099175601 -0.000000000000
  0.910326086957  0.005191797553 -0.047328190055  0.191105012373 -0.000634596199  0.035806810954 -0.000797242926  0.006827244240  0.035990858491 -0.145326357274  0.000482580508  0.035806810954 -0.000000000000
  0.913043478261  0.010992966911 -0.105770497720  0.326853636085 -0.001085172787  0.008365041691 -0.001363302095  0.014455815978  0.080433479740 -0.248556789298  0.000825222772  0.008365041691  0.000000000000
  0.915760869565 -0.032746866485  0.404630293180  0.299286322833 -0.000956095611  0.002556333628 -0.001201142495 -0.043062321537 -0.307702272277 -0.227593146509  0.000727065662  0.002556333628  0.000000000000
  0.918478260870 -0.021674283287  0.231819984866 -0.314331443240  0.001049549810  0.066599394311  0.001318548964 -0.028501809674 -0.176288175416  0.239034251669 -0.000798133177  0.066599394311  0.000000000000
  0.921195652174 -0.005063457998  0.048852313908 -0.149268066795  0.000493314407  0.011362276656  0.000619750672 -0.006658476972 -0.037149882866  0.113511331468 -0.000375142362  0.011362276656 -0.000000000000
  0.923913043478  0.001547378774 -0.048073681060 -0.430513974667  0.001407320791  0.012254333820  0.001768016490  0.002034812165  0.036557769273  0.327385592442 -0.001070201150  0.012254333820 -0.000000000000
  0.926630434783  0.040313395707 -0.471876653984 -0.008897573696 -0.000005599074  0.033360718118 -0.000007034114  0.053012351854  0.358839961102  0.006766185553  0.000004257832  0.033360718118  0.000000000000
  0.929347826087  0.006877719531 -0.058394076958  0.316712217026 -0.001040330463  0.055359699412 -0.001306966704  0.009044241531  0.044405944069 -0.240844717955  0.000791122298  0.055359699412 -0.000000000000
  0.932065217391  0.007417692211 -0.073403085669  0.189729550633 -0.000625921244  0.001372455135 -0.000786344584  0.009754308773  0.055819587988 -0.144280383432  0.000475983614  0.001372455135  0.000000000000
  0.934782608696 -0.020193634559  0.262555599635  0.399983596043 -0.001287268160  0.008485220869 -0.001617194423 -0.026554747912 -0.199661162223 -0.304168678052  0.000978906781  0.008485220869  0.000000000000
  0.937500000000 -0.033509876355  0.371386641188 -0.257803798866  0.000873403520  0.059573987639  0.001097256458 -0.044065683992 -0.282422041338  0.196047641637 -0.000664182223  0.059573987639 -0.000000000000
  0.940217391304  0.000830763215 -0.024650502998 -0.219790592701  0.000717913675  0.028982364894  0.000901914634  0.001092458501  0.018745546029  0.167140389485 -0.000545939522  0.028982364894 -0.000000000000
  0.942934782609 -0.005136203867  0.038623120021 -0.301622772156  0.000993820761  0.003171847430  0.001248536585 -0.006754138216 -0.029371062902  0.229369906128 -0.000755753861  0.003171847430 -0.000000000000
  0.945652173913  0.036060834523 -0.427424156094 -0.207052772292  0.000641199155  0.009984095950  0.000805538216  0.047420208948  0.325035931005  0.157453877253 -0.000487601745  0.009984095950 -0.000000000000
  0.948369565217  0.017543365921 -0.174965981307  0.363822998030 -0.001223871964  0.066007230434 -0.001537549809  0.023069629105  0.133053384600 -0.276670247106  0.000930696961  0.066007230434 -0.000000000000
  0.951086956522  0.001919956508 -0.011713925177  0.146806791389 -0.000491526322  0.009608882139 -0.000617504302  0.002524754072  0.008907888151 -0.111639647494  0.000373782608  0.009608882139 -0.000000000000
  0.953804347826 -0.006043490560  0.094126271601  0.398188374088 -0.001330947533  0.019447510368 -0.001672068800 -0.007947225541 -0.071578594437 -0.302803496344  0.001012122886  0.019447510368  0.000000000000
  0.956521739130 -0.039954951957  0.434357300544 -0.046868364493  0.000229731668  0.036915135389  0.000288611794 -0.052540996219 -0.330308260678  0.035641182817 -0.000174700109  0.036915135389  0.000000000000
  0.959239130435 -0.005816369232  0.045014296809 -0.258249995276  0.000910598731  0.047937728900  0.001143984785 -0.007648559662 -0.034231251704  0.196386952982 -0.000692467429  0.047937728900 -0.000000000000
  0.961956521739 -0.011771806472  0.108660391221 -0.209277099161  0.000776307968  0.027633548771  0.000975275359 -0.015479994570 -0.082631107578  0.159145373030 -0.000590345631  0.027633548771  0.000000000000
  0.964673913043  0.022345165086 -0.249749528752 -0.378668590583  0.001329538293  0.034337959724  0.001670298372  0.029384023177  0.189922748723  0.287959620736 -0.001011051225  0.034337959724 -0.000000000000
  0.967391304348  0.029017270419 -0.270509786639  0.116733737875 -0.000560215257  0.031248530470 -0.000703798181  0.038157880831  0.205709946648 -0.088770507303  0.000426017306  0.031248530470 -0.000000000000
  0.970108695652  0.016726911677 -0.148544850471  0.040732593613 -0.000245801892  0.017586292819 -0.000308800808  0.021995986984  0.112961359531 -0.030975218173  0.000186920757  0.017586292819 -0.000000000000
  0.972826086957  0.020785170383 -0.153069297487  0.327217597874 -0.001553710956  0.069784643558 -0.001951926390  0.027332620990  0.116401988301 -0.248833565089  0.001181523973  0.069784643558  0.000000000000
  0.975543478261 -0.018915102565  0.161301999070  0.240130234903 -0.000995311937  0.047362287847 -0.001250409948 -0.024873470838 -0.122662569939 -0.182607729000  0.000756887830  0.047362287847 -0.000000000000
  0.978260869565 -0.010645189626  0.085041950866  0.172931260845 -0.000804457293  0.069821076559 -0.001010639344 -0.013998486809 -0.064670396561 -0.131506075562  0.000611751867  0.069821076559  0.000000000000
  0.980978260870 -0.042241464494  0.268082420012  0.141685652044 -0.000322320009  0.048253279523 -0.000404930486 -0.055547773619 -0.203864048702 -0.107745262325  0.000245109180  0.048253279523  0.000000000000
  0.983695652174 -0.028668949190  0.151112686076 -0.032007449914  0.000645052842  0.049357127533  0.000810379601 -0.037699836372 -0.114914077515  0.024340157508 -0.000490532292  0.049357127533 -0.000000000000
  0.986413043478 -0.042263517817  0.195463898891  0.011415277254  0.000683141833  0.033453156796  0.000858230785 -0.055576773868 -0.148641085086 -0.008680780478 -0.000519497176  0.033453156796 -0.000000000000
  0.989130434783 -0.029208276918  0.107195847274 -0.122835761606  0.001731054856  0.020594915831  0.002174723454 -0.038409055498 -0.081517390914  0.093410808830 -0.001316385653  0.020594915831 -0.000000000000
  0.991847826087 -0.029876449085  0.096845832935 -0.058813739294  0.001355485460  0.000000000000  0.001702895787 -0.039287705817 -0.073646692689  0.044725077501 -0.001030782823  0.000000000000 -0.000000000000
  0.994565217391 -0.020249588777  0.049159244863 -0.144751216333  0.002301577730  0.000691288613  0.002891471089 -0.026628328036 -0.037383289395  0.110076479520 -0.001750241416  0.000691288613 -0.000000000000
  0.997282608696 -0.012466344477  0.023633559384 -0.117242742720  0.001988524537  0.000466852325  0.002498182501 -0.016393316121 -0.017972208327  0.089157581503 -0.001512179214  0.000466852325 -0.000000000000
  1.000000000000  0.000000000000 -0.021586632521 -0.335620913339  0.005265915061  0.000171947508  0.006615566774  0.000000000000  0.016415616897  0.255223890546 -0.004004480280  0.000171947508 -0.000000000000
