             Rad         v_r[Re]         v_t[Re]         v_x[Re]         p[Re]          p_mg[Re]  p_no_phase[Re]         v_r[Im]         v_t[Im]         v_x[Im]         p[Im]          p_mg[Im]  p_no_phase[Im]
  0.250000000000  0.000000000000  0.013160614840  0.708391404027 -0.137138156602  0.335861260594  0.167294665745  0.000000000000 -0.033312433407  0.291608595973 -0.095885104714  0.335861260594  0.003649947330
  0.252717391304  0.177708344318  0.013410563493  0.212763372947 -0.040838290617  0.224585591882  0.050775328033  0.073650979075 -0.008429123204  0.094486286876 -0.030277432931  0.224585591882  0.002520910262
  0.255434782609  0.252301817659  0.016178613206  0.165674969153 -0.031849533826  0.216267896326  0.039421797718  0.106057824278 -0.005481221527  0.072218078729 -0.023293238820  0.216267896326  0.001699895398
  0.258152173913  0.309771781007  0.014806969521 -0.065011664288  0.012744881249  0.017222009352 -0.015170818198  0.129785322974  0.005556273938 -0.023984409367  0.008232405208  0.017222009352  0.000225319265
  0.260869565217  0.206288132460  0.008478365341 -0.109219294514  0.021044925278  0.043126149616 -0.026005694495  0.088791297360  0.006750881749 -0.047278391044  0.015314348385  0.043126149616 -0.001059245120
  0.263586956522  0.199674388682  0.005307841148 -0.263214226454  0.050778757558  0.265788245676 -0.062489768601  0.083077924178  0.013367178988 -0.111943942046  0.036485470059  0.265788245676 -0.002168078602
  0.266304347826 -0.016533957426 -0.005858654888 -0.272985366133  0.052500061618  0.237728417985 -0.065012505983 -0.004819321316  0.012016038334 -0.118929840656  0.038450998423  0.237728417985 -0.002847773765
  0.269021739130 -0.038922059077 -0.006799026475 -0.265457649509  0.051086917068  0.329569785454 -0.063157191305 -0.018572509200  0.011183014699 -0.114808285846  0.037226152862  0.329569785454 -0.002613185592
  0.271739130435 -0.245511251383 -0.016198317475 -0.220626416273  0.042432010793  0.225532785164 -0.052462924794 -0.101821495687  0.007602601800 -0.095359513881  0.030929434670  0.225532785164 -0.002178759065
  0.274456521739 -0.218280082954 -0.011979085963 -0.061830991165  0.011847368770  0.155010258860 -0.014714603436 -0.094173277014  0.000766249974 -0.027162289990  0.008755610411  0.155010258860 -0.000708029772
  0.277173913043 -0.304372558134 -0.015112138274 -0.010670163927  0.002104802302  0.032162474591 -0.002319091942 -0.126386665986 -0.001938397899 -0.002485546793  0.001023805831  0.032162474591  0.000316518049
  0.279891304348 -0.207756772957 -0.006738041467  0.200114759126 -0.038585138989  0.132706150805  0.047653181045 -0.087761953456 -0.010096473348  0.086051735602 -0.028029035781  0.132706150805  0.001901087554
  0.282608695652 -0.143819588085 -0.003722188552  0.182257985963 -0.034974191662  0.176172063254  0.043687037439 -0.057828249454 -0.008618987041  0.081911649234 -0.026295022675  0.176172063254  0.002462734191
  0.285326086957 -0.030423933352  0.004073596769  0.327076192615 -0.063086870405  0.325176727296  0.077798762434 -0.010431157715 -0.013617417572  0.139620519194 -0.045621477082  0.325176727296  0.002936826925
  0.288043478261  0.121371841701  0.009467821440  0.206571798939 -0.039682243824  0.226649668975  0.049321615981  0.053663754095 -0.007356880045  0.090885663016 -0.029390849367  0.226649668975  0.002425015152
  0.290760869565  0.161202705186  0.011421045590  0.226047092341 -0.043713629285  0.288002982211  0.053517296891  0.071065348179 -0.007723402282  0.093519511623 -0.030908280073  0.288002982211  0.001449860612
  0.293478260870  0.299799577305  0.015132367251  0.050408674824 -0.009624127632  0.076864294210  0.011757963819  0.125936958130  0.000336495055  0.020489954745 -0.006760593110  0.076864294210  0.000282380430
  0.296195652174  0.208505537157  0.009269298538 -0.027319081727  0.005163858902  0.058642770961 -0.007107125743  0.088856701611  0.002777829234 -0.017181582771  0.005065881856  0.058642770961 -0.001348095478
  0.298913043478  0.267146296057  0.009972456460 -0.153319065502  0.029776714002  0.154132858393 -0.037163880584  0.107603783696  0.007928685393 -0.068952820726  0.022331721429  0.154132858393 -0.002050477674
  0.301630434783  0.071592128929 -0.000795667211 -0.248392978706  0.048104289369  0.188938661234 -0.059894326806  0.027976540168  0.010157746260 -0.110305526261  0.035817565719  0.188938661234 -0.003096818714
  0.304347826087  0.056423635715 -0.001243531168 -0.234697612846  0.045678720445  0.280269387089 -0.056576965516  0.015979609465  0.009184781516 -0.102235921646  0.033475855126  0.280269387089 -0.002495065291
  0.307065217391 -0.140923142520 -0.010954855290 -0.283326568916  0.055164233474  0.275532673836 -0.067855504228 -0.062430809210  0.009600923551 -0.119734571831  0.039580381050  0.275532673836 -0.002308628350
  0.309782608696 -0.171972236081 -0.009748013049 -0.121425208115  0.023559824200  0.194790764128 -0.028757737125 -0.078251950302  0.002992431457 -0.049524407971  0.016503581072  0.194790764128 -0.000652732712
  0.312500000000 -0.258327830184 -0.013334169096 -0.121138188557  0.023562820699  0.153696159662 -0.028109788215 -0.108709068121  0.002484763407 -0.044463298164  0.015331618876  0.153696159662  0.000323825825
  0.315217391304 -0.254151277504 -0.009620630395  0.104821482679 -0.021370929703  0.047715384666  0.026893548364 -0.106420780369 -0.005940037862  0.050026513525 -0.016425456581  0.047715384666  0.001802586103
  0.317934782609 -0.181325523398 -0.006098502193  0.105205583072 -0.021288032160  0.066940908084  0.027270622732 -0.071165274916 -0.005156008176  0.053566643988 -0.017229115800  0.066940908084  0.002517117462
  0.320652173913 -0.144055973653 -0.002062908035  0.271902968201 -0.055301704664  0.269485656908  0.068224950237 -0.053575982956 -0.010860444619  0.119123961820 -0.040040002239  0.269485656908  0.002614666928
  0.323369565217  0.040855451780  0.005309450915  0.224303823801 -0.045338938915  0.206375144698  0.056133554022  0.024649340634 -0.007529882874  0.099303945482 -0.033186190305  0.206375144698  0.002442687407
  0.326086956522  0.058274440855  0.006115869730  0.248592774507 -0.051024688879  0.307908032616  0.062023696129  0.032941990196 -0.008160056582  0.102563813580 -0.035277096062  0.307908032616  0.001026401597
  0.328804347826  0.247039628237  0.012618765492  0.155682543343 -0.031499151024  0.159889236490  0.038102799162  0.107675165936 -0.003436089252  0.062283879657 -0.021441835192  0.159889236490  0.000354270519
  0.331521739130  0.188974710789  0.008259945691  0.044406928785 -0.009032179742  0.134184387613  0.009825029279  0.082941298708  0.000062991843  0.009907831197 -0.004165065650  0.134184387613 -0.001548173902
  0.334239130435  0.285265782315  0.011022599386 -0.032297822866  0.007334735798  0.027658130162 -0.010003920649  0.115891285219  0.003221631415 -0.021940261676  0.007031555896  0.027658130162 -0.001778397928
  0.336956521739  0.148694198526  0.002979531344 -0.195681090913  0.041492461955  0.126032930446 -0.051805904477  0.058775873197  0.007841115122 -0.091753030012  0.031153834447  0.126032930446 -0.002886877405
  0.339673913043  0.127040160434  0.002342169717 -0.180075728542  0.038410490605  0.195957979642 -0.047598728304  0.043200086993  0.006824080897 -0.082169643147  0.028192689788  0.195957979642 -0.002134153191
  0.342391304348 -0.022143894086 -0.005206481367 -0.299929466049  0.064104734619  0.285564615083 -0.078323495157 -0.016571666143  0.009866127212 -0.128931621063  0.045041341473  0.285564615083 -0.001889324920
  0.345108695652 -0.112449531365 -0.006833635616 -0.165658594773  0.035494762453  0.204613014861 -0.043021808319 -0.056915748721  0.004454456228 -0.068865351556  0.024316173846  0.204613014861 -0.000527713040
  0.347826086957 -0.179111749665 -0.009650626820 -0.198444158514  0.042900422217  0.239966046030 -0.051146677179 -0.079489061621  0.005236116422 -0.076842247720  0.027855761655  0.239966046030  0.000638041830
  0.350543478261 -0.262450317984 -0.010164979213 -0.000213343549  0.000158119467  0.038149847969  0.000872332048 -0.112547678685 -0.001986419805  0.007247103820 -0.001808756137  0.038149847969  0.001592368465
  0.353260869565 -0.189672683206 -0.006679339832  0.028024074645 -0.005625088448  0.038152878756  0.008578858277 -0.076751280743 -0.002199042982  0.023559163942 -0.007026341344  0.038152878756  0.002722918173
  0.355978260870 -0.223629066075 -0.006018445373  0.183091191081 -0.039425603005  0.181488065754  0.048985543102 -0.087027260406 -0.007401436712  0.084547236876 -0.029169973660  0.181488065754  0.002383716144
  0.358695652174 -0.037414133786  0.001704378650  0.212806345425 -0.045734022755  0.164747754348  0.056827344800 -0.007456104422 -0.006950418758  0.098131795196 -0.033844098951  0.164747754348  0.002770695614
  0.361413043478 -0.037876024879  0.001720930777  0.234254501377 -0.050801723167  0.282786867171  0.061795551223 -0.004587907670 -0.007486179795  0.099288916411 -0.035200211456  0.282786867171  0.001086191672
  0.364130434783  0.164758364410  0.009394167248  0.229073173078 -0.049703885427  0.216864400571  0.060266430095  0.076109128021 -0.005997220399  0.095725022324 -0.034090511259  0.216864400571  0.000772391085
  0.366847826087  0.148992046857  0.006887709349  0.103353042716 -0.022792319220  0.182989040727  0.026497030484  0.070307841214 -0.001998012468  0.035624591469 -0.013580604205  0.182989040727 -0.001352775489
  0.369565217391  0.261024227393  0.010767011837  0.081271525956 -0.018043020186  0.095245776068  0.020554322560  0.108787705916 -0.000801024511  0.025143522221 -0.009991413270  0.095245776068 -0.001702568855
  0.372282608696  0.200337133908  0.005771095246 -0.119701203836  0.025484311322  0.054112047868 -0.032629322828  0.083037347095  0.005129357814 -0.061504204643  0.020594922284  0.054112047868 -0.002988015938
  0.375000000000  0.171879906336  0.004824214195 -0.104802969275  0.022285154684  0.091382752788 -0.028612735491  0.062787632734  0.004143619315 -0.054350245886  0.018152819377  0.091382752788 -0.002732094126
  0.377717391304  0.090531822532 -0.000230834921 -0.272092171956  0.058838026157  0.257539284975 -0.072335335160  0.029593022281  0.008798864442 -0.120220156997  0.042145759372  0.257539284975 -0.002403672653
  0.380434782609 -0.044578391996 -0.004167607680 -0.182722042801  0.039514055370  0.185790509408 -0.048536709951 -0.030673778567  0.004932503122 -0.080421675190  0.028228694154  0.185790509408 -0.001551622561
  0.383152173913 -0.080832070046 -0.005938969202 -0.240325938817  0.052447759696  0.286570904779 -0.062966949266 -0.042626094815  0.006526426124 -0.096148436632  0.034843716177  0.286570904779  0.000123912357
  0.385869565217 -0.235325235819 -0.009915274272 -0.098184046401  0.021578127205  0.111660289327 -0.025382455948 -0.104635159924  0.001203119807 -0.035769394815  0.013392226137  0.111660289327  0.000835598394
  0.388586956522 -0.170627786969 -0.006550214005 -0.045053056802  0.010420498381  0.125173475443 -0.010681898047 -0.073513751776  0.000148341530 -0.005850556538  0.003628126155  0.125173475443  0.002765346272
  0.391304347826 -0.266033572754 -0.008710446141  0.072213985633 -0.015242616823  0.072626581197  0.019957747352 -0.106531786964 -0.003776021650  0.039908318497 -0.013113810653  0.072626581197  0.002449023904
  0.394021739130 -0.105078644572 -0.001378803804  0.174979221650 -0.037410655823  0.107356768893  0.047317398907 -0.037769017298 -0.005710567007  0.085898137610 -0.029184365352  0.107356768893  0.003513987886
  0.396739130435 -0.119584345101 -0.001971470976  0.184103495554 -0.039754143967  0.215687588201  0.049069997742 -0.036986259088 -0.005803715305  0.082479176426 -0.028829719485  0.215687588201  0.001918335138
  0.399456521739  0.063298047426  0.005649132759  0.266532308377 -0.057756498164  0.241988440445  0.070597535860  0.035608671535 -0.007124213412  0.114787649020 -0.040635618533  0.241988440445  0.001747714011
  0.402173913043  0.094017100639  0.005072981120  0.140007605128 -0.030620980996  0.197111870318  0.036552617675  0.051829148311 -0.003058445297  0.054498954525 -0.019964945957  0.197111870318 -0.000386891921
  0.404891304348  0.197583393983  0.009046482803  0.174119392023 -0.038243927289  0.194901157603  0.045139607198  0.086498197240 -0.003640500901  0.064333682636 -0.024011506755  0.194901157603 -0.001251516356
  0.407608695652  0.222020422361  0.007422379231 -0.033428677040  0.006738370184  0.021181998645 -0.009837661455  0.096256622442  0.002517986565 -0.024962205042  0.007625836276  0.021181998645 -0.002603733615
  0.410326086957  0.183845311211  0.005975185711 -0.023088407670  0.004334207365  0.021306947942 -0.007381863360  0.071091426810  0.001658793806 -0.023690670849  0.006804401851  0.021306947942 -0.003254739830
  0.413043478261  0.182422515469  0.003955138620 -0.204808219430  0.044068680069  0.194885517677 -0.054870338545  0.068618416514  0.006749794079 -0.094723798264  0.032814025910  0.194885517677 -0.002838099258
  0.415760869565  0.020920585228 -0.001588603176 -0.175372986860  0.037639844693  0.143749370332 -0.047114921813 -0.003317556376  0.004698533657 -0.082704158161  0.028476030077  0.143749370332 -0.002797559643
  0.418478260870  0.020951247269 -0.002002519629 -0.238580023454  0.051891043427  0.284057306335 -0.062850712409 -0.003877017991  0.006420200027 -0.098757923347  0.035468699272  0.284057306335 -0.000704957877
  0.421195652174 -0.176313476500 -0.008327928616 -0.176778023903  0.038476210574  0.166010013933 -0.046463949003 -0.083029651360  0.003511205030 -0.072219132907  0.026049547866  0.166010013933 -0.000314908196
  0.423913043478 -0.129558228518 -0.005473511061 -0.099530309501  0.022205679421  0.181173040079 -0.025170111044 -0.062277980813  0.001672862720 -0.029753537615  0.012069035726  0.181173040079  0.002284585727
  0.426630434783 -0.262547521021 -0.009527010139 -0.042219188828  0.009672783721  0.042715507161 -0.010159961371 -0.108431326138 -0.000448200124 -0.007145940318  0.003808393829  0.042715507161  0.002200407557
  0.429347826087 -0.153875885365 -0.003742571684  0.118602663113 -0.025034419436  0.046571143718  0.032654281567 -0.062301979335 -0.004151749662  0.064478673776 -0.021314200236  0.046571143718  0.003836037484
  0.432065217391 -0.171231965739 -0.004495645061  0.109757577332 -0.023343629308  0.119376291865  0.029906837984 -0.059188549236 -0.003658147112  0.056189251927 -0.018898062485  0.119376291865  0.002764568096
  0.434782608696 -0.041971102387  0.001621041822  0.261938183176 -0.056551166049  0.233475678667  0.069749734969 -0.007939843606 -0.007037116635  0.116553478461 -0.040914632432  0.233475678667  0.002648773339
  0.437500000000  0.035361594470  0.003047110976  0.152829214273 -0.033115737813  0.178330850694  0.040459055748  0.030305594595 -0.003389554534  0.065453590258 -0.023264351770  0.178330850694  0.000973119795
  0.440217391304  0.106851074653  0.006105950133  0.230271388399 -0.050333474062  0.258050261633  0.060156840456  0.053231070860 -0.005213795065  0.089772000033 -0.032949412521  0.258050261633 -0.000526253704
  0.442934782609  0.212495764387  0.007822232605  0.052141625832 -0.011723518648  0.079783222726  0.012980539486  0.096728706425  0.000177998091  0.013455289313 -0.005816812161  0.079783222726 -0.001667869262
  0.445652173913  0.164605380364  0.005846887495  0.050024419708 -0.011651683965  0.112994489681  0.011738487265  0.068607296002 -0.000311836925  0.004943701890 -0.003686556256  0.112994489681 -0.003400051909
  0.448369565217  0.239950538531  0.006861352604 -0.109400199156  0.023231865868  0.107464403635 -0.029883415810  0.094940384387  0.004167178925 -0.056716654383  0.019023373930  0.107464403635 -0.002930837233
  0.451086956522  0.076524077882  0.000665254757 -0.147708764623  0.031362829240  0.089211281654 -0.040282345717  0.022570514677  0.004022629947 -0.076138658508  0.025573252810  0.089211281654 -0.003866644643
  0.453804347826  0.108768201031  0.001506030082 -0.197040186653  0.042616606715  0.235783350389 -0.052336386798  0.030614263712  0.005296923170 -0.086062886255  0.030424762914  0.235783350389 -0.001656497281
  0.456521739130 -0.094740275194 -0.005751089750 -0.225922368034  0.048905391559  0.196226439702 -0.059868045319 -0.050723547834  0.004897622965 -0.097371476184  0.034569503052  0.196226439702 -0.001614005703
  0.459239130435 -0.076528452791 -0.003861343781 -0.130543733606  0.028746718170  0.200295988314 -0.033710884344 -0.045848104515  0.002444155767 -0.046515592313  0.017653910169  0.200295988314  0.001269104615
  0.461956521739 -0.216428437937 -0.008626325529 -0.141840304353  0.031277491516  0.143921976436 -0.036512497614 -0.093554901384  0.002212149993 -0.049401083673  0.018908666058  0.143921976436  0.001629921957
  0.464673913043 -0.179794585030 -0.005266577343  0.051275127245 -0.010408938708  0.020680435366  0.014880440920 -0.078604852471 -0.002484606999  0.036173513626 -0.011210364774  0.020680435366  0.003548346296
  0.467391304348 -0.187867474838 -0.005692710254  0.026424020009 -0.005017154998  0.016109880184  0.008315543656 -0.069457143856 -0.001506822391  0.025704976289 -0.007463085874  0.016109880184  0.003423628009
  0.470108695652 -0.135566580344 -0.002099435206  0.217561268614 -0.046734514583  0.193655074456  0.058353796101 -0.048324296117 -0.005990961651  0.101215714263 -0.035094892770  0.193655074456  0.003255891967
  0.472826086957 -0.019082803633  0.001113244279  0.144533431327 -0.030966188672  0.135000445922  0.038889254819  0.007970383454 -0.003217252857  0.068685722509 -0.023657682098  0.135000445922  0.002493315606
  0.475543478261  0.005712930784  0.002624080055  0.243397571697 -0.052993838365  0.276733975529  0.063967040988  0.015062890208 -0.005592794300  0.098804721010 -0.035827202046  0.276733975529  0.000391124452
  0.478260869565  0.174285552806  0.007094191180  0.126418870085 -0.027618089024  0.125817127560  0.033005412145  0.084420577738 -0.001727399710  0.049099556685 -0.018074407139  0.125817127560 -0.000292923060
  0.480978260870  0.122048096303  0.004783487959  0.104176289852 -0.023384502327  0.178462564835  0.026087802998  0.057700802317 -0.001621923749  0.028112745145 -0.011955683743  0.178462564835 -0.003033126704
  0.483695652174  0.255937793898  0.008241810486 -0.001832646810 -0.000160166974  0.012476091609 -0.001558683861  0.105249887727  0.001489456146 -0.012360715162  0.003048490116  0.012476091609 -0.002624776194
  0.486413043478  0.117566143584  0.002440838676 -0.105103322553  0.021934293724  0.034395062009 -0.029354426938  0.044812403084  0.003098788175 -0.061682863622  0.020015072963  0.034395062009 -0.004475936329
  0.489130434783  0.169416236267  0.004092299733 -0.126423762772  0.027013158151  0.152314632776 -0.034198682552  0.056098359484  0.003577853965 -0.061825069559  0.021131118682  0.152314632776 -0.002585537041
  0.491847826087 -0.002614156202 -0.002646499029 -0.239799389336  0.051672689209  0.200123654666 -0.063990718087 -0.012199141330  0.005383808040 -0.107938996119  0.037850029477  0.200123654666 -0.002807051873
  0.494565217391 -0.021382744461 -0.002101069099 -0.137931180022  0.030039354447  0.184138646093 -0.036237206966 -0.026940648283  0.002612177530 -0.055777272013  0.020268394692  0.184138646093 -0.000188335565
  0.497282608696 -0.137608053945 -0.006410925227 -0.211618852475  0.046319536880  0.219034274146 -0.055149856244 -0.065297556211  0.003976220182 -0.080733732662  0.029944027892  0.219034274146  0.000798535845
  0.500000000000 -0.181230591511 -0.005911765136 -0.018832484374  0.004662956184  0.065157330127 -0.003867684377 -0.084881976047 -0.000873114762  0.004031419559 -0.000020163236  0.065157330127  0.002604723496
  0.502717391304 -0.171055324432 -0.005648976329 -0.050993375797  0.011928886546  0.091020204034 -0.011857043328 -0.068169765795  0.000309166261 -0.003831021940  0.003484692894  0.091020204034  0.003721819757
  0.505434782609 -0.203989301688 -0.005015687581  0.141297848763 -0.030109754614  0.128303869074  0.038478045994 -0.079777052135 -0.004289633179  0.071406126501 -0.024200409561  0.128303869074  0.003420105601
  0.508152173913 -0.063775460859 -0.000533629073  0.119769338202 -0.025289957063  0.078462221852  0.032988160418 -0.013347968438 -0.002742970346  0.064823748362 -0.021532776243  0.078462221852  0.003876035763
  0.510869565217 -0.088409107044 -0.000740937230  0.214450636677 -0.046541666981  0.249863614049  0.056870623855 -0.021645030238 -0.004983959056  0.091515771255 -0.032711564767  0.249863614049  0.001380354003
  0.513586956522  0.112986037585  0.005446991434  0.180295612325 -0.039057652010  0.154233694463  0.047810370953  0.060795050211 -0.003087736565  0.077436486113 -0.027604047280  0.154233694463  0.001285315588
  0.516304347826  0.066636118566  0.003187381886  0.133674294202 -0.029663614679  0.207565609490  0.034245888114  0.041424002226 -0.002263957780  0.043884671522 -0.017243613399  0.207565609490 -0.002119289074
  0.519021739130  0.229550426671  0.008061892119  0.100784580103 -0.022357571820  0.091352285831  0.025572887484  0.098683469946 -0.000902674072  0.031413161962 -0.012567096699  0.091352285831 -0.001954574858
  0.521739130435  0.141460194768  0.003644108179 -0.053147793872  0.010756347041  0.029414733901 -0.015873019784  0.061457674900  0.002070681131 -0.040690023506  0.012478085296  0.029414733901 -0.004410085856
  0.524456521739  0.195462963432  0.005464837266 -0.041059919593  0.008441631516  0.049484577706 -0.012359069004  0.069840619765  0.001684411563 -0.031164918485  0.009616011372  0.049484577706 -0.003313944889
  0.527173913043  0.087206721801  0.000501864301 -0.216647970202  0.046911032311  0.176815822411 -0.058793342368  0.027207127728  0.005061308493 -0.102415962769  0.035622296466  0.176815822411 -0.003596644437
  0.529891304348  0.028425204639 -0.000472119774 -0.125359475789  0.027253072222  0.140520876644 -0.033970627948 -0.007565336194  0.002383557338 -0.058190027557  0.020360622824  0.140520876644 -0.001811448076
  0.532608695652 -0.040227013425 -0.003389276605 -0.241255371918  0.053229080219  0.255886336068 -0.064048975560 -0.028818584657  0.004750756545 -0.096997087197  0.035622245892  0.255886336068 -0.000090072163
  0.535326086957 -0.157741192564 -0.005597153442 -0.085139142438  0.018801751032  0.103325210494 -0.021804377148 -0.079884611931  0.000566701370 -0.028716579616  0.011106553377  0.103325210494  0.001196038027
  0.538043478261 -0.128200252135 -0.004568536431 -0.110154210330  0.025011620000  0.168271498934 -0.027672903888 -0.057539656981  0.001551929219 -0.028451146091  0.012372952085  0.168271498934  0.003589076303
  0.540760869565 -0.236510952868 -0.006574278126  0.042943159717 -0.009693570914  0.042921705174  0.013703597433 -0.097674900358 -0.002272251931  0.031333370549 -0.010162142597  0.042921705174  0.003073414489
  0.543478260870 -0.097972272050 -0.001781664824  0.083670561537 -0.018207918902  0.023560174182  0.025013934270 -0.032825798284 -0.002158231955  0.054415662211 -0.017779564820  0.023560174182  0.004684477376
  0.546195652174 -0.160147144214 -0.003263035111  0.149714387044 -0.034200622864  0.179853283581  0.042496109417 -0.051654521134 -0.003734533379  0.070500854371 -0.025308655945  0.179853283581  0.002071558453
  0.548913043478  0.032835639781  0.003006306247  0.206731694830 -0.046725437804  0.161687811555  0.057766696129  0.027642241863 -0.003858131209  0.094570267959 -0.034050663559  0.161687811555  0.002392288669
  0.551630434783  0.008511175472  0.001429685487  0.139755787472 -0.032472357054  0.198638720016  0.038294736631  0.021969107846 -0.002427986213  0.052821516595 -0.020329005448  0.198638720016 -0.001111567134
  0.554347826087  0.162983988908  0.006184148706  0.181876925497 -0.042013594838  0.171514749794  0.049552271631  0.076048819678 -0.002702034060  0.068349779644 -0.026312165559  0.171514749794 -0.001429889452
  0.557065217391  0.145786942281  0.003982564180  0.007153492715 -0.001974200686  0.071532476115 -0.000169919421  0.069922212963  0.000927547481 -0.013255841513  0.003265133463  0.071532476115 -0.003811783345
  0.559782608696  0.185264683762  0.005290298385  0.041915857908 -0.010123219434  0.058159587296  0.009641105257  0.071654295336  0.000022002267  0.001094856882 -0.002198399053  0.058159587296 -0.003789672747
  0.562500000000  0.160037882248  0.002906047868 -0.155866558265  0.036598361192  0.123822166677 -0.046434764793  0.061686186804  0.004024190045 -0.080187878787  0.028811524077  0.123822166677 -0.003654665548
  0.565217391304  0.070391220557  0.000808639664 -0.099839859086  0.023284855037  0.080166576831 -0.030016624244  0.012726790942  0.002037007110 -0.054247399486  0.019183966912  0.080166576831 -0.003035017228
  0.567934782609  0.057207709900 -0.000393864939 -0.226902467205  0.054203104908  0.245283580862 -0.065534545002  0.010479290172  0.004665378492 -0.097039029948  0.036839048495  0.245283580862 -0.000561682279
  0.570652173913 -0.107643689441 -0.004246829386 -0.138849975046  0.033106466089  0.126238228818 -0.039845589503 -0.061194485732  0.001855669613 -0.058169772619  0.022172908130  0.126238228818 -0.000070349420
  0.573369565217 -0.069796911098 -0.002935836661 -0.146678984301  0.035818979836  0.210612527931 -0.040909616205 -0.039434391614  0.002362520138 -0.048134359163  0.020024493229  0.210612527931  0.003222258146
  0.576086956522 -0.224795622232 -0.006511104625 -0.057489466418  0.014165186433  0.050003444023 -0.015318865666 -0.098137471262 -0.000147461880 -0.013453353319  0.006370373069  0.050003444023  0.002562521107
  0.578804347826 -0.116735660040 -0.002530109149  0.035090319917 -0.007515450751  0.045753076706  0.012316145861 -0.048050765761 -0.001325074847  0.034710464072 -0.010926851897  0.045753076706  0.004918398470
  0.581521739130 -0.198011784321 -0.004624914080  0.066568075722 -0.015586065242  0.084409397843  0.020584326973 -0.071756325097 -0.002125777992  0.039204195103 -0.013728010841  0.084409397843  0.002769331048
  0.584239130435 -0.048943709994  0.000558136069  0.195288808722 -0.046463599480  0.142846096157  0.058058784158 -0.010240003233 -0.003935643105  0.095152254403 -0.034969395042  0.142846096157  0.003301855285
  0.586956521739 -0.045751452712 -0.000109892294  0.124683229688 -0.030018574602  0.157785167160  0.036411077549 -0.000385490238 -0.002268245392  0.054204179934 -0.020612819075  0.157785167160  0.000486377471
  0.589673913043  0.073674357568  0.003845547780  0.226671663568 -0.054821794790  0.220014206694  0.065605135082  0.041195090499 -0.003870034812  0.093082482701 -0.036038931919  0.220014206694 -0.000447268039
  0.592391304348  0.126324653153  0.003828265493  0.063525602704 -0.015805052688  0.102334825000  0.017426762610  0.066686499332 -0.000247569556  0.017040241351 -0.007710504782  0.102334825000 -0.002357863309
  0.595108695652  0.145194611457  0.004562328703  0.114378329338 -0.028370885262  0.149066526126  0.031655742773  0.061763126375 -0.001469192032  0.033007270882 -0.014514273034  0.149066526126 -0.003672220267
  0.597826086957  0.202860429180  0.004650440433 -0.072605439972  0.016885261121  0.054849292159 -0.022559905984  0.085169815193  0.002499200708 -0.044143615473  0.015340336718  0.054849292159 -0.003389486057
  0.600543478261  0.097690832783  0.001810007435 -0.056246968467  0.012743258322  0.014990830764 -0.018124170692  0.030478149516  0.001356784463 -0.040572962078  0.013556172868  0.014990830764 -0.004204151785
  0.603260869565  0.141409378992  0.002243688413 -0.175370015624  0.042078252645  0.195874594556 -0.051678707140  0.047161602437  0.003857152261 -0.080080775469  0.030046655531  0.195874594556 -0.001640756735
  0.605978260870 -0.043848860223 -0.002687361161 -0.164848516287  0.039456789923  0.125822701241 -0.048700581046 -0.032950300568  0.002612547421 -0.076696895614  0.028609786899  0.125822701241 -0.001900416592
  0.608695652174 -0.000694661475 -0.001174609039 -0.156052547893  0.038080210458  0.216338292932 -0.044649763132 -0.014974727124  0.002646901149 -0.058494410830  0.023374290494  0.216338292932  0.001690720813
  0.611413043478 -0.177836642549 -0.005805801842 -0.144457942556  0.035186751983  0.126584585439 -0.041397175803 -0.082103503941  0.001670764281 -0.054981466132  0.021850571991  0.126584585439  0.001352348699
  0.614130434783 -0.113484519636 -0.002862714030 -0.015470829294  0.004582393349  0.091509706909 -0.002750937810 -0.054337978896 -0.000459776621  0.010245374718 -0.001911562127  0.091509706909  0.004133369055
  0.616847826087 -0.201580837466 -0.005301940195 -0.027116049275  0.007179655009  0.025151337715 -0.006548616409 -0.078532941847 -0.000377766816  0.001293172670  0.001038245015  0.025151337715  0.003121061019
  0.619565217391 -0.118361513755 -0.001659540639  0.153244744948 -0.036281917825  0.102244451958  0.046150536015 -0.044879943542 -0.003404100150  0.079499476999 -0.028773694120  0.102244451958  0.003798823491
  0.622282608696 -0.089064879932 -0.001452710171  0.085877606419 -0.020309296821  0.089597840969  0.025915644458 -0.021011273668 -0.001683434198  0.045043845982 -0.016254672107  0.089597840969  0.002249727762
  0.625000000000 -0.025150328200  0.001201566143  0.231616116885 -0.055841552599  0.229154126485  0.067666343824  0.000225344803 -0.004224853529  0.100167288802 -0.038224372658  0.229154126485  0.000804720674
  0.627717391304  0.087635208046  0.003151219686  0.104513620985 -0.025332932325  0.112017604486  0.030225468624  0.052668759876 -0.001124795008  0.042338591664 -0.016490560292  0.112017604486 -0.000342177439
  0.630434782609  0.079897821990  0.003144976842  0.162596156485 -0.039886744037  0.209703572528  0.046083192271  0.040547640467 -0.002452949094  0.056705960144 -0.023249365126  0.209703572528 -0.002797269873
  0.633152173913  0.209542334578  0.005482041847  0.019197152806 -0.005127188139  0.022913050302  0.004528517251  0.092755720604  0.000826497440 -0.001894793895 -0.000474721382  0.022913050302 -0.002450704003
  0.635869565217  0.104288311743  0.002323197259 -0.007539613762  0.000897629552  0.064462610636 -0.004095904035  0.040888772890  0.000603262301 -0.021441554243  0.006034592553  0.064462610636 -0.004521682898
  0.638586956522  0.196465324160  0.004218062641 -0.093885344076  0.022239800195  0.114047753700 -0.028288330442  0.073327789641  0.002504817462 -0.048695455308  0.017636286306  0.114047753700 -0.002327588494
  0.641304347826  0.022896478022 -0.000895974258 -0.163071859636  0.038759575298  0.105262545827 -0.048763116354 -0.000871302684  0.002857520924 -0.081338565183  0.029767462645  0.105262545827 -0.003250383517
  0.644021739130  0.063627220701  0.000585860634 -0.134209051142  0.032451305068  0.180712194514 -0.039031913256  0.010344319983  0.002379243284 -0.056258667846  0.021688799620  0.180712194514 -0.000031260063
  0.646739130435 -0.101574381536 -0.004160041921 -0.202748742817  0.049012798186  0.178834024866 -0.058921818814 -0.051860728297  0.002956302437 -0.084776405626  0.032703613737  0.178834024866 -0.000002256802
  0.649456521739 -0.092057518588 -0.002668556344 -0.057268496954  0.014382218301  0.115996411227 -0.015535466460 -0.051045242926  0.000278227369 -0.013313729421  0.006435351323  0.115996411227  0.002628922171
  0.652173913043 -0.166778331428 -0.004899571850 -0.111194108120  0.027464055889  0.121760615885 -0.031099362753 -0.069583657651  0.001178907963 -0.034860951682  0.014870965349  0.121760615885  0.002872213897
  0.654891304348 -0.164573924869 -0.003355904576  0.088124708098 -0.020600960021  0.049693666232  0.027095952668 -0.069978794667 -0.002426731856  0.050972049393 -0.017944194367  0.049693666232  0.003493281306
  0.657608695652 -0.110548071281 -0.002290849819  0.034406452385 -0.007617590802  0.012943789337  0.011451703757 -0.035132482883 -0.000901765958  0.028293784155 -0.009216214948  0.012943789337  0.003438719042
  0.660326086957 -0.115349228971 -0.001397718680  0.194497920640 -0.046682756661  0.198408881608  0.057267288295 -0.038989780154 -0.003814458400  0.088261235595 -0.033214804512  0.198408881608  0.001720668359
  0.663043478261  0.038736427465  0.002067828651  0.125481920120 -0.030013342809  0.100676889317  0.037118072041  0.031127956097 -0.001685543602  0.058730627863 -0.021894519598  0.100676889317  0.001555462310
  0.665760869565  0.002909996634  0.001270878572  0.176384570500 -0.042966629796  0.228677679295  0.050624007538  0.012612438384 -0.002831830110  0.067488796749 -0.026814784900  0.228677679295 -0.001540722557
  0.668478260870  0.179984863572  0.005274325414  0.103707791867 -0.025289729941  0.086858806757  0.029651155565  0.083495707589 -0.000751167668  0.038775265027 -0.015520518647  0.086858806757 -0.001125128108
  0.671195652174  0.091130238112  0.002310704747  0.036068710961 -0.009537433918  0.114833435476  0.008808218942  0.042791538231 -0.000074411157 -0.001030066371 -0.001575696475  0.114833435476 -0.003982554983
  0.673913043478  0.212603971165  0.005201503028  0.001552212166 -0.000868616182  0.016960393243 -0.000612867536  0.084220142798  0.000899699822 -0.009410282602  0.002406161756  0.016960393243 -0.002483646885
  0.676630434783  0.081727013917  0.000831757744 -0.135375176811  0.031943765394  0.070661037370 -0.040960916947  0.029413389934  0.002641758782 -0.072072551769  0.025925179596  0.070661037370 -0.003836973738
  0.679347826087  0.110478994869  0.001999088577 -0.087511378380  0.020847048068  0.112302659822 -0.026099037178  0.031322669042  0.001705504756 -0.042860965765  0.015779115271  0.112302659822 -0.001555683225
  0.682065217391 -0.010373694676 -0.001927739233 -0.222910656417  0.053650523638  0.198779418720 -0.065279467804 -0.013417950578  0.003583453996 -0.097866679365  0.037207672160  0.198779418720 -0.001175005269
  0.684782608696 -0.058424490926 -0.002070961577 -0.084662880706  0.020624817576  0.115541556822 -0.024275170337 -0.039743692107  0.000817921557 -0.032221796518  0.012825965210  0.115541556822  0.000777553030
  0.687500000000 -0.101814050491 -0.003593363231 -0.170117273111  0.041567690190  0.193890580550 -0.048531764251 -0.047389730170  0.002307132065 -0.062333793018  0.025141751934  0.193890580550  0.002156018709
  0.690217391304 -0.181207562226 -0.004308102240  0.011541143538 -0.002285159472  0.013418795338  0.004432161275 -0.081713381393 -0.001204064654  0.015040936584 -0.004560800059  0.013418795338  0.002525628123
  0.692934782609 -0.108125477626 -0.002536449303 -0.018448766368  0.005256994719  0.072153056032 -0.003723816390 -0.040727539099 -0.000104838968  0.008028332599 -0.001169741284  0.072153056032  0.003890691409
  0.695652173913 -0.181090537895 -0.003493548804  0.123504864516 -0.029430843557  0.134637506554  0.036822550325 -0.069280403511 -0.002805847201  0.060331653206 -0.022235112242  0.134637506554  0.002162072270
  0.698369565217 -0.011933520613  0.000802815318  0.125133240704 -0.029637548936  0.073198887968  0.037614299957  0.006136379559 -0.001912227080  0.064283480154 -0.023351868246  0.073198887968  0.002976322603
  0.701086956522 -0.070329729648 -0.000649190801  0.155020793849 -0.037524623880  0.204136095437  0.044992394066 -0.016118083705 -0.002630643478  0.064029484489 -0.024824365987  0.204136095437 -0.000176125348
  0.703804347826  0.120654287927  0.004164918887  0.166975437368 -0.040301299187  0.134825117241  0.048630246021  0.059747811473 -0.002006667924  0.070812695962 -0.027217289360  0.134825117241  0.000273364571
  0.706521739130  0.063197214422  0.001873454204  0.067316837628 -0.016844454685  0.139178238779  0.018400276656  0.036934933181 -0.000580429436  0.016905181255 -0.007906699746  0.139178238779 -0.002771529090
  0.709239130435  0.188458684853  0.005112106997  0.092878094359 -0.022884165808  0.083454650367  0.026068016293  0.078452976768 -0.000656748135  0.030023451098 -0.012669947065  0.083454650367 -0.002161279692
  0.711956521739  0.123970498177  0.002230968826 -0.087681020150  0.020462938151  0.030272677446 -0.027014593921  0.053001205843  0.002061050712 -0.051241864687  0.018004472683  0.030272677446 -0.003620026193
  0.714673913043  0.131993467712  0.002832493511 -0.026847464515  0.005960163656  0.026388659481 -0.008922640211  0.044139626537  0.000814789040 -0.021869890275  0.007143548072  0.026388659481 -0.002634448999
  0.717391304348  0.079312884663  0.000445351149 -0.202836617921  0.048651755182  0.184512608723 -0.059788200687  0.025964302305  0.003535789853 -0.092566949678  0.034805794947  0.184512608723 -0.001951333595
  0.720108695652 -0.019543431334 -0.001238282111 -0.095158558087  0.022792252419  0.092644657527 -0.028092567107 -0.023119024448  0.001127843137 -0.043922326490  0.016455533927  0.092644657527 -0.001038768740
  0.722826086957 -0.020272530101 -0.001721375076 -0.193961365588  0.047146632318  0.228062211468 -0.055896998132 -0.016893367708  0.002870802403 -0.076243646234  0.030050556218  0.228062211468  0.001168960122
  0.725543478261 -0.166882270893 -0.004434357462 -0.063567177790  0.015587202439  0.059430994042 -0.017964870259 -0.078709659124  0.000052492697 -0.021833483508  0.009006582886  0.059430994042  0.001158814793
  0.728260869565 -0.084644337349 -0.002232179333 -0.062283447274  0.015798480143  0.132149516733 -0.016588498284 -0.037661236345  0.000558277516 -0.011438576134  0.006209975542  0.132149516733  0.003602429144
  0.730978260870 -0.211467818780 -0.004754508698  0.032521854283 -0.007475631033  0.050020040597  0.010395603054 -0.085403360122 -0.001438852842  0.022146990094 -0.007526110475  0.050020040597  0.002111595457
  0.733695652174 -0.056627611539 -0.000425558676  0.105423696145 -0.024760469880  0.037345222760  0.032227703862 -0.018037645750 -0.001829879288  0.058927017278 -0.020956196104  0.037345222760  0.003690274730
  0.736413043478 -0.125972546153 -0.002237729937  0.104443188608 -0.025107178309  0.142191990689  0.030874017379 -0.039930093771 -0.001968924114  0.047842242527 -0.017997476940  0.142191990689  0.001036643495
  0.739130434783  0.042577362071  0.002422793698  0.199064236443 -0.047896325987  0.158474074683  0.058539954259  0.026252098970 -0.002784613716  0.088942686493 -0.033688964192  0.158474074683  0.001441563980
  0.741847826087  0.027456303368  0.001168212357  0.082227007275 -0.020159951513  0.134414997696  0.023441041314  0.025314364862 -0.000870751941  0.029560750360 -0.012019786907  0.134414997696 -0.001190169905
  0.744565217391  0.129918931343  0.004056614519  0.163457060398 -0.039880343053  0.162992676558  0.046935059295  0.057789562160 -0.001904385359  0.062161238359 -0.024793848635  0.162992676558 -0.001508940392
  0.747282608696  0.143925785329  0.003102377606 -0.028130331970  0.006375748515  0.019112722122 -0.009482048482  0.066327977988  0.001243571963 -0.022810650792  0.007528599658  0.019112722122 -0.002724103248
  0.750000000000  0.125947318823  0.002983149868  0.034920368194 -0.009016616415  0.063806068520  0.008758163680  0.046953854866 -0.000087872169  0.001939489127 -0.002266119397  0.063806068520 -0.003119172592
  0.752717391304  0.151879020520  0.002507507523 -0.146551073588  0.035432579002  0.138156236512 -0.044057108807  0.059155521613  0.002898528268 -0.070354471972  0.026274774753  0.138156236512 -0.002191485018
  0.755434782609  0.018660725645 -0.000327002932 -0.089600424953  0.021405654690  0.054502908085 -0.027348906838 -0.004132004997  0.001224638706 -0.047356454838  0.017193872574  0.054502908085 -0.002422519665
  0.758152173913  0.061845494575  0.000293409769 -0.178923537289  0.043983275023  0.217851420510 -0.052734776835  0.015695514671  0.002842794473 -0.074465374385  0.029094188795  0.217851420510  0.000208843205
  0.760869565217 -0.123617489676 -0.003712165023 -0.125933315810  0.030632551255  0.098045772688 -0.036951973373 -0.061691668265  0.001155505533 -0.053547663898  0.020667161232  0.098045772688 -0.000190823570
  0.763586956522 -0.047081227704 -0.001509277308 -0.089569326994  0.022557263927  0.163699134657 -0.025262905044 -0.027457694505  0.000990878123 -0.026692984437  0.011709269216  0.163699134657  0.002778987264
  0.766304347826 -0.200745463174 -0.004883298358 -0.062656938464  0.015260506659  0.043756152382 -0.017209419544 -0.084619740211  0.000003271252 -0.019181203461  0.008135074221  0.043756152382  0.001702461464
  0.769021739130 -0.090453248555 -0.001408169490  0.069258084295 -0.016912129542  0.014404958335  0.022707321595 -0.037830984230 -0.001487779619  0.043648631434 -0.015565678444  0.014404958335  0.003562024295
  0.771739130435 -0.154258157799 -0.003099418278  0.035940046366 -0.009277808741  0.054702628198  0.012332714868 -0.054788935379 -0.001072902167  0.022856867148 -0.008315246606  0.054702628198  0.001767824975
  0.774456521739 -0.042269326735  0.000396332616  0.193060475862 -0.048704375218  0.150721087212  0.059801874229 -0.011309504351 -0.003000006654  0.089917729362 -0.034751563846  0.150721087212  0.001877017279
  0.777173913043 -0.010933839979  0.000338903322  0.083008130596 -0.021191682237  0.104790513406  0.025551407825  0.009378377682 -0.001021155675  0.036206313958 -0.014275854603  0.104790513406  0.000113924772
  0.779891304348  0.048008705052  0.002254647448  0.199179222839 -0.051199548637  0.206828074716  0.060835038223  0.026221017733 -0.002653669911  0.081377048852 -0.032873294937  0.206828074716 -0.001070245289
  0.782608695652  0.135506735416  0.003121839668  0.037594339927 -0.009580736859  0.055937759277  0.010407049466  0.065990687124  0.000251525138  0.009546308314 -0.004391557649  0.055937759277 -0.001664217162
  0.785326086957  0.096736297143  0.002442655855  0.085562362853 -0.022567895367  0.134511583838  0.025039827158  0.040288218068 -0.000838164861  0.024809517824 -0.011291394014  0.134511583838 -0.003132496767
  0.788043478261  0.190980394235  0.003600433698 -0.062631596591  0.016465482689  0.064737322418 -0.021068862780  0.079399883554  0.001795863537 -0.034761498460  0.013282955566  0.064737322418 -0.001911033725
  0.790760869565  0.053768624284  0.000530185037 -0.068691356176  0.017545379039  0.011274064816 -0.023062243692  0.015426210019  0.001126832835 -0.041061551731  0.015256047565  0.011274064816 -0.002953003350
  0.793478260870  0.126899510788  0.001834535507 -0.131052093512  0.034613657372  0.164641222040 -0.041835904161  0.044608074924  0.002344413798 -0.058408591110  0.023500036732  0.164641222040 -0.000337825491
  0.796195652174 -0.056153781161 -0.002269929022 -0.161519851696  0.042327826158  0.115215881520 -0.051506145492 -0.032212944219  0.001965390738 -0.073684347139  0.029361668819  0.115215881520 -0.000932437449
  0.798913043478 -0.002862717863 -0.000621937378 -0.101359421725  0.027120595464  0.162583413320 -0.031393754118 -0.010904557942  0.001288338042 -0.037343478975  0.015916183896  0.162583413320  0.001812128713
  0.801630434783 -0.150584507803 -0.003971854157 -0.140464468420  0.037278843637  0.122539504674 -0.043963723693 -0.066566042427  0.001326987269 -0.056283367364  0.023339293651  0.122539504674  0.001275072586
  0.804347826087 -0.104620201386 -0.001941729284  0.018598605960 -0.004448912958  0.046905473821  0.007243657845 -0.048262954907 -0.000820103566  0.018767202209 -0.006383460716  0.046905473821  0.002840918555
  0.807065217391 -0.151622203078 -0.003258191919 -0.036228629636  0.009932001450  0.041120136365 -0.010523683051 -0.058686231953 -0.000044147172 -0.007783837699  0.004075224676  0.041120136365  0.002122311007
  0.809782608696 -0.113888720680 -0.001353008814  0.149432310448 -0.039314658554  0.114201859944  0.048544656967 -0.045224877088 -0.002620671065  0.072349411248 -0.028541873191  0.114201859944  0.001922805864
  0.812500000000 -0.046036543678 -0.000455843711  0.065230666762 -0.017082387812  0.052931982902  0.021379428517 -0.008986663481 -0.000947117293  0.033179453176 -0.012917900917  0.052931982902  0.001264979740
  0.815217391304 -0.039671931614  0.000372345770  0.197067370126 -0.052387870477  0.211406972191  0.062762586017 -0.010816813609 -0.002903303293  0.084731050512 -0.034565258759  0.211406972191 -0.000322308211
  0.817934782609  0.101796729923  0.002662172144  0.089328214029 -0.023761803036  0.078099495252  0.028332853177  0.051763796147 -0.000668943909  0.037637607520 -0.015435297253  0.078099495252 -0.000348016706
  0.820652173913  0.047426300751  0.001600832084  0.121814542279 -0.032793899515  0.181538027415  0.037856536582  0.023506186653 -0.001469647925  0.044359954206 -0.019057524268  0.181538027415 -0.002347704125
  0.823369565217  0.194170606033  0.004109664112  0.027870930477 -0.007623564641  0.015258082824  0.008276291954  0.083610308239  0.000482187617  0.007162055172 -0.003485820738  0.015258082824 -0.001331418626
  0.826086956522  0.072554880690  0.001152013289 -0.031285019836  0.007779073841  0.046145002980 -0.011238952968  0.028901910779  0.000730755421 -0.024196454157  0.008590847503  0.046145002980 -0.002828884380
  0.828804347826  0.169318329763  0.003062382402 -0.058115873789  0.015283142172  0.083325111281 -0.019004943723  0.065477924555  0.001447462451 -0.028900475992  0.011336313778  0.083325111281 -0.000947923411
  0.831521739130  0.015197851868 -0.000757573370 -0.163308370166  0.043088978958  0.105400483286 -0.052849178569  0.001354396566  0.002280834989 -0.077085811458  0.030640707007  0.105400483286 -0.001573962526
  0.834239130435  0.045079663526  0.000385973142 -0.088622881668  0.023628708669  0.128754053013 -0.028142530670  0.009858257273  0.001270598886 -0.037190035342  0.015291859786  0.128754053013  0.000393467346
  0.836956521739 -0.075372347025 -0.002655728313 -0.190974128124  0.050817681279  0.174083418574 -0.060799934729 -0.035525814193  0.002287493499 -0.081653709261  0.033382396474  0.174083418574  0.000434812525
  0.839673913043 -0.094660805521 -0.002043378455 -0.028927541229  0.007970883143  0.072157526932 -0.008554275269 -0.046352926283 -0.000124580687 -0.006867252356  0.003466121353  0.072157526932  0.001540568054
  0.842391304348 -0.119063202899 -0.002933219734 -0.104125398031  0.028005192049  0.127314808303 -0.032447321045 -0.049005712758  0.000963707445 -0.038586866785  0.016488643334  0.127314808303  0.001826881965
  0.845108695652 -0.160258610305 -0.002702654319  0.081337970783 -0.021338109559  0.059291936600  0.026672284832 -0.067986869657 -0.001827390245  0.041185271565 -0.016075976620  0.059291936600  0.001530086829
  0.847826086957 -0.068402329748 -0.001095784785  0.030190676761 -0.007679363966  0.013798020760  0.010449294882 -0.022974550660 -0.000602636999  0.019973193987 -0.007317492925  0.013798020760  0.001824984959
  0.850543478261 -0.118840510823 -0.001463608481  0.156683628617 -0.041588038669  0.175016107012  0.050204879545 -0.045672676738 -0.002590827553  0.069508829586 -0.028125863651  0.175016107012  0.000315017919
  0.853260869565  0.051979634859  0.001795431724  0.118757807019 -0.031415576177  0.078612485113  0.038236589696  0.028524573716 -0.001292637547  0.054408895385 -0.021808162019  0.078612485113  0.000705383311
  0.855978260870 -0.013781268667  0.000429942182  0.130600417851 -0.034943907630  0.190237903847  0.041181002837 -0.000679713790 -0.001756418611  0.052334260565 -0.021825052891  0.190237903847 -0.001238797595
  0.858695652174  0.160261186739  0.003835543201  0.109730798475 -0.029244106036  0.084042154413  0.034796202225  0.070334840148 -0.000771312810  0.045824742316 -0.018863934887  0.084042154413 -0.000538598210
  0.861413043478  0.071662005527  0.001388744241  0.007959854589 -0.002498003826  0.085803069074  0.001646641545  0.032318412390  0.000235185617 -0.004109029678  0.000777150521  0.085803069074 -0.002032869320
  0.864130434783  0.176337567557  0.003624757697  0.026878249214 -0.007315409826  0.012672271202  0.008125448660  0.071382927427  0.000324961897  0.007967432787 -0.003675900997  0.012672271202 -0.001002273983
  0.866847826087  0.078001034057  0.000709937746 -0.134775504405  0.035525550882  0.075318598311 -0.043736637012  0.031287735686  0.002128903544 -0.064521643342  0.025558002128  0.075318598311 -0.001543638897
  0.869565217391  0.081243958279  0.001268755349 -0.053494796773  0.014126057238  0.065836092363 -0.017321368774  0.027596845935  0.000942896215 -0.025231341932  0.010037120428  0.065836092363 -0.000509375473
  0.872282608696  0.012457654406 -0.000914538559 -0.202512463808  0.053784358745  0.189018743537 -0.064761491134  0.002322348836  0.002728817402 -0.088882538020  0.036073789611  0.189018743537 -0.000157507534
  0.875000000000 -0.067048845470 -0.001696298514 -0.063886276508  0.017038409655  0.076338233535 -0.020241148800 -0.034312440495  0.000466282200 -0.026501085413  0.010932869822  0.076338233535  0.000361858239
  0.877717391304 -0.060248195453 -0.001978755810 -0.149117156068  0.039843103969  0.185996327930 -0.047115768081 -0.026543285445  0.001724185834 -0.060643832387  0.025175263510  0.185996327930  0.001170993072
  0.880434782609 -0.173460255847 -0.003390715653  0.001974776978 -0.000387221854  0.003360340177  0.001009459646 -0.075097437038 -0.000787156184  0.003913966479 -0.001238462883  0.003360340177  0.000815305035
  0.883152173913 -0.071007353129 -0.001373299966 -0.010203486713  0.003017111921  0.076425600781 -0.002539203616 -0.028026446455 -0.000126242613  0.001632996285  0.000053013047  0.076425600781  0.001630404773
  0.885869565217 -0.172280077354 -0.002892413097  0.085208606948 -0.022570069958  0.106046295361  0.027448778678 -0.070101419031 -0.001801827294  0.038930899070 -0.015628571029  0.106046295361  0.000474172300
  0.888586956522 -0.002138602898  0.000703587542  0.122625052616 -0.032375997519  0.059824991647  0.039645206343  0.002591961371 -0.001568971236  0.057506377995 -0.022906700458  0.059824991647  0.001086165399
  0.891304347826 -0.071951539691 -0.000814336211  0.108810324296 -0.028992692812  0.158232378382  0.034606968979 -0.025765255496 -0.001650501847  0.046068162684 -0.018899798839  0.158232378382 -0.000369229939
  0.894021739130  0.096903182504  0.002831889738  0.166809740078 -0.044300420511  0.131590679724  0.053305775973  0.043076559523 -0.001753370448  0.072992048426 -0.029647667745  0.131590679724  0.000075551227
  0.896739130435  0.053834468727  0.001232221977  0.039426679456 -0.010670302821  0.103432188776  0.012134824849  0.026093669778 -0.000232684577  0.013317478945 -0.005871589967  0.103432188776 -0.001037765351
  0.899456521739  0.146142400998  0.003398125426  0.105462479210 -0.028136081143  0.102630313383  0.033379133444  0.060662049085 -0.000793696969  0.043478537074 -0.017971398746  0.102630313383 -0.000666097222
  0.902173913043  0.121048249700  0.001857991300 -0.083457147326  0.021994305672  0.034277883852 -0.027119387362  0.051608412442  0.001596621697 -0.040184036423  0.015898043095  0.034277883852 -0.001017882763
  0.904891304348  0.096559596230  0.001803520100 -0.005095403476  0.001221275807  0.012325972002 -0.001965224574  0.037073738022  0.000397501678 -0.005007042716  0.001710457550  0.012325972002 -0.000745031543
  0.907608695652  0.095112236709  0.000883515655 -0.173732656850  0.046111871914  0.166834626826 -0.055654402197  0.038557018211  0.002613201406 -0.076978099736  0.031164368791  0.166834626826 -0.000331857906
  0.910326086957 -0.030005238935 -0.001047845338 -0.080756524027  0.021394965530  0.059054120359 -0.025930254322 -0.016572837954  0.000850509191 -0.036376242697  0.014653772977  0.059054120359 -0.000315473094
  0.913043478261  0.011863693781 -0.000622175627 -0.161411311411  0.042993742836  0.205504756909 -0.051333186206  0.003344002942  0.002097424577 -0.068399629917  0.028051941745  0.205504756909  0.000526642781
  0.915760869565 -0.153088554641 -0.003349457055 -0.072906723671  0.019384258896  0.053523312503 -0.023204943903 -0.066315059724  0.000281106495 -0.031220786064  0.012757012237  0.053523312503  0.000146398745
  0.918478260870 -0.054309012453 -0.001244827533 -0.045415110928  0.012253651295  0.122455540292 -0.014065715441 -0.023193108842  0.000354806802 -0.016078691973  0.006977502594  0.122455540292  0.000996574953
  0.921195652174 -0.189768911638 -0.003648192772 -0.002179661881  0.000608590692  0.019613905460 -0.000555650671 -0.078866756545 -0.000721929845  0.000050921715  0.000088999957  0.019613905460  0.000263734628
  0.923913043478 -0.049654623957 -0.000361179880  0.103009922842 -0.027214398883  0.028605875737  0.033283796407 -0.019979071575 -0.001495869465  0.048078813738 -0.019181057735  0.028605875737  0.000851691930
  0.926630434783 -0.113830007331 -0.001844530749  0.061568080787 -0.016368478884  0.092768217811  0.019694521295 -0.045145196636 -0.001191022018  0.026945390063 -0.010952065560  0.092768217811  0.000025922737
  0.929347826087  0.017727370046  0.001360400860  0.189293656605 -0.050241010267  0.150044870104  0.060599061377  0.008393190014 -0.002307829419  0.083638162892 -0.033884790561  0.150044870104  0.000303157104
  0.932065217391  0.025363771710  0.000779098159  0.056519034913 -0.015069535310  0.094517880656  0.017930254446  0.013227819598 -0.000566047464  0.023598680265 -0.009720102680  0.094517880656 -0.000277967759
  0.934782608696  0.085573977062  0.002471101185  0.161393067840 -0.042922270767  0.169677879763  0.051445724892  0.035819501473 -0.001690934338  0.069485974245 -0.028361837205  0.169677879763 -0.000229189428
  0.937500000000  0.137921093189  0.002501928252 -0.020945961407  0.005515897895  0.007588910860 -0.006865464860  0.059086674456  0.000832836831 -0.010453928568  0.004102815082  0.007588910860 -0.000351587033
  0.940217391304  0.087592197979  0.001872743100  0.044731842342 -0.011963281742  0.088241221787  0.014079837163  0.035513893295 -0.000233297615  0.017803330863 -0.007438159035  0.088241221787 -0.000452222667
  0.942934782609  0.156531211485  0.002376248506 -0.111691362836  0.029678339270  0.114298045122 -0.035770203043  0.065487118671  0.002009966192 -0.049221138747  0.019968046594  0.114298045122 -0.000138855529
  0.945652173913  0.007412227488 -0.000290878638 -0.078498467431  0.020793218116  0.025636646829 -0.025242873992  0.001628020792  0.000979855130 -0.035595197495  0.014317166357  0.025636646829 -0.000369438355
  0.948369565217  0.081628072780  0.000826434545 -0.138576281677  0.036878819722  0.182716180199 -0.044221347532  0.033516726520  0.002027818995 -0.059792446972  0.024403043207  0.182716180199  0.000168179544
  0.951086956522 -0.105151128097 -0.002663270496 -0.129460264677  0.034359281196  0.089203854308 -0.041429454122 -0.044802716197  0.001174541940 -0.057116460227  0.023148961529  0.089203854308 -0.000186963292
  0.953804347826 -0.023462896536 -0.000772716736 -0.066746359716  0.017804278735  0.140644977001 -0.021182485701 -0.010331028349  0.000721968682 -0.027862635405  0.011481065067  0.140644977001  0.000330901612
  0.956521739130 -0.168628168025 -0.003618713337 -0.087568958619  0.023230065841  0.066650545970 -0.027982650974 -0.070354413188  0.000421015166 -0.038462537386  0.015601283640  0.066650545970 -0.000085174177
  0.959239130435 -0.082198790321 -0.001186840345  0.066316955281 -0.017608937549  0.005984266142  0.021350651632 -0.034650923410 -0.001138589962  0.029952411723 -0.012076847049  0.005984266142  0.000273113759
  0.961956521739 -0.130005282254 -0.002432043167 -0.000431779837  0.000057659984  0.007950714061 -0.000118618997 -0.053662241302 -0.000488880573 -0.000425554620  0.000127305097  0.007950714061 -0.000073897191
  0.964673913043 -0.061361538445 -0.000248166703  0.174401268113 -0.046426056233  0.138220061928  0.055887921155 -0.026020316634 -0.002371193225  0.076523459460 -0.031114215968  0.138220061928  0.000115765360
  0.967391304348 -0.005701667227  0.000183543565  0.056772863775 -0.015131902162  0.061334047899  0.018163601407 -0.001817259500 -0.000702563449  0.024622804083 -0.010047069272  0.061334047899 -0.000040594693
  0.970108695652  0.007542807997  0.001071168840  0.183236973112 -0.048832936164  0.200754245873  0.058724772965  0.002513941445 -0.002203057819  0.080085751463 -0.032618158533  0.200754245873  0.000030994794
  0.972826086957  0.127440062042  0.002565668955  0.040437362529 -0.010670954198  0.041068499366  0.012886931202  0.053514634504  0.000010160605  0.017898439635 -0.007225754990  0.041068499366  0.000088333832
  0.975543478261  0.056805189981  0.001472448676  0.083896947645 -0.022347057909  0.145565504851  0.026911304040  0.023130841379 -0.000801247528  0.036867597006 -0.014994407169  0.145565504851  0.000070415953
  0.978260869565  0.185117354492  0.003262764293 -0.028947888331  0.008034558516  0.042165868816 -0.009494832156  0.077677746505  0.001072841531 -0.011952246404  0.005065373878  0.042165868816  0.000245571555
  0.980978260870  0.037917264065  0.000394040930 -0.060262708363  0.016254671548  0.015142359665 -0.019456481722  0.015776651291  0.000868850983 -0.025967854078  0.010693743925  0.015142359665  0.000125798517
  0.983695652174  0.134021185679  0.002022509039 -0.085041851913  0.023205322459  0.121366105388 -0.027713503384  0.056812304933  0.001553030961 -0.036490373761  0.015153420812  0.121366105388  0.000273647398
  0.986413043478 -0.039117161455 -0.001498895920 -0.158060230199  0.042601577964  0.098823230533 -0.051186737218 -0.015741924046  0.001741695462 -0.069162875504  0.028375855681  0.098823230533  0.000039542977
  0.989130434783  0.013525611789 -0.000100676654 -0.069640496593  0.018943662080  0.104393992397 -0.022726578617  0.006808001320  0.000900339680 -0.030401816589  0.012555471929  0.104393992397  0.000069517648
  0.991847826087 -0.112245888297 -0.002777215156 -0.152748648090  0.041229906334  0.000000000000 -0.049726237808 -0.046158337248  0.001382886259 -0.067907422389  0.027800225735  0.000000000000 -0.000242900591
  0.994565217391 -0.091428955598 -0.001493808585  0.026608028557 -0.007687623505  0.035817872668  0.009049801039 -0.037507025626 -0.000662506209  0.011008528345 -0.004783512617  0.035817872668 -0.000287487859
  0.997282608696 -0.096373335541 -0.001720918195 -0.001681432115 -0.000011554437  0.015839612722 -0.000329739769 -0.040128367090 -0.000356341391 -0.002284927288  0.000611441436  0.015839612722 -0.000515039629
  1.000000000000  0.000000000000  0.003104511591  0.617444445829 -0.171510322063  0.017081900207  0.206179656114  0.000000000000 -0.007262279688  0.274427910548 -0.114430153460  0.017081900207  0.000000000000
