             Rad         v_r[Re]         v_t[Re]         v_x[Re]         p[Re]          p_mg[Re]  p_no_phase[Re]         v_r[Im]         v_t[Im]         v_x[Im]         p[Im]          p_mg[Im]  p_no_phase[Im]
  0.100000000000 -0.058759721380  0.041249988613 -0.594011782475  0.094408692964  0.307752229712  0.088386762020 -0.314135550941  0.052031572247  0.268127153076 -0.110993816805  0.307752229712 -0.115846488837
  0.107086614173 -0.580471430177  0.009406181134 -0.308599275128  0.018741096096  0.636139623984  0.012189269272  0.130473771293  0.026856129229  0.460274241788 -0.122989930782  0.636139623984 -0.123811039376
  0.114173228346 -0.523677028177 -0.037860390942  0.360702663053 -0.086348909183  0.549950795347 -0.085536112121  0.438725285013 -0.027871681919  0.101217131915  0.013027122685  0.549950795347  0.017590155369
  0.121259842520  0.116437944231 -0.037791585235  0.644586383761 -0.104007653193  0.286738404570 -0.096729220247  0.284874779571 -0.047015458986 -0.355413616239  0.134421278012  0.286738404570  0.139750240985
  0.128346456693  0.607401722196  0.002963100636  0.146693149500  0.006775304980  0.592712277497  0.012150601897 -0.189041712527 -0.010050700635 -0.415015842172  0.101492327172  0.592712277497  0.100989901009
  0.135433070866  0.346503714057  0.033438427008 -0.460162021140  0.097892038600  0.465351507688  0.095489207126 -0.427060948165  0.026805242967  0.005548327740 -0.042689320549  0.465351507688 -0.047823013630
  0.142519685039 -0.228025906646  0.024137807099 -0.500955145151  0.073416001524  0.367892060881  0.066668908411 -0.173847917887  0.029251300457  0.376502722362 -0.125218813604  0.367892060881 -0.128937648542
  0.149606299213 -0.545321372509 -0.010730809040 -0.037448500487 -0.020882720519  0.561879577139 -0.024710728801  0.232233599162  0.003391008663  0.324628697034 -0.072703866814  0.561879577139 -0.071493497243
  0.156692913386 -0.256554477706 -0.029960549094  0.501427365388 -0.101176407125  0.341642558228 -0.097898505463  0.388241967948 -0.025224412659 -0.069242295780  0.059095268817  0.341642558228  0.064380111706
  0.163779527559  0.353516140272 -0.012758270482  0.421767143429 -0.055617120423  0.363206208800 -0.049104538125  0.101837650337 -0.019224089356 -0.393846429926  0.121271310204  0.363206208800  0.124051356696
  0.170866141732  0.478574884919  0.015315694873 -0.135084254860  0.050425696409  0.548671474783  0.052518928648 -0.294405738276  0.004872666181 -0.245976116148  0.040791451234  0.548671474783  0.038058579660
  0.177952755906  0.104138937859  0.024166938276 -0.461874162917  0.085340681608  0.292826376937  0.081329939911 -0.325383956602  0.018206060554  0.154990951311 -0.073328074398  0.292826376937 -0.077752680380
  0.185039370079 -0.362539576906  0.005652677129 -0.325324281393  0.038330030944  0.419164184534  0.032686895701 -0.021995574285  0.013599956442  0.360874620417 -0.105343075855  0.419164184534 -0.107228362629
  0.192125984252 -0.454395835397 -0.018646489394  0.213300117651 -0.061478319371  0.447941041941 -0.062497587284  0.307513921660 -0.007985168801  0.183488967375 -0.020843012056  0.447941041941 -0.017551822925
  0.199212598425  0.033155749522 -0.018307077641  0.492483851822 -0.086666886960  0.232147453240 -0.081831825541  0.290943264750 -0.016187762106 -0.217612465547  0.088829471977  0.232147453240  0.093302608300
  0.206299212598  0.413157202333  0.001321312000  0.159449446657 -0.004425865806  0.463790058155  0.000238576965 -0.070708837891 -0.005054111143 -0.346794723047  0.087796940549  0.463790058155  0.087908100530
  0.213385826772  0.320007149219  0.017684222110 -0.265929696740  0.063963459477  0.407655125819  0.063610463591 -0.313443139189  0.006884711474 -0.082834677894 -0.004955153697  0.407655125819 -0.008341859391
  0.220472440945 -0.081291009965  0.014258510605 -0.433598881263  0.072189496001  0.258267864635  0.067387335224 -0.217449331442  0.013070846156  0.242131336041 -0.088593698997  0.258267864635 -0.092299045966
  0.227559055118 -0.449395091329 -0.006707038770 -0.099784127534 -0.005404985175  0.413041976211 -0.009428414062  0.114652823487  0.002418846196  0.315840380960 -0.075976225660  0.413041976211 -0.075582443322
  0.234645669291 -0.239392911284 -0.017120690758  0.378258898325 -0.082240347994  0.343713529568 -0.080609099416  0.329960203106 -0.009583979802  0.015627792267  0.028562194297  0.343713529568  0.032885359547
  0.241732283465  0.215615877566 -0.007785665833  0.338585378831 -0.047866023650  0.294301869593 -0.042975532915  0.142169206386 -0.007269274965 -0.292010574984  0.090904238792  0.294301869593  0.093315810135
  0.248818897638  0.373149439085  0.008389384018 -0.011953121566  0.023133971051  0.447060152816  0.025830892974 -0.177096499747 -0.000713520169 -0.245307471958  0.051445153533  0.447060152816  0.050145282997
  0.255905511811  0.182307499909  0.016066733524 -0.359114211820  0.073135357874  0.267053550245  0.070938813511 -0.291381135088  0.008047917540  0.044186198704 -0.039458480309  0.267053550245 -0.043283218194
  0.262992125984 -0.278206868246  0.003426857164 -0.328563593465  0.045307142685  0.275983537051  0.040392343695 -0.095992337749  0.006712060969  0.299565188550 -0.091430326294  0.275983537051 -0.093705391069
  0.270078740157 -0.383046755069 -0.011692239112  0.147898374502 -0.048963880341  0.410492552398 -0.050604005953  0.230516731859 -0.003526273237  0.208123122930 -0.032212586212  0.410492552398 -0.029569356942
  0.277165354331 -0.023146220926 -0.011695317370  0.365452894617 -0.067472604096  0.241254682393 -0.064298605022  0.266048587960 -0.005586558399 -0.129613048185  0.058031669813  0.241254682393  0.061529800885
  0.284251968504  0.275811135700 -0.000672104759  0.200923204954 -0.019494897248  0.370799958039 -0.015360803648  0.009753468454 -0.003938207312 -0.284012801078  0.077400993509  0.370799958039  0.078326308008
  0.291338582677  0.336428064157  0.012498796994 -0.156909090842  0.045623164526  0.343356786408  0.046498601635 -0.235202664147  0.002518026667 -0.143395221405  0.017711212498  0.343356786408  0.015265655423
  0.298425196850 -0.023947807381  0.009966209422 -0.404339467436  0.073544504308  0.189507367137  0.069804981154 -0.240063167308  0.006822031626  0.163159184346 -0.068529357681  0.189507367137 -0.072334857325
  0.305511811024 -0.367396682951 -0.004245437388 -0.105699620941 -0.001670118864  0.348923329903 -0.005471117634  0.050122711805  0.000464639829  0.291594903987 -0.071684760194  0.348923329903 -0.071495181746
  0.312598425197 -0.217565383918 -0.010741017148  0.253506830795 -0.061411273257  0.345287369461 -0.060930827974  0.265629792180 -0.003051499037  0.064352639845  0.007425045984  0.345287369461  0.010672862473
  0.319685039370  0.083307310320 -0.007310646117  0.304857816676 -0.051235114713  0.251790803519 -0.047439069039  0.170214377320 -0.004181344503 -0.200257929072  0.070186929728  0.251790803519  0.072806433871
  0.326771653543  0.338498649479  0.004815525705  0.086197874454  0.002401399028  0.342500286735  0.005790370855 -0.084653142004 -0.001620374558 -0.251734817525  0.063938376517  0.342500286735  0.063720909553
  0.333858267717  0.215959487827  0.011027962014 -0.316706005978  0.076643700038  0.271043051651  0.075476642549 -0.269415788563  0.005048803226 -0.028983093578 -0.019961792760  0.271043051651 -0.024000132400
  0.340944881890 -0.212479202456  0.003077405546 -0.296580488809  0.049164518164  0.223868825512  0.044708554793 -0.135096992048  0.003275888935  0.248008145181 -0.082679887502  0.223868825512 -0.085171936529
  0.348031496063 -0.306427599115 -0.005496701619  0.059919619103 -0.032040874261  0.390993421067 -0.034440380820  0.152998604287 -0.000556355771  0.215653653644 -0.046075983072  0.390993421067 -0.044311104798
  0.355118110236 -0.117790647507 -0.008825932946  0.279176500449 -0.063447247026  0.247186746121 -0.061673288489  0.244110014559 -0.002739841055 -0.038077106987  0.031750862083  0.247186746121  0.035072437684
  0.362204724409  0.204702743544 -0.002270454201  0.271111551707 -0.044885142850  0.256799431119 -0.040570694623  0.090631329139 -0.003835829751 -0.244380698954  0.080126244491  0.256799431119  0.082394841117
  0.369291338583  0.347069346335  0.007960188980 -0.110715059173  0.042252552248  0.321741990456  0.044200752592 -0.180052004021  0.001719867756 -0.196028691471  0.037840948142  0.321741990456  0.035545871744
  0.376377952756  0.010560568940  0.006674144121 -0.347339745855  0.075117316764  0.215554589714  0.072299056726 -0.246961053289  0.003268701904  0.097308544760 -0.051123831209  0.215554589714 -0.055037294553
  0.383464566929 -0.256016704681 -0.000265075569 -0.139455933065  0.012715680659  0.326488345638  0.008853268793 -0.020034838344  0.000912230180  0.256719481934 -0.072460361369  0.326488345638 -0.073032952399
  0.390551181102 -0.253213712188 -0.006930803946  0.129232899770 -0.041486416439  0.315572866295 -0.042559469459  0.198496157099 -0.000366822794  0.132645763242 -0.021326017258  0.315572866295 -0.019094850625
  0.397637795276 -0.011827195417 -0.006833810768  0.331222135162 -0.069428180769  0.198691651150 -0.066391962328  0.215229873845 -0.003468755397 -0.121222569063  0.055382894782  0.198691651150  0.058988512929
  0.404724409449  0.326271838256  0.003078770038  0.128864440223 -0.009735170691  0.269279998277 -0.005834646965 -0.011888120045 -0.000691439121 -0.263834276025  0.073257809268  0.269279998277  0.073671141310
  0.411811023622  0.207759384127  0.007123830146 -0.252964783709  0.067382708247  0.312451694468  0.067328780733 -0.237533728654  0.002252013922 -0.087513645359  0.000772394740  0.312451694468 -0.002803791959
  0.418897637795 -0.102655364035  0.003823419021 -0.255987677163  0.047208568967  0.227828443865  0.043842275996 -0.170118336670  0.000973907796  0.175346374712 -0.062193934097  0.227828443865 -0.064611061420
  0.425984251969 -0.262078651378 -0.002678828877 -0.065695599743 -0.002433760692  0.322594154431 -0.005600837838  0.061858693522  0.001097805781  0.228493044204 -0.059757011463  0.322594154431 -0.059543716928
  0.433070866142 -0.210481391298 -0.008094519817  0.242107191375 -0.061931952121  0.242030147025 -0.061484560986  0.230919131501 -0.001935379095  0.051823135668  0.006788225892  0.242030147025  0.010064564800
  0.440157480315  0.170062631372 -0.002002684783  0.298208442512 -0.054973538100  0.177909601208 -0.051043364654  0.151606402388 -0.001849930265 -0.205478897661  0.072615697738  0.177909601208  0.075430129087
  0.447244094488  0.299671594034  0.004904119265 -0.064295449501  0.032612565986  0.335558749629  0.035067249355 -0.119431671688  0.001262566034 -0.218648119325  0.047131120646  0.335558749629  0.045334424185
  0.454330708661  0.076850514775  0.005538788447 -0.248364909454  0.057868511583  0.240461841666  0.056516364943 -0.229505098958  0.000443862328  0.018372075504 -0.023948739101  0.240461841666 -0.026985315099
  0.461417322835 -0.150128202413  0.001988198550 -0.215598160809  0.034978064848  0.262626321720  0.031370484060 -0.095463862493  0.001345489472  0.209913518856 -0.067066359287  0.262626321720 -0.068827714610
  0.468503937008 -0.306276889894 -0.006103850277  0.050413173617 -0.027073512927  0.268989736764 -0.029248524568  0.137091725387 -0.000312031811  0.191309477107 -0.041712881588  0.268989736764 -0.040217700123
  0.475590551181 -0.047360531283 -0.005501281778  0.331844665448 -0.074875292089  0.200120960826 -0.072683011395  0.235751728253 -0.002032598125 -0.055798334781  0.039331929529  0.200120960826  0.043249160690
  0.482677165354  0.258622543399  0.001334062372  0.132335750421 -0.012792522260  0.263231992253 -0.009182333004  0.045683311025  0.000641677251 -0.240185411098  0.067704482882  0.263231992253  0.068287849496
  0.489763779528  0.202197666309  0.004655250681 -0.132715190232  0.042351468426  0.310346994412  0.043466659299 -0.177402317413  0.000055363436 -0.136203778818  0.022143187161  0.310346994412  0.019864972813
  0.496850393701  0.024273209735  0.005217109090 -0.256250900427  0.053964776250  0.212304584747  0.051650075543 -0.198643424887  0.000755213662  0.092908311786 -0.042194387722  0.212304584747 -0.044998145821
  0.503937007874 -0.262706735205 -0.002031900794 -0.155900747589  0.018941472600  0.228068660906  0.015298556243 -0.016620861088  0.000770586421  0.234474747322 -0.068158080140  0.228068660906 -0.069067050389
  0.511023622047 -0.231579004861 -0.006426161681  0.224242650963 -0.062343686456  0.270440256745 -0.062739446994  0.206606924977 -0.001719196167  0.111300282157 -0.009114249411  0.270440256745 -0.005793666723
  0.518110236220  0.113736836600 -0.002035243830  0.254860196052 -0.049372985084  0.187417227583 -0.046350721117  0.179268426403  0.000254193338 -0.149350142138  0.055652289200  0.187417227583  0.058193466998
  0.525196850394  0.223639157689  0.001907186055  0.030424595129  0.009748833532  0.316496866114  0.012621992949 -0.044730763862  0.000141603128 -0.216851760675  0.054411505351  0.316496866114  0.053817626887
  0.532283464567  0.179676973003  0.005850833120 -0.174111625845  0.047366855205  0.231804356074  0.047373288734 -0.202124015992  0.000019850965 -0.063122707031  0.001378705977  0.231804356074 -0.001136361188
  0.539370078740 -0.102023894805  0.002437360745 -0.286199893864  0.056948460073  0.175276690749  0.053528441289 -0.157214318953  0.001278461771  0.164719968783 -0.062947981948  0.175276690749 -0.065880812906
  0.546456692913 -0.306183643724 -0.004407563136  0.023150693052 -0.023981438625  0.271283344316 -0.026720265930  0.080136399821 -0.001177375010  0.218526597958 -0.052257475075  0.271283344316 -0.050911496623
  0.553543307087 -0.072794312509 -0.003785835734  0.257761271536 -0.066525702111  0.242516716888 -0.065466237252  0.220077821602 -0.000523233714  0.010368729331  0.018202512118  0.242516716888  0.021706502918
  0.560629921260  0.138008710565 -0.001479628772  0.173101415647 -0.029588038874  0.255700734356 -0.026225778614  0.108053293001  0.000159444937 -0.189582968165  0.062585698738  0.255700734356  0.064067388483
  0.567716535433  0.249817780989  0.003371854092 -0.012562239568  0.018418360732  0.256321062442  0.020960799540 -0.105762607782 -0.000490642490 -0.190206995163  0.048408303010  0.256321062442  0.047362904208
  0.574803149606  0.099542055506  0.004832525840 -0.289718023723  0.074765229464  0.202379969444  0.073225101241 -0.221146415652  0.001419032467  0.017349291356 -0.027043219068  0.202379969444 -0.030971919258
  0.581889763780 -0.242575840317 -0.000976989545 -0.175494473682  0.029160178995  0.200679572143  0.025334530556 -0.080869198369 -0.000190353455  0.219818027284 -0.071330899843  0.200679572143 -0.072777571222
  0.588976377953 -0.207584325483 -0.003166629361  0.140269202429 -0.049279321227  0.309680760022 -0.050873949921  0.150363675352 -0.000743347381  0.160036023412 -0.031363443880  0.309680760022 -0.028704674395
  0.596062992126 -0.016726255992 -0.003348306671  0.218819887655 -0.052937348882  0.211962941205 -0.051104351694  0.201687591072  0.000399787414 -0.062065475232  0.033142616467  0.211962941205  0.035904612111
  0.603149606299  0.194785043975  0.000103692025  0.164813955154 -0.026835949905  0.230337905623 -0.023091780474  0.048281231541 -0.000780401261 -0.217151759874  0.069856901989  0.230337905623  0.071182333744
  0.610236220472  0.258502091930  0.004998781646 -0.156062592472  0.052088681346  0.243141183975  0.053380423558 -0.170525193434  0.000894013289 -0.142809048774  0.025729283423  0.243141183975  0.022929394468
  0.617322834646 -0.071845733446  0.001837283654 -0.287191575651  0.067698937189  0.180658872291  0.064966212659 -0.199415343015  0.000334921072  0.105399788596 -0.049708611770  0.180658872291 -0.053230474293
  0.624409448819 -0.230334729208 -0.001329182914 -0.035257191756 -0.007648294925  0.295175715473 -0.010890112554  0.001209664240 -0.000977159163  0.222271464592 -0.061304134594  0.295175715473 -0.060811995380
  0.631496062992 -0.158157714587 -0.003399760643  0.143508079642 -0.045410113626  0.242352663190 -0.046154381841  0.184672067897  0.000569253196  0.099211594945 -0.015233312985  0.242352663190 -0.012802549779
  0.638582677165  0.035527438040 -0.002957692030  0.262146516862 -0.059501138773  0.199226009845 -0.056585096010  0.177131107612 -0.000583740107 -0.126847504847  0.053381382176  0.199226009845  0.056463124141
  0.645669291339  0.293665882869  0.003121668862  0.052301445007  0.003395744701  0.218695508373  0.006766071800 -0.029816979119  0.000390043713 -0.226173130797  0.063613361510  0.218695508373  0.063343595707
  0.652755905512  0.121819473976  0.003346666118 -0.259620070097  0.073180791142  0.257111148314  0.072900155844 -0.209510928392  0.000805199805 -0.061980426024 -0.003346624034  0.257111148314 -0.007224635803
  0.659842519685 -0.136294091171  0.000840667190 -0.176196555537  0.034142624306  0.226488042027  0.031109872420 -0.145309750913 -0.001152249631  0.162680017923 -0.056254283755  0.226488042027 -0.057986542174
  0.666929133858 -0.208279247382 -0.001687821603 -0.010069905903 -0.012883593839  0.268073261455 -0.015777569019  0.066689433142  0.000340468806  0.205260680840 -0.054887054954  0.268073261455 -0.054126186894
  0.674015748031 -0.147451122687 -0.004538791071  0.226029068906 -0.062009121002  0.211278595475 -0.061456284127  0.210628367048 -0.000243517598  0.031532434149  0.008773596373  0.211278595475  0.012051233218
  0.681102362205  0.188930060828  0.000182375557  0.234426717571 -0.047550820946  0.165804928821 -0.043900710267  0.124909028084 -0.000042647733 -0.188982281807  0.067534184662  0.165804928821  0.069961949006
  0.688188976378  0.245413829681  0.003132930616 -0.113330528101  0.044391452970  0.292368883705  0.046563755006 -0.107867166962  0.001259439606 -0.192134262687  0.042121551005  0.292368883705  0.039706962557
  0.695275590551  0.018258473230  0.002218412782 -0.213867722696  0.055221400625  0.211367874567  0.054068228091 -0.210488177960 -0.000982689951  0.015737940800 -0.020268789975  0.211367874567 -0.023170102399
  0.702362204724 -0.140937284101  0.000866251793 -0.157951747220  0.026654670956  0.249491476728  0.023197022893 -0.087338172477 -0.000165032538  0.199362112897 -0.064461420059  0.249491476728 -0.065784833272
  0.709448818898 -0.261122887760 -0.004042458244  0.072184888505 -0.032040047841  0.219262159118 -0.034123267805  0.131508180912 -0.000007855796  0.172712567959 -0.040114658049  0.219262159118 -0.038358220114
  0.716535433071 -0.003433857796 -0.002469288709  0.303687888359 -0.076143864258  0.194349388888 -0.074088126286  0.211339979700 -0.000486257128 -0.052764656713  0.036724724298  0.194349388888  0.040712933845
  0.723622047244  0.244568243984  0.001593861847  0.074823166202 -0.003470637679  0.246912021741 -0.000136770158  0.049319073335  0.001520201362 -0.216558698089  0.062743897190  0.246912021741  0.062839663067
  0.730708661417  0.149322642110  0.002177562106 -0.135904942694  0.046238534712  0.264954977268  0.047565378711 -0.160557288761 -0.000354717544 -0.138104937281  0.026235570633  0.264954977268  0.023745357586
  0.737795275591  0.007802705862  0.002992330830 -0.219509747042  0.051589363524  0.218016285185  0.049444230500 -0.194192694874 -0.000619633086  0.085470501124 -0.039061471879  0.218016285185 -0.041743611300
  0.744881889764 -0.246295089063 -0.001794555266 -0.124295245153  0.016170207279  0.190653453600  0.012545431940 -0.017443496895  0.000086151594  0.221463481046 -0.067889730872  0.190653453600 -0.068652045117
  0.751968503937 -0.190541232564 -0.003735991126  0.228132074487 -0.068965572198  0.253171877333 -0.069489242461  0.184106433001 -0.000978643580  0.109076049050 -0.011700856177  0.253171877333 -0.008025295388
  0.759055118110  0.126106896068 -0.000384954874  0.212511477143 -0.047388852273  0.190205322941 -0.044720926788  0.177843052634  0.001265718968 -0.122542333669  0.049026464969  0.190205322941  0.051471703822
  0.766141732283  0.189517446918  0.000745684056  0.012009958111  0.013525870103  0.286056540917  0.016649713251 -0.020781642941  0.000559639071 -0.215914214165  0.059236608463  0.286056540917  0.058435537072
  0.773228346457  0.161136285214  0.003478203065 -0.158843587959  0.050242557620  0.213973718563  0.050639976122 -0.195271854243 -0.000589392349 -0.078228437796  0.008824249613  0.213973718563  0.006146120390
  0.780314960630 -0.103557001956  0.001214189505 -0.266956716225  0.063047125596  0.179057166253  0.059628118535 -0.159543135925  0.000373358528  0.151003606444 -0.062767011893  0.179057166253 -0.066023672329
  0.787401574803 -0.280833592154 -0.002763342286  0.041127237012 -0.028375477460  0.251131975972 -0.031380132179  0.054413583958 -0.001176523586  0.213584026012 -0.057384382692  0.251131975972 -0.055798050168
  0.794488188976 -0.051430980394 -0.001543266028  0.234609977837 -0.070402030159  0.235175017780 -0.070009737383  0.207700761895  0.000238262999  0.042793827239  0.005524888446  0.235175017780  0.009252400474
  0.801574803150  0.116808330012 -0.001130619697  0.154467125932 -0.031376620684  0.253382760317 -0.028059059372  0.135710290053  0.000953549206 -0.174345816953  0.061695740896  0.253382760317  0.063273580248
  0.808661417323  0.236067305216  0.002070179841 -0.001807494205  0.015850290879  0.216287471478  0.018958902095 -0.085670862979 -0.000449234202 -0.205427346561  0.059011226642  0.216287471478  0.058087146789
  0.815748031496  0.097181564896  0.002998133095 -0.280618848382  0.081573305675  0.220732937318  0.080478437764 -0.214156560564  0.000603982096 -0.008126295628 -0.018470312554  0.220732937318 -0.022772301151
  0.822834645669 -0.228296048136 -0.001025845697 -0.159849960537  0.031717746320  0.195249340015  0.028067929402 -0.109926055289 -0.000954797760  0.194462415618 -0.067948968649  0.195249340015 -0.069536099338
  0.829921259843 -0.184310516419 -0.001387390917  0.122459433864 -0.049341176661  0.294231878621 -0.051689146985  0.113180845799 -0.000587378014  0.189223727711 -0.045563910193  0.294231878621 -0.042881857590
  0.837007874016 -0.038043160964 -0.002261300725  0.197587645255 -0.055406390843  0.218989702353 -0.054213498932  0.217429868051  0.001120288517 -0.022222592353  0.021012501477  0.218989702353  0.023922581343
  0.844094488189  0.177689006862 -0.000112139092  0.180862138100 -0.036413801502  0.205230780603 -0.032374437083  0.080925407732 -0.000225985060 -0.214193755227  0.075166411625  0.205230780603  0.076992533404
  0.851181102362  0.258304399985  0.003356729585 -0.145746671036  0.054398427087  0.243043387804  0.056310011249 -0.140894412044  0.000765435410 -0.167011139884  0.037473250661  0.243043387804  0.034534273089
  0.858267716535 -0.059945251762  0.000708884542 -0.270716223082  0.074116712176  0.202440571249  0.072115271837 -0.210625393834 -0.000419754116  0.054826617815 -0.035755148787  0.202440571249 -0.039637170137
  0.865354330709 -0.197576482953 -0.000292291726 -0.050588552086 -0.001784579596  0.287428169422 -0.005392643104 -0.055526630464 -0.001352738270  0.222826431985 -0.068051395624  0.287428169422 -0.067860861850
  0.872440944882 -0.174995433375 -0.002102677911  0.107942869062 -0.042175282961  0.223074651902 -0.043988940386  0.168661455742  0.000820344442  0.149791758196 -0.035303060285  0.223074651902 -0.033015658135
  0.879527559055  0.005542926985 -0.002287294666  0.275038379395 -0.072504534487  0.215288775904 -0.069890219791  0.202364672926 -0.000072584533 -0.094089082410  0.047349273962  0.215288775904  0.051129428351
  0.886614173228  0.286778836620  0.002218518759  0.070572544634 -0.003826824417  0.205202350797 -0.000093833970  0.019309361570  0.000811447833 -0.225450349905  0.070257026248  0.205202350797  0.070361107990
  0.893700787402  0.128771587326  0.001638647620 -0.232464147836  0.076047861290  0.276611886548  0.076904656938 -0.182154271481  0.000478750805 -0.121925634826  0.018167546775  0.276611886548  0.014107115364
  0.900787401575 -0.088425600504  0.000981087135 -0.178273229180  0.042785392956  0.236621671496  0.040215795555 -0.196291034451 -0.001666554850  0.118600213616 -0.047295406037  0.236621671496 -0.049498839082
  0.907874015748 -0.204594044100 -0.000655209599 -0.063466168684  0.000999897543  0.236082110278 -0.002874821197  0.015788663395  0.000198228621  0.236828235489 -0.073003337684  0.236082110278 -0.072953564074
  0.914960629921 -0.187344079244 -0.003399726863  0.218008917733 -0.069091937460  0.233294029407 -0.069436209380  0.203510028627 -0.000139195970  0.084020287373 -0.008322948661  0.233294029407 -0.004645441122
  0.922047244094  0.165206378557  0.000286920830  0.251947467300 -0.062090773648  0.180986553181 -0.058795624846  0.169400908810  0.000507259351 -0.145722312807  0.060457945837  0.180986553181  0.063667117777
  0.929133858268  0.232916506091  0.001429983449 -0.073084206462  0.037683657638  0.302266567273  0.040829143256 -0.038531337683  0.001427998661 -0.227276141469  0.060285838104  0.302266567273  0.058201558312
  0.936220472441  0.071789326222  0.001563225783 -0.183400190304  0.057589054326  0.220101454461  0.057772757730 -0.221973865123 -0.001301244733 -0.063622877751  0.004991219990  0.220101454461  0.001928709279
  0.943307086614 -0.100373384207  0.001356417645 -0.212459642777  0.047940060837  0.240221355932  0.044230878795 -0.150603174519 -0.000379657800  0.184138828653 -0.068637216126  0.240221355932 -0.071084078609
  0.950393700787 -0.290981047365 -0.002947046670  0.032229792808 -0.024801839752  0.213283188644 -0.027897932625  0.081823638182 -0.000327678102  0.212510101648 -0.059012920369  0.213283188644 -0.057613899198
  0.957480314961 -0.040622600561 -0.001425856995  0.300180379881 -0.088591975506  0.244776220975 -0.087700297335  0.216320259291 -0.000234052131  0.025587628451  0.014454310495  0.244776220975  0.019134342511
  0.964566929134  0.198501473461  0.000422782446  0.111605784523 -0.018144249100  0.260659273117 -0.014716071162  0.135290298542  0.001948950451 -0.193579358016  0.064131899582  0.260659273117  0.065004242700
  0.971653543307  0.180840944916  0.001000950889 -0.063864616313  0.034241957468  0.277754935574  0.037250359675 -0.113076395415 -0.000377304248 -0.215147454618  0.057610752047  0.277754935574  0.055712845078
  0.978740157480  0.083184086987  0.002860467148 -0.242435517669  0.069185456089  0.262391815472  0.067827429933 -0.230208179756 -0.000572230171  0.020131158261 -0.023759123992  0.262391815472 -0.027396405893
  0.985826771654 -0.244057649642 -0.001207980810 -0.188829203358  0.039364149609  0.066399142096  0.035282013094 -0.091537534996 -0.000312822149  0.211558085015 -0.075894248171  0.066399142096 -0.077875880296
  0.992913385827 -0.248373297428 -0.002535128391  0.153571136711 -0.059977635428  0.028455718594 -0.062207671471  0.124332253903 -0.000951874389  0.186166441911 -0.043623475864  0.028455718594 -0.040379821795
  1.000000000000 -0.139024867452 -0.003795723671 -0.095897444354  0.030002466980  0.047013188099  0.030044784892  0.222534381740  0.004452752527 -0.024834107021  0.001594074753  0.047013188099  0.000000000000
