             Rad         v_r[Re]         v_t[Re]         v_x[Re]         p[Re]          p_mg[Re]  p_no_phase[Re]         v_r[Im]         v_t[Im]         v_x[Im]         p[Im]          p_mg[Im]  p_no_phase[Im]
  0.000000000000 -0.000014121373 -0.000003940104 -0.000001074959 -0.000000346473  0.000059439454  0.000000294116  0.000002694133 -0.000020652164 -0.000005634425 -0.000001816047  0.000059439454 -0.000001825258
  0.015873015873  0.000019265285  0.000007914480 -0.000000542467 -0.000000120389  0.000030334709  0.000000102196 -0.000003675510  0.000041483962 -0.000002843355 -0.000000631020  0.000030334709 -0.000000634220
  0.031746031746  0.000115256020  0.000008808635  0.000012437821  0.000001374405  0.000537196785 -0.000001166712 -0.000021989014  0.000046170699  0.000065193179  0.000007203982  0.000537196785  0.000007240520
  0.047619047619 -0.000058386361 -0.000020675640 -0.000004481102 -0.000000276339  0.003501909566  0.000000234580  0.000011139188 -0.000108371931 -0.000023487817 -0.000001448441  0.003501909566 -0.000001455787
  0.063492063492  0.000029797267  0.000077409196 -0.000045257325 -0.000001630299  0.043888642870  0.000001383936 -0.000005684844  0.000405742421 -0.000237217510 -0.000008545256  0.043888642870 -0.000008588596
  0.079365079365  0.000527679233  0.000105339724  0.000853446185  0.000011227874  0.269071052795 -0.000009531174 -0.000100672799  0.000552141050  0.004473361554  0.000058851209  0.269071052795  0.000059149697
  0.095238095238 -0.003439865999  0.012324794195  0.000387460279  0.000011315236  0.160710365841 -0.000009605335  0.000656271682  0.064600746348  0.002030883666  0.000059309120  0.160710365841  0.000059609930
  0.111111111111  0.043111064829  0.007080706726 -0.059985782126  0.001524537877  0.467877821253 -0.001294157400 -0.008224904999  0.037113718242 -0.314417120007  0.007990907038  0.467877821253  0.008031436214
  0.126984126984  0.264303902837 -0.104475118364 -0.032968532537  0.001000962531  0.083823310123 -0.000849702121 -0.050424977909 -0.547609194451 -0.172805466290  0.005246572525  0.083823310123  0.005273182678
  0.142857142857 -0.157863049470 -0.029785647022  0.160217193254 -0.007901062301  0.543703128882  0.006707093604  0.030117757236 -0.156122284687  0.839782806746 -0.041413634460  0.543703128882 -0.041623680760
  0.158730158730 -0.459588398394  0.108934148504  0.058185892880 -0.003193657897  0.007436148404  0.002711048418  0.087682151446  0.570981323056  0.304982951224 -0.016739645338  0.007436148404 -0.016824547343
  0.174603174603 -0.082338206894  0.010117542865  0.025479086690 -0.001559353282  0.402707894612  0.001323711677  0.015708819352  0.053031378041  0.133549330750 -0.008173392938  0.402707894612 -0.008214847666
  0.190476190476 -0.534070303943  0.104059739197  0.047124685320 -0.003065093202  0.024123767733  0.002601911772  0.101892113545  0.545431973168  0.247005328834 -0.016065769969  0.024123767733 -0.016147254137
  0.206349206349 -0.007304401662  0.011758724916 -0.027471714662  0.001937768635  0.251534773929 -0.001644942809  0.001393563578  0.061633678715 -0.143993744844  0.010156867374  0.251534773929  0.010208382109
  0.222222222222 -0.395573091730  0.065135718320  0.029840929668 -0.002171030399  0.029351041656  0.001842955232  0.075469049824  0.341410651623  0.156412050191 -0.011379515302  0.029351041656 -0.011437231200
  0.238095238095  0.023696365316  0.006542531522 -0.033200926845  0.002573740803  0.141387249979 -0.002184810070 -0.004520889343  0.034292858170 -0.174023567421  0.013490332914  0.141387249979  0.013558754692
  0.253968253968 -0.247078315405  0.035310399563  0.017531106530 -0.001383367267  0.023075513199  0.001174319780  0.047138609996  0.185080426451  0.091889775048 -0.007250957418  0.023075513199 -0.007287733635
  0.269841269841  0.028831027275  0.002750071206 -0.025265024725  0.002103905657  0.069745281559 -0.001785974042 -0.005500501120  0.014414573550 -0.132427319100  0.011027679126  0.069745281559  0.011083610541
  0.285714285714 -0.138882282552  0.017539688080  0.010217996657 -0.000812554807  0.008080836844  0.000689765622  0.026496529013  0.091934755481  0.053557909348 -0.004259028278  0.008080836844 -0.004280629694
  0.301587301587  0.022666682778  0.001096072043 -0.016734783037  0.001466656631  0.032995269829 -0.001245022876 -0.004324442303  0.005745091636 -0.087715823649  0.007687520904  0.032995269829  0.007726511332
  0.317460317460 -0.068509599710  0.007227291704  0.006993785689 -0.000421800010  0.004012223953  0.000358059720  0.013070541202  0.037882047420  0.036658119247 -0.002210876307  0.004012223953 -0.002222089677
  0.333333333333  0.007937668114  0.001044354422 -0.008398452239  0.000897541589  0.016028219144 -0.000761909630 -0.001514380737  0.005474012307 -0.044020717443  0.004704488824  0.016028219144  0.004728349576
  0.349206349206 -0.032410690412  0.002694683559  0.002325372313 -0.000219055321  0.002376115303  0.000185952786  0.006183443871  0.014124257679  0.012188502668 -0.001148184466  0.002376115303 -0.001154007957
  0.365079365079  0.003941139111  0.000458899773 -0.003902506726  0.000470008454  0.007752376843 -0.000398983146 -0.000751906614  0.002405335728 -0.020455095891  0.002463562183  0.007752376843  0.002476057153
  0.380952380952 -0.015744246106  0.001192110955  0.000979011301 -0.000117274641  0.001344678859  0.000099552688  0.003003751566  0.006248482221  0.005131514551 -0.000614698241  0.001344678859 -0.000617815936
  0.396825396825  0.002334017508  0.000173960797 -0.001924772835  0.000239204239  0.003728442195 -0.000203056901 -0.000445293391  0.000911820281 -0.010088749536  0.001253795572  0.003728442195  0.001260154713
  0.412698412698 -0.007615027460  0.000535473798  0.000500946386 -0.000062123962  0.000735388011  0.000052736102  0.001452826036  0.002806700577  0.002625724203 -0.000325624449  0.000735388011 -0.000327275988
  0.428571428571  0.001320855093  0.000063539133 -0.000943885606  0.000120030485  0.001782300870 -0.000101892084 -0.000251998129  0.000333042104 -0.004947402254  0.000629143077  0.001782300870  0.000632334035
  0.444444444444 -0.003662385133  0.000240684165  0.000256034133 -0.000032489472  0.000394876897  0.000027579827  0.000698724792  0.001261552645  0.001342009922 -0.000170294457  0.000394876897 -0.000171158176
  0.460317460317  0.000722359093  0.000022091692 -0.000459516646  0.000059622098  0.000842570416 -0.000050612307 -0.000137814618  0.000115794209 -0.002408569086  0.000312510861  0.000842570416  0.000314095889
  0.476190476190 -0.001750723725  0.000108110175  0.000129383116 -0.000016737514  0.000207666655  0.000014208225  0.000334010222  0.000566662443  0.000678165147 -0.000087730136  0.000207666655 -0.000088175096
  0.492063492063  0.000387880836  0.000006992124 -0.000223077169  0.000029456459  0.000380920003 -0.000025005148 -0.000074001490  0.000036649410 -0.001169265092  0.000154396837  0.000380920003  0.000155179924
  0.507936507937 -0.000827642539  0.000048231945  0.000065452090 -0.000008405694  0.000083847115  0.000007135468  0.000157901023  0.000252809060  0.000343068924 -0.000044058674  0.000083847115 -0.000044282136
  0.523809523810  0.000203987411  0.000002029140 -0.000109955231  0.000014629677  0.000169654072 -0.000012418914 -0.000038917551  0.000010635791 -0.000576333353  0.000076681854  0.000169654072  0.000077070777
  0.539682539683 -0.000374171217  0.000019857052  0.000037749738 -0.000004002624  0.000037991690  0.000003397768  0.000071385913  0.000104081280  0.000197866285 -0.000020979864  0.000037991690 -0.000021086272
  0.555555555556  0.000082361590  0.000001842558 -0.000050155630  0.000007327488  0.000078946504 -0.000006220195 -0.000015713281  0.000009657818 -0.000262892109  0.000038407231  0.000078946504  0.000038602029
  0.571428571429 -0.000166648299  0.000007466724  0.000014383950 -0.000001960804  0.000019036695  0.000001664497  0.000031793843  0.000039137037  0.000075393868 -0.000010277606  0.000019036695 -0.000010329733
  0.587301587302  0.000037318589  0.000000834997 -0.000021629614  0.000003501143  0.000036844276 -0.000002972068 -0.000007119793  0.000004376662 -0.000113372211  0.000018351337  0.000036844276  0.000018444414
  0.603174603175 -0.000077547803  0.000003264048  0.000006062252 -0.000000977581  0.000009492192  0.000000829854  0.000014794886  0.000017108596  0.000031775460 -0.000005124017  0.000009492192 -0.000005150006
  0.619047619048  0.000018699420  0.000000297435 -0.000010071638  0.000001659105  0.000017180890 -0.000001408389 -0.000003567552  0.000001559015 -0.000052790761  0.000008696244  0.000017180890  0.000008740350
  0.634920634921 -0.000036191503  0.000001453262  0.000002952706 -0.000000484659  0.000004699549  0.000000411420  0.000006904762  0.000007617316  0.000015476695 -0.000002540356  0.000004699549 -0.000002553240
  0.650793650794  0.000009324018  0.000000099100 -0.000004715601  0.000000784457  0.000007999037 -0.000000665913 -0.000001778876  0.000000519439 -0.000024716946  0.000004111750  0.000007999037  0.000004132604
  0.666666666667 -0.000016876495  0.000000648247  0.000001440234 -0.000000238788  0.000002319487  0.000000202704  0.000003219765  0.000003397805  0.000007549037 -0.000001251616  0.000002319487 -0.000001257964
  0.682539682540  0.000004616286  0.000000029697 -0.000002206620  0.000000370357  0.000003705951 -0.000000314389 -0.000000880717  0.000000155661 -0.000011566044  0.000001941233  0.000003705951  0.000001951079
  0.698412698413 -0.000007857318  0.000000289352  0.000000698445 -0.000000116818  0.000001139683  0.000000099167  0.000001499047  0.000001516650  0.000003660943 -0.000000612311  0.000001139683 -0.000000615417
  0.714285714286  0.000002278391  0.000000006809 -0.000001033656  0.000000174878  0.000001668089 -0.000000148449 -0.000000434687  0.000000035695 -0.000005417903  0.000000916620  0.000001668089  0.000000921270
  0.730158730159 -0.000003640294  0.000000128765  0.000000338663 -0.000000056429  0.000000481288  0.000000047904  0.000000694501  0.000000674933  0.000001775164 -0.000000295781  0.000000481288 -0.000000297281
  0.746031746032  0.000001119488  0.000000000533 -0.000000491167  0.000000083067  0.000000734020 -0.000000070510 -0.000000213594  0.000000002803 -0.000002574392  0.000000435385  0.000000734020  0.000000437594
  0.761904761905 -0.000001638539  0.000000054326  0.000000180336 -0.000000026467  0.000000213944  0.000000022473  0.000000312587  0.000000284766  0.000000945347 -0.000000138744  0.000000213944 -0.000000139446
  0.777777777778  0.000000472755  0.000000002490 -0.000000225140  0.000000040023  0.000000338681 -0.000000033966 -0.000000090224  0.000000013068 -0.000001179916  0.000000209754  0.000000338681  0.000000210819
  0.793650793651 -0.000000721023  0.000000020701  0.000000073964 -0.000000012639  0.000000102829  0.000000010744  0.000000137517  0.000000108526  0.000000387910 -0.000000066291  0.000000102829 -0.000000066625
  0.809523809524  0.000000210142  0.000000001358 -0.000000095914  0.000000018810  0.000000157174 -0.000000015946 -0.000000040153  0.000000007152 -0.000000502417  0.000000098531  0.000000157174  0.000000099035
  0.825396825397 -0.000000332697  0.000000009052  0.000000031159 -0.000000006107  0.000000048984  0.000000005216  0.000000063386  0.000000047487  0.000000163789 -0.000000032104  0.000000048984 -0.000000032261
  0.841269841270  0.000000100983  0.000000000442 -0.000000044214  0.000000008802  0.000000073193 -0.000000007426 -0.000000019393  0.000000002377 -0.000000231073  0.000000046001  0.000000073193  0.000000046243
  0.857142857143 -0.000000154422  0.000000004031  0.000000014782 -0.000000002934  0.000000022272  0.000000002558  0.000000029280  0.000000021211  0.000000078475 -0.000000015577  0.000000022272 -0.000000015643
  0.873015873016  0.000000048066  0.000000000119 -0.000000020681  0.000000004141  0.000000034598 -0.000000003417 -0.000000009437  0.000000000750 -0.000000106964  0.000000021416  0.000000034598  0.000000021544
  0.888888888889 -0.000000071966  0.000000001775  0.000000006934 -0.000000001384  0.000000008007  0.000000001320  0.000000013346  0.000000009477  0.000000038462 -0.000000007680  0.000000008007 -0.000000007691
  0.904761904762  0.000000021766  0.000000000017 -0.000000009940  0.000000002000  0.000000017461 -0.000000001489 -0.000000004719  0.000000000349 -0.000000049054  0.000000009873  0.000000017461  0.000000009963
  0.920634920635 -0.000000034125  0.000000000734  0.000000003023 -0.000000000607  0.000000003335  0.000000000824  0.000000005697  0.000000004210  0.000000020345 -0.000000004085  0.000000003335 -0.000000004047
  0.936507936508  0.000000007558 -0.000000000013 -0.000000005345  0.000000001081  0.000000011469 -0.000000000472 -0.000000002645  0.000000000477 -0.000000021541  0.000000004358  0.000000011469  0.000000004465
  0.952380952381 -0.000000017389  0.000000000200  0.000000000846 -0.000000000169  0.000000015291  0.000000000804  0.000000001589  0.000000001804  0.000000014020 -0.000000002822  0.000000015291 -0.000000002710
  0.968253968254 -0.000000002622 -0.000000000022 -0.000000004076  0.000000000822  0.000021024659  0.000000000254 -0.000000002061  0.000000001025 -0.000000007379  0.000000001521  0.000021024659  0.000000001710
  0.984126984127 -0.000000011365 -0.000000000183 -0.000000000950  0.000000000174  0.000042232193  0.000000001267 -0.000000001542  0.000000000615  0.000000016384 -0.000000003232  0.000042232193 -0.000000002978
  1.000000000000 -0.000000015044 -0.000000000035 -0.000000005343  0.000000001079  0.000047003463  0.000000001148 -0.000000002734  0.000000002156  0.000000003840 -0.000000000392  0.000047003463  0.000000000000
