             Rad         v_r[Re]         v_t[Re]         v_x[Re]         p[Re]          p_mg[Re]  p_no_phase[Re]         v_r[Im]         v_t[Im]         v_x[Im]         p[Im]          p_mg[Im]  p_no_phase[Im]
  0.000000000000 -0.002930259029  0.050990828916 -0.005831812187 -0.003219612086  0.315806228420 -0.004094014392 -0.039906340713 -0.004328649676  0.005241786557  0.002648961435  0.315806228420  0.000788634788
  0.007874015748 -0.052349484552  0.114675666343  0.000790984393  0.000225951820  0.446426775205 -0.000013446599 -0.103153055243 -0.075188117564  0.001060811210  0.000443554614  0.446426775205  0.000497608390
  0.015748031496 -0.198979248039  0.247132325614  0.021908313371  0.005145383177  0.426141400907  0.007155988485 -0.291308379624 -0.133997458128 -0.026135133220 -0.005516729389  0.426141400907 -0.002387697633
  0.023622047244 -0.109699312095  0.211381619680  0.064250096940  0.010193189117  0.285762411513  0.009997711146 -0.296141241361 -0.121397705169 -0.018713580671 -0.002183675910  0.285762411513  0.002952171525
  0.031496062992 -0.278708204247  0.328320368810  0.091963911619  0.011850914220  0.353191784250  0.017149531436 -0.348738587635 -0.189330229256 -0.129306150588 -0.014103745334  0.353191784250 -0.006727062645
  0.039370078740 -0.105140853076  0.200965778139  0.299415637512  0.027786313704  0.193920910344  0.029129780483 -0.412967183420 -0.002748886736 -0.141000926699 -0.009879546139  0.193920910344  0.004597885405
  0.047244094488 -0.177725354870  0.135758604180  0.206525302241  0.015658397260  0.161509017887  0.019272417097 -0.223771879534 -0.151498455909 -0.194357611162 -0.011546597719  0.161509017887 -0.002661440000
  0.055118110236 -0.064989252930  0.136788835642  0.565058702918  0.032834302165  0.036119464209  0.037714531769 -0.347161105922  0.296180941127 -0.434941297082 -0.018565544411  0.036119464209 -0.000620428388
  0.062992125984  0.192798127033 -0.603376170724  0.517498189260  0.018956261899  0.008541977177  0.010537479789  0.020837506597  0.369734060460  0.237189059024  0.012797580543  0.008541977177  0.020299740211
  0.070866141732 -0.018192838731 -0.340208167282 -0.361609940426 -0.011678622974  0.000808347189 -0.013167370640  0.160481100064 -0.243787059902  0.296611769026  0.006086375468  0.000808347189 -0.000233562273
  0.078740157480 -0.035551614925  0.185278216657 -0.225664568357 -0.003265231883  0.000262836287 -0.001023729129 -0.006379527492 -0.094564237342 -0.145187363898 -0.003860605165  0.000262836287 -0.004951564415
  0.086614173228  0.006850291508  0.049389242568  0.060478043151  0.000631735754  0.000135064140  0.000555714787 -0.005102830620  0.060809781115 -0.033146016271 -0.000001589454  0.000135064140  0.000300455762
  0.094488188976 -0.000587827145 -0.010042560869  0.004333942891 -0.000105112081  0.000112769359 -0.000090523254  0.000554873341  0.000246264507  0.017013900709 -0.000003795676  0.000112769359 -0.000053558352
  0.102362204724  0.000235883520  0.001827132396 -0.000140212110  0.000014311606  0.000095567220  0.000005716997  0.000115939118 -0.000228667625 -0.001512638339  0.000014346998  0.000095567220  0.000019441563
  0.110236220472 -0.000088523811 -0.000334841832 -0.000345233873  0.000002449576  0.000063581066  0.000009644531 -0.000102009102 -0.000164745594  0.000637376892 -0.000015681160  0.000063581066 -0.000012604849
  0.118110236220 -0.000059066873  0.000162687554  0.000171900184 -0.000003955301  0.000063960983 -0.000005339705  0.000096062650  0.000306445301 -0.000067095814  0.000003903459  0.000063960983  0.000001539140
  0.125984251969  0.000030679322 -0.000059714575 -0.000269164910  0.000009987519  0.000043797969  0.000008476956 -0.000090508965 -0.000081386011 -0.000061761814  0.000000620935  0.000043797969  0.000005317641
  0.133858267717 -0.000062059759 -0.000067250351  0.000130774183 -0.000005686316  0.000059748135 -0.000004898853  0.000013825274  0.000127468239  0.000026275866 -0.000000201656  0.000059748135 -0.000002894147
  0.141732283465  0.000059497488  0.000031561508 -0.000115277010  0.000006127378  0.000066230197  0.000002437171 -0.000023474588 -0.000042454426 -0.000147726522  0.000006164519  0.000066230197  0.000008343036
  0.149606299213 -0.000020590615 -0.000108897080  0.000065873936 -0.000003515975  0.000069230194 -0.000002470845 -0.000038656031  0.000009216552  0.000033131432 -0.000001292977  0.000069230194 -0.000002815811
  0.157480314961  0.000051270561  0.000068665674 -0.000017287839  0.000001547876  0.000081608526 -0.000001552844  0.000030678480 -0.000020254227 -0.000116954992  0.000006095665  0.000081608526  0.000006094402
  0.165354330709  0.000016652326 -0.000100449133  0.000011154719 -0.000000771069  0.000073866850 -0.000000157399 -0.000064102567 -0.000047440784  0.000020172815 -0.000001088196  0.000073866850 -0.000001324365
  0.173228346457  0.000032575860  0.000077006067  0.000033855107 -0.000001617157  0.000084431160 -0.000003377909  0.000061087095 -0.000006725455 -0.000067158156  0.000004096365  0.000084431160  0.000002825798
  0.181102362205  0.000039643889 -0.000080045120 -0.000023456544  0.000001368706  0.000071513593  0.000001423965 -0.000071332417 -0.000066268170  0.000005281027 -0.000000463798  0.000071513593  0.000000246558
  0.188976377953  0.000014917304  0.000071286903  0.000054587396 -0.000003300957  0.000078886365 -0.000003826660  0.000072344907  0.000001199168 -0.000026486829  0.000001939872  0.000078886365  0.000000126859
  0.196850393701  0.000049822700 -0.000059963021 -0.000040606093  0.000002660255  0.000064530046  0.000002257927 -0.000068163916 -0.000065902401 -0.000005910696  0.000000165344  0.000064530046  0.000001416355
  0.204724409449  0.000001905209  0.000060097690  0.000058302144 -0.000003914768  0.000069071296 -0.000003566886  0.000071488210  0.000005399443  0.000000074290  0.000000267706  0.000069071296 -0.000001635361
  0.212598425197  0.000051204964 -0.000043542968 -0.000045900406  0.000003228597  0.000055377002  0.000002530613 -0.000060009251 -0.000057440754 -0.000012643481  0.000000639546  0.000055377002  0.000002104485
  0.220472440945 -0.000006257180  0.000047926692  0.000053677233 -0.000003876633  0.000057810907 -0.000003017695  0.000064225965  0.000007186976  0.000014799929 -0.000000811565  0.000057810907 -0.000002565237
  0.228346456693  0.000047469920 -0.000031072795 -0.000044288429  0.000003293936  0.000045779057  0.000002450473 -0.000050174203 -0.000046673250 -0.000015739045  0.000000927394  0.000045779057  0.000002388567
  0.236220472441 -0.000010544149  0.000036828403  0.000045738708 -0.000003497453  0.000046773661 -0.000002406935  0.000054363896  0.000007496564  0.000021346095 -0.000001392680  0.000046773661 -0.000002894547
  0.244094488189  0.000041271768 -0.000021935552 -0.000039272248  0.000003059739  0.000036739163  0.000002184546 -0.000040481381 -0.000036295155 -0.000016320689  0.000001053372  0.000036739163  0.000002387332
  0.251968503937 -0.000012129681  0.000027537675  0.000037168890 -0.000002978847  0.000036791665 -0.000001843019  0.000044142870  0.000006975106  0.000022876417 -0.000001619423  0.000036791665 -0.000002845934
  0.259842519685  0.000034294049 -0.000015362502 -0.000033056065  0.000002678816  0.000028707994  0.000001846924 -0.000031807130 -0.000027354181 -0.000015383477  0.000001059641  0.000028707994  0.000002210828
  0.267716535433 -0.000012015235  0.000020128107  0.000029285019 -0.000002439040  0.000028119366 -0.000001367233  0.000034718875  0.000006042251  0.000021677579 -0.000001622743  0.000028119366 -0.000002590924
  0.275590551181  0.000027486997 -0.000010662026 -0.000026922632  0.000002252270  0.000021689244  0.000001506587 -0.000024455912 -0.000020074409 -0.000013724980  0.000000987717  0.000021689244  0.000001943836
  0.283464566929 -0.000010913780  0.000014361449  0.000022720708 -0.000001939699  0.000020557759 -0.000000986359  0.000026552558  0.000004928137  0.000019280069 -0.000001501824  0.000020557759 -0.000002246109
  0.291338582677  0.000021288310 -0.000007238159 -0.000021627593  0.000001838991  0.000015338873  0.000001199356 -0.000018371353 -0.000014269714 -0.000012088986  0.000000870897  0.000015338873  0.000001643745
  0.299212598425 -0.000009187278  0.000009826111  0.000017917780 -0.000001506143  0.000013962579 -0.000000691687  0.000019647321  0.000003660690  0.000016702293 -0.000001321438  0.000013962579 -0.000001880488
  0.307086614173  0.000015765865 -0.000004518513 -0.000017508328  0.000001464733  0.000010142525  0.000000937066 -0.000013193140 -0.000009507528 -0.000011156648  0.000000731760  0.000010142525  0.000001342692
  0.314960629921 -0.000006833200  0.000006060903  0.000014406000 -0.000001140266  0.000009361654 -0.000000470578  0.000013732749  0.000002116746  0.000013957854 -0.000001111524  0.000009361654 -0.000001521266
  0.322834645669  0.000010968616 -0.000002259736 -0.000013026635  0.000001129627  0.000006930117  0.000000712894 -0.000008639623 -0.000005596798 -0.000009242590  0.000000584830  0.000006930117  0.000001053502
  0.330708661417 -0.000004454745  0.000003368091  0.000009517105 -0.000000837103  0.000006536381 -0.000000314472  0.000009111864  0.000000863334  0.000009684125 -0.000000880868  0.000006536381 -0.000001173787
  0.338582677165  0.000007550768 -0.000001074861 -0.000008099372  0.000000837492  0.000004904650  0.000000520191 -0.000005534119 -0.000003270039 -0.000005487178  0.000000451040  0.000004904650  0.000000796387
  0.346456692913 -0.000003073718  0.000002050146  0.000005525765 -0.000000601933  0.000004634381 -0.000000211086  0.000006211182  0.000000444756  0.000006232951 -0.000000664880  0.000004634381 -0.000000871683
  0.354330708661  0.000005341464 -0.000000638335 -0.000005219643  0.000000607207  0.000003496389  0.000000369342 -0.000003767364 -0.000002117543 -0.000003328984  0.000000343367  0.000003496389  0.000000591766
  0.362204724409 -0.000002276556  0.000001361272  0.000003569523 -0.000000429266  0.000003289592 -0.000000141911  0.000004344294  0.000000325816  0.000004314361 -0.000000492205  0.000003289592 -0.000000637492
  0.370078740157  0.000003814642 -0.000000422904 -0.000003599375  0.000000436252  0.000002490151  0.000000259310 -0.000002631729 -0.000001431679 -0.000002327398  0.000000259349  0.000002490151  0.000000436275
  0.377952755906 -0.000001706851  0.000000923704  0.000002452810 -0.000000304696  0.000002330832 -0.000000094997  0.000003051458  0.000000257084  0.000003085528 -0.000000361367  0.000002330832 -0.000000463034
  0.385826771654  0.000002724157 -0.000000286804 -0.000002523750  0.000000311717  0.000001769440  0.000000180871 -0.000001844012 -0.000000976768 -0.000001696743  0.000000194552  0.000001769440  0.000000319849
  0.393700787402 -0.000001274000  0.000000628477  0.000001705795 -0.000000215452  0.000001647956 -0.000000063201  0.000002139574  0.000000201013  0.000002216028 -0.000000263838  0.000001647956 -0.000000334718
  0.401574803150  0.000001941537 -0.000000195149 -0.000001770411  0.000000221747  0.000001254375  0.000000125489 -0.000001289656 -0.000000667413 -0.000001242182  0.000000145050  0.000001254375  0.000000233375
  0.409448818898 -0.000000944689  0.000000427258  0.000001186444 -0.000000151828  0.000001162745 -0.000000041753  0.000001496155  0.000000154394  0.000001588397 -0.000000191753  0.000001162745 -0.000000240993
  0.417322834646  0.000001380724 -0.000000132732 -0.000001238991  0.000000157131  0.000000887286  0.000000086648 -0.000000899645 -0.000000456100 -0.000000906847  0.000000107544  0.000000887286  0.000000169552
  0.425196850394 -0.000000696215  0.000000290067  0.000000823630 -0.000000106655  0.000000818809 -0.000000027367  0.000001043428  0.000000116764  0.000001135345 -0.000000138810  0.000000818809 -0.000000172900
  0.433070866142  0.000000979838 -0.000000090180 -0.000000864801  0.000000110955  0.000000626338  0.000000059563 -0.000000626013 -0.000000311655 -0.000000659575  0.000000079333  0.000000626338  0.000000122707
  0.440944881890 -0.000000510324  0.000000196647  0.000000570508 -0.000000074701  0.000000575539 -0.000000017776  0.000000725841  0.000000087203  0.000000809378 -0.000000100135  0.000000575539 -0.000000123658
  0.448818897638  0.000000693950 -0.000000061195 -0.000000602146  0.000000078103  0.000000441271  0.000000040777 -0.000000434605 -0.000000212908 -0.000000477981  0.000000058250  0.000000441271  0.000000088489
  0.456692913386 -0.000000372302  0.000000133118  0.000000394309 -0.000000052172  0.000000403778 -0.000000011421  0.000000503678  0.000000064460  0.000000575671 -0.000000072017  0.000000403778 -0.000000088193
  0.464566929134  0.000000490494 -0.000000041478 -0.000000418370  0.000000054826  0.000000310261  0.000000027815 -0.000000301099 -0.000000145394 -0.000000345198  0.000000042585  0.000000310261  0.000000063605
  0.472440944882 -0.000000270495  0.000000089965  0.000000271940 -0.000000036336  0.000000282623 -0.000000007235  0.000000348644  0.000000047242  0.000000408687 -0.000000051663  0.000000282623 -0.000000062746
  0.480314960630  0.000000345942 -0.000000028081 -0.000000290207  0.000000038397  0.000000217554  0.000000018917 -0.000000208232 -0.000000099216 -0.000000248535  0.000000031001  0.000000217554  0.000000045580
  0.488188976378 -0.000000195818  0.000000060667  0.000000187207 -0.000000025232  0.000000196999 -0.000000004492  0.000000240659  0.000000034358  0.000000289835 -0.000000036989  0.000000196999 -0.000000044550
  0.496062992126  0.000000243323 -0.000000018975 -0.000000201209  0.000000026846  0.000000151536  0.000000012845 -0.000000143770 -0.000000067580 -0.000000178641  0.000000022473  0.000000151536  0.000000032569
  0.503937007874 -0.000000141219  0.000000040739  0.000000128979 -0.000000017464  0.000000135647 -0.000000002701  0.000000165489  0.000000024755  0.000000205818 -0.000000026453  0.000000135647 -0.000000031582
  0.511811023622  0.000000170338 -0.000000012717 -0.000000139980  0.000000018754  0.000000103103  0.000000008728 -0.000000098963 -0.000000045754 -0.000000129146  0.000000016214  0.000000103103  0.000000023205
  0.519685039370 -0.000000101017  0.000000027020  0.000000090178 -0.000000012037  0.000000090213 -0.000000001535  0.000000112954  0.000000017427  0.000000147620 -0.000000018917  0.000000090213 -0.000000022369
  0.527559055118  0.000000117813 -0.000000008153 -0.000000098805  0.000000013105  0.000000067119  0.000000005952 -0.000000067233 -0.000000030236 -0.000000096511  0.000000011635  0.000000067119  0.000000016483
  0.535433070866 -0.000000070124  0.000000017152  0.000000065758 -0.000000008255  0.000000058748 -0.000000000787  0.000000075584  0.000000011250  0.000000108203 -0.000000013530  0.000000058748 -0.000000015830
  0.543307086614  0.000000078994 -0.000000004411 -0.000000069402  0.000000009150  0.000000044204  0.000000004071 -0.000000043570 -0.000000018512 -0.000000073290  0.000000008303  0.000000044204  0.000000011666
  0.551181102362 -0.000000045839  0.000000010046  0.000000044853 -0.000000005642  0.000000039544 -0.000000000351  0.000000049029  0.000000006068  0.000000074527 -0.000000009638  0.000000039544 -0.000000011162
  0.559055118110  0.000000052072 -0.000000002014 -0.000000043934  0.000000006347  0.000000030181  0.000000002753 -0.000000027200 -0.000000010771 -0.000000046869  0.000000005908  0.000000030181  0.000000008222
  0.566929133858 -0.000000030294  0.000000006046  0.000000026227 -0.000000003853  0.000000027178 -0.000000000138  0.000000032192  0.000000003401  0.000000046470 -0.000000006795  0.000000027178 -0.000000007810
  0.574803149606  0.000000035341 -0.000000001097 -0.000000027538  0.000000004365  0.000000020853  0.000000001829 -0.000000017741 -0.000000006798 -0.000000028526  0.000000004198  0.000000020853  0.000000005774
  0.582677165354 -0.000000020991  0.000000003922  0.000000016223 -0.000000002630  0.000000018765 -0.000000000035  0.000000021685  0.000000002268  0.000000030446 -0.000000004763  0.000000018765 -0.000000005441
  0.590551181102  0.000000024416 -0.000000000702 -0.000000018262  0.000000002992  0.000000014436  0.000000001205 -0.000000011938 -0.000000004532 -0.000000019105  0.000000002979  0.000000014436  0.000000004046
  0.598425196850 -0.000000014771  0.000000002608  0.000000010748 -0.000000001793  0.000000012962  0.000000000016  0.000000014720  0.000000001603  0.000000020865 -0.000000003331  0.000000012962 -0.000000003783
  0.606299212598  0.000000016933 -0.000000000468 -0.000000012355  0.000000002047  0.000000009991  0.000000000790 -0.000000008087 -0.000000003062 -0.000000013310  0.000000002110  0.000000009991  0.000000002832
  0.614173228346 -0.000000010412  0.000000001742  0.000000007247 -0.000000001221  0.000000008950  0.000000000039  0.000000009998  0.000000001143  0.000000014457 -0.000000002328  0.000000008950 -0.000000002628
  0.622047244094  0.000000011746 -0.000000000313 -0.000000008386  0.000000001398  0.000000006912  0.000000000515 -0.000000005480 -0.000000002074 -0.000000009340  0.000000001493  0.000000006912  0.000000001979
  0.629921259843 -0.000000007333  0.000000001164  0.000000004898 -0.000000000831  0.000000006177  0.000000000047  0.000000006787  0.000000000812  0.000000010033 -0.000000001625  0.000000006177 -0.000000001824
  0.637795275591  0.000000008145 -0.000000000209 -0.000000005690  0.000000000954  0.000000004779  0.000000000334 -0.000000003709 -0.000000001406 -0.000000006555  0.000000001054  0.000000004779  0.000000001382
  0.645669291339 -0.000000005157  0.000000000777  0.000000003308 -0.000000000564  0.000000004262  0.000000000046  0.000000004602  0.000000000576  0.000000006961 -0.000000001133  0.000000004262 -0.000000001265
  0.653543307087  0.000000005645 -0.000000000140 -0.000000003858  0.000000000650  0.000000003303  0.000000000216 -0.000000002508 -0.000000000953 -0.000000004597  0.000000000743  0.000000003303  0.000000000964
  0.661417322835 -0.000000003622  0.000000000519  0.000000002232 -0.000000000383  0.000000002939  0.000000000041  0.000000003117  0.000000000407  0.000000004827 -0.000000000790  0.000000002939 -0.000000000877
  0.669291338583  0.000000003911 -0.000000000093 -0.000000002613  0.000000000443  0.000000002281  0.000000000139 -0.000000001694 -0.000000000647 -0.000000003220  0.000000000524  0.000000002281  0.000000000671
  0.677165354331 -0.000000002541  0.000000000346  0.000000001504 -0.000000000259  0.000000002025  0.000000000035  0.000000002110  0.000000000286  0.000000003346 -0.000000000550  0.000000002025 -0.000000000607
  0.685039370079  0.000000002707 -0.000000000062 -0.000000001769  0.000000000301  0.000000001574  0.000000000089 -0.000000001142 -0.000000000438 -0.000000002253  0.000000000368  0.000000001574  0.000000000467
  0.692913385827 -0.000000001780  0.000000000230  0.000000001012 -0.000000000175  0.000000001395  0.000000000029  0.000000001426  0.000000000201  0.000000002318 -0.000000000383  0.000000001395 -0.000000000420
  0.700787401575  0.000000001873 -0.000000000041 -0.000000001196  0.000000000205  0.000000001086  0.000000000056 -0.000000000770 -0.000000000297 -0.000000001575  0.000000000259  0.000000001086  0.000000000325
  0.708661417323 -0.000000001246  0.000000000153  0.000000000680 -0.000000000118  0.000000000959  0.000000000023  0.000000000962  0.000000000141  0.000000001606 -0.000000000266  0.000000000959 -0.000000000291
  0.716535433071  0.000000001295 -0.000000000027 -0.000000000809  0.000000000139  0.000000000747  0.000000000035 -0.000000000518 -0.000000000201 -0.000000001100  0.000000000181  0.000000000747  0.000000000226
  0.724409448819 -0.000000000871  0.000000000102  0.000000000457 -0.000000000080  0.000000000655  0.000000000019  0.000000000648  0.000000000098  0.000000001114 -0.000000000185  0.000000000655 -0.000000000201
  0.732283464567  0.000000000893 -0.000000000018 -0.000000000548  0.000000000094  0.000000000507  0.000000000022 -0.000000000349 -0.000000000136 -0.000000000771  0.000000000127  0.000000000507  0.000000000157
  0.740157480315 -0.000000000607  0.000000000067  0.000000000309 -0.000000000053  0.000000000439  0.000000000015  0.000000000435  0.000000000068  0.000000000777 -0.000000000129  0.000000000439 -0.000000000139
  0.748031496063  0.000000000612 -0.000000000011 -0.000000000374  0.000000000064  0.000000000334  0.000000000014 -0.000000000233 -0.000000000091 -0.000000000549  0.000000000089  0.000000000334  0.000000000109
  0.755905511811 -0.000000000418  0.000000000043  0.000000000216 -0.000000000036  0.000000000286  0.000000000012  0.000000000288  0.000000000045  0.000000000553 -0.000000000090  0.000000000286 -0.000000000096
  0.763779527559  0.000000000412 -0.000000000006 -0.000000000257  0.000000000044  0.000000000218  0.000000000009 -0.000000000151 -0.000000000057 -0.000000000403  0.000000000062  0.000000000218  0.000000000075
  0.771653543307 -0.000000000276  0.000000000026  0.000000000150 -0.000000000024  0.000000000190  0.000000000009  0.000000000187  0.000000000027  0.000000000389 -0.000000000063  0.000000000190 -0.000000000066
  0.779527559055  0.000000000270 -0.000000000002 -0.000000000167  0.000000000030  0.000000000147  0.000000000006 -0.000000000094 -0.000000000034 -0.000000000271  0.000000000043  0.000000000147  0.000000000052
  0.787401574803 -0.000000000181  0.000000000016  0.000000000090 -0.000000000016  0.000000000129  0.000000000007  0.000000000121  0.000000000015  0.000000000247 -0.000000000043  0.000000000129 -0.000000000046
  0.795275590551  0.000000000181 -0.000000000001 -0.000000000104  0.000000000020  0.000000000101  0.000000000003 -0.000000000060 -0.000000000021 -0.000000000167  0.000000000030  0.000000000101  0.000000000036
  0.803149606299 -0.000000000123  0.000000000010  0.000000000054 -0.000000000011  0.000000000089  0.000000000005  0.000000000080  0.000000000010  0.000000000158 -0.000000000030  0.000000000089 -0.000000000032
  0.811023622047  0.000000000123 -0.000000000000 -0.000000000068  0.000000000014  0.000000000069  0.000000000002 -0.000000000039 -0.000000000014 -0.000000000110  0.000000000021  0.000000000069  0.000000000025
  0.818897637795 -0.000000000085  0.000000000007  0.000000000035 -0.000000000007  0.000000000061  0.000000000004  0.000000000054  0.000000000007  0.000000000107 -0.000000000021  0.000000000061 -0.000000000022
  0.826771653543  0.000000000085 -0.000000000000 -0.000000000045  0.000000000009  0.000000000048  0.000000000001 -0.000000000026 -0.000000000009 -0.000000000075  0.000000000015  0.000000000048  0.000000000017
  0.834645669291 -0.000000000059  0.000000000004  0.000000000023 -0.000000000005  0.000000000042  0.000000000003  0.000000000036  0.000000000005  0.000000000073 -0.000000000014  0.000000000042 -0.000000000015
  0.842519685039  0.000000000058 -0.000000000000 -0.000000000030  0.000000000006  0.000000000033  0.000000000001 -0.000000000017 -0.000000000006 -0.000000000052  0.000000000010  0.000000000033  0.000000000012
  0.850393700787 -0.000000000041  0.000000000003  0.000000000015 -0.000000000003  0.000000000028  0.000000000002  0.000000000024  0.000000000003  0.000000000051 -0.000000000010  0.000000000028 -0.000000000010
  0.858267716535  0.000000000040 -0.000000000000 -0.000000000020  0.000000000004  0.000000000023  0.000000000000 -0.000000000011 -0.000000000004 -0.000000000036  0.000000000007  0.000000000023  0.000000000008
  0.866141732283 -0.000000000029  0.000000000002  0.000000000010 -0.000000000002  0.000000000019  0.000000000001  0.000000000016  0.000000000002  0.000000000035 -0.000000000007  0.000000000019 -0.000000000007
  0.874015748031  0.000000000027 -0.000000000000 -0.000000000014  0.000000000003  0.000000000016  0.000000000000 -0.000000000008 -0.000000000003 -0.000000000025  0.000000000005  0.000000000016  0.000000000006
  0.881889763780 -0.000000000020  0.000000000001  0.000000000007 -0.000000000001  0.000000000013  0.000000000001  0.000000000011  0.000000000002  0.000000000024 -0.000000000005  0.000000000013 -0.000000000005
  0.889763779528  0.000000000019 -0.000000000000 -0.000000000009  0.000000000002  0.000000000011  0.000000000000 -0.000000000005 -0.000000000002 -0.000000000017  0.000000000003  0.000000000011  0.000000000004
  0.897637795276 -0.000000000014  0.000000000001  0.000000000004 -0.000000000001  0.000000000009  0.000000000001  0.000000000007  0.000000000001  0.000000000017 -0.000000000003  0.000000000009 -0.000000000003
  0.905511811024  0.000000000013  0.000000000000 -0.000000000006  0.000000000001  0.000000000008 -0.000000000000 -0.000000000003 -0.000000000001 -0.000000000012  0.000000000002  0.000000000008  0.000000000003
  0.913385826772 -0.000000000010  0.000000000001  0.000000000003 -0.000000000001  0.000000000005  0.000000000001  0.000000000005  0.000000000001  0.000000000012 -0.000000000002  0.000000000005 -0.000000000002
  0.921259842520  0.000000000008  0.000000000000 -0.000000000004  0.000000000001  0.000000000005 -0.000000000000 -0.000000000002 -0.000000000001 -0.000000000008  0.000000000002  0.000000000005  0.000000000002
  0.929133858268 -0.000000000007  0.000000000000  0.000000000002 -0.000000000000  0.000000000003  0.000000000000  0.000000000003  0.000000000000  0.000000000009 -0.000000000002  0.000000000003 -0.000000000002
  0.937007874016  0.000000000005  0.000000000000 -0.000000000003  0.000000000001  0.000000000004  0.000000000000 -0.000000000001 -0.000000000000 -0.000000000005  0.000000000001  0.000000000004  0.000000000001
  0.944881889764 -0.000000000005  0.000000000000  0.000000000001 -0.000000000000  0.000000000001  0.000000000000  0.000000000002  0.000000000000  0.000000000007 -0.000000000001  0.000000000001 -0.000000000001
  0.952755905512  0.000000000003  0.000000000000 -0.000000000002  0.000000000000  0.000000000003  0.000000000000 -0.000000000001 -0.000000000000 -0.000000000003  0.000000000001  0.000000000003  0.000000000001
  0.960629921260 -0.000000000004  0.000000000000  0.000000000001 -0.000000000000  0.000000000001  0.000000000000  0.000000000001  0.000000000000  0.000000000006 -0.000000000001  0.000000000001 -0.000000000001
  0.968503937008  0.000000000001  0.000000000000 -0.000000000002  0.000000000000  0.000000000003  0.000000000000 -0.000000000001  0.000000000000 -0.000000000002  0.000000000000  0.000000000003  0.000000000000
  0.976377952756 -0.000000000003  0.000000000000  0.000000000001 -0.000000000000  0.000000000004  0.000000000000  0.000000000001  0.000000000000  0.000000000005 -0.000000000001  0.000000000004 -0.000000000001
  0.984251968504 -0.000000000001  0.000000000000 -0.000000000001  0.000000000000  0.051174230249  0.000000000000 -0.000000000000  0.000000000000 -0.000000000000  0.000000000000  0.051174230249  0.000000000000
  0.992125984252 -0.000000000003 -0.000000000000  0.000000000001 -0.000000000000  0.137126808006  0.000000000000  0.000000000000  0.000000000000  0.000000000006 -0.000000000001  0.137126808006 -0.000000000001
  1.000000000000 -0.000000000004  0.000000000000 -0.000000000001  0.000000000000  0.281122224572  0.000000000000  0.000000000000  0.000000000001  0.000000000001 -0.000000000000  0.281122224572  0.000000000000
