             Rad         v_r[Re]         v_t[Re]         v_x[Re]         p[Re]          p_mg[Re]  p_no_phase[Re]         v_r[Im]         v_t[Im]         v_x[Im]         p[Im]          p_mg[Im]  p_no_phase[Im]
  0.250000000000  0.000000000000  0.000000078737  0.000000300815  0.000000016240  0.000000070020  0.000000019322  0.000000000000 -0.000000066479 -0.000000253976 -0.000000013713  0.000000070020 -0.000000008858
  0.252016129032 -0.000000015425  0.000000051831  0.000000276967  0.000000015035  0.000000091438  0.000000017835 -0.000000018449 -0.000000042984 -0.000000230205 -0.000000012498  0.000000091438 -0.000000008011
  0.254032258065 -0.000000030064  0.000000034326  0.000000284322  0.000000015518  0.000000114520  0.000000018414 -0.000000036059 -0.000000028559 -0.000000236804 -0.000000012925  0.000000114520 -0.000000008293
  0.256048387097 -0.000000044840  0.000000014311  0.000000281140  0.000000015426  0.000000134580  0.000000018292 -0.000000053779 -0.000000011640 -0.000000233250 -0.000000012799  0.000000134580 -0.000000008196
  0.258064516129 -0.000000058480 -0.000000001048  0.000000289954  0.000000015991  0.000000157643  0.000000018975 -0.000000070292  0.000000000820 -0.000000241407 -0.000000013315  0.000000157643 -0.000000008541
  0.260080645161 -0.000000073301 -0.000000020502  0.000000286417  0.000000015878  0.000000176317  0.000000018828 -0.000000087988  0.000000017317 -0.000000237640 -0.000000013175  0.000000176317 -0.000000008437
  0.262096774194 -0.000000086032 -0.000000034523  0.000000294215  0.000000016391  0.000000199326  0.000000019449 -0.000000103491  0.000000028605 -0.000000244928 -0.000000013646  0.000000199326 -0.000000008753
  0.264112903226 -0.000000100881 -0.000000053472  0.000000290174  0.000000016248  0.000000216606  0.000000019268 -0.000000121137  0.000000044739 -0.000000240774 -0.000000013483  0.000000216606 -0.000000008635
  0.266129032258 -0.000000112686 -0.000000066168  0.000000297091  0.000000016715  0.000000239546  0.000000019833 -0.000000135608  0.000000054869 -0.000000247300 -0.000000013915  0.000000239546 -0.000000008925
  0.268145161290 -0.000000127540 -0.000000084588  0.000000292696  0.000000016552  0.000000255441  0.000000019628 -0.000000153180  0.000000070619 -0.000000242883 -0.000000013737  0.000000255441 -0.000000008797
  0.270161290323 -0.000000138415 -0.000000095978  0.000000298887  0.000000016982  0.000000278313  0.000000020150 -0.000000166611  0.000000079610 -0.000000248775 -0.000000014136  0.000000278313 -0.000000009067
  0.272177419355 -0.000000153265 -0.000000113869  0.000000294261  0.000000016807  0.000000292841  0.000000019931 -0.000000184099  0.000000094973 -0.000000244197 -0.000000013949  0.000000292841 -0.000000008934
  0.274193548387 -0.000000163215 -0.000000123994  0.000000299848  0.000000017208  0.000000315651  0.000000020418 -0.000000196497  0.000000102860 -0.000000249558 -0.000000014323  0.000000315651 -0.000000009186
  0.276209677419 -0.000000178060 -0.000000141373  0.000000295074  0.000000017028  0.000000328831  0.000000020193 -0.000000213899  0.000000117849 -0.000000244887 -0.000000014133  0.000000328831 -0.000000009052
  0.278225806452 -0.000000187098 -0.000000150286  0.000000300141  0.000000017408  0.000000351583  0.000000020654 -0.000000225278  0.000000124680 -0.000000249789 -0.000000014488  0.000000351583 -0.000000009292
  0.280241935484 -0.000000201942 -0.000000167192  0.000000295244  0.000000017229  0.000000363423  0.000000020432 -0.000000242600  0.000000139325 -0.000000245042 -0.000000014301  0.000000363423 -0.000000009160
  0.282258064516 -0.000000210081 -0.000000174959  0.000000299818  0.000000017594  0.000000386105  0.000000020875 -0.000000252974  0.000000145155 -0.000000249509 -0.000000014642  0.000000386105 -0.000000009391
  0.284274193548 -0.000000224926 -0.000000191445  0.000000294748  0.000000017422  0.000000396585  0.000000020661 -0.000000270220  0.000000159499 -0.000000244642 -0.000000014463  0.000000396585 -0.000000009264
  0.286290322581 -0.000000232170 -0.000000198139  0.000000298778  0.000000017778  0.000000419154  0.000000021093 -0.000000279595  0.000000164390 -0.000000248637 -0.000000014795  0.000000419154 -0.000000009488
  0.288306451613 -0.000000247009 -0.000000214274  0.000000293376  0.000000017617  0.000000428201  0.000000020893 -0.000000296756  0.000000178490 -0.000000243513 -0.000000014626  0.000000428201 -0.000000009368
  0.290322580645 -0.000000253345 -0.000000219977  0.000000296705  0.000000017967  0.000000450556  0.000000021317 -0.000000305116  0.000000182511 -0.000000246909 -0.000000014952  0.000000450556 -0.000000009588
  0.292338709677 -0.000000268150 -0.000000235847  0.000000290662  0.000000017820  0.000000458018  0.000000021133 -0.000000322158  0.000000196439 -0.000000241265 -0.000000014795  0.000000458018 -0.000000009477
  0.294354838710 -0.000000273533 -0.000000240645  0.000000292989  0.000000018165  0.000000479980  0.000000021552 -0.000000329448  0.000000199659 -0.000000243820 -0.000000015116  0.000000479980 -0.000000009694
  0.296370967742 -0.000000288239 -0.000000256358  0.000000285808  0.000000018031  0.000000485595  0.000000021384 -0.000000346294  0.000000213506 -0.000000237236 -0.000000014971  0.000000485595 -0.000000009590
  0.298387096774 -0.000000292571 -0.000000260342  0.000000286674  0.000000018371  0.000000506884  0.000000021796 -0.000000352396  0.000000215999 -0.000000238576 -0.000000015287  0.000000506884 -0.000000009803
  0.300403225806 -0.000000307065 -0.000000276034  0.000000277653  0.000000018245  0.000000510264  0.000000021638 -0.000000368907  0.000000229881 -0.000000230456 -0.000000015150  0.000000510264 -0.000000009705
  0.302419354839 -0.000000310177 -0.000000279298  0.000000276473  0.000000018574  0.000000530510  0.000000022037 -0.000000373622  0.000000231722 -0.000000230111 -0.000000015455  0.000000530510 -0.000000009911
  0.304435483871 -0.000000324280 -0.000000295145  0.000000264789  0.000000018448  0.000000531172  0.000000021879 -0.000000389582  0.000000245791 -0.000000219755 -0.000000015319  0.000000531172 -0.000000009814
  0.306451612903 -0.000000325923 -0.000000297789  0.000000261039  0.000000018754  0.000000549996  0.000000022250 -0.000000392611  0.000000247055 -0.000000217306 -0.000000015604  0.000000549996 -0.000000010007
  0.308467741935 -0.000000339403 -0.000000314025  0.000000246031  0.000000018613  0.000000547478  0.000000022075 -0.000000407734  0.000000261514 -0.000000204143 -0.000000015457  0.000000547478 -0.000000009903
  0.310483870968 -0.000000339264 -0.000000316157  0.000000239671  0.000000018878  0.000000564668  0.000000022397 -0.000000408709  0.000000262280 -0.000000199582 -0.000000015707  0.000000564668 -0.000000010072
  0.312500000000 -0.000000351881 -0.000000333093  0.000000221417  0.000000018700  0.000000558757  0.000000022179 -0.000000422700  0.000000277402 -0.000000183652 -0.000000015531  0.000000558757 -0.000000009950
  0.314516129032 -0.000000349662 -0.000000334833  0.000000213540  0.000000018897  0.000000574511  0.000000022420 -0.000000421270  0.000000277753 -0.000000177913 -0.000000015723  0.000000574511 -0.000000010082
  0.316532258065 -0.000000361285 -0.000000352873  0.000000193568  0.000000018657  0.000000565478  0.000000022128 -0.000000433962  0.000000293892 -0.000000160462 -0.000000015496  0.000000565478 -0.000000009928
  0.318548387097 -0.000000356845 -0.000000354352  0.000000186844  0.000000018754  0.000000580550  0.000000022250 -0.000000429967  0.000000293915 -0.000000155783 -0.000000015603  0.000000580550 -0.000000010005
  0.320564516129 -0.000000367606 -0.000000373974  0.000000168304  0.000000018422  0.000000569192  0.000000021850 -0.000000441507  0.000000311494 -0.000000139417 -0.000000015302  0.000000569192 -0.000000009804
  0.322580645161 -0.000000361112 -0.000000375304  0.000000166347  0.000000018386  0.000000584710  0.000000021814 -0.000000435160  0.000000311256 -0.000000138804 -0.000000015297  0.000000584710 -0.000000009809
  0.324596774194 -0.000000371500 -0.000000396979  0.000000152806  0.000000017939  0.000000572039  0.000000021277 -0.000000446124  0.000000330693 -0.000000126503 -0.000000014902  0.000000572039 -0.000000009549
  0.326612903226 -0.000000363453 -0.000000398184  0.000000158061  0.000000017744  0.000000589000  0.000000021052 -0.000000438042  0.000000330187 -0.000000131955 -0.000000014762  0.000000589000 -0.000000009466
  0.328629032258 -0.000000374194 -0.000000422183  0.000000151195  0.000000017168  0.000000575740  0.000000020363 -0.000000449293  0.000000351731 -0.000000125163 -0.000000014264  0.000000575740 -0.000000009140
  0.330645161290 -0.000000365241 -0.000000423074  0.000000162736  0.000000016798  0.000000594510  0.000000019929 -0.000000440258  0.000000350782 -0.000000135842 -0.000000013975  0.000000594510 -0.000000008961
  0.332661290323 -0.000000376974 -0.000000449232  0.000000160924  0.000000016095  0.000000580760  0.000000019091 -0.000000452562  0.000000374307 -0.000000133294 -0.000000013374  0.000000580760 -0.000000008570
  0.334677419355 -0.000000367576 -0.000000449307  0.000000174454  0.000000015546  0.000000600927  0.000000018444 -0.000000443130  0.000000372495 -0.000000145540 -0.000000012933  0.000000600927 -0.000000008293
  0.336693548387 -0.000000380532 -0.000000476888  0.000000173811  0.000000014730  0.000000586207  0.000000017472 -0.000000456768  0.000000397386 -0.000000144096 -0.000000012242  0.000000586207 -0.000000007845
  0.338709677419 -0.000000370757 -0.000000475358  0.000000184035  0.000000014012  0.000000606820  0.000000016623 -0.000000447014  0.000000394068 -0.000000153425 -0.000000011656  0.000000606820 -0.000000007473
  0.340725806452 -0.000000384669 -0.000000503165  0.000000180793  0.000000013105  0.000000590358  0.000000015546 -0.000000461675  0.000000419307 -0.000000150022 -0.000000010894  0.000000590358 -0.000000006983
  0.342741935484 -0.000000374216 -0.000000499130  0.000000183937  0.000000012237  0.000000610292  0.000000014517 -0.000000451221  0.000000413765 -0.000000153244 -0.000000010178  0.000000610292 -0.000000006526
  0.344758064516 -0.000000388466 -0.000000525806  0.000000176068  0.000000011268  0.000000591330  0.000000013368 -0.000000466181  0.000000438191 -0.000000146233 -0.000000009371  0.000000591330 -0.000000006008
  0.346774193548 -0.000000376853 -0.000000518488  0.000000170800  0.000000010273  0.000000609574  0.000000012187 -0.000000454428  0.000000429816 -0.000000142219 -0.000000008544  0.000000609574 -0.000000005477
  0.348790322581 -0.000000390713 -0.000000542829  0.000000158155  0.000000009274  0.000000587552  0.000000011003 -0.000000468828  0.000000452389 -0.000000131483 -0.000000007716  0.000000587552 -0.000000004948
  0.350806451613 -0.000000377463 -0.000000531722  0.000000145079  0.000000008179  0.000000603351  0.000000009702 -0.000000455184  0.000000440798 -0.000000120739 -0.000000006800  0.000000603351 -0.000000004359
  0.352822580645 -0.000000390277 -0.000000552856  0.000000128699  0.000000007178  0.000000577967  0.000000008517 -0.000000468257  0.000000460757 -0.000000107131 -0.000000005978  0.000000577967 -0.000000003835
  0.354838709677 -0.000000375043 -0.000000537763  0.000000109405  0.000000006010  0.000000590846  0.000000007129 -0.000000452283  0.000000445821 -0.000000090995 -0.000000004995  0.000000590846 -0.000000003201
  0.356854838710 -0.000000386319 -0.000000555179  0.000000090772  0.000000005034  0.000000562043  0.000000005975 -0.000000463455  0.000000462709 -0.000000075726 -0.000000004199  0.000000562043 -0.000000002696
  0.358870967742 -0.000000368917 -0.000000536171  0.000000067080  0.000000003820  0.000000571772  0.000000004530 -0.000000444911  0.000000444516 -0.000000055732 -0.000000003172  0.000000571772 -0.000000002032
  0.360887096774 -0.000000378341 -0.000000549669  0.000000047637  0.000000002891  0.000000539686  0.000000003434 -0.000000453825  0.000000458141 -0.000000039978 -0.000000002421  0.000000539686 -0.000000001558
  0.362903225806 -0.000000358744 -0.000000527009  0.000000021194  0.000000001653  0.000000546224  0.000000001960 -0.000000432661  0.000000436932 -0.000000017518 -0.000000001369  0.000000546224 -0.000000000875
  0.364919354839 -0.000000366161 -0.000000536618  0.000000002130  0.000000000791  0.000000511131  0.000000000944 -0.000000439146  0.000000447298 -0.000000002247 -0.000000000678  0.000000511131 -0.000000000442
  0.366935483871 -0.000000344463 -0.000000510693 -0.000000025736 -0.000000000451  0.000000514572 -0.000000000537 -0.000000415459  0.000000423413  0.000000021556  0.000000000382  0.000000514572  0.000000000248
  0.368951612903 -0.000000349840 -0.000000516597 -0.000000043533 -0.000000001232  0.000000476839 -0.000000001455 -0.000000419491  0.000000430654  0.000000035626  0.000000001001  0.000000476839  0.000000000634
  0.370967741935 -0.000000326224 -0.000000487862 -0.000000071818 -0.000000002460  0.000000477367 -0.000000002921 -0.000000393489  0.000000404487  0.000000059921  0.000000002055  0.000000477367  0.000000001321
  0.372983870968 -0.000000329614 -0.000000490339 -0.000000087734 -0.000000003151  0.000000437415 -0.000000003731 -0.000000395145  0.000000408820  0.000000072295  0.000000002593  0.000000437415  0.000000001653
  0.375000000000 -0.000000304321 -0.000000459279 -0.000000115716 -0.000000004352  0.000000435269 -0.000000005166 -0.000000367103  0.000000380786  0.000000096465  0.000000003630  0.000000435269  0.000000002331
  0.377016129032 -0.000000305835 -0.000000458658 -0.000000129355 -0.000000004944  0.000000393542 -0.000000005857 -0.000000366531  0.000000382473  0.000000106830  0.000000004081  0.000000393542  0.000000002606
  0.379032258065 -0.000000279140 -0.000000425764 -0.000000156531 -0.000000006107  0.000000388991 -0.000000007248 -0.000000336768  0.000000352991  0.000000130442  0.000000005091  0.000000388991  0.000000003268
  0.381048387097 -0.000000278925 -0.000000422397 -0.000000167668 -0.000000006595  0.000000345939 -0.000000007815 -0.000000334156  0.000000352316  0.000000138624  0.000000005452  0.000000345939  0.000000003484
  0.383064516129 -0.000000251118 -0.000000388147 -0.000000193697 -0.000000007712  0.000000339264 -0.000000009153 -0.000000303009  0.000000321789  0.000000161384  0.000000006427  0.000000339264  0.000000004125
  0.385080645161 -0.000000249340 -0.000000382392 -0.000000202233 -0.000000008095  0.000000295328 -0.000000009594 -0.000000298569  0.000000319042  0.000000167313  0.000000006697  0.000000295328  0.000000004282
  0.387096774194 -0.000000220714 -0.000000347237 -0.000000226901 -0.000000009160  0.000000286808 -0.000000010871 -0.000000266381  0.000000287853  0.000000189030  0.000000007633  0.000000286808  0.000000004898
  0.389112903226 -0.000000217548 -0.000000339441 -0.000000232828 -0.000000009439  0.000000242409 -0.000000011187 -0.000000260333  0.000000283316  0.000000192709  0.000000007812  0.000000242409  0.000000004996
  0.391129032258 -0.000000188389 -0.000000303805 -0.000000256010 -0.000000010447  0.000000232315 -0.000000012398 -0.000000227439  0.000000251823  0.000000213269  0.000000008705  0.000000232315  0.000000005586
  0.393145161290 -0.000000184008 -0.000000294299 -0.000000259387 -0.000000010622  0.000000187847 -0.000000012591 -0.000000220000  0.000000245764  0.000000214758  0.000000008795  0.000000187847  0.000000005626
  0.395161290323 -0.000000154589 -0.000000258569 -0.000000281026 -0.000000011572  0.000000176431 -0.000000013733 -0.000000186720  0.000000214294  0.000000234103  0.000000009642  0.000000176431  0.000000006187
  0.397177419355 -0.000000149163 -0.000000247659 -0.000000281960 -0.000000011648  0.000000132261 -0.000000013808 -0.000000178103  0.000000206964  0.000000233500  0.000000009647  0.000000132261  0.000000006171
  0.399193548387 -0.000000119741 -0.000000212186 -0.000000302049 -0.000000012539  0.000000119758 -0.000000014880 -0.000000144737  0.000000175811  0.000000251616  0.000000010447  0.000000119758  0.000000006704
  0.401209677419 -0.000000113426 -0.000000200155 -0.000000300680 -0.000000012520  0.000000076216 -0.000000014842 -0.000000135139  0.000000167441  0.000000249047  0.000000010371  0.000000076216  0.000000006635
  0.403225806452 -0.000000084238 -0.000000165251 -0.000000319248 -0.000000013352  0.000000062839 -0.000000015845 -0.000000101965  0.000000136869  0.000000265949  0.000000011125  0.000000062839  0.000000007139
  0.405241935484 -0.000000077182 -0.000000152351 -0.000000315742 -0.000000013244  0.000000020224 -0.000000015701 -0.000000091570  0.000000127666  0.000000261559  0.000000010972  0.000000020224  0.000000007021
  0.407258064516 -0.000000048442 -0.000000118292 -0.000000332847 -0.000000014018  0.000000006200 -0.000000016636 -0.000000058841  0.000000097906  0.000000277286  0.000000011680  0.000000006200  0.000000007495
  0.409274193548 -0.000000040777 -0.000000104748 -0.000000327381 -0.000000013828  0.000000035271 -0.000000016393 -0.000000047813  0.000000088055  0.000000271232  0.000000011457  0.000000035271  0.000000007331
  0.411290322581 -0.000000012679 -0.000000071771 -0.000000343099 -0.000000014546  0.000000049867 -0.000000017263 -0.000000015755  0.000000059305  0.000000285840  0.000000012121  0.000000049867  0.000000007778
  0.413306451613 -0.000000004522 -0.000000057780 -0.000000335864 -0.000000014280  0.000000089865 -0.000000016930 -0.000000004242  0.000000048968  0.000000278286  0.000000011833  0.000000089865  0.000000007572
  0.415322580645  0.000000022762 -0.000000026088 -0.000000350286 -0.000000014946  0.000000104842 -0.000000017738  0.000000026943  0.000000021399  0.000000291843  0.000000012454  0.000000104842  0.000000007992
  0.417338709677  0.000000031309 -0.000000011818 -0.000000341474 -0.000000014612  0.000000143226 -0.000000017322  0.000000038814  0.000000010714  0.000000282955  0.000000012109  0.000000143226  0.000000007749
  0.419354838710  0.000000057631  0.000000018422 -0.000000354698 -0.000000015228  0.000000158468 -0.000000018073  0.000000068952 -0.000000015533  0.000000295539  0.000000012690  0.000000158468  0.000000008144
  0.421370967742  0.000000066480  0.000000032826 -0.000000344501 -0.000000014832  0.000000195070 -0.000000017584  0.000000081070 -0.000000026447  0.000000285483  0.000000012292  0.000000195070  0.000000007867
  0.423387096774  0.000000091711  0.000000061477 -0.000000356634 -0.000000015404  0.000000210484 -0.000000018281  0.000000110012 -0.000000051260  0.000000297174  0.000000012837  0.000000210484  0.000000008238
  0.425403225806  0.000000100789  0.000000075899 -0.000000345242 -0.000000014954  0.000000245169 -0.000000017728  0.000000122285 -0.000000062304  0.000000286113  0.000000012394  0.000000245169  0.000000007932
  0.427419354839  0.000000124823  0.000000102853 -0.000000356391 -0.000000015484  0.000000260680 -0.000000018376  0.000000149905 -0.000000085593  0.000000296995  0.000000012905  0.000000260680  0.000000008282
  0.429435483871  0.000000134071  0.000000117197 -0.000000343986 -0.000000014987  0.000000293341 -0.000000017768  0.000000162260 -0.000000096690  0.000000285088  0.000000012422  0.000000293341  0.000000007950
  0.431451612903  0.000000156820  0.000000142376 -0.000000354259 -0.000000015479  0.000000308895 -0.000000018371  0.000000188455 -0.000000118388  0.000000295244  0.000000012902  0.000000308895  0.000000008281
  0.433467741935  0.000000166192  0.000000156568 -0.000000341018 -0.000000014943  0.000000339450 -0.000000017716  0.000000200834 -0.000000129475  0.000000282641  0.000000012386  0.000000339450  0.000000007928
  0.435483870968  0.000000187585  0.000000179915 -0.000000350521 -0.000000015402  0.000000355012 -0.000000018280  0.000000225523 -0.000000149538  0.000000292157  0.000000012839  0.000000355012  0.000000008240
  0.437500000000  0.000000197048  0.000000193902 -0.000000336610 -0.000000014833  0.000000383403 -0.000000017586  0.000000237883 -0.000000160569  0.000000279000  0.000000012296  0.000000383403  0.000000007870
  0.439516129032  0.000000217033  0.000000215383 -0.000000345446 -0.000000015262  0.000000398954 -0.000000018114  0.000000261004 -0.000000178969  0.000000287956  0.000000012724  0.000000398954  0.000000008167
  0.441532258065  0.000000226565  0.000000229128 -0.000000331022 -0.000000014667  0.000000425145 -0.000000017390  0.000000273317 -0.000000189913  0.000000274379  0.000000012159  0.000000425145  0.000000007783
  0.443548387097  0.000000245104  0.000000248730 -0.000000339289 -0.000000015072  0.000000440679 -0.000000017888  0.000000294826 -0.000000206639  0.000000282854  0.000000012566  0.000000440679  0.000000008066
  0.445564516129  0.000000254693  0.000000262211 -0.000000324497 -0.000000014457  0.000000464654 -0.000000017140  0.000000307076 -0.000000217478  0.000000268982  0.000000011985  0.000000464654  0.000000007671
  0.447580645161  0.000000271761  0.000000279937 -0.000000332289 -0.000000014839  0.000000480182 -0.000000017613  0.000000326946 -0.000000232534  0.000000277049  0.000000012373  0.000000480182  0.000000007943
  0.449596774194  0.000000281406  0.000000293148 -0.000000317263 -0.000000014210  0.000000501942 -0.000000016848  0.000000339130 -0.000000243259  0.000000262997  0.000000011781  0.000000501942  0.000000007541
  0.451612903226  0.000000296993  0.000000309016 -0.000000324667 -0.000000014575  0.000000517483 -0.000000017300  0.000000357350 -0.000000256662  0.000000270726  0.000000012154  0.000000517483  0.000000007803
  0.453629032258  0.000000306700  0.000000321960 -0.000000309530 -0.000000013937  0.000000537044 -0.000000016525  0.000000369473 -0.000000267277  0.000000256597  0.000000011556  0.000000537044  0.000000007397
  0.455645161290  0.000000320806  0.000000336003 -0.000000316627 -0.000000014288  0.000000552631 -0.000000016959  0.000000386043 -0.000000279054  0.000000264055  0.000000011916  0.000000552631  0.000000007650
  0.457661290323  0.000000330588  0.000000348695 -0.000000301490 -0.000000013646  0.000000570022 -0.000000016180  0.000000398122 -0.000000289569  0.000000249943  0.000000011315  0.000000570022  0.000000007243
  0.459677419355  0.000000343223  0.000000360954 -0.000000308356 -0.000000013986  0.000000585695 -0.000000016601  0.000000413055 -0.000000299757  0.000000257189  0.000000011666  0.000000585695  0.000000007490
  0.461693548387  0.000000353100  0.000000373418 -0.000000293316 -0.000000013345  0.000000600958 -0.000000015823  0.000000425114 -0.000000310189  0.000000243179  0.000000011066  0.000000600958  0.000000007084
  0.463709677419  0.000000364283  0.000000383944 -0.000000300019 -0.000000013677  0.000000616764 -0.000000016234  0.000000438433 -0.000000318833  0.000000250268  0.000000011409  0.000000616764  0.000000007326
  0.465725806452  0.000000374282  0.000000396212 -0.000000285165 -0.000000013041  0.000000629949 -0.000000015463  0.000000450502 -0.000000329207  0.000000236434  0.000000010814  0.000000629949  0.000000006923
  0.467741935484  0.000000384038  0.000000405065 -0.000000291766 -0.000000013367  0.000000645942 -0.000000015868  0.000000462239 -0.000000336356  0.000000243416  0.000000011153  0.000000645942  0.000000007161
  0.469758064516  0.000000394189  0.000000417173 -0.000000277171 -0.000000012741  0.000000657106 -0.000000015107  0.000000474356 -0.000000346701  0.000000229820  0.000000010566  0.000000657106  0.000000006764
  0.471774193548  0.000000402551  0.000000424418 -0.000000283725 -0.000000013064  0.000000673345 -0.000000015508  0.000000484549 -0.000000352413  0.000000236739  0.000000010901  0.000000673345  0.000000007000
  0.473790322581  0.000000412888  0.000000436408 -0.000000269453 -0.000000012450  0.000000682551 -0.000000014762  0.000000496754 -0.000000362763  0.000000223434  0.000000010325  0.000000682551  0.000000006610
  0.475806451613  0.000000419893  0.000000442114 -0.000000276005 -0.000000012773  0.000000699097 -0.000000015163  0.000000505448 -0.000000367095  0.000000230327  0.000000010660  0.000000699097  0.000000006846
  0.477822580645  0.000000430454  0.000000454034 -0.000000262104 -0.000000012174  0.000000706412 -0.000000014435  0.000000517787 -0.000000377486  0.000000217356  0.000000010097  0.000000706412  0.000000006465
  0.479838709677  0.000000436142  0.000000458274 -0.000000268690 -0.000000012499  0.000000723326 -0.000000014838  0.000000525030 -0.000000380502  0.000000224253  0.000000010432  0.000000723326  0.000000006700
  0.481854838710  0.000000446965  0.000000470173 -0.000000255194 -0.000000011917  0.000000728816 -0.000000014131  0.000000537549 -0.000000390974  0.000000211642  0.000000009885  0.000000728816  0.000000006329
  0.483870967742  0.000000451379  0.000000473022 -0.000000261839 -0.000000012247  0.000000746158 -0.000000014539  0.000000543393 -0.000000392737  0.000000218563  0.000000010223  0.000000746158  0.000000006566
  0.485887096774  0.000000462504  0.000000484953 -0.000000248761 -0.000000011685  0.000000749885 -0.000000013855  0.000000556140 -0.000000403333  0.000000206325  0.000000009693  0.000000749885  0.000000006207
  0.487903225806  0.000000465685  0.000000486487 -0.000000255473 -0.000000012020  0.000000767710 -0.000000014270  0.000000560634 -0.000000403908  0.000000213277  0.000000010035  0.000000767710  0.000000006445
  0.489919354839  0.000000477150  0.000000498505 -0.000000242806 -0.000000011479  0.000000769728 -0.000000013612  0.000000573655 -0.000000414671  0.000000201404  0.000000009524  0.000000769728  0.000000006098
  0.491935483871  0.000000479139  0.000000498800 -0.000000249570 -0.000000011822  0.000000788078 -0.000000014035  0.000000576848 -0.000000414123  0.000000208376  0.000000009870  0.000000788078  0.000000006340
  0.493951612903  0.000000490978  0.000000510961 -0.000000237268 -0.000000011303  0.000000788425 -0.000000013404  0.000000590185 -0.000000425099  0.000000196829  0.000000009379  0.000000788425  0.000000006006
  0.495967741935  0.000000491810  0.000000510095 -0.000000244038 -0.000000011655  0.000000807325 -0.000000013837  0.000000592118 -0.000000423492  0.000000203784  0.000000009731  0.000000807325  0.000000006251
  0.497983870968  0.000000504051  0.000000522457 -0.000000232009 -0.000000011159  0.000000806010 -0.000000013233  0.000000605805 -0.000000434729  0.000000192485  0.000000009261  0.000000806010  0.000000005930
  0.500000000000  0.000000503749  0.000000520503 -0.000000238688 -0.000000011520  0.000000825453 -0.000000013677  0.000000606507 -0.000000432127  0.000000199344  0.000000009620  0.000000825453  0.000000006180
  0.502016129032  0.000000516408  0.000000533129 -0.000000226766 -0.000000011048  0.000000822443 -0.000000013101  0.000000620561 -0.000000443674  0.000000188153  0.000000009169  0.000000822443  0.000000005872
  0.504032258065  0.000000514979  0.000000530157 -0.000000233187 -0.000000011418  0.000000842375 -0.000000013556  0.000000620040 -0.000000440136  0.000000194780  0.000000009535  0.000000842375  0.000000006126
  0.506048387097  0.000000528050  0.000000543112 -0.000000221097 -0.000000010968  0.000000837567 -0.000000013007  0.000000634457 -0.000000452048  0.000000183464  0.000000009104  0.000000837567  0.000000005831
  0.508064516129  0.000000525472  0.000000539190 -0.000000226981 -0.000000011347  0.000000857858 -0.000000013472  0.000000632686 -0.000000447629  0.000000189633  0.000000009476  0.000000857858  0.000000006088
  0.510080645161  0.000000538922  0.000000552544 -0.000000214292 -0.000000010918  0.000000851047 -0.000000012948  0.000000647424 -0.000000459965  0.000000177828  0.000000009064  0.000000851047  0.000000005805
  0.512096774194  0.000000535129  0.000000547733 -0.000000219205 -0.000000011302  0.000000871461 -0.000000013419  0.000000644325 -0.000000454714  0.000000183184  0.000000009440  0.000000871461  0.000000006065
  0.514112903226  0.000000548876  0.000000561566 -0.000000205253 -0.000000010890  0.000000862291 -0.000000012915  0.000000659285 -0.000000467543  0.000000170329  0.000000009042  0.000000862291  0.000000005792
  0.516129032258  0.000000543736  0.000000555915 -0.000000208546 -0.000000011276  0.000000882438 -0.000000013388  0.000000654701 -0.000000461499  0.000000174344  0.000000009419  0.000000882438  0.000000006052
  0.518145161290  0.000000557629  0.000000570323 -0.000000192359 -0.000000010875  0.000000870349 -0.000000012898  0.000000669697 -0.000000474903  0.000000159617  0.000000009031  0.000000870349  0.000000005785
  0.520161290323  0.000000550913  0.000000563866 -0.000000193119 -0.000000011255  0.000000889647 -0.000000013364  0.000000663356 -0.000000468091  0.000000161548  0.000000009402  0.000000889647  0.000000006041
  0.522177419355  0.000000564705  0.000000578967 -0.000000173350 -0.000000010855  0.000000873825 -0.000000012875  0.000000678090 -0.000000482175  0.000000143808  0.000000009016  0.000000873825  0.000000005776
  0.524193548387  0.000000556052  0.000000571717 -0.000000170406 -0.000000011218  0.000000891487 -0.000000013319  0.000000669562 -0.000000474596  0.000000142707  0.000000009371  0.000000891487  0.000000006021
  0.526209677419  0.000000569374  0.000000587666 -0.000000145363 -0.000000010804  0.000000870862 -0.000000012814  0.000000683583 -0.000000489500  0.000000120516  0.000000008974  0.000000870862  0.000000005750
  0.528225806452  0.000000558261  0.000000579597 -0.000000137468 -0.000000011129  0.000000885965 -0.000000013214  0.000000672246 -0.000000481118  0.000000115381  0.000000009298  0.000000885965  0.000000005974
  0.530241935484  0.000000570613  0.000000596605 -0.000000105385 -0.000000010681  0.000000859328 -0.000000012669  0.000000684945 -0.000000497036  0.000000087227  0.000000008874  0.000000859328  0.000000005686
  0.532258064516  0.000000556350  0.000000587634 -0.000000091729 -0.000000010944  0.000000871040 -0.000000012994  0.000000669982 -0.000000487760  0.000000077437  0.000000009144  0.000000871040  0.000000005876
  0.534274193548  0.000000567150  0.000000605990 -0.000000051487 -0.000000010433  0.000000837338 -0.000000012375  0.000000680643 -0.000000504960  0.000000042326  0.000000008669  0.000000837338  0.000000005555
  0.536290322581  0.000000548954  0.000000595941 -0.000000032693 -0.000000010597  0.000000845332 -0.000000012583  0.000000661131 -0.000000494609  0.000000028467  0.000000008855  0.000000845332  0.000000005691
  0.538306451613  0.000000557681  0.000000616032  0.000000014968 -0.000000009990  0.000000804133 -0.000000011849  0.000000669105 -0.000000513458 -0.000000013059  0.000000008302  0.000000804133  0.000000005320
  0.540322580645  0.000000534867  0.000000604584  0.000000035651 -0.000000010012  0.000000809032 -0.000000011889  0.000000644245 -0.000000501713 -0.000000028211  0.000000008369  0.000000809032  0.000000005379
  0.542338709677  0.000000541324  0.000000626890  0.000000087012 -0.000000009274  0.000000760890 -0.000000011001  0.000000649272 -0.000000522673 -0.000000073132  0.000000007709  0.000000760890  0.000000004941
  0.544354838710  0.000000513601  0.000000613490  0.000000103472 -0.000000009113  0.000000764352 -0.000000010822  0.000000618744 -0.000000509001 -0.000000084429  0.000000007620  0.000000764352  0.000000004899
  0.546370967742  0.000000518204  0.000000638507  0.000000152271 -0.000000008216  0.000000710677 -0.000000009746  0.000000621286 -0.000000532569 -0.000000127577  0.000000006831  0.000000710677  0.000000004379
  0.548387096774  0.000000485906  0.000000622244  0.000000157878 -0.000000007835  0.000000714786 -0.000000009306  0.000000585533 -0.000000516123 -0.000000129494  0.000000006556  0.000000714786  0.000000004216
  0.550403225806  0.000000489735  0.000000650273  0.000000198397 -0.000000006771  0.000000657104 -0.000000008033  0.000000586851 -0.000000542649 -0.000000166074  0.000000005632  0.000000657104  0.000000003611
  0.552419354839  0.000000453747  0.000000629744  0.000000190668 -0.000000006153  0.000000663292 -0.000000007309  0.000000546969 -0.000000522159 -0.000000156638  0.000000005155  0.000000663292  0.000000003317
  0.554435483871  0.000000458148  0.000000660517  0.000000221688 -0.000000004940  0.000000602412 -0.000000005861  0.000000548652 -0.000000551521 -0.000000185477  0.000000004112  0.000000602412  0.000000002638
  0.556451612903  0.000000419437  0.000000633762  0.000000205440 -0.000000004086  0.000000610701 -0.000000004857  0.000000505825 -0.000000525274 -0.000000168912  0.000000003432  0.000000610701  0.000000002211
  0.558467741935  0.000000425331  0.000000666057  0.000000230996 -0.000000002768  0.000000546447 -0.000000003286  0.000000508970 -0.000000556522 -0.000000193092  0.000000002311  0.000000546447  0.000000001484
  0.560483870968  0.000000384414  0.000000630751  0.000000216244 -0.000000001703  0.000000555533 -0.000000002028  0.000000463817 -0.000000522545 -0.000000178042  0.000000001445  0.000000555533  0.000000000935
  0.562500000000  0.000000391808  0.000000662298  0.000000242080 -0.000000000345  0.000000487165 -0.000000000413  0.000000468447 -0.000000553795 -0.000000202019  0.000000000300  0.000000487165  0.000000000197
  0.564516129032  0.000000348588  0.000000616264  0.000000238335  0.000000000893  0.000000495125  0.000000001053  0.000000420821 -0.000000510311 -0.000000196719 -0.000000000721  0.000000495125 -0.000000000456
  0.566532258065  0.000000356624  0.000000644178  0.000000267670  0.000000002213  0.000000422003  0.000000002621  0.000000425953 -0.000000539094 -0.000000222886 -0.000000001822  0.000000422003 -0.000000001162
  0.568548387097  0.000000310657  0.000000586052  0.000000279636  0.000000003573  0.000000427065  0.000000004235  0.000000375263 -0.000000485068 -0.000000231499 -0.000000002959  0.000000427065 -0.000000001893
  0.570564516129  0.000000318072  0.000000607618  0.000000311661  0.000000004776  0.000000349128  0.000000005660  0.000000379445 -0.000000508987 -0.000000259003 -0.000000003948  0.000000349128 -0.000000002523
  0.572580645161  0.000000268984  0.000000537299  0.000000338722  0.000000006200  0.000000350143  0.000000007355  0.000000325167 -0.000000444489 -0.000000281150 -0.000000005154  0.000000350143 -0.000000003304
  0.574596774194  0.000000274604  0.000000550640  0.000000369753  0.000000007211  0.000000268073  0.000000008547  0.000000327074 -0.000000461811 -0.000000306857 -0.000000005968  0.000000268073 -0.000000003817
  0.576612903226  0.000000222398  0.000000469342  0.000000407927  0.000000008642  0.000000264639  0.000000010255  0.000000269128 -0.000000388020 -0.000000339257 -0.000000007196  0.000000264639 -0.000000004616
  0.578629032258  0.000000225442  0.000000473700  0.000000433347  0.000000009396  0.000000179781  0.000000011137  0.000000267910 -0.000000397936 -0.000000359336 -0.000000007780  0.000000179781 -0.000000004977
  0.580645161290  0.000000170595  0.000000383672  0.000000477565  0.000000010780  0.000000172153  0.000000012794  0.000000206786 -0.000000316889 -0.000000397733 -0.000000008986  0.000000172153 -0.000000005767
  0.582661290323  0.000000170764  0.000000379320  0.000000493252  0.000000011226  0.000000086329  0.000000013308  0.000000202171 -0.000000319459 -0.000000408817 -0.000000009298  0.000000086329 -0.000000005948
  0.584677419355  0.000000114176  0.000000283461  0.000000538850  0.000000012518  0.000000075247  0.000000014859  0.000000138870 -0.000000233714 -0.000000449256 -0.000000010443  0.000000075247 -0.000000006705
  0.586693548387  0.000000111592  0.000000271437  0.000000541837  0.000000012623  0.000000009511  0.000000014964  0.000000131088 -0.000000229659 -0.000000448955 -0.000000010456  0.000000009511 -0.000000006689
  0.588709677419  0.000000054466  0.000000172932  0.000000585205  0.000000013786  0.000000023088  0.000000016367  0.000000066979 -0.000000141992 -0.000000488344 -0.000000011510  0.000000023088 -0.000000007393
  0.590725806452  0.000000049558  0.000000154751  0.000000573794  0.000000013534  0.000000104414  0.000000016043  0.000000056622 -0.000000132450 -0.000000475333 -0.000000011210  0.000000104414 -0.000000007172
  0.592741935484 -0.000000006736  0.000000056810  0.000000612481  0.000000014544  0.000000119278  0.000000017268 -0.000000006715 -0.000000045636 -0.000000511536 -0.000000012151  0.000000119278 -0.000000007808
  0.594758064516 -0.000000013351  0.000000034213  0.000000586098  0.000000013931  0.000000195242  0.000000016514 -0.000000018837 -0.000000031958 -0.000000485425 -0.000000011538  0.000000195242 -0.000000007382
  0.596774193548 -0.000000067389 -0.000000060107  0.000000618679  0.000000014773  0.000000210262  0.000000017544 -0.000000079756  0.000000051375 -0.000000517162 -0.000000012353  0.000000210262 -0.000000007941
  0.598790322581 -0.000000075011 -0.000000085335  0.000000577650  0.000000013812  0.000000278865  0.000000016373 -0.000000092739  0.000000067784 -0.000000478308 -0.000000011438  0.000000278865 -0.000000007317
  0.600806451613 -0.000000125412 -0.000000173251  0.000000603513  0.000000014483  0.000000292989  0.000000017202 -0.000000149637  0.000000145249 -0.000000504976 -0.000000012121  0.000000292989 -0.000000007796
  0.602822580645 -0.000000133335 -0.000000199407  0.000000548852  0.000000013198  0.000000352520  0.000000015643 -0.000000162580  0.000000163037 -0.000000454307 -0.000000010926  0.000000352520 -0.000000006988
  0.604838709677 -0.000000178827 -0.000000278482  0.000000568003  0.000000013701  0.000000364842  0.000000016277 -0.000000213979  0.000000232550 -0.000000475820 -0.000000011480  0.000000364842 -0.000000007387
  0.606854838710 -0.000000186397 -0.000000304038  0.000000501225  0.000000012126  0.000000413888  0.000000014371 -0.000000226049  0.000000250493 -0.000000414679 -0.000000010034  0.000000413888 -0.000000006416
  0.608870967742 -0.000000225868 -0.000000372227  0.000000514121  0.000000012474  0.000000423694  0.000000014823 -0.000000270655  0.000000310310 -0.000000431327 -0.000000010467  0.000000423694 -0.000000006740
  0.610887096774 -0.000000232526 -0.000000395882  0.000000437095  0.000000010649  0.000000461165  0.000000012620 -0.000000281142  0.000000327364 -0.000000361350 -0.000000008806  0.000000461165 -0.000000005629
  0.612903225806 -0.000000265053 -0.000000451562  0.000000444506  0.000000010860  0.000000467956  0.000000012910 -0.000000317884  0.000000376099 -0.000000373687 -0.000000009130  0.000000467956 -0.000000005885
  0.614919354839 -0.000000270358 -0.000000472283  0.000000359337  0.000000008833  0.000000493101  0.000000010466 -0.000000326226  0.000000391427 -0.000000296705 -0.000000007296  0.000000493101 -0.000000004661
  0.616935483871 -0.000000295229 -0.000000514260  0.000000362243  0.000000008929  0.000000496598  0.000000010621 -0.000000354278  0.000000428066 -0.000000305461 -0.000000007529  0.000000496598 -0.000000004860
  0.618951612903 -0.000000298871 -0.000000531295  0.000000271165  0.000000006752  0.000000509007  0.000000007997 -0.000000360082  0.000000441056 -0.000000223412 -0.000000005566  0.000000509007 -0.000000003552
  0.620967741935 -0.000000315594 -0.000000558807  0.000000270668  0.000000006758  0.000000509153  0.000000008046 -0.000000378878  0.000000464949 -0.000000229421 -0.000000005726  0.000000509153 -0.000000003705
  0.622983870968 -0.000000317404 -0.000000571690  0.000000175968  0.000000004484  0.000000508746  0.000000005306 -0.000000381922  0.000000475217 -0.000000144283 -0.000000003680  0.000000508746 -0.000000002343
  0.625000000000 -0.000000325710 -0.000000584391  0.000000173218  0.000000004427  0.000000505692  0.000000005281 -0.000000391154  0.000000486073 -0.000000148422 -0.000000003788  0.000000505692 -0.000000002463
  0.627016129032 -0.000000325654 -0.000000592934  0.000000077155  0.000000002109  0.000000492701  0.000000002489 -0.000000391390  0.000000493456 -0.000000062151 -0.000000001706  0.000000492701 -0.000000001078
  0.629032258065 -0.000000325486 -0.000000590872  0.000000073292  0.000000002016  0.000000486785  0.000000002420 -0.000000391001  0.000000491318 -0.000000065294 -0.000000001783  0.000000486785 -0.000000001177
  0.631048387097 -0.000000323663 -0.000000595146 -0.000000021959 -0.000000000293  0.000000461727 -0.000000000361 -0.000000388544  0.000000495862  0.000000020232  0.000000000291  0.000000461727  0.000000000202
  0.633064516129 -0.000000315167 -0.000000578734 -0.000000025853 -0.000000000395  0.000000453456 -0.000000000441 -0.000000378714  0.000000481083  0.000000017257  0.000000000226  0.000000453456  0.000000000112
  0.635080645161 -0.000000311790 -0.000000579043 -0.000000118258 -0.000000002647  0.000000417102 -0.000000003152 -0.000000373827  0.000000483021  0.000000100275  0.000000002248  0.000000417102  0.000000001456
  0.637096774194 -0.000000295298 -0.000000549018 -0.000000121204 -0.000000002735  0.000000407115 -0.000000003218 -0.000000354952  0.000000456233  0.000000096720  0.000000002175  0.000000407115  0.000000001363
  0.639112903226 -0.000000290687 -0.000000545870 -0.000000208909 -0.000000004882  0.000000360452 -0.000000005803 -0.000000348028  0.000000455957  0.000000175622  0.000000004106  0.000000360452  0.000000002647
  0.641129032258 -0.000000266696 -0.000000503251 -0.000000210057 -0.000000004933  0.000000349496 -0.000000005828 -0.000000320698  0.000000418034  0.000000170842  0.000000004010  0.000000349496  0.000000002541
  0.643145161290 -0.000000261251 -0.000000497318 -0.000000291424 -0.000000006935  0.000000293690 -0.000000008239 -0.000000312235  0.000000416068  0.000000244207  0.000000005813  0.000000293690  0.000000003741
  0.645161290323 -0.000000230400 -0.000000443358 -0.000000290082 -0.000000006933  0.000000282583 -0.000000008202 -0.000000277203  0.000000368084  0.000000237680  0.000000005680  0.000000282583  0.000000003614
  0.647177419355 -0.000000224587 -0.000000435442 -0.000000363713 -0.000000008753  0.000000218938 -0.000000010396 -0.000000267784  0.000000365055  0.000000304288  0.000000007324  0.000000218938  0.000000004710
  0.649193548387 -0.000000187633 -0.000000371581 -0.000000359358 -0.000000008683  0.000000208537 -0.000000010280 -0.000000225937  0.000000308245  0.000000295630  0.000000007144  0.000000208537  0.000000004555
  0.651209677419 -0.000000181962 -0.000000362569 -0.000000424110 -0.000000010291  0.000000138453 -0.000000012221 -0.000000216201  0.000000304847  0.000000354480  0.000000008603  0.000000138453  0.000000005530
  0.653225806452 -0.000000139750 -0.000000290383 -0.000000416397 -0.000000010144  0.000000129626 -0.000000012016 -0.000000168534  0.000000240564  0.000000343449  0.000000008368  0.000000129626  0.000000005343
  0.655241935484 -0.000000134754 -0.000000281212 -0.000000471391 -0.000000011517  0.000000054560 -0.000000013675 -0.000000159151  0.000000237528  0.000000393765  0.000000009622  0.000000054560  0.000000006182
  0.657258064516 -0.000000088197 -0.000000202366 -0.000000460157 -0.000000011286  0.000000048166 -0.000000013374 -0.000000106727  0.000000167204  0.000000380262  0.000000009329  0.000000048166  0.000000005962
  0.659274193548 -0.000000084410 -0.000000193986 -0.000000504779 -0.000000012407  0.000000030437 -0.000000014730 -0.000000098376  0.000000165267  0.000000421491  0.000000010361  0.000000030437  0.000000006656
  0.661290322581 -0.000000034456 -0.000000110184 -0.000000490034 -0.000000012091  0.000000033748 -0.000000014332 -0.000000042304  0.000000090371  0.000000405556  0.000000010010  0.000000033748  0.000000006402
  0.663306451613 -0.000000032396 -0.000000103519 -0.000000523924 -0.000000012949  0.000000114259 -0.000000015373 -0.000000035644  0.000000090248  0.000000437367  0.000000010810  0.000000114259  0.000000006944
  0.665322580645  0.000000019987 -0.000000016466 -0.000000505842 -0.000000012551  0.000000113623 -0.000000014881  0.000000022955  0.000000012252  0.000000419171  0.000000010404  0.000000113623  0.000000006659
  0.667338709677  0.000000019837 -0.000000012386 -0.000000528886 -0.000000013141  0.000000194796 -0.000000015600  0.000000027302  0.000000014610  0.000000441439  0.000000010969  0.000000194796  0.000000007045
  0.669354838710  0.000000073693  0.000000076255 -0.000000507790 -0.000000012668  0.000000189637 -0.000000015022  0.000000087318 -0.000000065045  0.000000421271  0.000000010513  0.000000189637  0.000000006732
  0.671370967742  0.000000070900  0.000000076963 -0.000000520101 -0.000000012989  0.000000270086 -0.000000015420  0.000000088788 -0.000000059609  0.000000434067  0.000000010841  0.000000270086  0.000000006963
  0.673387096774  0.000000125299  0.000000165602 -0.000000496447 -0.000000012451  0.000000259910 -0.000000014769  0.000000149150 -0.000000139544  0.000000412320  0.000000010345  0.000000259910  0.000000006628
  0.675403225806  0.000000119494  0.000000162257 -0.000000498340 -0.000000012511  0.000000338382 -0.000000014852  0.000000147252 -0.000000130521  0.000000415891  0.000000010442  0.000000338382  0.000000006706
  0.677419354839  0.000000173552  0.000000249411 -0.000000472692 -0.000000011921  0.000000322821 -0.000000014142  0.000000206945 -0.000000209441  0.000000393042  0.000000009915  0.000000322821  0.000000006357
  0.679435483871  0.000000164438  0.000000241455 -0.000000464665 -0.000000011730  0.000000398183 -0.000000013925  0.000000201279 -0.000000196425  0.000000387791  0.000000009789  0.000000398183  0.000000006287
  0.681451612903  0.000000217333  0.000000325768 -0.000000437673 -0.000000011102  0.000000377002 -0.000000013175  0.000000259362 -0.000000273142  0.000000364385  0.000000009246  0.000000377002  0.000000005932
  0.683467741935  0.000000204698  0.000000312781 -0.000000420378 -0.000000010675  0.000000448252 -0.000000012673  0.000000249624 -0.000000255842  0.000000350848  0.000000008909  0.000000448252  0.000000005722
  0.685483870968  0.000000255681  0.000000393044 -0.000000392756 -0.000000010028  0.000000421357 -0.000000011903  0.000000305248 -0.000000329290  0.000000327476  0.000000008364  0.000000421357  0.000000005370
  0.687500000000  0.000000239397  0.000000374750 -0.000000366970 -0.000000009383  0.000000487634 -0.000000011139  0.000000291237 -0.000000307533  0.000000306300  0.000000007831  0.000000487634  0.000000005030
  0.689516129032  0.000000287804  0.000000449916 -0.000000339468 -0.000000008734  0.000000455073 -0.000000010371  0.000000343655 -0.000000376780  0.000000283580  0.000000007298  0.000000455073  0.000000004690
  0.691532258065  0.000000267834  0.000000426188 -0.000000306066 -0.000000007892  0.000000515664 -0.000000009369  0.000000325279 -0.000000350516  0.000000255499  0.000000006587  0.000000515664  0.000000004231
  0.693548387097  0.000000313088  0.000000495379 -0.000000279450 -0.000000007260  0.000000477620 -0.000000008625  0.000000373849 -0.000000414774  0.000000234055  0.000000006082  0.000000477620  0.000000003914
  0.695564516129  0.000000289486  0.000000466239 -0.000000239377 -0.000000006245  0.000000531958 -0.000000007414  0.000000351125 -0.000000384074  0.000000199866  0.000000005213  0.000000531958  0.000000003348
  0.697580645161  0.000000331105  0.000000528750 -0.000000214402 -0.000000005649  0.000000488746 -0.000000006716  0.000000395320 -0.000000442698  0.000000180312  0.000000004751  0.000000488746  0.000000003063
  0.699596774194  0.000000304013  0.000000494363 -0.000000168646 -0.000000004485  0.000000536413 -0.000000005324  0.000000368370 -0.000000407752  0.000000140850  0.000000003744  0.000000536413  0.000000002405
  0.701612903226  0.000000341611  0.000000549661 -0.000000146036 -0.000000003944  0.000000488466 -0.000000004695  0.000000407776 -0.000000460245  0.000000123770  0.000000003341  0.000000488466  0.000000002161
  0.703629032258  0.000000311250  0.000000510329 -0.000000095601 -0.000000002655  0.000000529184 -0.000000003152  0.000000376823 -0.000000421351  0.000000079891  0.000000002217  0.000000529184  0.000000001424
  0.705645161290  0.000000344534  0.000000558049 -0.000000076029 -0.000000002187  0.000000477045 -0.000000002613  0.000000411138 -0.000000467355  0.000000065820  0.000000001887  0.000000477045  0.000000001231
  0.707661290323  0.000000311205  0.000000514194 -0.000000021914 -0.000000000800  0.000000510667 -0.000000000950  0.000000376498 -0.000000424912  0.000000018378  0.000000000668  0.000000510667  0.000000000429
  0.709677419355  0.000000339975  0.000000554132 -0.000000005982 -0.000000000421  0.000000454969 -0.000000000519  0.000000405528 -0.000000464208  0.000000007792  0.000000000423  0.000000454969  0.000000000295
  0.711693548387  0.000000304045  0.000000506286  0.000000050847  0.000000001039  0.000000481471  0.000000001234  0.000000367599 -0.000000418701 -0.000000042381 -0.000000000868  0.000000481471 -0.000000000558
  0.713709677419  0.000000328183  0.000000538387  0.000000062622  0.000000001315  0.000000422923  0.000000001540  0.000000391250 -0.000000451196 -0.000000049082 -0.000000001016  0.000000422923 -0.000000000626
  0.715725806452  0.000000290077  0.000000487174  0.000000121246  0.000000002825  0.000000442388  0.000000003354  0.000000350503 -0.000000403184 -0.000000101191 -0.000000002360  0.000000442388 -0.000000001516
  0.717741935484  0.000000309546  0.000000511514  0.000000128446  0.000000002984  0.000000381755  0.000000003519  0.000000368776 -0.000000428899 -0.000000103690 -0.000000002401  0.000000381755 -0.000000001513
  0.719758064516  0.000000269736  0.000000457629  0.000000188010  0.000000004520  0.000000394363  0.000000005366  0.000000325739 -0.000000378996 -0.000000156992 -0.000000003777  0.000000394363 -0.000000002427
  0.721774193548  0.000000284570  0.000000474406  0.000000190320  0.000000004553  0.000000332449  0.000000005379  0.000000338714 -0.000000398057 -0.000000155061 -0.000000003703  0.000000332449 -0.000000002347
  0.723790322581  0.000000243563  0.000000418595  0.000000250044  0.000000006092  0.000000338459  0.000000007234  0.000000293962 -0.000000346916 -0.000000208870 -0.000000005092  0.000000338459 -0.000000003273
  0.725806451613  0.000000253858  0.000000428103  0.000000247255  0.000000005992  0.000000276093  0.000000007085  0.000000301792 -0.000000359533 -0.000000202371 -0.000000004898  0.000000276093 -0.000000003113
  0.727822580645  0.000000212184  0.000000371136  0.000000306438  0.000000007516  0.000000275835  0.000000008925  0.000000255930 -0.000000307823 -0.000000256066 -0.000000006283  0.000000275835 -0.000000004039
  0.729838709677  0.000000218088  0.000000373745  0.000000298430  0.000000007275  0.000000213862  0.000000008608  0.000000258828 -0.000000314273 -0.000000244936 -0.000000005965  0.000000213862 -0.000000003797
  0.731854838710  0.000000176293  0.000000316396  0.000000356434  0.000000008766  0.000000207733  0.000000010410  0.000000212481 -0.000000262661 -0.000000297951 -0.000000007331  0.000000207733 -0.000000004713
  0.733870967742  0.000000178000  0.000000312524  0.000000343137  0.000000008381  0.000000147015  0.000000009921  0.000000210716 -0.000000263268 -0.000000282169 -0.000000006887  0.000000147015 -0.000000004388
  0.735887096774  0.000000136637  0.000000255537  0.000000399361  0.000000009823  0.000000135487  0.000000011666  0.000000164521 -0.000000212395 -0.000000333965 -0.000000008218  0.000000135487 -0.000000005284
  0.737903225806  0.000000134387  0.000000245619  0.000000380680  0.000000009294  0.000000076929  0.000000011004  0.000000158408 -0.000000207498 -0.000000313489 -0.000000007647  0.000000076929 -0.000000004876
  0.739919354839  0.000000094021  0.000000189682  0.000000434491  0.000000010672  0.000000060580  0.000000012675  0.000000113020 -0.000000157952 -0.000000363508 -0.000000008932  0.000000060580 -0.000000005744
  0.741935483871  0.000000088100  0.000000174126  0.000000410169  0.000000009998  0.000000005189  0.000000011839  0.000000102932 -0.000000147873 -0.000000338155 -0.000000008235  0.000000005189 -0.000000005254
  0.743951612903  0.000000049320  0.000000119841  0.000000460794  0.000000011299  0.000000015383  0.000000013421  0.000000059039 -0.000000100170 -0.000000385731 -0.000000009461  0.000000015383 -0.000000006086
  0.745967741935  0.000000040082  0.000000098973  0.000000430190  0.000000010480  0.000000066294  0.000000012412  0.000000045424 -0.000000085164 -0.000000354989 -0.000000008640  0.000000066294 -0.000000005514
  0.747983870968  0.000000003543  0.000000046829  0.000000476564  0.000000011690  0.000000089924  0.000000013888  0.000000003792 -0.000000039726 -0.000000399231 -0.000000009794  0.000000089924 -0.000000006302
  0.750000000000 -0.000000008561  0.000000020811  0.000000438340  0.000000010726  0.000000134956  0.000000012705 -0.000000012781 -0.000000019909 -0.000000361985 -0.000000008849  0.000000134956 -0.000000005650
  0.752016129032 -0.000000042076 -0.000000028832  0.000000478959  0.000000011830  0.000000160425  0.000000014055 -0.000000051229  0.000000022947 -0.000000401665 -0.000000009917  0.000000160425 -0.000000006383
  0.754032258065 -0.000000056440 -0.000000060112  0.000000430718  0.000000010716  0.000000197413  0.000000012695 -0.000000070006  0.000000047696 -0.000000355882 -0.000000008845  0.000000197413 -0.000000005649
  0.756048387097 -0.000000085917 -0.000000107017  0.000000463645  0.000000011693  0.000000223076  0.000000013894 -0.000000104075  0.000000087737 -0.000000389461 -0.000000009810  0.000000223076 -0.000000006317
  0.758064516129 -0.000000101729 -0.000000144124  0.000000401713  0.000000010421  0.000000249263  0.000000012347 -0.000000124046  0.000000117942 -0.000000331973 -0.000000008605  0.000000249263 -0.000000005497
  0.760080645161 -0.000000125807 -0.000000188094  0.000000425061  0.000000011242  0.000000273285  0.000000013361 -0.000000152133  0.000000154938 -0.000000358041 -0.000000009441  0.000000273285 -0.000000006082
  0.762096774194 -0.000000142038 -0.000000232293  0.000000344720  0.000000009796  0.000000285293  0.000000011606 -0.000000172012  0.000000191758 -0.000000284692 -0.000000008091  0.000000285293 -0.000000005169
  0.764112903226 -0.000000158930 -0.000000272917  0.000000357957  0.000000010418  0.000000306075  0.000000012385 -0.000000192024  0.000000225231 -0.000000303091 -0.000000008762  0.000000306075 -0.000000005649
  0.766129032258 -0.000000174441 -0.000000326526  0.000000254296  0.000000008773  0.000000300037  0.000000010395 -0.000000210369  0.000000270807 -0.000000209386 -0.000000007248  0.000000300037 -0.000000004631
  0.768145161290 -0.000000181940 -0.000000362455  0.000000260054  0.000000009141  0.000000316674  0.000000010872 -0.000000219749  0.000000299362 -0.000000222784 -0.000000007704  0.000000316674 -0.000000004972
  0.770161290323 -0.000000195766 -0.000000429158  0.000000128603  0.000000007273  0.000000288087  0.000000008617 -0.000000235282  0.000000357190 -0.000000104360 -0.000000006008  0.000000288087 -0.000000003839
  0.772177419355 -0.000000191323 -0.000000456146  0.000000132918  0.000000007314  0.000000300174  0.000000008705 -0.000000231122  0.000000376747 -0.000000118493 -0.000000006186  0.000000300174 -0.000000003999
  0.774193548387 -0.000000202975 -0.000000540701 -0.000000032022  0.000000005213  0.000000243104  0.000000006176 -0.000000243071  0.000000451635  0.000000030253 -0.000000004304  0.000000243104 -0.000000002749
  0.776209677419 -0.000000183591 -0.000000546446 -0.000000024508  0.000000004850  0.000000249415  0.000000005780 -0.000000222010  0.000000450885  0.000000010667 -0.000000004132  0.000000249415 -0.000000002681
  0.778225806452 -0.000000192941 -0.000000651693 -0.000000233834  0.000000002565  0.000000156361  0.000000003038 -0.000000229953  0.000000546838  0.000000199628 -0.000000002113  0.000000156361 -0.000000001348
  0.780241935484 -0.000000154658 -0.000000603347 -0.000000230128  0.000000001742  0.000000154039  0.000000002089 -0.000000187565  0.000000496414  0.000000179992 -0.000000001533  0.000000154039 -0.000000001010
  0.782258064516 -0.000000161077 -0.000000719341 -0.000000495130 -0.000000000519  0.000000023057 -0.000000000618 -0.000000190426  0.000000608091  0.000000418436  0.000000000438  0.000000023057  0.000000000283
  0.784274193548 -0.000000098921 -0.000000539706 -0.000000518866 -0.000000001746  0.000000014246 -0.000000002057 -0.000000121092  0.000000440296  0.000000420221  0.000000001401  0.000000014246  0.000000000881
  0.786290322581 -0.000000100668 -0.000000619941 -0.000000802563 -0.000000003403  0.000000123768 -0.000000004033 -0.000000116594  0.000000533276  0.000000673767  0.000000002815  0.000000123768  0.000000001800
  0.788306451613 -0.000000013313 -0.000000175153 -0.000000861738 -0.000000004659  0.000000113073 -0.000000005529 -0.000000018826  0.000000132304  0.000000711961  0.000000003885  0.000000113073  0.000000002494
  0.790322580645 -0.000000011328 -0.000000132230 -0.000000930369 -0.000000004494  0.000000152954 -0.000000005319 -0.000000008639  0.000000136354  0.000000773653  0.000000003690  0.000000152954  0.000000002350
  0.792338709677  0.000000080706  0.000000617909 -0.000000921755 -0.000000004957  0.000000085138 -0.000000005909  0.000000093836 -0.000000531472  0.000000783256  0.000000004227  0.000000085138  0.000000002744
  0.794354838710  0.000000070622  0.000000735192 -0.000000213580 -0.000000001603  0.000000059417 -0.000000001876  0.000000088307 -0.000000588054  0.000000158727  0.000000001238  0.000000059417  0.000000000763
  0.796370967742  0.000000098862  0.000001136497 -0.000000032697 -0.000000001008  0.000000062883 -0.000000001246  0.000000116709 -0.000000956810  0.000000079616  0.000000001024  0.000000062883  0.000000000716
  0.798387096774  0.000000055240  0.000000839719  0.000001486307  0.000000003858  0.000000150481  0.000000004614  0.000000064784 -0.000000716308 -0.000001285190 -0.000000003348  0.000000150481 -0.000000002191
  0.800403225806 -0.000000039084 -0.000000477106  0.000000982428  0.000000002764  0.000000056378  0.000000003248 -0.000000044753  0.000000423160 -0.000000765862 -0.000000002182  0.000000056378 -0.000000001361
  0.802419354839 -0.000000037003 -0.000000641973  0.000000758287  0.000000001984  0.000000162551  0.000000002374 -0.000000050843  0.000000456113 -0.000000672611 -0.000000001726  0.000000162551 -0.000000001131
  0.804435483871 -0.000000099940 -0.000001762827 -0.000000635405 -0.000000000903  0.000000069981 -0.000000001033 -0.000000112501  0.000001554386  0.000000470495  0.000000000607  0.000000069981  0.000000000343
  0.806451612903  0.000000036753  0.000000495060 -0.000002597124 -0.000000005170  0.000000078996 -0.000000006197  0.000000042752 -0.000000420478  0.000002274253  0.000000004537  0.000000078996  0.000000002986
  0.808467741935  0.000000105559  0.000002261014  0.000000888610  0.000000001264  0.000000045532  0.000000001542  0.000000123612 -0.000001930744 -0.000000828704 -0.000000001210  0.000000045532 -0.000000000827
  0.810483870968 -0.000000047968 -0.000000788157  0.000002095379  0.000000003685  0.000000032056  0.000000004350 -0.000000050955  0.000000762407 -0.000001683361 -0.000000002986  0.000000032056 -0.000000001889
  0.812500000000 -0.000000045163 -0.000001354291 -0.000000949650 -0.000000001407  0.000000020816 -0.000000001714 -0.000000064813  0.000000957992  0.000000878707  0.000000001337  0.000000020816  0.000000000911
  0.814516129032  0.000000028277  0.000000647396 -0.000001051530 -0.000000001700  0.000000038646 -0.000000001874  0.000000035687 -0.000000534888  0.000000534240  0.000000000885  0.000000038646  0.000000000397
  0.816532258065  0.000000006928  0.000000707685  0.000000577706  0.000000000823  0.000000059973  0.000000000900  0.000000031299 -0.000000166851 -0.000000270825 -0.000000000400  0.000000059973 -0.000000000164
  0.818548387097  0.000000006626 -0.000000364368  0.000000778663  0.000000001173  0.000000097420  0.000000001146 -0.000000019733 -0.000000147803 -0.000000045965 -0.000000000061  0.000000097420  0.000000000256
  0.820564516129 -0.000000007956 -0.000000871350 -0.000000479201 -0.000000000648  0.000000167970 -0.000000000359 -0.000000037818  0.000000119489 -0.000000678866 -0.000000000989  0.000000167970 -0.000000001127
  0.822580645161 -0.000000047811  0.000000693499 -0.000001407694 -0.000000002044  0.000000280726 -0.000000002185  0.000000036206  0.000001115601  0.000000599397  0.000000000805  0.000000280726  0.000000000228
  0.824596774194  0.000000066059  0.000001751168  0.000001732949  0.000000002378  0.000000480557  0.000000001544  0.000000071602 -0.000001329788  0.000001929716  0.000000002785  0.000000480557  0.000000003320
  0.826612903226  0.000000088025 -0.000003029847  0.000002541138  0.000000003687  0.000000819300  0.000000004829 -0.000000143058 -0.000002270171 -0.000003453427 -0.000000004765  0.000000819300 -0.000000003602
  0.828629032258 -0.000000267563 -0.000002478731 -0.000006851923 -0.000000009502  0.000001398180 -0.000000008079 -0.000000084957  0.000005846642 -0.000002715909 -0.000000004010  0.000001398180 -0.000000006410
  0.830645161290 -0.000000026846  0.000010753193 -0.000001570896 -0.000000002557  0.000002377281 -0.000000007091  0.000000479806  0.000001606554  0.000012395730  0.000000017266  0.000002377281  0.000000015949
  0.832661290323  0.000000803498 -0.000001925504  0.000021169634  0.000000029644  0.000004019325  0.000000029394 -0.000000160133 -0.000018404225 -0.000002650819 -0.000000003115  0.000004019325  0.000000004945
  0.834677419355 -0.000000604032 -0.000029531016 -0.000013303013 -0.000000017707  0.000006746238 -0.000000004307 -0.000001260973  0.000010931323 -0.000033755683 -0.000000047576  0.000006746238 -0.000000050581
  0.836693548387 -0.000001824202  0.000030289749 -0.000049859200 -0.000000070858  0.000011224095 -0.000000081421  0.000001524385  0.000043885731  0.000035916712  0.000000049080  0.000011224095  0.000000028291
  0.838709677419  0.000003254751  0.000059080135  0.000079169871  0.000000109728  0.000018490196  0.000000080085  0.000002358298 -0.000067524294  0.000066518578  0.000000095611  0.000018490196  0.000000121524
  0.840725806452  0.000002506861 -0.000133377377  0.000075471253  0.000000110492  0.000030131067  0.000000164741 -0.000006263176 -0.000068133504 -0.000155244407 -0.000000217471  0.000030131067 -0.000000179896
  0.842741935484 -0.000011120644 -0.000055798932 -0.000279384048 -0.000000395080  0.000048532404 -0.000000356397 -0.000001520392  0.000241342798 -0.000058849643 -0.000000090377  0.000048532404 -0.000000192969
  0.844758064516  0.000001984790  0.000405457165  0.000016775837  0.000000012572  0.000077215759 -0.000000166568  0.000018383361 -0.000006664117  0.000467122448  0.000000666602  0.000077215759  0.000000645578
  0.846774193548  0.000028308733 -0.000167933555  0.000727723188  0.000001048171  0.000121280400  0.000001084904 -0.000010319730 -0.000634667296 -0.000207698027 -0.000000280140  0.000121280400  0.000000011069
  0.848790322581 -0.000027009572 -0.000922044803 -0.000600364704 -0.000000839802  0.000187962011 -0.000000399021 -0.000040322168  0.000503138555 -0.001051567231 -0.000001529776  0.000187962011 -0.000001698901
  0.850806451613 -0.000052142136  0.001117980335 -0.001389447373 -0.000002044636  0.000287309774 -0.000002471799  0.000056951481  0.001226881155  0.001315731783  0.000001872755  0.000287309774  0.000001256168
  0.852822580645  0.000106232627  0.001448506335  0.002505786325  0.000003610984  0.000432964841  0.000002829203  0.000058511232 -0.002146189575  0.001622428719  0.000002423627  0.000432964841  0.000003302845
  0.854838709677  0.000049571592 -0.003734213351  0.001523193766  0.000002335433  0.000642993671  0.000003942016 -0.000181307405 -0.001392472449 -0.004335162989 -0.000006312534  0.000642993671 -0.000005455533
  0.856854838710 -0.000287165797 -0.000733184591 -0.006939332378 -0.000010201446  0.000940689220 -0.000009501423 -0.000009094549  0.006005632804 -0.000713713427 -0.000001218876  0.000940689220 -0.000003908724
  0.858870967742  0.000086974841  0.008998046197  0.001370104862  0.000001777143  0.001355200196 -0.000002404712  0.000424139047 -0.001017922866  0.010351148782  0.000015358676  0.001355200196  0.000015273000
  0.860887096774  0.000583145185 -0.004523445527  0.014391238257  0.000021555078  0.001921787231  0.000022862284 -0.000270892145 -0.012568204585 -0.005489156624 -0.000007819521  0.001921787231 -0.000001755636
  0.862903225806 -0.000581353091 -0.016268401152 -0.012563137317 -0.000018344982  0.002681441189 -0.000010160404 -0.000739543637  0.010589319453 -0.018526116700 -0.000028029829  0.002681441189 -0.000031921401
  0.864919354839 -0.000846375628  0.020068481456 -0.021711796469 -0.000033238747  0.003679544517 -0.000041376707  0.001058402507  0.019209074447  0.023556546948  0.000034898152  0.003679544517  0.000024711606
  0.866935483871  0.001733990544  0.019938560755  0.039265559199  0.000058813737  0.004963228936  0.000047380184  0.000828578878 -0.033678242895  0.022258983234  0.000034626001  0.004963228936  0.000049123658
  0.868951612903  0.000580630580 -0.051723659375  0.017775347165  0.000028504794  0.006577103708  0.000051779941 -0.002617822564 -0.016387970490 -0.059997857672 -0.000090724347  0.006577103708 -0.000079763827
  0.870967741935 -0.003679427920 -0.005941752518 -0.085166391763 -0.000129919027  0.008557123226 -0.000122442002  0.000029292161  0.073743963309 -0.005254354809 -0.000010158000  0.008557123226 -0.000044610478
  0.872983870968  0.001145539477  0.098134966379  0.018620107790  0.000025725743  0.010922554992 -0.000021759744  0.004829221550 -0.014305057296  0.112859341538  0.000173642553  0.010922554992  0.000174183993
  0.875000000000  0.005903458391 -0.047061916317  0.139495715301  0.000216502704  0.013666313759  0.000231148695 -0.002899564142 -0.121841571244 -0.056908013967 -0.000084197046  0.013666313759 -0.000023083411
  0.877016129032 -0.005373229613 -0.140249705256 -0.111595199069 -0.000168769363  0.016744346874 -0.000095522665 -0.006659786891  0.094135482338 -0.159715610453 -0.000250221794  0.016744346874 -0.000286303098
  0.879032258065 -0.006790737010  0.155577334085 -0.166667362684 -0.000263999539  0.020065261121 -0.000329351137  0.008555004291  0.147419741858  0.182615296907  0.000279849326  0.020065261121  0.000198844739
  0.881048387097  0.012297752310  0.136776000947  0.266903889156  0.000413165111  0.023481917095  0.000332183679  0.005960991518 -0.228851331228  0.152820329580  0.000245712804  0.023481917095  0.000347468264
  0.883064516129  0.003870005230 -0.308265097158  0.111337418496  0.000184037336  0.026787184453  0.000327043440 -0.016290985598 -0.102286342373 -0.357767560020 -0.000558639389  0.026787184453 -0.000488866338
  0.885080645161 -0.020062473674 -0.040032039050 -0.444893940716 -0.000700240769  0.029716321275 -0.000655495784 -0.000334445694  0.384950124178 -0.037886325756 -0.000071333340  0.029716321275 -0.000256419300
  0.887096774194  0.004623903472  0.447640341103  0.067423587096  0.000093176369  0.031958366656 -0.000129306769  0.023022162086 -0.050098932215  0.515285372670  0.000817299885  0.031958366656  0.000812367341
  0.889112903226  0.024554107486 -0.163019672852  0.555240855895  0.000887542378  0.033178373558  0.000935668594 -0.010707429966 -0.484364890021 -0.198470813777 -0.000300712834  0.033178373558 -0.000051806989
  0.891129032258 -0.017316335745 -0.484937712137 -0.342506053358 -0.000531695143  0.033051192202 -0.000273231763 -0.024149622491  0.287865372865 -0.553240205966 -0.000891664941  0.033051192202 -0.001001554040
  0.893145161290 -0.021559086096  0.408694775744 -0.503245709375 -0.000818726300  0.031305900805 -0.000991635983  0.023591163728  0.443832252007  0.481021770442  0.000756849126  0.031305900805  0.000509697392
  0.895161290323  0.028536716714  0.362752195181  0.592378816625  0.000941192556  0.027778338173  0.000726869571  0.016925137255 -0.506720107131  0.407621183375  0.000671085037  0.027778338173  0.000898809870
  0.897177419355  0.010851977377 -0.563926224683  0.278698061025  0.000467290546  0.022469399427  0.000731827352 -0.031218838751 -0.252054726816 -0.656011860333 -0.001050705261  0.022469399427 -0.000887000973
  0.899193548387 -0.030999413718 -0.130254905322 -0.657479195888 -0.001060575751  0.015620210222 -0.000957052108 -0.004369871206  0.567456313617 -0.138111505356 -0.000241426402  0.015620210222 -0.000516874156
  0.901209677419  0.001226129146  0.513699288648 -0.013452153111 -0.000038043491  0.007978088039 -0.000294792353  0.027751264457  0.021198254685  0.593119660518  0.000963049626  0.007978088039  0.000917610678
  0.903225806452  0.021982928641 -0.050893103486  0.472830453218  0.000772422895  0.004768057297  0.000770165042 -0.004650242892 -0.410787209557 -0.067502630038 -0.000097028236  0.004768057297  0.000113566786
  0.905241935484 -0.004959281258 -0.278355337139 -0.083859616561 -0.000128278028  0.011690973872  0.000017122657 -0.014812038914  0.067552169937 -0.319661550247 -0.000524935399  0.011690973872 -0.000540110396
  0.907258064516 -0.007758869816  0.021790156134 -0.165609025115 -0.000272378193  0.019017833941 -0.000273548035  0.001857371245  0.144001055334  0.028140054859  0.000041549576  0.019017833941 -0.000032980597
  0.909274193548 -0.004129259471  0.036822455591 -0.089860997978 -0.000149042636  0.024554008279 -0.000162354399  0.002384027393  0.078442018882  0.044085238668  0.000070009737  0.024554008279  0.000027497628
  0.911290322581 -0.000147377753  0.210594071926 -0.019236153238 -0.000038568050  0.027383256219 -0.000144738286  0.011690044905  0.020519899454  0.243634161541  0.000401355842  0.027383256219  0.000376330752
  0.913306451613  0.019009840577  0.018956484159  0.395583835882  0.000653925694  0.026972128259  0.000620538268 -0.000551333892 -0.342262175932  0.014577503946  0.000035284527  0.026972128259  0.000209275105
  0.915322580645 -0.003893927928 -0.439569675641 -0.047610516773 -0.000064550150  0.023217519012  0.000163456935 -0.024243280468  0.033085624966 -0.506784455433 -0.000841816207  0.023217519012 -0.000828313394
  0.917338709677 -0.026059034034  0.110842766376 -0.548320195965 -0.000915547220  0.016549278892 -0.000939419227  0.008412458997  0.477010925248  0.138194880044  0.000214050620  0.016549278892 -0.000039190502
  0.919354838710  0.012148689368  0.445686717687  0.217148745134  0.000347112132  0.008275248336  0.000104641925  0.024081217774 -0.179810860275  0.510654524639  0.000857198408  0.008275248336  0.000918872140
  0.921370967742  0.019061915490 -0.206278348538  0.407584008907  0.000687784641  0.005875021523  0.000769455229 -0.013255058163 -0.356920196000 -0.245789202271 -0.000398586161  0.005875021523 -0.000199642908
  0.923387096774 -0.010623259336 -0.239440890604 -0.199785565884 -0.000326259094  0.013855075856 -0.000190423523 -0.012689562362  0.168642338702 -0.272748811193 -0.000462222228  0.013855075856 -0.000532760046
  0.925403225806 -0.007057969033  0.065609494579 -0.149101461794 -0.000252230606  0.021213207663 -0.000277053721  0.004320278713  0.130415200068  0.078441985580  0.000127042552  0.021213207663  0.000054784341
  0.927419354839 -0.004347728127  0.062918092483 -0.093467822772 -0.000159118733  0.025583640862 -0.000186016487  0.003951346358  0.081987459230  0.074397875951  0.000122070742  0.025583640862  0.000074952677
  0.929435483871  0.004190730206  0.237036764664  0.067640046900  0.000105356786  0.026070662271 -0.000021882425  0.013206093567 -0.054091096915  0.272704273144  0.000460309400  0.026070662271  0.000471705369
  0.931451612903  0.019920241274 -0.098436840986  0.411599164146  0.000695952046  0.022536009171  0.000721873729 -0.007292747559 -0.358174562905 -0.121581151395 -0.000191718103  0.022536009171  0.000001844314
  0.933467741935 -0.011596927807 -0.413990626627 -0.204573136051 -0.000329171909  0.015627487640 -0.000101454191 -0.022804252787  0.169159529181 -0.474444404958 -0.000804610340  0.015627487640 -0.000863399671
  0.935483870968 -0.021429517161  0.227573422657 -0.450228644842 -0.000766054605  0.007212353796 -0.000856609296  0.014847734692  0.394218204351  0.271677027368  0.000442415646  0.007212353796  0.000220888606
  0.937500000000  0.015034264464  0.313509789616  0.281287027874  0.000460900003  0.007066328953  0.000280844598  0.016788168494 -0.237412496104  0.356701935234  0.000608812411  0.007066328953  0.000710075824
  0.939516129032  0.010927869919 -0.178706841979  0.233878573218  0.000399662180  0.015483081980  0.000477819397 -0.011171393332 -0.206071948466 -0.211066527177 -0.000346144139  0.015483081980 -0.000226349833
  0.941532258065 -0.003710155678 -0.113015223115 -0.066936319846 -0.000107432720  0.022627827117 -0.000044887486 -0.006184884164  0.055780985042 -0.129232636070 -0.000218671438  0.022627827117 -0.000239466283
  0.943548387097 -0.004313133672 -0.103896160579 -0.080282957061 -0.000129462771  0.026856885586 -0.000070934583 -0.005597310318  0.067288093008 -0.118572267060 -0.000200677446  0.026856885586 -0.000228035812
  0.945564516129 -0.014331953097  0.082138589661 -0.298023385873 -0.000498251583  0.027814787674 -0.000521996800  0.005858408319  0.259612041368  0.101438086694  0.000156608155  0.027814787674  0.000017323239
  0.947580645161  0.010027521156  0.372052057332  0.180225174191  0.000279147429  0.025855817853  0.000078842283  0.020284658723 -0.147595875269  0.426113089054  0.000709171317  0.025855817853  0.000758044286
  0.949596774194  0.022216934424 -0.236042680142  0.475142377842  0.000787624669  0.021823585196  0.000877353329 -0.015089735855 -0.416747986958 -0.284030966881 -0.000442278719  0.021823585196 -0.000214974933
  0.951612903226 -0.019117295385 -0.391082115340 -0.374015139577 -0.000581384746  0.016781123978 -0.000364081330 -0.020203747933  0.314081264301 -0.442893171791 -0.000731325338  0.016781123978 -0.000860400928
  0.953629032258 -0.015449616044  0.355375249139 -0.350378837243 -0.000577085192  0.011733153894 -0.000729517117  0.020732406541  0.312582849424  0.419987247422  0.000647463533  0.011733153894  0.000469085409
  0.955645161290  0.019546927728  0.210103547745  0.410096363535  0.000623174475  0.007413583379  0.000497889798  0.009704972293 -0.349143320647  0.231413001058  0.000382324824  0.007413583379  0.000535373184
  0.957661290323  0.004573125108 -0.301400232452  0.119223487929  0.000201918736  0.004188588677  0.000334959244 -0.016145979336 -0.112339134643 -0.352037168660 -0.000523901806  0.004188588677 -0.000450606905
  0.959677419355 -0.011689504497 -0.038688978497 -0.266586950607 -0.000385662850  0.002082210950 -0.000352609717 -0.001011130506  0.229571258636 -0.035926061760 -0.000070660780  0.002082210950 -0.000171450189
  0.961693548387  0.000805426462  0.153922731831  0.011492206716  0.000002486411  0.000888827837 -0.000063926209  0.007369701943 -0.004349351378  0.177536085891  0.000247426869  0.000888827837  0.000239039071
  0.963709677419  0.003987937422 -0.021098876397  0.102937524900  0.000136657353  0.000313504793  0.000139351849 -0.001280870885 -0.090030253875 -0.028568883460 -0.000028708930  0.000313504793  0.000008972011
  0.965725806452 -0.001037970009 -0.045135659186 -0.026974848810 -0.000027767662  0.000085429382 -0.000009719560 -0.001805054210  0.021317919792 -0.050966057359 -0.000063541405  0.000085429382 -0.000068659183
  0.967741935484 -0.000652780044  0.014738150182 -0.020794074924 -0.000023923374  0.000015557975 -0.000027707814  0.000603235557  0.018786206677  0.018121789831  0.000017384686  0.000015557975  0.000010335966
  0.969758064516  0.000262006609  0.006096964087  0.009429358913  0.000007915066  0.000001082317  0.000005807622  0.000172156301 -0.007817250987  0.006499113201  0.000006781694  0.000001082317  0.000008655124
  0.971774193548  0.000025850613 -0.003204794076  0.001264575368  0.000001225242  0.000000182479  0.000001866837 -0.000081424352 -0.001314352416 -0.003796663435 -0.000002560876  0.000000182479 -0.000002138743
  0.973790322581 -0.000015555362 -0.000063372048 -0.001119820127 -0.000000512259  0.000000045251 -0.000000474886  0.000000285168  0.000967098779  0.000014165234 -0.000000069497  0.000000045251 -0.000000204262
  0.975806451613  0.000000471745  0.000186037690  0.000098869989  0.000000009950  0.000000064559  0.000000000319  0.000000974098 -0.000069086626  0.000207000842  0.000000034575  0.000000064559  0.000000035977
  0.977822580645 -0.000000084295 -0.000020738119  0.000012087681 -0.000000003806  0.000000066781 -0.000000004942  0.000000161842 -0.000012569851 -0.000025409824  0.000000004760  0.000000066781  0.000000003566
  0.979838709677 -0.000000004760  0.000001908573 -0.000000144585  0.000000000485  0.000000109118  0.000000000826 -0.000000045000 -0.000000078825  0.000001980617 -0.000000001340  0.000000109118 -0.000000001161
  0.981854838710  0.000000040729 -0.000001270037 -0.000001473707  0.000000001247  0.000000102743  0.000000001106  0.000000050090  0.000000960584  0.000000048235  0.000000000357  0.000000102743  0.000000000678
  0.983870967742  0.000000011113 -0.000000892628  0.000001646710 -0.000000003773  0.000000167737 -0.000000004058  0.000000065850  0.000000117627 -0.000000797823  0.000000001578  0.000000167737  0.000000000509
  0.985887096774 -0.000000038905  0.000001181385  0.000001286664 -0.000000001908  0.000000130827 -0.000000002082 -0.000000101947 -0.000000457034 -0.000000563734  0.000000000910  0.000000130827  0.000000000365
  0.987903225806 -0.000000057303  0.000000700029  0.000000264937  0.000000000420  0.000000127817  0.000000000465 -0.000000085279 -0.000000472346 -0.000000195483 -0.000000000224  0.000000127817 -0.000000000103
  0.989919354839 -0.000000068658  0.000000963393  0.000000251518  0.000000001573  0.000000088347  0.000000001838 -0.000000153041 -0.000000425465  0.000000000022 -0.000000001203  0.000000088347 -0.000000000737
  0.991935483871 -0.000000061193  0.000000541925 -0.000000414900  0.000000004518  0.000000051630  0.000000004923 -0.000000115634 -0.000000290302  0.000000171871 -0.000000002127  0.000000051630 -0.000000000839
  0.993951612903 -0.000000051592  0.000000452682 -0.000000259596  0.000000004193  0.000000000000  0.000000004721 -0.000000116942 -0.000000193143  0.000000217895 -0.000000002541  0.000000000000 -0.000000001324
  0.995967741935 -0.000000035780  0.000000231299 -0.000000600199  0.000000006596  0.000000103049  0.000000007161 -0.000000080777 -0.000000101846  0.000000276847 -0.000000003008  0.000000103049 -0.000000001129
  0.997983870968 -0.000000018823  0.000000102616 -0.000000528214  0.000000006050  0.000000067336  0.000000006652 -0.000000048077 -0.000000035290  0.000000282044 -0.000000003071  0.000000067336 -0.000000001336
  1.000000000000  0.000000000000 -0.000000081419 -0.000001244227  0.000000013370  0.000000044653  0.000000013878  0.000000000000  0.000000022676  0.000000346521 -0.000000003720  0.000000044653  0.000000000000
