             Rad         v_r[Re]         v_t[Re]         v_x[Re]         p[Re]          p_mg[Re]  p_no_phase[Re]         v_r[Im]         v_t[Im]         v_x[Im]         p[Im]          p_mg[Im]  p_no_phase[Im]
  0.250000000000  0.000000000000 -0.140287226750 -0.573039903227 -0.021056797669  0.107881388954 -0.021090630360  0.000000000000 -0.007955722302 -0.032497230457 -0.001194136050  0.107881388954 -0.000000000005
  0.252016129032 -0.002112971844 -0.072737648278 -0.528637793533 -0.019573658818  0.139988624043 -0.019605108498  0.037259088364 -0.004124969493 -0.029979176159 -0.001110026890  0.139988624043 -0.000000000005
  0.254032258065 -0.004116047961 -0.023072586581 -0.540978083727 -0.020179069186  0.173733225571 -0.020211491600  0.072580330450 -0.001308451923 -0.030678996978 -0.001144359857  0.173733225571 -0.000000000005
  0.256048387097 -0.006108165260  0.030864867097 -0.529971543375 -0.019913976333  0.202095561423 -0.019945972813  0.107708330225  0.001750354021 -0.030054813433 -0.001129326378  0.202095561423 -0.000000000005
  0.258064516129 -0.007926053404  0.074596853118 -0.538743837343 -0.020386666461  0.233737714269 -0.020419422429  0.139764060255  0.004230405446 -0.030552292330 -0.001156132748  0.233737714269 -0.000000000005
  0.260080645161 -0.009836648038  0.125909844330 -0.521586083875 -0.019879487945  0.257808032775 -0.019911429011  0.173454530131  0.007140377494 -0.029579272012 -0.001127370533  0.257808032775 -0.000000000005
  0.262096774194 -0.011442502729  0.164340845925 -0.522774487932 -0.020061050015  0.286812902442 -0.020093282804  0.201771368331  0.009319808819 -0.029646666691 -0.001137666962  0.286812902442 -0.000000000005
  0.264112903226 -0.013234058257  0.212191728712 -0.500067198270 -0.019327269302  0.306212907229 -0.019358323099  0.233362762183  0.012033443867 -0.028358930844 -0.001096054081  0.306212907229 -0.000000000004
  0.266129032258 -0.014596902068  0.244661372939 -0.494712115657 -0.019249187542  0.332197354710 -0.019280115883  0.257394468109  0.013874805185 -0.028055242824 -0.001091626046  0.332197354710 -0.000000000004
  0.268145161290 -0.016239136554  0.288309112991 -0.467645249789 -0.018329584154  0.346700510975 -0.018359034936  0.286352809400  0.016350079000 -0.026520274364 -0.001039475117  0.346700510975 -0.000000000004
  0.270161290323 -0.017337550622  0.314417286976 -0.456833084108 -0.018028359036  0.369411594657 -0.018057325829  0.305721693526  0.017830679814 -0.025907113853 -0.001022392568  0.369411594657 -0.000000000004
  0.272177419355 -0.018808771014  0.353390274730 -0.426509304264 -0.016963938938  0.378915890639 -0.016991195490  0.331664457863  0.020040847304 -0.024187445019 -0.000962029049  0.378915890639 -0.000000000004
  0.274193548387 -0.019629929104  0.372981397813 -0.411241232873 -0.016476212639  0.398204925070 -0.016502685544  0.346144348782  0.021151864596 -0.023321589026 -0.000934369973  0.398204925070 -0.000000000004
  0.276209677419 -0.020915814035  0.407040364641 -0.378618890467 -0.015306188955  0.402702256591 -0.015330781943  0.368819000311  0.023083356780 -0.021471568158 -0.000868017650  0.402702256591 -0.000000000004
  0.278225806452 -0.021453940315  0.420159227160 -0.359764639695 -0.014667108208  0.418495943331 -0.014690674363  0.378308049906  0.023827330622 -0.020402339071 -0.000831775227  0.418495943331 -0.000000000003
  0.280241935484 -0.022546071322  0.449256765112 -0.325616016300 -0.013427611093  0.418038565095 -0.013449185704  0.397566141689  0.025477458984 -0.018465762442 -0.000761483048  0.418038565095 -0.000000000003
  0.282258064516 -0.022800706941  0.456104402986 -0.303874942463 -0.012669560808  0.430307714664 -0.012689917433  0.402056258783  0.025865790171 -0.017232820926 -0.000718493834  0.430307714664 -0.000000000003
  0.284274193548 -0.023694933921  0.480346121566 -0.268747828922 -0.011392660685  0.424972163455 -0.011410965670  0.417824609963  0.027240543851 -0.015240753885 -0.000646080522  0.424972163455 -0.000000000003
  0.286290322581 -0.023669037500  0.481236672849 -0.244615454902 -0.010544255238  0.433699070243 -0.010561197061  0.417367965434  0.027291047228 -0.013872201162 -0.000597967245  0.433699070243 -0.000000000002
  0.288306451613 -0.024363707766  0.500844755130 -0.208798335658 -0.009257233039  0.423549003804 -0.009272106959  0.429617433356  0.028403026280 -0.011841003733 -0.000524979908  0.423549003804 -0.000000000002
  0.290322580645 -0.024061612763  0.496162802503 -0.182542381154 -0.008342500410  0.428696439631 -0.008355904596  0.424290441211  0.028137511623 -0.010352022251 -0.000473105201  0.428696439631 -0.000000000002
  0.292338709677 -0.024555723836  0.511441905210 -0.146040599317 -0.007067322124  0.413748729650 -0.007078677437  0.433003348667  0.029003993205 -0.008281997441 -0.000400789534  0.413748729650 -0.000000000002
  0.294354838710 -0.023981034505  0.501598697753 -0.117700501317 -0.006105041943  0.415237771937 -0.006114851127  0.422869564532  0.028445782548 -0.006674823681 -0.000346218394  0.415237771937 -0.000000000001
  0.296370967742 -0.024272478553  0.512903246373 -0.080244895351 -0.004858043512  0.395442045976 -0.004865849100  0.428008743062  0.029086866213 -0.004550707276 -0.000275500814  0.395442045976 -0.000000000001
  0.298387096774 -0.023426150158  0.498288823728 -0.049686523954 -0.003861265106  0.393153208096 -0.003867469135  0.413085011560  0.028258078797 -0.002817734700 -0.000218973271  0.393153208096 -0.000000000001
  0.300403225806 -0.023510458642  0.505989464348 -0.010819428558 -0.002653157843  0.368403798839 -0.002657420764  0.414571665189  0.028694783975 -0.000613572390 -0.000150461218  0.368403798839 -0.000000000001
  0.302419354839 -0.022389639131  0.486915906615  0.022100054864 -0.001629060031  0.362223868162 -0.001631677499  0.394807694689  0.027613117938  0.001253299416 -0.000092384385  0.362223868162 -0.000000000000
  0.304435483871 -0.022260046806  0.491360738313  0.062791458548 -0.000465559178  0.332429521414 -0.000466307208  0.392522528465  0.027865185410  0.003560918686 -0.000026401973  0.332429521414 -0.000000000000
  0.306451612903 -0.020858753373  0.467989518840  0.097886864203  0.000583949854  0.322364242939  0.000584888106  0.367812821156  0.026539797944  0.005551187565  0.000033115936  0.322364242939  0.000000000000
  0.308467741935 -0.020508850223  0.469452149053  0.140331668736  0.001700282413  0.287588510078  0.001703014316  0.361642804060  0.026622744055  0.007958242618  0.000096423424  0.287588510078  0.000000000000
  0.310483870968 -0.018821916123  0.441696661387  0.176595502031  0.002776518099  0.273926311284  0.002780979228  0.331896252135  0.025048723687  0.010014773308  0.000157457008  0.273926311284  0.000000000001
  0.312500000000 -0.018252027425  0.440298083865  0.219673784770  0.003842356449  0.234557955185  0.003848530097  0.321847119951  0.024969410020  0.012457753062  0.000217900956  0.234557955185  0.000000000001
  0.314516129032 -0.016283050890  0.407694595684  0.254894180460  0.004945492862  0.217991218196  0.004953438958  0.287127172840  0.023120458380  0.014455110156  0.000280460087  0.217991218196  0.000000000001
  0.316532258065 -0.015509507197  0.403283022686  0.296148241509  0.005950032638  0.174825539228  0.005959592763  0.273486890363  0.022870277016  0.016794637860  0.000337427779  0.174825539228  0.000000000001
  0.318548387097 -0.013280499697  0.364841409290  0.327269878297  0.007072038472  0.156380048057  0.007083401363  0.234181687304  0.020690243893  0.018559553352  0.000401056999  0.156380048057  0.000000000002
  0.320564516129 -0.012342503178  0.356828681466  0.363524670793  0.007987929270  0.110502368223  0.008000763755  0.217641525968  0.020235840175  0.020615571337  0.000452997386  0.110502368223  0.000000000002
  0.322580645161 -0.009898494037  0.310933887642  0.388230607879  0.009104040544  0.091242325533  0.009118668324  0.174545091544  0.017633135401  0.022016650959  0.000516292324  0.091242325533  0.000000000002
  0.324596774194 -0.008854123831  0.298153304057  0.417098734016  0.009878734927  0.043808355934  0.009894607435  0.156129189844  0.016908345438  0.023653769322  0.000560225429  0.043808355934  0.000000000002
  0.326612903226 -0.006256563188  0.242711699897  0.435678661018  0.010940882517  0.024562551895  0.010958461615  0.110325105031  0.013764238759  0.024707441442  0.000620460074  0.024562551895  0.000000000003
  0.328629032258 -0.005166073671  0.223502919710  0.456356871037  0.011493277657  0.023232321043  0.011511744307  0.091095958480  0.012674904224  0.025880107695  0.000651786535  0.023232321043  0.000000000003
  0.330645161290 -0.002480397040  0.156641273951  0.471492358327  0.012429777584  0.041806925240  0.012449748941  0.043738080436  0.008883164244  0.026738444812  0.000704895670  0.041806925240  0.000000000003
  0.332661290323 -0.001390713705  0.129468713270  0.483216482895  0.012656842272  0.088454170331  0.012677178461  0.024523149696  0.007342201806  0.027403322731  0.000717772563  0.088454170331  0.000000000003
  0.334677419355  0.001315397008  0.050917370024  0.496947986654  0.013381251321  0.105513255039  0.013402751444 -0.023195052743  0.002887536276  0.028182039605  0.000758853974  0.105513255039  0.000000000003
  0.336693548387  0.002367077499  0.015568285085  0.496496608010  0.013176456584  0.148903461630  0.013197627656 -0.041739860352  0.000882881184  0.028156441814  0.000747240016  0.148903461630  0.000000000003
  0.338709677419  0.005008210365 -0.071820883723  0.507353736240  0.013605613656  0.163152338358  0.013627474269 -0.088312275918 -0.004072979555  0.028772152161  0.000771577616  0.163152338358  0.000000000003
  0.340725806452  0.005974083252 -0.113100781030  0.488930265434  0.012886054593  0.200636550534  0.012906759067 -0.105343995169 -0.006413972440  0.027727352710  0.000730771249  0.200636550534  0.000000000003
  0.342741935484  0.008430804982 -0.202860414065  0.492396409151  0.012963071174  0.210444415267  0.012983899392 -0.148664597039 -0.011504262774  0.027923918552  0.000735138878  0.210444415267  0.000000000003
  0.344758064516  0.009237565950 -0.245274046270  0.450542214986  0.011696284144  0.239278332664  0.011715076972 -0.162890616325 -0.013909550037  0.025550357155  0.000663299081  0.239278332664  0.000000000003
  0.346774193548  0.011359894600 -0.328517985139  0.442196874260  0.011409830085  0.243089959527  0.011428162657 -0.200314697925 -0.018630333791  0.025077090879  0.000647054203  0.243089959527  0.000000000003
  0.348790322581  0.011915208721 -0.365929686673  0.375058518667  0.009629138007  0.261004497410  0.009644609479 -0.210106829299 -0.020751960365  0.021269658618  0.000546070728  0.261004497410  0.000000000002
  0.350806451613  0.013547764014 -0.433611247343  0.353400722726  0.009020662852  0.257784858908  0.009035156665 -0.238894492554 -0.024590197916  0.020041439812  0.000511563956  0.257784858908  0.000000000002
  0.352822580645  0.013763575537 -0.460312052728  0.263947810867  0.006823289067  0.263419824051  0.006834252283 -0.242700004968 -0.026104406998  0.014968543709  0.000386950361  0.263419824051  0.000000000002
  0.354838709677  0.014777883556 -0.505296727772  0.231153496540  0.005980091235  0.252934146044  0.005989699656 -0.260585805112 -0.028655498717  0.013108770272  0.000339132409  0.252934146044  0.000000000001
  0.356854838710  0.014595589981 -0.517384968850  0.126233263100  0.003510899859  0.246024484123  0.003516540944 -0.257371331417 -0.029341025771  0.007158718650  0.000199103974  0.246024484123  0.000000000001
  0.358870967742  0.014914637582 -0.535577614381  0.087188045444  0.002549516537  0.228902180294  0.002553612934 -0.262997257189 -0.030372735065  0.004944454985  0.000144583695  0.228902180294  0.000000000001
  0.360887096774  0.014320946170 -0.531553237345 -0.024389540073 -0.000022017544  0.210239126866 -0.000022052920 -0.252528399860 -0.030144511678 -0.001383136671 -0.000001248620  0.210239126866 -0.000000000000
  0.362903225806  0.013929726171 -0.522063931821 -0.063666525082 -0.000975461228  0.187865667286 -0.000977028536 -0.245629822124 -0.029606370884 -0.003610543919 -0.000055318640  0.187865667286 -0.000000000000
  0.364919354839  0.012960273864 -0.502745927695 -0.172949354965 -0.003478004334  0.159109919845 -0.003483592565 -0.228534985166 -0.028510842233 -0.009807999433 -0.000197238461  0.159109919845 -0.000000000001
  0.366935483871  0.011903585442 -0.467440030531 -0.206686926737 -0.004305404591  0.133418863051 -0.004312322235 -0.209901870213 -0.026508636330 -0.011721265226 -0.000244160528  0.133418863051 -0.000000000001
  0.368951612903  0.010636816541 -0.435493458292 -0.305847550604 -0.006584117458  0.096842903558 -0.006594696389 -0.187564301184 -0.024696938551 -0.017344688007 -0.000373386881  0.096842903558 -0.000000000002
  0.370967741935  0.009008687174 -0.378274349246 -0.329419855501 -0.007188436870  0.070071139347 -0.007199986782 -0.158854682489 -0.021452029142 -0.018681479076 -0.000407657980  0.070071139347 -0.000000000002
  0.372983870968  0.007554078347 -0.337592148803 -0.412439532829 -0.009117495010  0.028287434145 -0.009132144407 -0.133204838194 -0.019144931790 -0.023389544904 -0.000517055330  0.028287434145 -0.000000000002
  0.375000000000  0.005483174299 -0.263642490255 -0.422798562400 -0.009430667018  0.002736934114 -0.009445819599 -0.096687552297 -0.014951228904 -0.023977007958 -0.000534815390  0.002736934114 -0.000000000002
  0.377016129032  0.003967376609 -0.218732110691 -0.485706115712 -0.010920125811  0.041552717049 -0.010937671558 -0.069958734210 -0.012404350499 -0.027544510405 -0.000619282956  0.041552717049 -0.000000000003
  0.379032258065  0.001601613811 -0.133828267151 -0.481472078582 -0.010906296900  0.063721215191 -0.010923820427 -0.028242056648 -0.007589433153 -0.027304397144 -0.000618498715  0.063721215191 -0.000000000003
  0.381048387097  0.000154963206 -0.089277912362 -0.522291309951 -0.011904197073  0.107936152594 -0.011923323962 -0.002732543641 -0.005062971839 -0.029619265552 -0.000675089873  0.107936152594 -0.000000000003
  0.383064516129 -0.002352684418  0.000775843919 -0.503624624304 -0.011559211505  0.124864986052 -0.011577784094  0.041486059950  0.000043998295 -0.028560673329 -0.000655525659  0.124864986052 -0.000000000003
  0.385080645161 -0.003607848552  0.040721285133 -0.522150070177 -0.012050028317  0.166707778792 -0.012069389518  0.063618996331  0.002309313854 -0.029611255810 -0.000683359998  0.166707778792 -0.000000000003
  0.387096774194 -0.006111265937  0.130526876279 -0.490499506369 -0.011398152232  0.176955642023 -0.011416466040  0.107763006015  0.007402210484 -0.027816344740 -0.000646391949  0.176955642023 -0.000000000003
  0.389112903226 -0.007069764094  0.162273717044 -0.487982721071 -0.011398663598  0.214524423564 -0.011416978228  0.124664682960  0.009202581444 -0.027673617241 -0.000646420949  0.214524423564 -0.000000000003
  0.391129032258 -0.009438872385  0.247146063185 -0.445775000439 -0.010487486200  0.217132337246 -0.010504336810  0.166440353274  0.014015712565 -0.025280007274 -0.000594747860  0.217132337246 -0.000000000002
  0.393145161290 -0.010019098898  0.267949051878 -0.424575497102 -0.010041014475  0.248986247665 -0.010057147723  0.176671777319  0.015195455048 -0.024077778351 -0.000569428341  0.248986247665 -0.000000000002
  0.395161290323 -0.012146215804  0.344107545615 -0.374889988531 -0.008935344464  0.243500728042 -0.008949701194  0.214180292620  0.019514421507 -0.021260101234 -0.000506725529  0.243500728042 -0.000000000002
  0.397177419355 -0.012293873967  0.352168248780 -0.338126387338 -0.008105176142  0.268683869755 -0.008118199011  0.216784022799  0.019971545919 -0.019175228586 -0.000459646485  0.268683869755 -0.000000000002
  0.399193548387 -0.014097419054  0.416828508384 -0.284383772333 -0.006880611036  0.255143711503 -0.006891666354  0.248586834532  0.023638444761 -0.016127471989 -0.000390201103  0.255143711503 -0.000000000002
  0.401209677419 -0.013786832949  0.411309949808 -0.235608543985 -0.005743242913  0.273174445321 -0.005752470781  0.243110114545  0.023325485980 -0.013361417082 -0.000325700684  0.273174445321 -0.000000000001
  0.403225806452 -0.015212683996  0.462693144479 -0.181292169752 -0.004479944691  0.252068479070 -0.004487142775  0.268252858535  0.026239439283 -0.010281122462 -0.000254058739  0.252068479070 -0.000000000001
  0.405241935484 -0.014446050149  0.443667331239 -0.124204975425 -0.003118654167  0.262901507725 -0.003123665017  0.254734420828  0.025160480847 -0.007043693969 -0.000176859626  0.262901507725 -0.000000000001
  0.407258064516 -0.015466937097  0.480944836542 -0.072626276379 -0.001895725353  0.235104949539 -0.001898771281  0.272736230511  0.027274497120 -0.004118653566 -0.000107507040  0.235104949539 -0.000000000000
  0.409274193548 -0.014271932740  0.449290062888 -0.010834691483 -0.000394822021  0.239073665265 -0.000395456395  0.251664121552  0.025479347309 -0.000614437955 -0.000022390452  0.239073665265 -0.000000000000
  0.411290322581 -0.014885290891  0.472480736667  0.035051524914  0.000714452422  0.205770420160  0.000715600358  0.262479772324  0.026794495985  0.001987780391  0.000040516768  0.205770420160  0.000000000000
  0.413306451613 -0.013311470117  0.429744840660  0.098219959227  0.002274463191  0.203516584866  0.002278117650  0.234727804192  0.024370933065  0.005570077463  0.000128985353  0.203516584866  0.000000000001
  0.415322580645 -0.013536175896  0.439580990664  0.135948917675  0.003206356856  0.166114241486  0.003211508622  0.238690153474  0.024928743492  0.007709695753  0.000181833267  0.166114241486  0.000000000001
  0.417338709677 -0.011650570540  0.387825281380  0.197583189836  0.004752576991  0.158511349265  0.004760213122  0.205440332016  0.021993664796  0.011204990121  0.000269519782  0.158511349265  0.000000000001
  0.419354838710 -0.011522960036  0.385601606632  0.225264150268  0.005455591259  0.118554728783  0.005464356948  0.203190112229  0.021867559667  0.012774784032  0.000309387890  0.118554728783  0.000000000001
  0.421370967742 -0.009405266737  0.327238209232  0.282957627135  0.006925468994  0.106630481077  0.006936596386  0.165847768095  0.018557757392  0.016046594953  0.000392745009  0.106630481077  0.000000000002
  0.423387096774 -0.008974796545  0.314655832021  0.299312857922  0.007361953618  0.065718584669  0.007373782326  0.158257072109  0.017844207760  0.016974104016  0.000417498157  0.065718584669  0.000000000002
  0.425403225806 -0.006712481947  0.252288932213  0.351207411738  0.008704998814  0.050580884081  0.008718985439  0.118364548336  0.014307365902  0.019917056619  0.000493662572  0.050580884081  0.000000000002
  0.427419354839 -0.006037339772  0.231304287122  0.355572168827  0.008851805744  0.010291008562  0.008866028249  0.106459429001  0.013117321642  0.020164583042  0.000501988028  0.010291008562  0.000000000002
  0.429435483871 -0.003720938150  0.167583390357  0.400364880278  0.010030374180  0.006939172093  0.010046490332  0.065613161715  0.009503694292  0.022704788459  0.000568824927  0.006939172093  0.000000000002
  0.431451612903 -0.002863852625  0.140269370738  0.392655380970  0.009878667241  0.045117439968  0.009894539640  0.050499744381  0.007954709683  0.022267580903  0.000560221590  0.045117439968  0.000000000002
  0.433467741935 -0.000582669371  0.077760385121  0.429574833728  0.010867941337  0.063363967592  0.010885403238  0.010274500164  0.004409810105  0.024361291931  0.000616323562  0.063363967592  0.000000000003
  0.435483870968  0.000392890844  0.046184902462  0.410231562811  0.010422308917  0.098083156321  0.010439054804 -0.006928040568  0.002619156904  0.023264330394  0.000591051640  0.098083156321  0.000000000002
  0.437500000000  0.002554516419 -0.012737271719  0.438990912729  0.011209621834  0.116362006292  0.011227632725 -0.045045064492 -0.000722333736  0.024895280031  0.000635700345  0.116362006292  0.000000000003
  0.439516129032  0.003587621455 -0.046612184762  0.408904461286  0.010486650404  0.146458722543  0.010503499670 -0.063262321814 -0.002643388186  0.023189070148  0.000594700461  0.146458722543  0.000000000002
  0.441532258065  0.005553396502 -0.099847740915  0.429638197551  0.011070307179  0.163913995101  0.011088094228 -0.097925815499 -0.005662389354  0.024364885308  0.000627799777  0.163913995101  0.000000000003
  0.443548387097  0.006588331605 -0.134244894683  0.390064330553  0.010096772925  0.188438350652  0.010112995762 -0.116175343318 -0.007613060200  0.022120641812  0.000572590416  0.188438350652  0.000000000002
  0.445564516129  0.008292385645 -0.180029621730  0.403255062202  0.010484518843  0.204367098783  0.010501364685 -0.146223779698 -0.010209523061  0.022868691370  0.000594579580  0.204367098783  0.000000000002
  0.447580645161  0.009280690397 -0.213413739707  0.355724953421  0.009295345537  0.222600113253  0.009310280693 -0.163651051251 -0.012102744404  0.020173247493  0.000527141277  0.222600113253  0.000000000002
  0.449596774194  0.010669241454 -0.250356916527  0.362125760423  0.009502620978  0.236466581049  0.009517889170 -0.188136065875 -0.014197800829  0.020536238794  0.000538895917  0.236466581049  0.000000000002
  0.451612903226  0.011571115511 -0.281470959825  0.308356423633  0.008138736987  0.247926534664  0.008151813779 -0.204039261788 -0.015962285693  0.017486966799  0.000461549728  0.247926534664  0.000000000002
  0.453629032258  0.012603455442 -0.308572539826  0.308913401486  0.008186841847  0.259366803621  0.008199995931 -0.222243027633 -0.017499222800  0.017518553146  0.000464277766  0.259366803621  0.000000000002
  0.455645161290  0.013388564696 -0.336455240409  0.250722371102  0.006693050125  0.263805841289  0.006703804082 -0.236087251431 -0.019080457442  0.014218525846  0.000379564479  0.263805841289  0.000000000002
  0.457661290323  0.014037418880 -0.353104852298  0.246501050106  0.006607321726  0.272624153945  0.006617937940 -0.247528821477 -0.020024660929  0.013979133719  0.000374702801  0.272624153945  0.000000000002
  0.459677419355  0.014685158533 -0.377091940268  0.185728391487  0.005030275646  0.270016646693  0.005038357965 -0.258950738442 -0.021384974445  0.010532701661  0.000285268139  0.270016646693  0.000000000001
  0.461693548387  0.014936493595 -0.383052601019  0.177846788761  0.004838363568  0.276174837220  0.004846137536 -0.263382655194 -0.021723004947  0.010085734079  0.000274384759  0.276174837220  0.000000000001
  0.463709677419  0.015435780002 -0.402764503622  0.116286601178  0.003224720096  0.266699106551  0.003229901366 -0.272186821889 -0.022840871675  0.006594641065  0.000182874651  0.266699106551  0.000000000001
  0.465725806452  0.015288144850 -0.398144090016  0.105856812302  0.002955020976  0.270300634595  0.002959768911 -0.269583497489 -0.022578846911  0.006003165234  0.000167579949  0.270300634595  0.000000000001
  0.467741935484  0.015636817089 -0.413462974295  0.045199564779  0.001349822234  0.254315658929  0.001351991041 -0.275731809309 -0.023447584515  0.002563278168  0.000076548743  0.254315658929  0.000000000000
  0.469758064516  0.015100308156 -0.398676471218  0.033279057102  0.001030118334  0.255585736225  0.001031773461 -0.266271279204 -0.022609038377  0.001887263316  0.000058418258  0.255585736225  0.000000000000
  0.471774193548  0.015304224037 -0.409715439729 -0.024934604072 -0.000524566136  0.233604407134 -0.000525408975 -0.269867029829 -0.023235060930 -0.001414047382 -0.000029748271  0.233604407134 -0.000000000000
  0.473790322581  0.014399166418 -0.385440816341 -0.037381447821 -0.000868238100  0.232867647772 -0.000869633129 -0.253907696581 -0.021858441212 -0.002119910879 -0.000049237991  0.232867647772 -0.000000000000
  0.475806451613  0.014471077265 -0.392507885768 -0.091795341983 -0.002334392410  0.205528049034 -0.002338143160 -0.255175736473 -0.022259216415 -0.005205735877 -0.000132383954  0.205528049034 -0.000000000001
  0.477822580645  0.013226510505 -0.359638181675 -0.103925344081 -0.002678630592  0.203184986617 -0.002682934441 -0.233229668894 -0.020395167606 -0.005893631208 -0.000151905784  0.203184986617 -0.000000000001
  0.479838709677  0.013184795729 -0.363197414442 -0.153391177313 -0.004023094515  0.171221054276 -0.004029558561 -0.232494091409 -0.020597012551 -0.008698850484 -0.000228150656  0.171221054276 -0.000000000001
  0.481854838710  0.011636847664 -0.322791279720 -0.164500358360 -0.004347780082  0.167724777371 -0.004354765812 -0.205198349692 -0.018305570952 -0.009328854808 -0.000246563652  0.167724777371 -0.000000000001
  0.483870967742  0.011504185186 -0.323423132376 -0.208090486285 -0.005542780164  0.131937588945 -0.005551685942 -0.202859045916 -0.018341403468 -0.011800861425 -0.000314332394  0.131937588945 -0.000000000001
  0.485887096774  0.009694410738 -0.276655686039 -0.217622246563 -0.005831494288  0.127771677582 -0.005840863953 -0.170946388753 -0.015689210360 -0.012341409838 -0.000330705441  0.127771677582 -0.000000000001
  0.487903225806  0.009496454099 -0.275018315651 -0.254632388674 -0.006854919719  0.089002541231 -0.006865933757 -0.167455720427 -0.015596354693 -0.014440263881 -0.000388744143  0.089002541231 -0.000000000002
  0.489919354839  0.007470209691 -0.223133790906 -0.262176083401 -0.007095146003  0.084661473174 -0.007106546021 -0.131725940284 -0.012653970841 -0.014868068620 -0.000402367433  0.084661473174 -0.000000000002
  0.491935483871  0.007234338840 -0.219926750374 -0.292118428799 -0.007930589153  0.043767974706 -0.007943331507 -0.127566711698 -0.012472098802 -0.016566106214 -0.000449745614  0.043767974706 -0.000000000002
  0.493951612903  0.005039258724 -0.164194002865 -0.297398184593 -0.008113721791  0.039741245469 -0.008126758391 -0.088859767146 -0.009311481314 -0.016865522432 -0.000460131110  0.039741245469 -0.000000000002
  0.495967741935  0.004793470628 -0.160125486033 -0.319984909004 -0.008750304416  0.002422503507 -0.008764363835 -0.084525662845 -0.009080754747 -0.018146420995 -0.000496231864  0.002422503507 -0.000000000002
  0.497983870968  0.002478110684 -0.101797073155 -0.322837888946 -0.008871483320  0.005661104942 -0.008885737442 -0.043697763985 -0.005772936453 -0.018308214173 -0.000503103949  0.005661104942 -0.000000000002
  0.500000000000  0.002250120223 -0.097555671964 -0.337954406298 -0.009303487148  0.048258562747 -0.009318435385 -0.039677494256 -0.005532405573 -0.019165475500 -0.000527602989  0.048258562747 -0.000000000002
  0.502016129032 -0.000137160375 -0.037830890061 -0.338296815026 -0.009361279555  0.050254746392 -0.009376320649  0.002418617430 -0.002145398856 -0.019184893581 -0.000530880411  0.050254746392 -0.000000000002
  0.504032258065 -0.000320527617 -0.034062737193 -0.345963144675 -0.009587594415  0.092473594930 -0.009602999137  0.005652023638 -0.001931706002 -0.019619652975 -0.000543714781  0.092473594930 -0.000000000002
  0.506048387097 -0.002732364491  0.025945238901 -0.343741217759 -0.009583538353  0.092787242301 -0.009598936558  0.048181148416  0.001471360726 -0.019493646967 -0.000543484760  0.092787242301 -0.000000000002
  0.508064516129 -0.002845386948  0.028652993707 -0.344058887166 -0.009606932324  0.133836477458 -0.009622368117  0.050174129868  0.001624918151 -0.019511662075 -0.000544811438  0.133836477458 -0.000000000002
  0.510080645161 -0.005235787243  0.087945833836 -0.339181471421 -0.009544951743  0.132024772425 -0.009560287950  0.092325252728  0.004987429346 -0.019235062657 -0.000541296504  0.132024772425 -0.000000000002
  0.512096774194 -0.005253545728  0.089073945191 -0.332263147442 -0.009371157352  0.171120163485 -0.009386214317  0.092638396959  0.005051404812 -0.018842722844 -0.000531440583  0.171120163485 -0.000000000002
  0.514112903226 -0.007577723369  0.146792589742 -0.324513761387 -0.009256854287  0.166707423494 -0.009271727597  0.133621782681  0.008324642998 -0.018403253301 -0.000524958429  0.166707423494 -0.000000000002
  0.516129032258 -0.007475145956  0.145889064381 -0.310395285081 -0.008893456619  0.203044704005 -0.008907746046  0.131812983908  0.008273403859 -0.017602591121 -0.000504350060  0.203044704005 -0.000000000002
  0.518145161290 -0.009688698375  0.201333126769 -0.299328329825 -0.008733289546  0.195480336301 -0.008747321627  0.170845659807  0.011417649945 -0.016974981432 -0.000495266946  0.195480336301 -0.000000000002
  0.520161290323 -0.009438852268  0.197999694883 -0.277872336078 -0.008188407153  0.228200276762 -0.008201563753  0.166439998546  0.011228610223 -0.015758206876 -0.000464366535  0.228200276762 -0.000000000002
  0.522177419355 -0.011496242487  0.250639662350 -0.262717540707 -0.007988793422  0.216814868669 -0.008001629295  0.202718988339  0.014213835412 -0.014898774793 -0.000453046393  0.216814868669 -0.000000000002
  0.524193548387 -0.011067953526  0.244499632592 -0.233541736346 -0.007269586439  0.244975305022 -0.007281266737  0.195166755071  0.013865632851 -0.013244207925 -0.000412259992  0.244975305022 -0.000000000002
  0.526209677419 -0.012920532599  0.293976344819 -0.213183478726 -0.007036055605  0.228961940025 -0.007047360681  0.227834207598  0.016671469077 -0.012089686249 -0.000399016402  0.228961940025 -0.000000000002
  0.528225806452 -0.012275899129  0.284613590778 -0.175691206767 -0.006147227750  0.251549369341 -0.006157104715  0.216467063491  0.016140505049 -0.009963490507 -0.000348610761  0.251549369341 -0.000000000001
  0.530241935484 -0.013870322418  0.330711919903 -0.148859031982 -0.005883963360  0.230020264478 -0.005893417329  0.244582326072  0.018754752358 -0.008441831434 -0.000333680974  0.230020264478 -0.000000000001
  0.532258064516 -0.012963657416  0.317562189423 -0.102498610328 -0.004826724183  0.246046014198 -0.004834479449  0.228594649033  0.018009027986 -0.005812720794 -0.000273724687  0.246046014198 -0.000000000001
  0.534274193548 -0.014242541127  0.360128736228 -0.068362531939 -0.004537236265  0.218221777980 -0.004544526400  0.251145844557  0.020422987072 -0.003876855595 -0.000257307758  0.218221777980 -0.000000000001
  0.536290322581 -0.013023578972  0.342288246275 -0.013202147693 -0.003309725213  0.226917721569 -0.003315043064  0.229651275767  0.019411248605 -0.000748696965 -0.000187695311  0.226917721569 -0.000000000001
  0.538306451613 -0.013930945188  0.381024708611  0.027536652883 -0.002999986745  0.192452005810 -0.003004806929  0.245651317661  0.021608002682  0.001561610195 -0.000170129968  0.192452005810 -0.000000000001
  0.540322580645 -0.012355557304  0.356912587290  0.090165159802 -0.001600858666  0.193466884787 -0.001603430821  0.217871715898  0.020240598495  0.005113287854 -0.000090785079  0.193466884787 -0.000000000000
  0.542338709677 -0.012847915263  0.390896937456  0.134072604714 -0.001286738162  0.152784981230 -0.001288805610  0.226553709825  0.022167859149  0.007603289595 -0.000072971230  0.152784981230 -0.000000000000
  0.544354838710 -0.010896491670  0.357672994828  0.201796752031  0.000275886966  0.146159187005  0.000276330243  0.192143282499  0.020283721389  0.011443942245  0.000015645616  0.146159187005  0.000000000000
  0.546370967742 -0.010953953375  0.384324845841  0.242386217815  0.000555270239  0.100669495829  0.000556162411  0.193156533451  0.021795154256  0.013745780592  0.000031489509  0.100669495829  0.000000000000
  0.548387096774 -0.008650573780  0.336991598163  0.313961154993  0.002247353294  0.086536997764  0.002250964195  0.152539890071  0.019110874420  0.017804812459  0.000127447945  0.086536997764  0.000000000001
  0.550403225806 -0.008275426162  0.350096983355  0.342569464771  0.002410076492  0.038953004416  0.002413948846  0.145924724663  0.019854083959  0.019427196574  0.000136676016  0.038953004416  0.000000000001
  0.552419354839 -0.005699833151  0.280616722189  0.420690135736  0.004145907350  0.017594979479  0.004152568724  0.100508006111  0.015913841671  0.023857438575  0.000235115401  0.017594979479  0.000000000001
  0.554435483871 -0.004899661458  0.267511074388  0.425779493923  0.004044128394  0.026831962745  0.004050626236  0.086398178798  0.015170617239  0.024146057300  0.000229343492  0.026831962745  0.000000000001
  0.556451612903 -0.002205490592  0.165929696208  0.514661266245  0.005651473043  0.053419123863  0.005660553461  0.038890517665  0.009409912900  0.029186563942  0.000320496393  0.053419123863  0.000000000001
  0.558467741935 -0.000996214856  0.106580855903  0.475048722313  0.005057406620  0.084509651358  0.005065532531  0.017566754362  0.006044225920  0.026940127068  0.000286806743  0.084509651358  0.000000000001
  0.560483870968  0.001519206086 -0.029911181279  0.566660877638  0.006249455723  0.109645121141  0.006259496942 -0.026788920053 -0.001696270270  0.032135474386  0.000354408134  0.109645121141  0.000000000001
  0.562500000000  0.003024551684 -0.153119568709  0.442316570536  0.004896237634  0.111714159280  0.004904104589 -0.053333431180 -0.008683447495  0.025083878884  0.000277666811  0.111714159280  0.000000000001
  0.564516129032  0.004784874588 -0.294924907177  0.498531511315  0.005316105218  0.123884920965  0.005324646789 -0.084374084575 -0.016725262276  0.028271841668  0.000301477603  0.123884920965  0.000000000001
  0.566532258065  0.006208026485 -0.466739137285  0.243633753879  0.003089395649  0.083857328041  0.003094359489 -0.109469233108 -0.026468888506  0.013816528662  0.000175200369  0.083857328041  0.000000000001
  0.568548387097  0.006325173910 -0.520359438252  0.208170287642  0.002539372496  0.075821615323  0.002543452594 -0.111534952183 -0.029509708645  0.011805386978  0.000144008424  0.075821615323  0.000000000001
  0.570564516129  0.007014273526 -0.661758830766 -0.159490511582 -0.000143409427  0.001462374228 -0.000143639848 -0.123686190051 -0.037528502133 -0.009044745194 -0.000008132783  0.001462374228 -0.000000000000
  0.572580645161  0.004747940520 -0.493902907785 -0.287991785712 -0.001323341449  0.015738186728 -0.001325467708 -0.083722807687 -0.028009352452 -0.016332083295 -0.000075047011  0.015738186728 -0.000000000000
  0.574596774194  0.004292964349 -0.504056104075 -0.597404906345 -0.003272630891  0.085989013456 -0.003277889141 -0.075699985517 -0.028585142649 -0.033878975633 -0.000185591683  0.085989013456 -0.000000000001
  0.576612903226  0.000082798558 -0.083326742856 -0.701594848473 -0.004145884587  0.085664017601 -0.004152545925 -0.001460028349 -0.004725479589 -0.039787612260 -0.000235114110  0.085664017601 -0.000000000001
  0.578629032258 -0.000891084610  0.026334071272 -0.683406573619 -0.003971210512  0.105587596875 -0.003977591194  0.015712940199  0.001493411504 -0.038756150827 -0.000225208301  0.105587596875 -0.000000000001
  0.580645161290 -0.004868634987  0.487259820885 -0.628271274623 -0.003775876033  0.074186210466 -0.003781942865  0.085851073543  0.027632621398 -0.035629414786 -0.000214130836  0.074186210466 -0.000000000001
  0.582661290323 -0.004850233960  0.543236955329 -0.186858441677 -0.001250991611  0.032467750999 -0.001253001623  0.085526599032  0.030807098130 -0.010596787079 -0.000070944035  0.032467750999 -0.000000000000
  0.584677419355 -0.005978292432  0.701088361572 -0.031908190022 -0.000413345678  0.006513777882 -0.000414009815  0.105418217749  0.039758889266 -0.001809521114 -0.000023440933  0.006513777882 -0.000000000000
  0.586693548387 -0.004200368923  0.558603066204  0.559218996237  0.002823142211  0.072252510041  0.002827678252  0.074067204107  0.031678513965  0.031713443504  0.000160101072  0.072252510041  0.000000000001
  0.588709677419 -0.001838300291  0.278650647713  0.559644145211  0.002892234809  0.075435278856  0.002896881864  0.032415667616  0.015802345116  0.031737553807  0.000164019330  0.075435278856  0.000000000001
  0.590725806452  0.000368805335  0.045194066487  0.864770375309  0.004540344857  0.113827956643  0.004547639988 -0.006503328757  0.002562966358  0.049041335553  0.000257484047  0.113827956643  0.000000000001
  0.592741935484  0.004090884221 -0.435228869318  0.561158921429  0.003025418809  0.063072188193  0.003030279854 -0.072136605642 -0.024681933646  0.031823457129  0.000171572227  0.063072188193  0.000000000001
  0.594758064516  0.004271090261 -0.473148441199  0.402151207241  0.002186369193  0.055895358186  0.002189882109 -0.075314268794 -0.026832361671  0.022806091490  0.000123989522  0.055895358186  0.000000000001
  0.596774193548  0.006444855569 -0.776368230932 -0.017321557326  0.000026740532  0.018239709808  0.000026783497 -0.113645358683 -0.044028028726 -0.000982309674  0.000001516462  0.018239709808  0.000000000000
  0.598790322581  0.003571101119 -0.470058109679 -0.414909892596 -0.002113808197  0.046139181113 -0.002117204527 -0.062971010475 -0.026657108229 -0.023529639599 -0.000119874570  0.046139181113 -0.000000000000
  0.600806451613  0.003164754258 -0.435457220748 -0.571546523700 -0.002954146407  0.088469546707 -0.002958892937 -0.055805693233 -0.024694883510 -0.032412540548 -0.000167530352  0.088469546707 -0.000000000001
  0.602822580645 -0.001032719016  0.036706585044 -0.844360471396 -0.004467093866  0.101139331823 -0.004474271301  0.018210450443  0.002081639247 -0.047883885003 -0.000253329965  0.101139331823 -0.000000000001
  0.604838709677 -0.002612366655  0.253222203269 -0.539766509103 -0.002893648448  0.078975815916 -0.002898297774  0.046065166604  0.014360291929 -0.030610288293 -0.000164099498  0.078975815916 -0.000000000001
  0.606854838710 -0.005009080964  0.532160827056 -0.538232660747 -0.002927932551  0.066303035304 -0.002932636962  0.088327627628  0.030178968236 -0.030523303381 -0.000166043758  0.066303035304 -0.000000000001
  0.608870967742 -0.005726434922  0.670633870970  0.047582639271  0.000184988747  0.004687841328  0.000185285975  0.100977088415  0.038031807794  0.002698422892  0.000010490756  0.004687841328  0.000000000000
  0.610887096774 -0.004471552877  0.533873114778  0.175844310600  0.000893362351  0.020408094639  0.000894797748  0.078849126275  0.030276072485  0.009972173063  0.000050662793  0.020408094639  0.000000000000
  0.612903225806 -0.003754029317  0.494003149592  0.638259003490  0.003409189667  0.091553749895  0.003414667331  0.066196674798  0.028015037188  0.036195821287  0.000193335964  0.091553749895  0.000000000001
  0.614919354839  0.000265422144  0.035241344684  0.657469263619  0.003578940803  0.080950330208  0.003584691212 -0.004680321292  0.001998545117  0.037285239753  0.000202962592  0.080950330208  0.000000000001
  0.616935483871  0.001155491377 -0.061135559129  0.698981828528  0.003836270203  0.109501078102  0.003842434073 -0.020375356843 -0.003467012233  0.039639427272  0.000217555804  0.109501078102  0.000000000001
  0.618951612903  0.005183706290 -0.527835094756  0.537188621460  0.003011097497  0.066348512552  0.003015935533 -0.091406883269 -0.029933654918  0.030464095665  0.000170760062  0.066348512552  0.000000000001
  0.620967741935  0.004583348431 -0.492378228185  0.176864146881  0.001027120267  0.044352991663  0.001028770577 -0.080820473136 -0.027922887507  0.010030008224  0.000058248237  0.044352991663  0.000000000000
  0.622983870968  0.006199870874 -0.685794026018 -0.013752938014 -0.000011899689  0.006369166336 -0.000011918809 -0.109325421136 -0.038891543825 -0.000779932416 -0.000000674834  0.006369166336 -0.000000000000
  0.625000000000  0.003756604206 -0.460452368732 -0.498725641905 -0.002753285097  0.053120471265 -0.002757708896 -0.066242079094 -0.026112364354 -0.028282850859 -0.000156139459  0.053120471265 -0.000000000001
  0.627016129032  0.002511233916 -0.321447173309 -0.495184456969 -0.002762432922  0.074168799594 -0.002766871419 -0.044281842483 -0.018229346355 -0.028082029414 -0.000156658234  0.074168799594 -0.000000000001
  0.629032258065 -0.000360617535 -0.039286296685 -0.803887676692 -0.004555840535  0.110893672370 -0.004563160563  0.006358949190 -0.002227935316 -0.045588663100 -0.000258362810  0.110893672370 -0.000000000001
  0.631048387097 -0.003007642192  0.272011292365 -0.518562609801 -0.002983544049  0.081391510580 -0.002988337814  0.053035257667  0.015425825680 -0.029407810074 -0.000169197499  0.081391510580 -0.000000000001
  0.633064516129 -0.004199383132  0.395342307574 -0.531697919753 -0.003087155947  0.090445928385 -0.003092116188  0.074049821164  0.022419957156 -0.030152716652 -0.000175073355  0.090445928385 -0.000000000001
  0.635080645161 -0.006278718542  0.653931821616 -0.095621482133 -0.000613895995  0.021694355099 -0.000614882363  0.110715781464  0.037084630566 -0.005422717207 -0.000034814189  0.021694355099 -0.000000000000
  0.637096774194 -0.004608327741  0.491721707875  0.088122647734  0.000463796373  0.011168124989  0.000464541571  0.081260945785  0.027885656082  0.004997456505  0.000026302004  0.011168124989  0.000000000000
  0.639112903226 -0.005120982248  0.573144313827  0.416802257792  0.002374466987  0.060692350783  0.002378282126  0.090300838879  0.032503151608  0.023636956082  0.000134656593  0.060692350783  0.000000000001
  0.641129032258 -0.001228318503  0.184531734897  0.602580987995  0.003513401271  0.068744373763  0.003519046376  0.021659553938  0.010464838981  0.034172512466  0.000199245829  0.068744373763  0.000000000001
  0.643145161290 -0.000632331060  0.123824080639  0.618858747933  0.003633523765  0.106062475013  0.003639361874  0.011150209559  0.007022093334  0.035095628139  0.000206058005  0.106062475013  0.000000000001
  0.645161290323  0.003436356467 -0.286254097606  0.676830042598  0.004035653604  0.095786661433  0.004042137830 -0.060594990699 -0.016233538582  0.038383194175  0.000228862885  0.095786661433  0.000000000001
  0.647177419355  0.003892256113 -0.360092897634  0.361491338228  0.002186788781  0.081802809647  0.002190302370 -0.068634096967 -0.020420954658  0.020500260561  0.000124013317  0.081802809647  0.000000000001
  0.649193548387  0.006005179684 -0.575300131116  0.307146454642  0.001894063093  0.056420921319  0.001897106350 -0.105892334108 -0.032625408523  0.017418349167  0.000107412773  0.056420921319  0.000000000000
  0.651209677419  0.005423370643 -0.558217478634 -0.171339828349 -0.000974104666  0.002799273448 -0.000975669794 -0.095633004550 -0.031656647202 -0.009716722789 -0.000055241709  0.002799273448 -0.000000000000
  0.653225806452  0.004631615193 -0.480323418894 -0.217419873072 -0.001264882866  0.017975926069 -0.001266915197 -0.081671585064 -0.027239256377 -0.012329933189 -0.000071731811  0.017975926069 -0.000000000000
  0.655241935484  0.003194511258 -0.372761467597 -0.616331145193 -0.003702455925  0.081087371047 -0.003708404790 -0.056330413280 -0.021139392302 -0.034952287178 -0.000209967164  0.081087371047 -0.000000000001
  0.657258064516  0.000158492813 -0.065788201691 -0.539631657825 -0.003283400673  0.075665414981 -0.003288676227 -0.002794782973 -0.003730864710 -0.030602640843 -0.000186202440  0.075665414981 -0.000000000001
  0.659274193548 -0.001017783773  0.035555468779 -0.685067322036 -0.004199806473  0.118647371521 -0.004206554448  0.017947089854  0.002016359168 -0.038850332267 -0.000238172033  0.118647371521 -0.000000000001
  0.661290322581 -0.004591107582  0.400857390536 -0.471358875752 -0.002941581934  0.079302040219 -0.002946308276  0.080957294140  0.022732718833 -0.026730874986 -0.000166817818  0.079302040219 -0.000000000001
  0.663306451613 -0.004284120400  0.380687158231 -0.341609696868 -0.002150836644  0.088735628326 -0.002154292468  0.075544035745  0.021588860119 -0.019372767906 -0.000121974462  0.088735628326 -0.000000000001
  0.665322580645 -0.006717727311  0.633930072402 -0.092375083650 -0.000639462208  0.028135617814 -0.000640489654  0.118457042461  0.035950326566 -0.005238613169 -0.000036264055  0.028135617814 -0.000000000000
  0.667338709677 -0.004490023459  0.444846009305  0.196725392050  0.001180105631  0.010735087140  0.001182001747  0.079174827264  0.025227323965  0.011156344202  0.000066924074  0.010735087140  0.000000000000
  0.669354838710 -0.005024146310  0.504843445914  0.329302866848  0.002009030658  0.044252180888  0.002012258638  0.088593282410  0.028629792994  0.018674844619  0.000113932611  0.044252180888  0.000000000000
  0.671370967742 -0.001593018082  0.205397396180  0.611643325936  0.003824779119  0.069686885438  0.003830924525  0.028090483855  0.011648135641  0.034686439824  0.000216904142  0.069686885438  0.000000000001
  0.673387096774 -0.000607812775  0.104131646295  0.521180376177  0.003280221073  0.092472172437  0.003285491519  0.010717866370  0.005905330656  0.029556264231  0.000186022124  0.092472172437  0.000000000001
  0.675403225806  0.002505526083 -0.171176665517  0.678278865824  0.004319385794  0.108484596188  0.004326325902 -0.044181193424 -0.009707469786  0.038465357287  0.000244953405  0.108484596188  0.000000000001
  0.677419354839  0.003945620434 -0.330794587984  0.370536254139  0.002394805170  0.086761637246  0.002398652987 -0.069575096705 -0.018759440484  0.021013199913  0.000135809976  0.086761637246  0.000000000001
  0.679435483871  0.005235706702 -0.446085223599  0.383823482470  0.002501879689  0.087523958931  0.002505899546 -0.092323832516 -0.025297600102  0.021766721820  0.000141882198  0.087523958931  0.000000000001
  0.681451612903  0.006142318412 -0.562860804458 -0.023408254759 -0.000088742698  0.029223829442 -0.000088885284 -0.108310569820 -0.031919971324 -0.001327487743 -0.000005032620  0.029223829442 -0.000000000000
  0.683467741935  0.004912380381 -0.453735448844 -0.086266019287 -0.000505853065  0.022288254336 -0.000506665837 -0.086622457923 -0.025731446214 -0.004892166660 -0.000028687049  0.022288254336 -0.000000000000
  0.685483870968  0.004955542477 -0.485354185911 -0.424092236098 -0.002688690277  0.048964648720 -0.002693010290 -0.087383556724 -0.027524552382 -0.024050372500 -0.000152476271  0.048964648720 -0.000000000001
  0.687500000000  0.001654631828 -0.190370625415 -0.469053862763 -0.003023260124  0.049267376004 -0.003028117702 -0.029176949819 -0.010795963863 -0.026600157144 -0.000171449807  0.049267376004 -0.000000000001
  0.689516129032  0.001261944643 -0.166106532034 -0.601175813309 -0.003897707853  0.105926533504 -0.003903970437 -0.022252500468 -0.009419941303 -0.034092824670 -0.000221039948  0.105926533504 -0.000000000001
  0.691532258065 -0.002772342562  0.195737289854 -0.572370426860 -0.003764282091  0.088672977700 -0.003770330295  0.048886101716  0.011100308688 -0.032459264293 -0.000213473341  0.088672977700 -0.000000000001
  0.693548387097 -0.002789482759  0.206367973230 -0.456375163395 -0.003017854449  0.111753652687 -0.003022703341  0.049188343378  0.011703177296 -0.025881145059 -0.000171143250  0.111753652687 -0.000000000001
  0.695564516129 -0.005997482775  0.495181255239 -0.368408858906 -0.002482546662  0.077078296354 -0.002486535456  0.105756610671  0.028081847840 -0.020892554819 -0.000140785817  0.077078296354 -0.000000000001
  0.697580645161 -0.005020599078  0.433594266523 -0.066814791451 -0.000491829433  0.063318909020 -0.000492619672  0.088530732286  0.024589234930 -0.003789082862 -0.000027891765  0.063318909020 -0.000000000000
  0.699596774194 -0.006327409997  0.551888524870  0.008736658904 -0.000007046377  0.023464481597 -0.000007057698  0.111574382237  0.031297730713  0.000495458022 -0.000000399602  0.023464481597 -0.000000000000
  0.701612903226 -0.004364116709  0.410290061946  0.366854057049  0.002390351397  0.015507358941  0.002394192058  0.076954650634  0.023267647896  0.020804381629  0.000135557401  0.015507358941  0.000000000001
  0.703629032258 -0.003585070271  0.339551426443  0.347852921978  0.002279036540  0.041930104706  0.002282698347  0.063217335523  0.019256042896  0.019726822699  0.000129244709  0.041930104706  0.000000000001
  0.705645161290 -0.001328541770  0.168744270594  0.630144037155  0.004194819097  0.086956440284  0.004201559059  0.023426840875  0.009569528091  0.035735619598  0.000237889198  0.086956440284  0.000000000001
  0.707661290323  0.000878015310 -0.034006228598  0.474718054159  0.003189228195  0.084207278087  0.003194352439 -0.015482482696 -0.001928501386  0.026921374798  0.000180861896  0.084207278087  0.000000000001
  0.709677419355  0.002374051830 -0.150236288946  0.601181268304  0.004063775441  0.118191102751  0.004070304851 -0.041862842218 -0.008519936005  0.034093134025  0.000230457681  0.118191102751  0.000000000001
  0.711693548387  0.004923409986 -0.388473827005  0.335709361989  0.002315673997  0.081397842506  0.002319394671 -0.086816948467 -0.022030443973  0.019038158500  0.000131322428  0.081397842506  0.000000000001
  0.713709677419  0.004767754435 -0.376589536726  0.302703219863  0.002097988809  0.096436281306  0.002101359720 -0.084072196358 -0.021356483019  0.017166372256  0.000118977449  0.096436281306  0.000000000000
  0.715725806452  0.006691893707 -0.561680767948  0.014235273705  0.000176262482  0.034594488889  0.000176545689 -0.118001505618 -0.031853051169  0.000807285791  0.000009995888  0.034594488889  0.000000000000
  0.717741935484  0.004608686249 -0.396461394215 -0.118820831472 -0.000747572288  0.033767223284 -0.000748773438 -0.081267267554 -0.022483420828 -0.006738357873 -0.000042395004  0.033767223284 -0.000000000000
  0.719758064516  0.005460151644 -0.483474731992 -0.319801463925 -0.002098217247  0.033412518185 -0.002101588526 -0.096281582331 -0.027417968099 -0.018136017778 -0.000118990404  0.033412518185 -0.000000000000
  0.721774193548  0.001958714634 -0.203011752240 -0.469038885424 -0.003158265327  0.039670868123 -0.003163339822 -0.034538993883 -0.011512845199 -0.026599307775 -0.000179105985  0.039670868123 -0.000000000001
  0.723790322581  0.001911875461 -0.200956253258 -0.496344845864 -0.003344016969  0.089422503591 -0.003349389917 -0.033713055342 -0.011396277358 -0.028147835344 -0.000189640005  0.089422503591 -0.000000000001
  0.725806451613 -0.001891792317  0.106795019728 -0.596175150805 -0.004080682992  0.090041934496 -0.004087239568  0.033358919247  0.006056371201 -0.033809235901 -0.000231416512  0.090041934496 -0.000000000001
  0.727822580645 -0.002246135509  0.150648870479 -0.424360657020 -0.002919842513  0.105337938648 -0.002924533925  0.039607229806  0.008543333604 -0.024065594718 -0.000165584970  0.105337938648 -0.000000000001
  0.729838709677 -0.005063036685  0.381913454422 -0.454987058385 -0.003181337631  0.095099458186 -0.003186449197  0.089279055820  0.021658403669 -0.025802425292 -0.000180414421  0.095099458186 -0.000000000001
  0.731854838710 -0.005098108409  0.412635664717 -0.130215067497 -0.000991744869  0.071123199364 -0.000993338340  0.089897493059  0.023400667590 -0.007384527734 -0.000056242090  0.071123199364 -0.000000000000
  0.733870967742 -0.005964156966  0.486785603742 -0.120537725226 -0.000959570819  0.054133970400 -0.000961112595  0.105168960014  0.027605728430 -0.006835723331 -0.000054417491  0.054133970400 -0.000000000000
  0.735887096774 -0.005384461698  0.471889894434  0.255915478106  0.001552959773  0.000257208483  0.001555454967  0.094946903685  0.026760989181  0.014513028189  0.000088068721  0.000257208483  0.000000000000
  0.737903225806 -0.004026943477  0.359848605616  0.247471978625  0.001502190397  0.010875922813  0.001504604018  0.071009106557  0.020407100798  0.014034195307  0.000085189578  0.010875922813  0.000000000000
  0.739919354839 -0.003065025772  0.306611625627  0.553841711542  0.003498961854  0.074009065023  0.003504583758  0.054047130990  0.017388018886  0.031408496397  0.000198426967  0.074009065023  0.000000000001
  0.741935483871 -0.000014562956  0.040043043811  0.470198263220  0.003022829695  0.063173829346  0.003027686581  0.000256795880  0.002270850627  0.026665056368  0.000171425398  0.063173829346  0.000000000001
  0.743951612903  0.000615786787 -0.004453066526  0.603123708330  0.003831790932  0.110615782831  0.003837947604 -0.010858476121 -0.000252534470  0.034203290265  0.000217301784  0.110615782831  0.000000000001
  0.745967741935  0.004190339078 -0.342378739118  0.420417898236  0.002849130308  0.066843965278  0.002853708105 -0.073890342833 -0.019416380475  0.023841999923  0.000161574864  0.066843965278  0.000000000001
  0.747983870968  0.003576855966 -0.305236817022  0.327522432828  0.002215585432  0.079599070818  0.002219145290 -0.063072488580 -0.017310053158  0.018573875780  0.000125646382  0.079599070818  0.000000000001
  0.750000000000  0.006262984639 -0.599167358073  0.084836042072  0.001059227570  0.010267869424  0.001060929468 -0.110438337704 -0.033978924693  0.004811072311  0.000060069050  0.010267869424  0.000000000000
  0.752016129032  0.003784656376 -0.403983200686 -0.210097941463 -0.000702736940  0.010340151145 -0.000703866052 -0.066736737036 -0.022909984279 -0.011914704689 -0.000039852381  0.010340151145 -0.000000000000
  0.754032258065  0.004506841113 -0.525569928997 -0.371929729929 -0.001244910569  0.057567117310 -0.001246910811 -0.079471381378 -0.029805196825 -0.021092224256 -0.000070599177  0.057567117310 -0.000000000000
  0.756048387097  0.000581359250 -0.130359950242 -0.740431997711 -0.003209168754  0.071806878404 -0.003214325037 -0.010251398145 -0.007392744071 -0.041990076315 -0.000181992730  0.071806878404 -0.000000000001
  0.758064516129 -0.000585451788  0.040766791485 -0.497962005948 -0.002039097186  0.013663703783 -0.002042373475  0.010323563915  0.002311894530 -0.028239544882 -0.000115637691  0.013663703783 -0.000000000000
  0.760080645161 -0.003259408036  0.489666458773 -0.667751932558 -0.002826409498  0.004158594200 -0.002830950789  0.057474770593  0.027769102408 -0.037868372376 -0.000160286361  0.004158594200 -0.000000000001
  0.762096774194 -0.004065652884  0.946333216163  0.621521677936  0.000506476604  0.000944327893  0.000507290378  0.071691688868  0.053666783837  0.035246643535  0.000028722410  0.000944327893  0.000000000000
  0.764112903226  0.000773628905 -0.216594408326  0.711635059545  0.001273167626  0.000422482188  0.001275213269 -0.013641785051 -0.012283120883  0.040356995042  0.000072201642  0.000422482188  0.000000000000
  0.766129032258  0.000235456559 -0.286519471734 -0.195538736682 -0.000016756811  0.000950727813 -0.000016783735 -0.004151923160 -0.016248588016 -0.011089048692 -0.000000950283  0.000950727813 -0.000000000000
  0.768145161290  0.000053467154  0.037544403226 -0.033168604992  0.000040900661  0.000421174308  0.000040966378 -0.000942813042  0.002129152120 -0.001880999552  0.000002319486  0.000421174308  0.000000000000
  0.770161290323 -0.000023920632 -0.005889925533  0.006294111951 -0.000020790526  0.000504578728 -0.000020823931  0.000421804460 -0.000334019093  0.000356940597 -0.000001179036  0.000504578728 -0.000000000000
  0.772177419355  0.000053829512  0.008509731080 -0.000056298426  0.000020416137  0.000554893866  0.000020448940 -0.000949202696  0.000482588889 -0.000003192696  0.000001157804  0.000554893866 -0.000000000000
  0.774193548387 -0.000023846581 -0.002975077677 -0.004126916893  0.000009947750  0.000064628699  0.000009963733  0.000420498678 -0.000168717370 -0.000234038445  0.000000564139  0.000064628699 -0.000000000000
  0.776209677419  0.000028568878  0.002408810442 -0.000395665138  0.000013331183  0.000684332486  0.000013352603 -0.000503769304  0.000136604218 -0.000022438263  0.000000756015  0.000684332486 -0.000000000000
  0.778225806452 -0.000031417684 -0.002497925382 -0.003944865294  0.000017375715  0.000259410312  0.000017403633  0.000554003729 -0.000141657947 -0.000223714255  0.000000985381  0.000259410312 -0.000000000000
  0.780241935484  0.000003659230  0.000188869371 -0.000354385991  0.000004378056  0.000751404148  0.000004385091 -0.000064525024  0.000010710828 -0.000020097313  0.000000248281  0.000751404148 -0.000000000000
  0.782258064516 -0.000038746404 -0.002240315645 -0.002885799558  0.000015819315  0.000463921950  0.000015844732  0.000683234709 -0.000127048836 -0.000163654384  0.000000897117  0.000463921950 -0.000000000000
  0.784274193548 -0.000014687621 -0.000685389859  0.000030007245 -0.000004753009  0.000743083913 -0.000004760646  0.000258994177 -0.000038868622  0.000001701719 -0.000000269544  0.000743083913 -0.000000000000
  0.786290322581 -0.000042543952 -0.001976836624 -0.001876921632  0.000011169867  0.000566436915  0.000011187814  0.000750198777 -0.000112106878 -0.000106440675  0.000000633446  0.000566436915 -0.000000000000
  0.788306451613 -0.000026266921 -0.001014971367  0.000526881082 -0.000013053863  0.000664929463 -0.000013074837  0.000463177746 -0.000057559268  0.000029879553 -0.000000740288  0.000664929463  0.000000000000
  0.790322580645 -0.000042072866 -0.001682389647 -0.001052829827  0.000005781318  0.000588658321  0.000005790607  0.000741891889 -0.000095408719 -0.000059706232  0.000000327860  0.000588658321  0.000000000000
  0.792338709677 -0.000032071243 -0.001090014437  0.001002547525 -0.000020099076  0.000529989091 -0.000020131370  0.000565528261 -0.000061814979  0.000056854711 -0.000001139823  0.000529989091  0.000000000000
  0.794354838710 -0.000037647819 -0.001355025059 -0.000423216842  0.000000653166  0.000551154594  0.000000654216  0.000663862812 -0.000076843795 -0.000024000729  0.000000037041  0.000551154594  0.000000000000
  0.796370967742 -0.000033329403 -0.001030437414  0.001393498969 -0.000025721525  0.000353217807 -0.000025762853  0.000587714021 -0.000058436352  0.000079025660 -0.000001458674  0.000353217807  0.000000000000
  0.798387096774 -0.000030007594 -0.000997992635  0.000034810665 -0.000003768375  0.000471586828 -0.000003774430  0.000529138905 -0.000056596401  0.000001974120 -0.000000213705  0.000471586828  0.000000000000
  0.800403225806 -0.000031205969 -0.000892925777  0.001678755503 -0.000029857678  0.000149051477 -0.000029905651  0.000550270456 -0.000050638034  0.000095202626 -0.000001693236  0.000149051477  0.000000000000
  0.802419354839 -0.000019998933 -0.000617800363  0.000352101796 -0.000007274973  0.000364629756 -0.000007286662  0.000352651190 -0.000035035606  0.000019967776 -0.000000412565  0.000364629756  0.000000000000
  0.804435483871 -0.000026700901 -0.000708824142  0.001857658054 -0.000032486879  0.000069307130 -0.000032539077  0.000470830328 -0.000040197587  0.000105348233 -0.000001842339  0.000069307130  0.000000000000
  0.806451612903 -0.000008439185 -0.000223784866  0.000556585861 -0.000009769858  0.000242536895 -0.000009785556  0.000148812375 -0.000012690893  0.000031564117 -0.000000554051  0.000242536895  0.000000000000
  0.808467741935 -0.000020645070 -0.000498868513  0.001936690185 -0.000033615652  0.000289920157 -0.000033669664  0.000364044833 -0.000028290953  0.000109830164 -0.000001906352  0.000289920157  0.000000000000
  0.810483870968  0.000003924119  0.000172445954  0.000669774586 -0.000011220112  0.000115741772 -0.000011238139 -0.000069195951  0.000009779452  0.000037983076 -0.000000636295  0.000115741772  0.000000000000
  0.812500000000 -0.000013732261 -0.000279193575  0.001923886480 -0.000033280135  0.000502018354 -0.000033333607  0.000242147828 -0.000015833135  0.000109104063 -0.000001887324  0.000502018354  0.000000000000
  0.814516129032  0.000016415067  0.000557791081  0.000707357552 -0.000011640814  0.000006745629 -0.000011659517 -0.000289455080  0.000031632466  0.000040114415 -0.000000660153  0.000006745629  0.000000000000
  0.816532258065 -0.000006553215 -0.000063707498  0.001827479135 -0.000031552838  0.000695985867 -0.000031603535  0.000115556104 -0.000003612868  0.000103636779 -0.000001789369  0.000695985867  0.000000000000
  0.818548387097  0.000028423911  0.000918558108  0.000681253863 -0.000011090424  0.000117174607 -0.000011108244 -0.000501213038  0.000052091650  0.000038634069 -0.000000628941  0.000117174607  0.000000000000
  0.820564516129  0.000000381932  0.000135156360  0.001656204037 -0.000028547607  0.000863456662 -0.000028593475 -0.000006734808  0.000007664749  0.000093923727 -0.000001618942  0.000863456662  0.000000000000
  0.822580645161  0.000039406210  0.001241386235  0.000601642737 -0.000009668506  0.000209062110 -0.000009684041 -0.000694869396  0.000070399311  0.000034119303 -0.000000548303  0.000209062110  0.000000000000
  0.824596774194  0.000006634340  0.000306426044  0.001419911735 -0.000024420675  0.000997484567 -0.000024459912 -0.000116986640  0.000017377494  0.000080523534 -0.000001384902  0.000997484567  0.000000000000
  0.826612903226  0.000048888283  0.001514109546  0.000478414000 -0.000007512280  0.000277296149 -0.000007524350 -0.000862071542  0.000085865515  0.000027130972 -0.000000426023  0.000277296149  0.000000000000
  0.828629032258  0.000011836943  0.000440885314  0.001129953402 -0.000019367606  0.001092734614 -0.000019398725 -0.000208726742  0.000025002711  0.000064079928 -0.000001098342  0.001092734614  0.000000000000
  0.830645161290  0.000056476845  0.001726502650  0.000321962958 -0.000004790970  0.000318266846 -0.000004798668 -0.000995884445  0.000097910378  0.000018258596 -0.000000271697  0.000318266846  0.000000000000
  0.832661290323  0.000015700304  0.000531449565  0.000799220668 -0.000013616721  0.001145650392 -0.000013638600 -0.000276851322  0.000030138631  0.000045323995 -0.000000772208  0.001145650392  0.000000000000
  0.834677419355  0.000061869833  0.001870870822  0.000143441486 -0.000001697961  0.000329975665 -0.000001700689 -0.001090981695  0.000106097532  0.000008134601 -0.000000096292  0.000329975665  0.000000000000
  0.836693548387  0.000018020035  0.000573499897  0.000441880518 -0.000007419877  0.001154565055 -0.000007431799 -0.000317756296  0.000032523316  0.000025059150 -0.000000420783  0.001154565055  0.000000000000
  0.838709677419  0.000064865886  0.001942463211 -0.000045380021  0.000001558712  0.000312090722  0.000001561216 -0.001143812588  0.000110157554 -0.000002573512  0.000000088395  0.000312090722  0.000000000000
  0.840725806452  0.000018682980  0.000565108862  0.000072893477 -0.000001041530  0.001119736420 -0.000001043204 -0.000329446332  0.000032047458  0.000004133807 -0.000000059065  0.001119736420 -0.000000000000
  0.842741935484  0.000065370627  0.001939700773 -0.000232497863  0.000004766876  0.000265930568  0.000004774535 -0.001152712951  0.000110000895 -0.000013185009  0.000000270331  0.000265930568 -0.000000000000
  0.844758064516  0.000017670348  0.000507125685 -0.000292595154  0.000005253010  0.001043297482  0.000005261450 -0.000311590080  0.000028759218 -0.000016593141  0.000000297899  0.001043297482 -0.000000000000
  0.846774193548  0.000063398656  0.001864221140 -0.000406192917  0.000007721008  0.000194370056  0.000007733413 -0.001117940186  0.000105720427 -0.000023035297  0.000000437860  0.000194370056 -0.000000000000
  0.848790322581  0.000015056793  0.000403110875 -0.000639914051  0.000011209350  0.000929122335  0.000011227360 -0.000265503973  0.000022860513 -0.000036289679  0.000000635685  0.000929122335 -0.000000000000
  0.850806451613  0.000059070739  0.001720751108 -0.000555593693  0.000010232620  0.000101670437  0.000010249061 -0.001041623869  0.000097584207 -0.000031507851  0.000000580294  0.000101670437 -0.000000000000
  0.852822580645  0.000011005090  0.000259125020 -0.000955512939  0.000016595065  0.000782614144  0.000016621728 -0.000194058256  0.000014695041 -0.000054187367  0.000000941110  0.000782614144 -0.000000000000
  0.854838709677  0.000052606226  0.001516824490 -0.000671219535  0.000012139644  0.000006757905  0.000012159149 -0.000927631877  0.000086019480 -0.000038065020  0.000000688442  0.000006757905 -0.000000000000
  0.856854838710  0.000005756505  0.000083386977 -0.001227550429  0.000021209466  0.000610426830  0.000021243544 -0.000101507341  0.000004728895 -0.000069614678  0.000001202794  0.000610426830 -0.000000000000
  0.858870967742  0.000044311039  0.001262368632 -0.000745456763  0.000013314304  0.000124647154  0.000013335696 -0.000781358708  0.000071589227 -0.000042275031  0.000000755057  0.000124647154 -0.000000000000
  0.860887096774 -0.000000382628 -0.000114176015 -0.001446387253  0.000024891590  0.000420135635  0.000024931584  0.000006747064 -0.000006474950 -0.000082024967  0.000001411608  0.000420135635 -0.000000000000
  0.862903225806  0.000034561920  0.000969187264 -0.000772934729  0.000013669095  0.000245202313  0.000013691057 -0.000609447609  0.000054962842 -0.000043833313  0.000000775178  0.000245202313 -0.000000000000
  0.864919354839 -0.000007057431 -0.000322458918 -0.001604960165  0.000027526082  0.000219873984  0.000027570309  0.000124447200 -0.000018286723 -0.000091017675  0.000001561011  0.000219873984 -0.000000000000
  0.866935483871  0.000023787772  0.000650370325 -0.000750780450  0.000013160613  0.000361452404  0.000013181758 -0.000419461672  0.000036882657 -0.000042576938  0.000000746341  0.000361452404 -0.000000000000
  0.868951612903 -0.000013883175 -0.000529759816 -0.001699021227  0.000029046746  0.000017955143  0.000029093416  0.000244808970 -0.000030042806 -0.000096351900  0.000001647248  0.000017955143 -0.000000000000
  0.870967741935  0.000012449104  0.000319662935 -0.000678740443  0.000011791090  0.000466604464  0.000011810036 -0.000219521271  0.000018128162 -0.000038491532  0.000000668676  0.000466604464 -0.000000000000
  0.872983870968 -0.000020465170 -0.000724379731 -0.001727235754  0.000029437693  0.000177502775  0.000029484992  0.000360872577 -0.000041079748 -0.000097951953  0.000001669419  0.000177502775 -0.000000000000
  0.875000000000  0.000001016607 -0.000009174149 -0.000559167024  0.000009607639  0.000554382694  0.000009623076 -0.000017926340 -0.000000520268 -0.000031710495  0.000000544851  0.000554382694 -0.000000000000
  0.877016129032 -0.000026418803 -0.000895210368 -0.001691139949  0.000028732124  0.000358930845  0.000028778289  0.000465855957 -0.000050767594 -0.000095904951  0.000001629406  0.000358930845 -0.000000000000
  0.879032258065 -0.000010050077 -0.000322981591 -0.000396873949  0.000006699298  0.000619336406  0.000006710062  0.000177218033 -0.000018316363 -0.000022506816  0.000000379919  0.000619336406 -0.000000000000
  0.881048387097 -0.000031388742 -0.001032280784 -0.001594966231  0.000027008898  0.000519626483  0.000027052294  0.000553493377 -0.000058540890 -0.000090450917  0.000001531681  0.000519626483 -0.000000000000
  0.883064516129 -0.000020322401 -0.000609767634 -0.000198872851  0.000003192113  0.000657102586  0.000003197242  0.000358355063 -0.000034580068 -0.000011278126  0.000000181025  0.000657102586 -0.000000000000
  0.885080645161 -0.000035066373 -0.001127237242 -0.001445350247  0.000024387146  0.000654020257  0.000024426330  0.000618342893 -0.000063925893 -0.000081966159  0.000001383001  0.000654020257 -0.000000000000
  0.887096774194 -0.000029420870 -0.000859198744  0.000025992594 -0.000000757465  0.000664611572 -0.000000758682  0.000518792921 -0.000048725366  0.000001474047 -0.000000042956  0.000664611572 -0.000000000000
  0.889112903226 -0.000037204667 -0.001173734863 -0.001250938583  0.000021019266  0.000757881784  0.000021053038  0.000656048490 -0.000066562785 -0.000070941027  0.000001192008  0.000757881784 -0.000000000000
  0.891129032258 -0.000037030147 -0.001062994889  0.000267493535 -0.000004970478  0.000640227508 -0.000004978464  0.000652971106 -0.000060282694  0.000015169623 -0.000000281877  0.000640227508 -0.000000000000
  0.893145161290 -0.000037629820 -0.001167724811 -0.001021919913  0.000017082690  0.000828457502  0.000017110137  0.000663545431 -0.000066221953 -0.000057953323  0.000000968763  0.000828457502 -0.000000000000
  0.895161290323 -0.000042910711 -0.001215214983  0.000514519579 -0.000009254248  0.000583818630 -0.000009269117  0.000756666023 -0.000068915132  0.000029178529 -0.000000524811  0.000583818630 -0.000000000000
  0.897177419355 -0.000036249212 -0.001107626478 -0.000769504843  0.000012770872  0.000864536541  0.000012791392  0.000639200483 -0.000062813762 -0.000043638804  0.000000724239  0.000864536541  0.000000000000
  0.899193548387 -0.000046906656 -0.001312423919  0.000755613219 -0.000013411600  0.000496755962 -0.000013433149  0.000827128525 -0.000074427874  0.000042851007 -0.000000760575  0.000496755962  0.000000000000
  0.901209677419 -0.000033055383 -0.000994380049 -0.000505380845  0.000008283936  0.000866444447  0.000008297246  0.000582882093 -0.000056391530 -0.000028660269  0.000000469784  0.000866444447  0.000000000000
  0.903225806452 -0.000048949425 -0.001353738527  0.000979508749 -0.000017250078  0.000381842370 -0.000017277794  0.000863149689 -0.000076770836  0.000055548176 -0.000000978256  0.000381842370  0.000000000000
  0.905241935484 -0.000028125958 -0.000831380723 -0.000241168458  0.000003819430  0.000835967777  0.000003825567  0.000495959087 -0.000047147799 -0.000013676722  0.000000216601  0.000835967777  0.000000000000
  0.907258064516 -0.000049057450 -0.001340755580  0.001175650295 -0.000020590723  0.000243177083 -0.000020623807  0.000865054534 -0.000076034570  0.000066671410 -0.000001167705  0.000243177083  0.000000000000
  0.909274193548 -0.000021619635 -0.000624301452  0.000012096505 -0.000000436378  0.000776215635 -0.000000437079  0.000381229834 -0.000035404284  0.000000685995 -0.000000024747  0.000776215635  0.000000000000
  0.911290322581 -0.000047331883 -0.001277370274  0.001334665787 -0.000023276032  0.000085963511 -0.000023313430  0.000834626753 -0.000072439974  0.000075689216 -0.000001319989  0.000085963511  0.000000000000
  0.913306451613 -0.000013768508 -0.000380815992  0.000244432682 -0.000004316313  0.000691426686 -0.000004323248  0.000242786988 -0.000021596166  0.000013861835 -0.000000244779  0.000691426686  0.000000000000
  0.915322580645 -0.000043948760 -0.001169498255  0.001448776958 -0.000025176748  0.000083729604 -0.000025217200  0.000774970463 -0.000066322526  0.000082160488 -0.000001427779  0.000083729604  0.000000000000
  0.917338709677 -0.000004867191 -0.000110238296  0.000447316415 -0.000007678883  0.000586732145 -0.000007691221  0.000085825612 -0.000006251640  0.000025367420 -0.000000435471  0.000586732145  0.000000000000
  0.919354838710 -0.000039148072 -0.001024717961  0.001512129650 -0.000026197234  0.000259242129 -0.000026239326  0.000690317529 -0.000058112001  0.000085753234 -0.000001485651  0.000259242129  0.000000000000
  0.921370967742  0.000004740709  0.000176902559  0.000614004590 -0.000010413410  0.000467886516 -0.000010430142 -0.000083595288  0.000010032187  0.000034820346 -0.000000590547  0.000467886516  0.000000000000
  0.923387096774 -0.000033220344 -0.000851852750  0.001521033679 -0.000026279234  0.000433619137 -0.000026321457  0.000585790934 -0.000048308774  0.000086258184 -0.000001490302  0.000433619137  0.000000000000
  0.925403225806  0.000014678100  0.000469330601  0.000739768233 -0.000012443549  0.000340978382 -0.000012463542 -0.000258826264  0.000026615851  0.000041952433 -0.000000705677  0.000340978382  0.000000000000
  0.927419354839 -0.000026491392 -0.000660513787  0.001474106955 -0.000025403908  0.000599917657 -0.000025444725  0.000467135953 -0.000037457895  0.000083596958 -0.000001440662  0.000599917657  0.000000000000
  0.929435483871  0.000024551198  0.000755512202  0.000822033391 -0.000013729090  0.000212133386 -0.000013751149 -0.000432923544  0.000042845278  0.000046617710 -0.000000778580  0.000212133386  0.000000000000
  0.931451612903 -0.000019305946 -0.000460624929  0.001372324413 -0.000023592146  0.000751511756 -0.000023630053  0.000340431399 -0.000026122151  0.000077824846 -0.000001337916  0.000751511756  0.000000000000
  0.933467741935  0.000033966898  0.001024144632  0.000860431179 -0.000014266077  0.000087220706 -0.000014288999 -0.000598955295  0.000058079487  0.000048795258 -0.000000809033  0.000087220706  0.000000000000
  0.935483870968 -0.000012010837 -0.000261949897  0.001218978104 -0.000020903193  0.000882385513 -0.000020936779  0.000211793090 -0.000014855242  0.000069128540 -0.000001185425  0.000882385513  0.000000000000
  0.937500000000  0.000042550045  0.001264624097  0.000856763571 -0.000014085281  0.000028427012 -0.000014107912 -0.000750306213  0.000071717135  0.000048587267 -0.000000798780  0.000028427012  0.000000000000
  0.939516129032 -0.000004938373 -0.000073639843  0.001019560326 -0.000017431727  0.000987405368 -0.000017459735  0.000087080790 -0.000004176134  0.000057819510 -0.000000988557  0.000987405368  0.000000000000
  0.941532258065  0.000049960021  0.001467476855  0.000814894806 -0.000013249184  0.000130271820 -0.000013270472 -0.000880970028  0.000083220964  0.000046212879 -0.000000751364  0.000130271820  0.000000000000
  0.943548387097  0.000001609516  0.000096183783  0.000781586232 -0.000013303571  0.001062565539 -0.000013324947 -0.000028381411  0.000005454604  0.000044323942 -0.000000754449  0.001062565539  0.000000000000
  0.945564516129  0.000055906168  0.001624742038  0.000740578755 -0.000011847656  0.000214799348 -0.000011866692 -0.000985821415  0.000092139510  0.000041998398 -0.000000671883  0.000214799348  0.000000000000
  0.947580645161  0.000007375894  0.000240800019  0.000514374930 -0.000008670263  0.001105202010 -0.000008684194 -0.000130062843  0.000013655826  0.000029170325 -0.000000491693  0.001105202010  0.000000000000
  0.949596774194  0.000060161682  0.001730301792  0.000641227947 -0.000009992522  0.000279710665 -0.000010008577 -0.001060861017  0.000098125829  0.000036364190 -0.000000566678  0.000279710665  0.000000000000
  0.951612903226  0.000012161781  0.000355205610  0.000228806955 -0.000003702684  0.001114171154 -0.000003708633 -0.000214454776  0.000020143794  0.000012975697 -0.000000209980  0.001114171154  0.000000000000
  0.953629032258  0.000062575728  0.001780163173  0.000525616976 -0.000007811244  0.000324065966 -0.000007823794 -0.001103429092  0.000100953480  0.000029807865 -0.000000442977  0.000324065966  0.000000000000
  0.955645161290  0.000015837012  0.000436373548 -0.000062932071  0.000001416045  0.001089986550  0.000001418320 -0.000279261965  0.000024746847 -0.000003568893  0.000000080304  0.001089986550  0.000000000000
  0.957661290323  0.000063083554  0.001772706561  0.000403487296 -0.000005439912  0.000348360528 -0.000005448652 -0.001112383848  0.000100530613  0.000022881861 -0.000000308499  0.000348360528 -0.000000000000
  0.959677419355  0.000018348377  0.000483445572 -0.000347631581  0.000006498318  0.001034899794  0.000006508759 -0.000323546113  0.000027416313 -0.000019714270  0.000000368521  0.001034899794 -0.000000000000
  0.961693548387  0.000061714240  0.001708924802  0.000284979178 -0.000003015717  0.000354498267 -0.000003020563 -0.001088238040  0.000096913535  0.000016161238 -0.000000171022  0.000354498267 -0.000000000000
  0.963709677419  0.000019723917  0.000497839881 -0.000611408843  0.000011360474  0.000952895256  0.000011378727 -0.000347801703  0.000028232618 -0.000034673142  0.000000644255  0.000952895256 -0.000000000000
  0.965725806452  0.000058595268  0.001592679169  0.000179766148 -0.000000669058  0.000345608461 -0.000000670133 -0.001033239652  0.000090321217  0.000010194582 -0.000000037942  0.000345608461 -0.000000000000
  0.967741935484  0.000020071432  0.000483229551 -0.000840248958  0.000015832079  0.000849543894  0.000015857517 -0.000353929596  0.000027404063 -0.000047650720  0.000000897841  0.000849543894 -0.000000000000
  0.969758064516  0.000053952231  0.001430976245  0.000095741901  0.000001484500  0.000325638777  0.000001486885 -0.000951366662  0.000081151005  0.000005429547  0.000000084186  0.000325638777 -0.000000000000
  0.971774193548  0.000019568097  0.000445306313 -0.001020939756  0.000019766342  0.000731633215  0.000019798102 -0.000345054050  0.000025253427 -0.000057897738  0.000001120954  0.000731633215 -0.000000000000
  0.973790322581  0.000048100553  0.001234193506  0.000037203099  0.000003351975  0.000298683549  0.000003357361 -0.000848181092  0.000069991409  0.000002109797  0.000000190091  0.000298683549 -0.000000000000
  0.975806451613  0.000018437429  0.000391208568 -0.001142696923  0.000023051707  0.000606482525  0.000023088745 -0.000325116401  0.000022185531 -0.000064802616  0.000001307268  0.000606482525 -0.000000000000
  0.977822580645  0.000041424536  0.001016016168  0.000002845742  0.000004869570  0.000268116319  0.000004877394 -0.000730459560  0.000057618520  0.000000161383  0.000000276154  0.000268116319 -0.000000000000
  0.979838709677  0.000016911243  0.000328525751 -0.001199727850  0.000025623906  0.000480915766  0.000025665077 -0.000298204414  0.000018630774 -0.000068036854  0.000001453138  0.000480915766 -0.000000000000
  0.981854838710  0.000034338596  0.000792618793 -0.000015357963  0.000006006757  0.000235799302  0.000006016408 -0.000605509631  0.000044949602 -0.000000870953  0.000000340645  0.000235799302 -0.000000000000
  0.983870967742  0.000015180549  0.000263990165 -0.001194496718  0.000027476102  0.000360051487  0.000027520249 -0.000267686218  0.000014970945 -0.000067740195  0.000001558176  0.000360051487 -0.000000000000
  0.985887096774  0.000027229098  0.000580558788 -0.000030630015  0.000006766545  0.000201745011  0.000006777417 -0.000480144301  0.000032923628 -0.000001737035  0.000000383732  0.000201745011 -0.000000000000
  0.987903225806  0.000013350784  0.000202318942 -0.001140202460  0.000028663252  0.000245911173  0.000028709306 -0.000235421043  0.000011473556 -0.000064661154  0.000001625500  0.000245911173 -0.000000000000
  0.989919354839  0.000020385851  0.000393391755 -0.000056200467  0.000007184362  0.000161553217  0.000007195906 -0.000359473908  0.000022309341 -0.000003187141  0.000000407427  0.000161553217 -0.000000000000
  0.991935483871  0.000011422655  0.000145711312 -0.001060359982  0.000029316973  0.000118372600  0.000029364078 -0.000201421380  0.000008263323 -0.000060133268  0.000001662573  0.000118372600 -0.000000000000
  0.993951612903  0.000013923310  0.000237465966 -0.000105065451  0.000007489538  0.000000000000  0.000007501571 -0.000245516693  0.000013466752 -0.000005958286  0.000000424733  0.000000000000 -0.000000000000
  0.995967741935  0.000009147025  0.000088363137 -0.001033019700  0.000030949094  0.140512631128  0.000030998821 -0.000161294060  0.000005011095 -0.000058582794  0.000001755131  0.140512631128 -0.000000000000
  0.997983870968  0.000006702170  0.000070653941 -0.000568689537  0.000018514594  0.072854518394  0.000018544342 -0.000118182711  0.000004006802 -0.000032250519  0.000001049967  0.072854518394 -0.000000000000
  1.000000000000  0.000000000000 -0.000246255009 -0.004023572202  0.000118539611  0.023109658111  0.000118730073  0.000000000000 -0.000013965181 -0.000228177745  0.000006722410  0.023109658111  0.000000000000
