             Rad         v_r[Re]         v_t[Re]         v_x[Re]         p[Re]          p_mg[Re]  p_no_phase[Re]         v_r[Im]         v_t[Im]         v_x[Im]         p[Im]          p_mg[Im]  p_no_phase[Im]
  0.000000000000 -0.031048107172  0.000000000000  0.092124070304 -0.048708998913  0.502971671362  0.040524435113 -0.296465779025  0.000000000000  0.399308450051 -0.114610337413  0.502971671362  0.117753412587
  0.007633587786  0.048286211693  0.386102670884  0.126000966270 -0.023063546718  0.594879956366  0.029297564095 -0.514255834686  0.169263451404 -0.276517053979  0.089415553270  0.594879956366 -0.087571234386
  0.015267175573  0.016090586441  0.560225939456  0.195103853017 -0.015765817015  0.470391636233  0.033399835775 -0.155309569010  0.127282563941 -0.804896146983  0.251185070350  0.470391636233 -0.249453305296
  0.022900763359 -0.238808770124  0.291187131055  0.110388715863  0.000225423148  0.644619446556  0.013411197695  0.442663386226  0.046860022166 -0.628139072902  0.193807373264  0.644619446556 -0.193342929851
  0.030534351145 -0.053808109490 -0.094960114233 -0.349796463623  0.090441211723  0.544443300721 -0.097179033308  0.592441431569 -0.119966894161  0.268779136591 -0.098949297338  0.544443300721  0.092340736985
  0.038167938931  0.389145273798 -0.198462949287  0.007869320603 -0.040235404824  0.595373877062  0.025101950774 -0.264261702331  0.005042459638  0.715448912179 -0.213672372196  0.595373877062  0.215973754212
  0.045801526718 -0.133371883300  0.068672853293  0.453302686386 -0.120264198291  0.550897697566  0.127770967321 -0.630671207226  0.103836268192 -0.290497982573  0.110928692831  0.550897697566 -0.102192133717
  0.053435114504 -0.396265269840  0.123757307245 -0.261873295827  0.111626918165  0.512515914605 -0.099098285270  0.373352840646 -0.053689288326 -0.628267551400  0.174135799073  0.512515914605 -0.181558186911
  0.061068702290  0.363413131240 -0.080877781640 -0.357884398824  0.082669813803  0.505762022805 -0.093509672893  0.471594051627 -0.060905113654  0.461267491528 -0.156977228727  0.505762022805  0.150771646964
  0.068702290076  0.220750351443 -0.056035728217  0.465766507454 -0.158978866509  0.427846912746  0.152524481531 -0.504735134027  0.072612291921  0.370262225682 -0.086135513991  0.427846912746  0.097107617111
  0.076335877863 -0.477889876217  0.076531272144  0.105810879965 -0.002532854774  0.434089272492  0.014504050850 -0.185185930709  0.013578762395 -0.550171179945  0.170234087722  0.434089272492 -0.169633995664
  0.083969465649  0.040877798819  0.004667066416 -0.496483509181  0.150904508120  0.353798716167 -0.151450323082  0.504107358879 -0.062691380674 -0.044159667708 -0.013072908368  0.353798716167  0.002423044065
  0.091603053435  0.415783394088 -0.053850859492  0.164240029896 -0.073936524767  0.354681705658  0.064507584858 -0.100881861340  0.019765800195  0.468203073040 -0.131407883655  0.354681705658  0.136284309724
  0.099236641221 -0.253292965186  0.023236213566  0.351721869464 -0.093987141894  0.291542099835  0.099542429882 -0.352528254584  0.037204560210 -0.212689131560  0.082267017435  0.291542099835 -0.075450312473
  0.106870229008 -0.224955966243  0.025000886825 -0.325664681888  0.111058657068  0.279866641325 -0.106585600745  0.273072050589 -0.032635576642 -0.257006439253  0.059663074028  0.279866641325 -0.067329172178
  0.114503816794  0.330834619856 -0.029303902925 -0.122240198565  0.019895015910  0.238283527366 -0.026935332785  0.127857602955 -0.010885028376  0.315106263924 -0.100763765652  0.238283527366  0.099114257170
  0.122137404580  0.009307979707 -0.001594728851  0.331741291859 -0.100496267772  0.216250236874  0.100995169921 -0.291393475373  0.028790945327  0.023172153728  0.010630610570  0.216250236874 -0.003533464276
  0.129770992366 -0.271581208664  0.021554625294 -0.079761192322  0.037914183269  0.191697477526 -0.032531763394  0.067594260314 -0.006820353409 -0.265298396828  0.075164098898  0.191697477526 -0.077645421156
  0.137404580153  0.139454533151 -0.010862977914 -0.219440053255  0.058368901379  0.165805140598 -0.061942845102  0.193213541444 -0.016758569134  0.137794514857 -0.052851875236  0.165805140598  0.048614126598
  0.145038167939  0.136349094250 -0.009338938053  0.182806929715 -0.061614591243  0.151048651287  0.059394399433 -0.167848412103  0.013484138166  0.130545275589 -0.029385009198  0.151048651287  0.033647316914
  0.152671755725 -0.183590059827  0.013033085455  0.068222544335 -0.010517843106  0.127349562061  0.014681378082 -0.055159884176  0.004545169721 -0.186921979851  0.059546189162  0.127349562061 -0.058658595320
  0.160305343511 -0.001745594938 -0.000589084197 -0.178769884492  0.053158798624  0.116538648307 -0.053826561998  0.165795951540 -0.011803007591  0.006342713002 -0.011363239832  0.116538648307  0.007594887369
  0.167938931298  0.141252270450 -0.009037199266  0.049837531256 -0.022539747310  0.098240193374  0.019636903408 -0.053511598260  0.003273314316  0.144041215706 -0.040463780171  0.098240193374  0.041949371141
  0.175572519084 -0.079966554563  0.005470533493  0.107230687564 -0.027366829539  0.088403749179  0.029575593998 -0.099112366072  0.006389959478 -0.089157619999  0.032356792412  0.088403749179 -0.030351105645
  0.183206106870 -0.060715412903  0.003413652445 -0.100406633604  0.033248999955  0.075819848064 -0.032266749803  0.099473087743 -0.005853886547 -0.060505953222  0.012789447145  0.075819848064 -0.015097112751
  0.190839694656  0.096361397660 -0.005803968540 -0.022202295334  0.001122550681  0.066407572854 -0.003397960678  0.019121104444 -0.001148615462  0.104278682255 -0.032379611796  0.066407572854  0.032220385525
  0.198473282443 -0.011032566175  0.000813994285  0.089378718369 -0.026005834923  0.058170692171  0.026568449603 -0.087712629379  0.004757968781 -0.013969058852  0.008912366065  0.058170692171 -0.007060538549
  0.206106870229 -0.066587441380  0.003652530325 -0.036526555007  0.014722024470  0.049775015295 -0.013313772320  0.036259647142 -0.001929657493 -0.071617689862  0.019496728627  0.049775015295 -0.020484235359
  0.213740458015  0.048259945727 -0.002622685299 -0.046020096609  0.011003159198  0.044159846486 -0.012247919720  0.045617358218 -0.002242664821  0.052274748893 -0.018079165698  0.044159846486  0.017260191401
  0.221374045802  0.021649303751 -0.001091724148  0.055433019245 -0.017838302731  0.037409404620  0.017503272656 -0.053992009360  0.002667888971  0.023621403309 -0.004133414116  0.037409404620  0.005378252774
  0.229007633588 -0.049699269656  0.002458463209  0.001648395187  0.002320515652  0.033141234884 -0.001189738225 -0.002744948679  0.000040825019 -0.053143645361  0.015989839814  0.033141234884 -0.016113481719
  0.236641221374  0.013407992091 -0.000634749318 -0.043108472352  0.012181502436  0.028199352143 -0.012597477909  0.042075144560 -0.001920294121  0.013563883928 -0.006341268910  0.028199352143  0.005468477239
  0.244274809160  0.029664962880 -0.001357868292  0.024633537296 -0.009048526278  0.024656902060  0.008450916289 -0.022791523236  0.001087646041  0.031678166254 -0.008175027231  0.024656902060  0.008791411259
  0.251908396947 -0.027927395254  0.001227212616  0.017873792833 -0.003816412036  0.021245864084  0.004482768979 -0.017843823692  0.000733828843 -0.028936573464  0.009605260276  0.021245864084 -0.009312937672
  0.259541984733 -0.005702204301  0.000239979413 -0.029299731375  0.009101343079  0.018274531206 -0.009055214898  0.027616812405 -0.001199135351 -0.006303885936  0.000335035935  0.018274531206 -0.000974565583
  0.267175572519  0.024438490392 -0.001001151836  0.004051512611 -0.002552870358  0.015930104484  0.002028590209 -0.003274600218  0.000175033321  0.025318069687 -0.007361597768  0.015930104484  0.007522970858
  0.274809160305 -0.010302538863  0.000417918548  0.019569737580 -0.005296682048  0.013552672233  0.005578866708 -0.018580754389  0.000748224775 -0.010563732981  0.004197215006  0.013552672233 -0.003814144829
  0.282442748092 -0.012139277974  0.000459290605 -0.014709358594  0.005061424081  0.011857822884 -0.004841296456  0.013660030054 -0.000558212612 -0.012462262136  0.002950363120  0.011857822884 -0.003299167303
  0.290076335878  0.014926165443 -0.000565954529 -0.005808848793  0.000921804558  0.010075544661 -0.001265805309  0.005565771648 -0.000203945586  0.015419675366 -0.004921701551  0.010075544661  0.004844647224
  0.297709923664  0.000111146546  0.000009992014  0.014404617899 -0.004306511761  0.008766534087  0.004351046064 -0.013552216464  0.000512324207 -0.000073427120  0.000784648139  0.008766534087 -0.000479702405
  0.305343511450 -0.011133988190  0.000394776913 -0.004315947257  0.001897497022  0.007498906074 -0.001667897610  0.004079493909 -0.000155394821 -0.011445571526  0.003196427456  0.007498906074 -0.003322011588
  0.312977099237  0.006592177972 -0.000240991555 -0.008065352919  0.002042481686  0.006454981205 -0.002214981236  0.007619697487 -0.000269469958  0.007006546349 -0.002523653534  0.006454981205  0.002373692635
  0.320610687023  0.004260086237 -0.000137170396  0.008037176898 -0.002631044545  0.005570466256  0.002564588451 -0.007661839541  0.000267487744  0.004268848373 -0.000851857365  0.005570466256  0.001034863491
  0.328244274809 -0.007428903334  0.000252199135  0.001100409575  0.000083791739  0.004750028510  0.000084772812 -0.001022246325  0.000031874358 -0.007801730772  0.002392832110  0.004750028510 -0.002392797553
  0.335877862595  0.001350794923 -0.000052075905 -0.006587395208  0.001888762845  0.004119423660 -0.001941400411  0.006312062692 -0.000206975838  0.001556883645 -0.000814658104  0.004119423660  0.000679748009
  0.343511450382  0.004652864032 -0.000147911795  0.003184282421 -0.001209331702  0.003500807848  0.001116210617 -0.003062833755  0.000100311885  0.004844038319 -0.001280920090  0.003500807848  0.001362832822
  0.351145038168 -0.003821517125  0.000124426072  0.002915590447 -0.000656219146  0.003030816601  0.000751438845 -0.002821130572  0.000086150138 -0.004084006159  0.001376457816  0.003030816601 -0.001326875785
  0.358778625954 -0.001100292626  0.000030980116 -0.004121414478  0.001291999361  0.002583729974 -0.001280801754  0.003969761634 -0.000122114753 -0.001109008667  0.000113641783  0.002583729974 -0.000204263727
  0.366412213740  0.003486176103 -0.000106285495  0.000366533408 -0.000304681541  0.002221686666  0.000227750594 -0.000319737035  0.000012126006  0.003682973830 -0.001082676566  0.002221686666  0.001101430459
  0.374045801527 -0.001317622209  0.000041139263  0.002813159647 -0.000767008052  0.001905859548  0.000805328610 -0.002729417700  0.000079065163 -0.001412636510  0.000571660914  0.001905859548 -0.000516278395
  0.381679389313 -0.001764133324  0.000050559554 -0.001989359037  0.000693295410  0.001626604793 -0.000660016919  0.001887721959 -0.000055932579 -0.001851013158  0.000448562385  0.001626604793 -0.000496230195
  0.389312977099  0.002048967090 -0.000059068772 -0.000857139003  0.000142160503  0.001402000078 -0.000190463078  0.000858851273 -0.000022468198  0.002159296711 -0.000691524818  0.001402000078  0.000679808795
  0.396946564885  0.000047785694 -0.000000442823  0.001989454848 -0.000597715339  0.001191872834  0.000602692466 -0.001905260387  0.000053089992  0.000045256350  0.000091792544  0.001191872834 -0.000049510500
  0.404580152672 -0.001537959308  0.000041890913 -0.000584197638  0.000260000452  0.001027470418 -0.000227658281  0.000529645466 -0.000015897152 -0.001608916450  0.000450516574  0.001027470418 -0.000467693410
  0.412213740458  0.000903696360 -0.000024749357 -0.001107110543  0.000281123038  0.000874407732 -0.000304498818  0.001071884839 -0.000028089877  0.000947478035 -0.000342138577  0.000874407732  0.000321511180
  0.419847328244  0.000579207450 -0.000014700438  0.001105042890 -0.000362372564  0.000750620619  0.000352984742 -0.001041671533  0.000028088760  0.000598762809 -0.000120663888  0.000750620619  0.000145860966
  0.427480916031 -0.001016834843  0.000026290528  0.000138826943  0.000014545412  0.000641557193  0.000008310793 -0.000147452912  0.000003060960 -0.001059323593  0.000324339588  0.000641557193 -0.000324559191
  0.435114503817  0.000195172022 -0.000005438943 -0.000895038292  0.000256678674  0.000547586278 -0.000263810640  0.000852347795 -0.000021708608  0.000210593191 -0.000110406608  0.000547586278  0.000092073379
  0.442748091603  0.000625837690 -0.000015298284  0.000444127379 -0.000167104643  0.000469939588  0.000154743482 -0.000414437571  0.000010844882  0.000646030696 -0.000169801455  0.000469939588  0.000181137933
  0.450381679389 -0.000524432801  0.000013072253  0.000383842718 -0.000085715300  0.000399585713  0.000098522080 -0.000369548196  0.000008838444 -0.000550455640  0.000185040058  0.000399585713 -0.000178550653
  0.458015267176 -0.000137375881  0.000002933815 -0.000558767682  0.000174348965  0.000343281286 -0.000173157338  0.000530074145 -0.000012963665 -0.000134943673  0.000010795318  0.000343281286 -0.000023035556
  0.465648854962  0.000466721078 -0.000011025271  0.000061063114 -0.000043988458  0.000291867811  0.000033881030 -0.000054905844  0.000001547738  0.000485698409 -0.000142106011  0.000291867811  0.000144848814
  0.473282442748 -0.000185023336  0.000004581347  0.000370212605 -0.000100222426  0.000250102880  0.000105551931 -0.000354168190  0.000008218946 -0.000199427369  0.000079277625  0.000250102880 -0.000072029621
  0.480916030534 -0.000227006291  0.000005041896 -0.000271069107  0.000093444376  0.000213260374 -0.000089319481  0.000257507641 -0.000006042555 -0.000232883161  0.000055335140  0.000213260374 -0.000061772644
  0.488549618321  0.000273845238 -0.000006289993 -0.000103641983  0.000015727727  0.000181953209 -0.000022153183  0.000100973287 -0.000002156305  0.000288702477 -0.000091878054  0.000181953209  0.000090543772
  0.496183206107 -0.000002584188  0.000000227960  0.000261011545 -0.000077737913  0.000155671715  0.000078663327 -0.000250089530  0.000005568267 -0.000006921809  0.000015890946  0.000155671715 -0.000010382015
  0.503816793893 -0.000197845067  0.000004315545 -0.000084801828  0.000036311770  0.000132367893 -0.000032189079  0.000079607266 -0.000001844915 -0.000206545654  0.000057316200  0.000132367893 -0.000059729010
  0.511450381679  0.000123460036 -0.000002767536 -0.000137960136  0.000034310754  0.000113404333 -0.000037512073  0.000133658482 -0.000002817124  0.000131681076 -0.000046708419  0.000113404333  0.000044178599
  0.519083969466  0.000068156538 -0.000001381234  0.000146630067 -0.000047573901  0.000096363111  0.000046532256 -0.000139958455  0.000003011774  0.000069819558 -0.000013129050  0.000096363111  0.000016443758
  0.526717557252 -0.000131863572  0.000002791623  0.000010227954  0.000004283597  0.000082435573 -0.000001314498 -0.000011543717  0.000000165458 -0.000138709155  0.000042048494  0.000082435573 -0.000042245676
  0.534351145038  0.000031540367 -0.000000711457 -0.000113101777  0.000032029695  0.000070180852 -0.000033093211  0.000108930014 -0.000002231574  0.000034271858 -0.000016243778  0.000070180852  0.000013949949
  0.541984732824  0.000076621485 -0.000001542236  0.000062209424 -0.000022842170  0.000059842034  0.000021336544 -0.000058437978  0.000001237918  0.000079831087 -0.000020594662  0.000059842034  0.000022150772
  0.549618320611 -0.000070156079  0.000001436537  0.000044055534 -0.000009268925  0.000051083423  0.000010966511 -0.000043286813  0.000000828288 -0.000073926053  0.000024454027  0.000051083423 -0.000023741273
  0.557251908397 -0.000012590299  0.000000218787 -0.000072428459  0.000022338135  0.000043430324 -0.000022288222  0.000069042279 -0.000001379778 -0.000012556721 -0.000000077403  0.000043430324 -0.000001494474
  0.564885496183  0.000058818247 -0.000001147618  0.000012529522 -0.000007000219  0.000037127215  0.000005736834 -0.000011021923  0.000000251458  0.000061399911 -0.000017709750  0.000037127215  0.000018158388
  0.572519083969 -0.000027044729  0.000000542414  0.000044983611 -0.000011942372  0.000031534801  0.000012684138 -0.000043337037  0.000000824377 -0.000028678001  0.000010963259  0.000031534801 -0.000010095838
  0.580152671756 -0.000026129469  0.000000481330 -0.000036798464  0.000012435764  0.000026936531 -0.000011975667  0.000034690689 -0.000000678742 -0.000026900483  0.000006101274  0.000026936531 -0.000006961120
  0.587786259542  0.000035734637 -0.000000676351 -0.000010045935  0.000001026031  0.000022906682 -0.000001848285  0.000010073024 -0.000000171279  0.000037397801 -0.000011722717  0.000022906682  0.000011621475
  0.595419847328 -0.000003009519  0.000000071440  0.000032909238 -0.000009660086  0.000019518665  0.000009833335 -0.000031390866  0.000000584371 -0.000003542939  0.000002802613  0.000019518665 -0.000002115995
  0.603053435115 -0.000024087351  0.000000434983 -0.000012962272  0.000005200272  0.000016633966 -0.000004710193  0.000012057207 -0.000000233924 -0.000024958657  0.000006782253  0.000016633966 -0.000007131330
  0.610687022901  0.000017009124 -0.000000315725 -0.000015893534  0.000003804016  0.000014138542 -0.000004232324  0.000015342939 -0.000000271104  0.000017978915 -0.000006221472  0.000014138542  0.000005938407
  0.618320610687  0.000006991927 -0.000000115415  0.000019185244 -0.000006112391  0.000012065527  0.000006021008 -0.000018223370  0.000000330296  0.000007015552 -0.000001083521  0.000012065527  0.000001510896
  0.625954198473 -0.000016633566  0.000000293956 -0.000000301880  0.000001010579  0.000010244590 -0.000000643268  0.000000115304 -0.000000009342 -0.000017380622  0.000005184947  0.000010244590 -0.000005243201
  0.633587786260  0.000005186344 -0.000000097570 -0.000013711910  0.000003804477  0.000008739264 -0.000003964881  0.000013152955 -0.000000227813  0.000005640367 -0.000002413808  0.000008739264  0.000002140147
  0.641221374046  0.000008847932 -0.000000148669  0.000008675857 -0.000003079404  0.000007425710  0.000002911925 -0.000008203112  0.000000145447  0.000009127379 -0.000002271895  0.000007425710  0.000002482928
  0.648854961832 -0.000009214889  0.000000159786  0.000004573913 -0.000000853783  0.000006322984  0.000001073455 -0.000004476320  0.000000072360 -0.000009724941  0.000003152239  0.000006322984 -0.000003084356
  0.656488549618 -0.000000716198  0.000000007803 -0.000009105631  0.000002757302  0.000005381576 -0.000002771443  0.000008709867 -0.000000147019 -0.000000614908 -0.000000298109  0.000005381576  0.000000103370
  0.664122137405  0.000007113392 -0.000000117889  0.000002314744 -0.000001085885  0.000004572886  0.000000935452 -0.000002130919  0.000000038614  0.000007426861 -0.000002099836  0.000004572886  0.000002171034
  0.671755725191 -0.000003878023  0.000000066403  0.000005161020 -0.000001325274  0.000003896978  0.000001428338 -0.000004994102  0.000000080417 -0.000004138052  0.000001511518  0.000003896978 -0.000001414528
  0.679389312977 -0.000002751804  0.000000042909 -0.000004867201  0.000001605919  0.000003307798 -0.000001560634  0.000004624817 -0.000000076497 -0.000002823046  0.000000587059  0.000003307798 -0.000000698594
  0.687022900763  0.000004509348 -0.000000073177 -0.000000725695 -0.000000033664  0.000002818695 -0.000000068860  0.000000759650 -0.000000010134  0.000004737206 -0.000001455972  0.000002818695  0.000001454732
  0.694656488550 -0.000000797347  0.000000014331  0.000003972469 -0.000001141966  0.000002393535  0.000001172522 -0.000003814535  0.000000060362 -0.000000882872  0.000000474517  0.000002393535 -0.000000392994
  0.702290076336 -0.000002770963  0.000000043009 -0.000001932459  0.000000730761  0.000002036750 -0.000000675509  0.000001806459 -0.000000029764 -0.000002880211  0.000000759550  0.000002036750 -0.000000809083
  0.709923664122  0.000002291399 -0.000000036427 -0.000001679686  0.000000374604  0.000001732000 -0.000000430840  0.000001641502 -0.000000024535  0.000002417931 -0.000000812469  0.000001732000  0.000000784099
  0.717557251908  0.000000587805 -0.000000008144  0.000002437685 -0.000000760523  0.000001471131  0.000000755362 -0.000002320236  0.000000036099  0.000000586946 -0.000000046569  0.000001471131  0.000000099963
  0.725190839695 -0.000002021527  0.000000030753 -0.000000292704  0.000000199321  0.000001252448 -0.000000155488  0.000000248556 -0.000000004718 -0.000002110304  0.000000615984  0.000001252448 -0.000000628481
  0.732824427481  0.000000825170 -0.000000013068 -0.000001582214  0.000000426782  0.000001062866 -0.000000450179  0.000001522799 -0.000000022680  0.000000881566 -0.000000347570  0.000001062866  0.000000316681
  0.740458015267  0.000000951485 -0.000000013758  0.000001190272 -0.000000408019  0.000000904534  0.000000390826 -0.000001122008  0.000000017224  0.000000979190 -0.000000229989  0.000000904534  0.000000258127
  0.748091603053 -0.000001184907  0.000000017681  0.000000407582 -0.000000056140  0.000000768014  0.000000083694 -0.000000405735  0.000000005516 -0.000001243209  0.000000393595  0.000000768014 -0.000000388669
  0.755725190840  0.000000045173 -0.000000001097 -0.000001112127  0.000000329493  0.000000652649 -0.000000334130  0.000001061905 -0.000000015571  0.000000062279 -0.000000077520  0.000000652649  0.000000054145
  0.763358778626  0.000000827917 -0.000000011847  0.000000393352 -0.000000163222  0.000000554236  0.000000146184 -0.000000364328  0.000000005628  0.000000859674 -0.000000236420  0.000000554236  0.000000247318
  0.770992366412 -0.000000544535  0.000000008039  0.000000559639 -0.000000136902  0.000000470743  0.000000150801 -0.000000541597  0.000000007572 -0.000000577229  0.000000202360  0.000000470743 -0.000000192226
  0.778625954198 -0.000000260681  0.000000003462 -0.000000629894  0.000000202446  0.000000399129 -0.000000198740  0.000000598327 -0.000000008618 -0.000000263619  0.000000045534  0.000000399129 -0.000000059665
  0.786259541985  0.000000553845 -0.000000007812 -0.000000013993 -0.000000026513  0.000000338764  0.000000014187  0.000000020833 -0.000000000076  0.000000579832 -0.000000174248  0.000000338764  0.000000175682
  0.793893129771 -0.000000154715  0.000000002335  0.000000462498 -0.000000129480  0.000000287532  0.000000134428 -0.000000444592  0.000000006137 -0.000000168408  0.000000074882  0.000000287532 -0.000000065586
  0.801526717557 -0.000000302941  0.000000004094 -0.000000276123  0.000000099246  0.000000242566 -0.000000093420  0.000000259866 -0.000000003708 -0.000000313896  0.000000079310  0.000000242566 -0.000000086096
  0.809160305344  0.000000298839 -0.000000004158 -0.000000161545  0.000000031641  0.000000207301 -0.000000038805  0.000000159551 -0.000000002055  0.000000315395 -0.000000102931  0.000000207301  0.000000100450
  0.816793893130  0.000000032221 -0.000000000342  0.000000298517 -0.000000090954  0.000000174357  0.000000091194 -0.000000285721  0.000000003876  0.000000030715  0.000000006614  0.000000174357 -0.000000000199
  0.824427480916 -0.000000234415  0.000000003144 -0.000000069767  0.000000033891  0.000000148400 -0.000000028892  0.000000062351 -0.000000000942 -0.000000245805  0.000000069860  0.000000148400 -0.000000072071
  0.832061068702  0.000000123285 -0.000000001695 -0.000000170436  0.000000044080  0.000000128308 -0.000000047358  0.000000166657 -0.000000002145  0.000000130712 -0.000000048138  0.000000128308  0.000000044917
  0.839694656489  0.000000090606 -0.000000001173  0.000000157144 -0.000000052067  0.000000106780  0.000000050518 -0.000000148966  0.000000001999  0.000000095255 -0.000000020184  0.000000106780  0.000000023797
  0.847328244275 -0.000000145986  0.000000001932  0.000000022825  0.000000001337  0.000000095588  0.000000001999 -0.000000026662  0.000000000257 -0.000000154258  0.000000047368  0.000000095588 -0.000000047345
  0.854961832061  0.000000028165 -0.000000000377 -0.000000128053  0.000000036804  0.000000082744 -0.000000037792  0.000000125178 -0.000000001581  0.000000028600 -0.000000015338  0.000000082744  0.000000012711
  0.862595419847  0.000000087954 -0.000000001155  0.000000066519 -0.000000024937  0.000000070032  0.000000023122 -0.000000060548  0.000000000833  0.000000095035 -0.000000024916  0.000000070032  0.000000026609
  0.870229007634 -0.000000078547  0.000000001015  0.000000050710 -0.000000010796  0.000000069085  0.000000012699 -0.000000054474  0.000000000603 -0.000000082683  0.000000027427  0.000000069085 -0.000000026599
  0.877862595420 -0.000000013946  0.000000000216 -0.000000083546  0.000000026012  0.000000055326 -0.000000025857  0.000000081560 -0.000000001011 -0.000000019116  0.000000001297  0.000000055326 -0.000000003124
  0.885496183206  0.000000069365 -0.000000000921  0.000000016512 -0.000000009030  0.000000053605  0.000000007443 -0.000000009643  0.000000000211  0.000000077222 -0.000000022233  0.000000053605  0.000000022814
  0.893129770992 -0.000000034290  0.000000000401  0.000000054488 -0.000000014556  0.000000052204  0.000000015418 -0.000000059974  0.000000000640 -0.000000033030  0.000000012769  0.000000052204 -0.000000011713
  0.900763358779 -0.000000033355  0.000000000515 -0.000000047251  0.000000016495  0.000000035391 -0.000000015693  0.000000044141 -0.000000000563 -0.000000044482  0.000000010809  0.000000035391 -0.000000011943
  0.908396946565  0.000000046593 -0.000000000623 -0.000000015464  0.000000001811  0.000000048536 -0.000000002984  0.000000026508 -0.000000000171  0.000000053196 -0.000000016737  0.000000048536  0.000000016568
  0.916030534351  0.000000001594 -0.000000000129  0.000000044845 -0.000000014045  0.000000026693  0.000000013928 -0.000000052179  0.000000000520  0.000000011811 -0.000000001160  0.000000026693  0.000000002145
  0.923664122137 -0.000000035391  0.000000000604 -0.000000008072  0.000000005211  0.000000041045 -0.000000004117 -0.000000000070 -0.000000000101 -0.000000052806  0.000000015374  0.000000041045 -0.000000015703
  0.931297709924  0.000000009728 -0.000000000115 -0.000000028688  0.000000008072  0.000000034014 -0.000000008363  0.000000047551 -0.000000000325  0.000000009673 -0.000000004413  0.000000034014  0.000000003835
  0.938931297710  0.000000021684 -0.000000000519  0.000000008433 -0.000000004965  0.000000038325  0.000000004013 -0.000000015567  0.000000000103  0.000000046116 -0.000000013353  0.000000038325  0.000000013670
  0.946564885496 -0.000000001249  0.000000000246  0.000000020470 -0.000000004974  0.000000057634  0.000000005496 -0.000000041026  0.000000000225 -0.000000021737  0.000000007588  0.000000057634 -0.000000007220
  0.954198473282 -0.000000023724  0.000000000447  0.000000006241  0.000000000262  0.000000035534  0.000000000608  0.000000024374  0.000000000063 -0.000000040223  0.000000012367  0.000000035534 -0.000000012355
  0.961832061069 -0.000000013639 -0.000000000324 -0.000000034847  0.000000008897  0.000000101675 -0.000000009613  0.000000035816 -0.000000000379  0.000000028917 -0.000000010498  0.000000101675  0.000000009846
  0.969465648855  0.000000050008 -0.000000000392 -0.000000017659  0.000000003396  0.000000039555 -0.000000004204 -0.000000028651 -0.000000000187  0.000000035660 -0.000000011606  0.000000039555  0.000000011338
  0.977099236641  0.000000014746  0.000000000345  0.000000074117 -0.000000020548  0.000000000000  0.000000021421 -0.000000032330  0.000000000798 -0.000000030806  0.000000013142  0.000000000000 -0.000000011664
  0.984732824427 -0.000000098359  0.000000000376  0.000000005805  0.000000000109  0.000000000000  0.000000000647  0.000000025758  0.000000000057 -0.000000034876  0.000000010743  0.000000000000 -0.000000010725
  0.992366412214 -0.000000005198 -0.000000000232 -0.000000110267  0.000000031927  0.421574890672 -0.000000032684  0.000000039212 -0.000000001174  0.000000020191 -0.000000011880  0.421574890672  0.000000009604
  1.000000000000  0.000000000000 -0.000000000207  0.000000215038 -0.000000065544  0.574503223944  0.000000065707  0.000000000000  0.000000002281  0.000000022599  0.000000004623  0.574503223944 -0.000000000000
