             Rad         v_r[Re]         v_t[Re]         v_x[Re]         p[Re]          p_mg[Re]  p_no_phase[Re]         v_r[Im]         v_t[Im]         v_x[Im]         p[Im]          p_mg[Im]  p_no_phase[Im]
  0.000000000000 -0.256069222724  0.000000000000  0.068043219887 -0.000000000000  0.067587859138 -0.000000000000 -0.032379334717  0.000000000000  0.029647681448 -0.000000000000  0.067587859138  0.000000000000
  0.003921568627 -0.192155024698  0.014518939983  0.208123847994 -0.000000000000  0.007067879985 -0.000000000000 -0.030543511061 -0.032685018268 -0.162682187457 -0.000000000000  0.007067879985  0.000000000000
  0.007843137255  0.000052631049  0.024710373272  0.167036255066  0.000000000000  0.044443299884 -0.000000000000 -0.026103384717  0.075055788605  0.126086899650 -0.000000000000  0.044443299884  0.000000000000
  0.011764705882 -0.044073912257  0.009401155193  0.036657305095 -0.000000000000  0.017968886163 -0.000000000000 -0.051240696337 -0.026045442270  0.038289971597 -0.000000000000  0.017968886163  0.000000000000
  0.015686274510 -0.005892644144 -0.006522230381  0.375707643754 -0.000000000000  0.040804349388 -0.000000000000 -0.003902777532  0.023119578414  0.433635307520 -0.000000000000  0.040804349388  0.000000000000
  0.019607843137 -0.024810134242  0.027567758706 -0.353033824078 -0.000000000000  0.017917159874  0.000000000000 -0.036873623954 -0.019309665241 -0.312313105769  0.000000000000  0.017917159874  0.000000000000
  0.023529411765 -0.006517293531  0.009253168063  0.025819298392  0.000000000000  0.030422880764 -0.000000000000 -0.016745320391  0.017316535451  0.381928170907 -0.000000000000  0.030422880764 -0.000000000000
  0.027450980392 -0.017084376229  0.029587101857  0.349186507528 -0.000000000000  0.022640438117  0.000000000000 -0.037055620597 -0.004317603528 -0.043475253862 -0.000000000000  0.022640438117  0.000000000000
  0.031372549020 -0.003421280429 -0.009498669872 -0.070946771162 -0.000000000000  0.021902957713  0.000000000000 -0.017587480155  0.015544205927  0.042559323088  0.000000000000  0.021902957713  0.000000000000
  0.035294117647 -0.009124550383 -0.021933933203 -0.346291149513  0.000000000000  0.015674614982 -0.000000000000 -0.029022306151  0.050709541004 -0.028325067019 -0.000000000000  0.015674614982 -0.000000000000
  0.039215686275  0.021588285990 -0.007471299949  0.254098489390 -0.000000000000  0.021128939891  0.000000000000 -0.006821682063  0.049951936330 -0.042558498645 -0.000000000000  0.021128939891  0.000000000000
  0.043137254902  0.007206151243  0.020279771018  0.104509779245 -0.000000000000  0.010672649483  0.000000000000 -0.020683591102 -0.017744413422  0.054294216513  0.000000000000  0.010672649483 -0.000000000000
  0.047058823529  0.012973888717 -0.003664079295 -0.199251921852  0.000000000000  0.022077495925 -0.000000000000 -0.008796122237 -0.020107866183 -0.070565461889  0.000000000000  0.022077495925 -0.000000000000
  0.050980392157 -0.000551876398  0.009751181846 -0.111586270027  0.000000000000  0.012896238641 -0.000000000000 -0.021121731306 -0.032207487721  0.021896967683 -0.000000000000  0.012896238641  0.000000000000
  0.054901960784  0.002805314710 -0.034183264894  0.123817685096 -0.000000000000  0.019878022343  0.000000000000 -0.010297361621 -0.072604155121 -0.069938524419  0.000000000000  0.019878022343  0.000000000000
  0.058823529412 -0.020599605070 -0.013526868528  0.123310551199 -0.000000000000  0.007641336208  0.000000000000 -0.007941794336 -0.071345369123 -0.071306940694  0.000000000000  0.007641336208 -0.000000000000
  0.062745098039 -0.012354962801 -0.016766190743 -0.270898395658  0.000000000000  0.014526081236 -0.000000000000 -0.003697007613  0.008607740078  0.095001852610  0.000000000000  0.014526081236 -0.000000000000
  0.066666666667 -0.018393524839  0.023645809598  0.063837444242 -0.000000000000  0.008770416892 -0.000000000000 -0.007537507297  0.029165107681 -0.084145314635 -0.000000000000  0.008770416892  0.000000000000
  0.070588235294 -0.002008713920  0.014300034460 -0.138646519149 -0.000000000000  0.007143054229 -0.000000000000 -0.007372590280  0.052821323551  0.105092491004 -0.000000000000  0.007143054229  0.000000000000
  0.074509803922 -0.008080772166 -0.026510771962  0.225518640240  0.000000000000  0.008702852751  0.000000000000 -0.012070963395 -0.042227720232 -0.115573365757  0.000000000000  0.008702852751 -0.000000000000
  0.078431372549 -0.008235237147 -0.062577511534 -0.234150381500  0.000000000000  0.006951347190 -0.000000000000  0.003016799894  0.003012931898 -0.028359522218 -0.000000000000  0.006951347190 -0.000000000000
  0.082352941176 -0.006209806821 -0.014724983179  0.104322020307 -0.000000000000  0.004084698635  0.000000000000 -0.003530088238  0.051104597979  0.380085394139 -0.000000000000  0.004084698635  0.000000000000
  0.086274509804 -0.003871741664 -0.027486249863 -0.078022564401 -0.000000000000  0.008580901044 -0.000000000000  0.007794181323  0.028295757204 -0.487618773618 -0.000000000000  0.008580901044  0.000000000000
  0.090196078431  0.006935774761  0.036716934055  0.167711238621  0.000000000000  0.008394629935 -0.000000000000 -0.000465033564  0.021103074311 -0.038592611912  0.000000000000  0.008394629935 -0.000000000000
  0.094117647059 -0.000199378328  0.025219414835 -0.050091368921  0.000000000000  0.004949244503 -0.000000000000  0.004079829803 -0.012042993033 -0.088241703381  0.000000000000  0.004949244503 -0.000000000000
  0.098039215686  0.006329407698  0.010899249575 -0.196331351559 -0.000000000000  0.015239534698  0.000000000000 -0.005794002150 -0.035227803636  0.130545435045 -0.000000000000  0.015239534698  0.000000000000
  0.101960784314 -0.008389951056 -0.038718376340  0.278536987052  0.000000000000  0.003070898699 -0.000000000000 -0.000280237433 -0.057089809856  0.008359802870  0.000000000000  0.003070898699 -0.000000000000
  0.105882352941 -0.001939393284  0.000581290564 -0.018874918963  0.000000000000  0.012269190915 -0.000000000000  0.004553435498 -0.056655591598 -0.091354079607 -0.000000000000  0.012269190915  0.000000000000
  0.109803921569 -0.015206708102  0.028634464634 -0.075219146324  0.000000000000  0.011564101577 -0.000000000000 -0.000999723232 -0.028210392709 -0.119914308729 -0.000000000000  0.011564101577 -0.000000000000
  0.113725490196 -0.003002247185  0.067471705014  0.098695879090 -0.000000000000  0.009532705920  0.000000000000 -0.000645701682  0.088275637857  0.370637428047 -0.000000000000  0.009532705920  0.000000000000
  0.117647058824 -0.008637626962  0.051576625000 -0.264072974465  0.000000000000  0.009094761342 -0.000000000000 -0.008713463500  0.018894984523 -0.204288622853 -0.000000000000  0.009094761342 -0.000000000000
  0.121568627451  0.003297453300 -0.007119340920  0.205407741343 -0.000000000000  0.001204857776 -0.000000000000 -0.011084008617 -0.007715180263 -0.071947891994 -0.000000000000  0.001204857776  0.000000000000
  0.125490196078 -0.008717278631 -0.038585341134  0.081758380762 -0.000000000000  0.010292916073  0.000000000000 -0.003857659318 -0.016858420445  0.605533015143 -0.000000000000  0.010292916073  0.000000000000
  0.129411764706 -0.007763576442 -0.050794393804 -0.114779642850 -0.000000000000  0.002136606028  0.000000000000 -0.004737252864  0.026461266863 -0.379478961280  0.000000000000  0.002136606028  0.000000000000
  0.133333333333  0.000913278597  0.047149190463  0.019708498218  0.000000000000  0.007904399312 -0.000000000000  0.000785878149  0.034699846987 -0.088354732745  0.000000000000  0.007904399312 -0.000000000000
  0.137254901961 -0.002349007180  0.035932416472  0.042970264248 -0.000000000000  0.001804835103  0.000000000000 -0.010021291661  0.005437804360  0.073664546655 -0.000000000000  0.001804835103  0.000000000000
  0.141176470588  0.000513448634  0.001258402114  0.147413650650  0.000000000000  0.006529784386 -0.000000000000 -0.002073995135  0.013169384985  0.045926322276 -0.000000000000  0.006529784386  0.000000000000
  0.145098039216 -0.001634680005 -0.037822120873 -0.202090190695 -0.000000000000  0.008542777801  0.000000000000 -0.007733521175 -0.028768980255 -0.054882863484  0.000000000000  0.008542777801  0.000000000000
  0.149019607843 -0.001647442650 -0.043351479936  0.225116600482  0.000000000000  0.009188794996 -0.000000000000 -0.000737131238 -0.049931756692 -0.018258963697 -0.000000000000  0.009188794996 -0.000000000000
  0.152941176471 -0.006517531769  0.012625859780 -0.047897295818 -0.000000000000  0.006928866891  0.000000000000  0.000399829675 -0.014139878121  0.338261308921  0.000000000000  0.006928866891  0.000000000000
  0.156862745098 -0.008069513909 -0.019747164690  0.171093951179  0.000000000000  0.012140779364 -0.000000000000 -0.002803925432 -0.010427425022  0.026779022346  0.000000000000  0.012140779364 -0.000000000000
  0.160784313725 -0.007576861671 -0.065635329855 -0.234763906883 -0.000000000000  0.010509895315  0.000000000000  0.005198569101 -0.005397506041 -0.083245551536  0.000000000000  0.010509895315  0.000000000000
  0.164705882353 -0.006920684283  0.006387545834  0.372765558681  0.000000000000  0.008334488226 -0.000000000000 -0.000336638442  0.005054516131 -0.037718387163 -0.000000000000  0.008334488226 -0.000000000000
  0.168627450980 -0.006174261813 -0.008144110070 -0.188390479683 -0.000000000000  0.013186713612  0.000000000000  0.010453564686 -0.010896641767  0.154235555218  0.000000000000  0.013186713612  0.000000000000
  0.172549019608 -0.010066531668  0.004259857033 -0.119180246655  0.000000000000  0.006335290620 -0.000000000000 -0.003020403898 -0.000140788301 -0.370370270033 -0.000000000000  0.006335290620 -0.000000000000
  0.176470588235  0.000080238598 -0.009004657721  0.126009676719 -0.000000000000  0.004176974624  0.000000000000  0.008334101976 -0.029665232034  0.029670180627  0.000000000000  0.004176974624  0.000000000000
  0.180392156863 -0.013172421940 -0.020363265164 -0.305363893500  0.000000000000  0.006883837779 -0.000000000000 -0.000613772031  0.025447908911 -0.034470659713 -0.000000000000  0.006883837779 -0.000000000000
  0.184313725490  0.003406530471  0.025403964638  0.318821211796 -0.000000000000  0.003609668102  0.000000000000  0.005341484568  0.086159429051 -0.147679847825 -0.000000000000  0.003609668102  0.000000000000
  0.188235294118 -0.003668116685  0.039939513585 -0.142706662265 -0.000000000000  0.006646892119  0.000000000000  0.001998008258  0.062546365852  0.120783840967  0.000000000000  0.006646892119  0.000000000000
  0.192156862745  0.006876917335  0.003560296065  0.060265468195 -0.000000000000  0.005897406616  0.000000000000 -0.000308594454  0.017294028827 -0.316923800025 -0.000000000000  0.005897406616  0.000000000000
  0.196078431373  0.002434303993 -0.056167486326  0.163490558821  0.000000000000  0.004617817536  0.000000000000  0.002665308214 -0.020304147257  0.313687565368  0.000000000000  0.004617817536 -0.000000000000
  0.200000000000  0.000234624134 -0.072185439695 -0.144116418919 -0.000000000000  0.005278827974 -0.000000000000  0.006642749909 -0.085531140269 -0.339077018829 -0.000000000000  0.005278827974  0.000000000000
  0.203921568627  0.001035633517 -0.009004687269 -0.165105809042  0.000000000000  0.010836302136 -0.000000000000  0.005805761622 -0.045334012900 -0.150303878143  0.000000000000  0.010836302136 -0.000000000000
  0.207843137255 -0.000934731794  0.167913462145  0.130714580935 -0.000000000000  0.008753389171 -0.000000000000  0.004522224593  0.018007201112  0.265218007829 -0.000000000000  0.008753389171  0.000000000000
  0.211764705882 -0.001730342015  0.173131766643 -0.149142972981 -0.000000000000  0.007238286135  0.000000000000 -0.004987177688  0.012863950532 -0.175898166034  0.000000000000  0.007238286135 -0.000000000000
  0.215686274510  0.002841427090  0.076450212200  0.108441134481 -0.000000000000  0.006707947543  0.000000000000 -0.010457138044 -0.057970306475 -0.243826793739 -0.000000000000  0.006707947543  0.000000000000
  0.219607843137 -0.002224954906 -0.063789249233 -0.012712573477  0.000000000000  0.006152609247  0.000000000000 -0.008465896151  0.061980149796  0.192185836781  0.000000000000  0.006152609247 -0.000000000000
  0.223529411765  0.004333363530 -0.055626568655 -0.121205615947 -0.000000000000  0.010443537297  0.000000000000 -0.005797822583  0.021069564109 -0.210906095506  0.000000000000  0.010443537297  0.000000000000
  0.227450980392  0.002409894063  0.002173580540  0.310727628440 -0.000000000000  0.004288438866 -0.000000000000 -0.006260109491  0.068463821032  0.183560101573 -0.000000000000  0.004288438866  0.000000000000
  0.231372549020  0.006092532422 -0.045536945867 -0.010909678219  0.000000000000  0.013269301604  0.000000000000 -0.000857699967  0.102213325833 -0.049112334886  0.000000000000  0.013269301604 -0.000000000000
  0.235294117647  0.009903474113 -0.061455239264  0.036376580108 -0.000000000000  0.011926013457  0.000000000000 -0.003314916556 -0.000050155178  0.256337492272 -0.000000000000  0.011926013457  0.000000000000
  0.239215686275  0.001738092669 -0.132164772609 -0.035209138250 -0.000000000000  0.014267050806  0.000000000000  0.003920426224 -0.010112546646 -0.206339579717  0.000000000000  0.014267050806 -0.000000000000
  0.243137254902  0.012420068944 -0.112608851177  0.052767426849  0.000000000000  0.002494047418  0.000000000000  0.004670787138  0.014291697503  0.065723438904  0.000000000000  0.002494047418 -0.000000000000
  0.247058823529  0.001228534379  0.042557258856  0.262314568819 -0.000000000000  0.008923267912  0.000000000000  0.011862567187  0.021016815680  0.040770054775  0.000000000000  0.008923267912 -0.000000000000
  0.250980392157  0.013075938578  0.089649670125 -0.228683134547 -0.000000000000  0.014510143450  0.000000000000  0.005706887856 -0.003172043366  0.041132695962 -0.000000000000  0.014510143450  0.000000000000
  0.254901960784 -0.000023560172  0.200088653723  0.393749626616  0.000000000000  0.004521349903  0.000000000000  0.002493936134 -0.074489083499 -0.026530180498  0.000000000000  0.004521349903 -0.000000000000
  0.258823529412  0.008908879600  0.121395632179 -0.241549834477 -0.000000000000  0.012853811154  0.000000000000 -0.000506531830 -0.055690410969  0.509418307303 -0.000000000000  0.012853811154  0.000000000000
  0.262745098039 -0.011659578051 -0.049992994182  0.087474402656  0.000000000000  0.009861509777  0.000000000000 -0.008637042469 -0.104839837290  0.070724387844  0.000000000000  0.009861509777 -0.000000000000
  0.266666666667  0.001888429780 -0.123005228724 -0.325693088270 -0.000000000000  0.008066143454 -0.000000000000  0.004108094195  0.053018824965  0.153949770150 -0.000000000000  0.008066143454  0.000000000000
  0.270588235294 -0.011011264049 -0.098869194168 -0.072756935867  0.000000000000  0.008549464475 -0.000000000000 -0.006631178268  0.072228769029  0.135645835311  0.000000000000  0.008549464475 -0.000000000000
  0.274509803922  0.004266994062 -0.020425852416 -0.002721847137 -0.000000000000  0.012834639504  0.000000000000  0.008890564480  0.022525966381 -0.267750382733 -0.000000000000  0.012834639504  0.000000000000
  0.278431372549 -0.005645974083  0.050021570380  0.092047734954  0.000000000000  0.007604021311  0.000000000000 -0.005760698471 -0.050303375727 -0.138162657839  0.000000000000  0.007604021311 -0.000000000000
  0.282352941176  0.003759299964  0.004484596077  0.231886839273 -0.000000000000  0.013237586304 -0.000000000000  0.007678607073 -0.061303961897  0.217725797063 -0.000000000000  0.013237586304  0.000000000000
  0.286274509804 -0.012571481363 -0.025835004574 -0.128839299196  0.000000000000  0.009880118707 -0.000000000000 -0.002585696722 -0.093462754422 -0.230906169026  0.000000000000  0.009880118707 -0.000000000000
  0.290196078431  0.002604534847 -0.065159242006 -0.133297000313 -0.000000000000  0.007913525172  0.000000000000  0.007144056154  0.014273418395  0.082777904139 -0.000000000000  0.007913525172  0.000000000000
  0.294117647059 -0.013168814995  0.046986113335  0.331460756253  0.000000000000  0.012061801699  0.000000000000 -0.001347591469  0.025879548677  0.253279164476  0.000000000000  0.012061801699 -0.000000000000
  0.298039215686  0.000362939341 -0.070475913498 -0.257017922206 -0.000000000000  0.005975096221  0.000000000000  0.009873450293 -0.042583497693 -0.493743041986 -0.000000000000  0.005975096221  0.000000000000
  0.301960784314 -0.007674613857 -0.113227336588 -0.250978384097  0.000000000000  0.012952511798  0.000000000000 -0.001929814185  0.053161394332  0.348975399867  0.000000000000  0.012952511798 -0.000000000000
  0.305882352941 -0.002150213084 -0.059296848339  0.179600706955 -0.000000000000  0.011962902681  0.000000000000  0.011868599071  0.093430059891 -0.483149868846 -0.000000000000  0.011962902681  0.000000000000
  0.309803921569  0.004750626406 -0.032557327020 -0.030402478034  0.000000000000  0.018928006505  0.000000000000  0.003623992771  0.131823410653  0.301508632017  0.000000000000  0.018928006505 -0.000000000000
  0.313725490196 -0.000325426205 -0.038653599432  0.059152285365 -0.000000000000  0.008308645133  0.000000000000  0.012948423057  0.009039840068 -0.321539756416 -0.000000000000  0.008308645133  0.000000000000
  0.317647058824  0.010254514950 -0.025450911687 -0.013010539284  0.000000000000  0.016563891021 -0.000000000000  0.006160841152 -0.140967590284  0.341856991000 -0.000000000000  0.016563891021 -0.000000000000
  0.321568627451 -0.012902449192  0.007172279819  0.124708257722 -0.000000000000  0.004807459190  0.000000000000  0.013849051776 -0.179854406430 -0.122659408254 -0.000000000000  0.004807459190  0.000000000000
  0.325490196078  0.003719892302  0.137921430508 -0.130105886014  0.000000000000  0.007727383737 -0.000000000000  0.007429400057 -0.068682424139 -0.032211880199 -0.000000000000  0.007727383737 -0.000000000000
  0.329411764706 -0.015796797100  0.124655830273  0.027039781149 -0.000000000000  0.003644311994 -0.000000000000  0.004982337517  0.085979413442  0.237919447111 -0.000000000000  0.003644311994  0.000000000000
  0.333333333333  0.004458194543  0.032560505154 -0.155737001837  0.000000000000  0.008739895998  0.000000000000  0.001798934485  0.076505035046 -0.295452164161  0.000000000000  0.008739895998 -0.000000000000
  0.337254901961 -0.007666915100  0.061650078012  0.290367477137 -0.000000000000  0.008435259917  0.000000000000  0.000964817218  0.033426535656  0.466895387309 -0.000000000000  0.008435259917  0.000000000000
  0.341176470588 -0.001132631730  0.058553457173  0.117732389782  0.000000000000  0.006257668107 -0.000000000000  0.003463835342 -0.052509304262 -0.083849952008  0.000000000000  0.006257668107 -0.000000000000
  0.345098039216 -0.008739805110  0.093994698388 -0.348589480241 -0.000000000000  0.006209725371  0.000000000000  0.000039858431  0.077072271847  0.522976702927 -0.000000000000  0.006209725371  0.000000000000
  0.349019607843 -0.005634270836  0.038519031894 -0.267723015081  0.000000000000  0.017111661481  0.000000000000 -0.006277627100  0.108800126279 -0.394782088443  0.000000000000  0.017111661481 -0.000000000000
  0.352941176471  0.002469361245 -0.258911274803 -0.345589889107 -0.000000000000  0.012025181591  0.000000000000 -0.005749840449  0.019284236715  0.087804804586  0.000000000000  0.012025181591  0.000000000000
  0.356862745098 -0.006209398611 -0.215487213063  0.841711164542  0.000000000000  0.013618465103 -0.000000000000 -0.000063702967 -0.172831908259 -0.158288835458  0.000000000000  0.013618465103 -0.000000000000
  0.360784313725 -0.002508213288 -0.188023465390 -0.520450486794  0.000000000000  0.013379340924 -0.000000000000  0.016926837411 -0.119355479611  0.042940742201 -0.000000000000  0.013379340924  0.000000000000
  0.364705882353 -0.012017821184  0.150358933056  0.099487195046  0.000000000000  0.019873577390 -0.000000000000 -0.000420673620 -0.155133490484 -0.161807230740  0.000000000000  0.019873577390 -0.000000000000
  0.368627450980 -0.006384021074  0.140605819638 -0.043265670863 -0.000000000000  0.008481588575 -0.000000000000  0.012029416723  0.022912297579  0.017861100965 -0.000000000000  0.008481588575  0.000000000000
  0.372549019608 -0.011187173695 -0.065290612559  0.312852029039  0.000000000000  0.019656153279 -0.000000000000 -0.007338522215  0.100913446817 -0.047997972662  0.000000000000  0.019656153279 -0.000000000000
  0.376470588235 -0.001146605018 -0.149646588408 -0.106869415765 -0.000000000000  0.011413518190 -0.000000000000  0.019840473159  0.106511738232  0.072185877377 -0.000000000000  0.011413518190  0.000000000000
  0.380392156863 -0.007857624485 -0.066796623771 -0.192448575881  0.000000000000  0.013332563210  0.000000000000 -0.003192973881 -0.011237303843 -0.044776016065  0.000000000000  0.013332563210 -0.000000000000
  0.384313725490 -0.000745617236  0.120079680230  0.527534532828 -0.000000000000  0.003115200062 -0.000000000000  0.019642006431 -0.033533979708  0.140266332682 -0.000000000000  0.003115200062  0.000000000000
  0.388235294118 -0.011411397872  0.066721824553 -0.251365493537  0.000000000000  0.015232312898  0.000000000000 -0.000219991098  0.095945641081  0.400799135962  0.000000000000  0.015232312898 -0.000000000000
  0.392156862745 -0.002925537657  0.012021672850  0.151957508087 -0.000000000000  0.004967659602 -0.000000000000  0.013007631267  0.134877781886 -0.203132394837 -0.000000000000  0.004967659602  0.000000000000
  0.396078431373 -0.002771385336  0.011695779756  0.158620790093  0.000000000000  0.012420094721 -0.000000000000  0.001422636549  0.069379774203 -0.175179089193 -0.000000000000  0.012420094721 -0.000000000000
  0.400000000000  0.002624962372  0.004864422214 -0.221230503938  0.000000000000  0.011473558249 -0.000000000000  0.015004430304 -0.103348850281 -0.165888178841 -0.000000000000  0.011473558249  0.000000000000
  0.403921568627 -0.004273583764  0.060194164015 -0.059104771971  0.000000000000  0.009011353022  0.000000000000 -0.002532612037 -0.170131188872  0.000646440371  0.000000000000  0.009011353022 -0.000000000000
  0.407843137255 -0.003909232121  0.124829228769  0.318201025323 -0.000000000000  0.011023793914 -0.000000000000  0.011788836122 -0.079947111193  0.249195233169 -0.000000000000  0.011023793914  0.000000000000
  0.411764705882 -0.011182239950  0.050834195627 -0.093877751406  0.000000000000  0.006454726409  0.000000000000 -0.002569055975 -0.005030738911 -0.451079705567  0.000000000000  0.006454726409 -0.000000000000
  0.415686274510  0.003187875816  0.001187587967 -0.104154684881 -0.000000000000  0.008351660163 -0.000000000000  0.008428637556  0.007426335569 -0.054662211552 -0.000000000000  0.008351660163  0.000000000000
  0.419607843137 -0.010104703016  0.013252810218 -0.100563086455 -0.000000000000  0.005763456382  0.000000000000 -0.004406700491 -0.008242312708  0.225128639075  0.000000000000  0.005763456382 -0.000000000000
  0.423529411765 -0.000462804702 -0.028526423695  0.120669290395 -0.000000000000  0.010131425802 -0.000000000000  0.006438113453  0.028936585259 -0.052459749501 -0.000000000000  0.010131425802  0.000000000000
  0.427450980392 -0.008201509147 -0.093256175173 -0.490263493757  0.000000000000  0.011480286316  0.000000000000 -0.001576538989  0.122164063073 -0.073742406068  0.000000000000  0.011480286316 -0.000000000000
  0.431372549020  0.005327510212 -0.024881746984  0.009682245159 -0.000000000000  0.010482031300 -0.000000000000  0.002198877989  0.032342164188  0.190845278512 -0.000000000000  0.010482031300  0.000000000000
  0.435294117647 -0.010115945699 -0.071195817848  0.204490470917  0.000000000000  0.008335126683 -0.000000000000 -0.000559849434  0.028105004353 -0.110192175100  0.000000000000  0.008335126683 -0.000000000000
  0.439215686275  0.008251077161  0.074160445281  0.195409647744 -0.000000000000  0.001315801983  0.000000000000  0.007982274085 -0.046735969856 -0.092711106925 -0.000000000000  0.001315801983  0.000000000000
  0.443137254902 -0.010478136270  0.035297366448 -0.298978261415 -0.000000000000  0.016195301092  0.000000000000 -0.000285727998  0.019908198573  0.067679735711  0.000000000000  0.016195301092 -0.000000000000
  0.447058823529  0.008079602981  0.043964948658  0.110569836206 -0.000000000000  0.001724982687 -0.000000000000  0.002048011838  0.176614070578 -0.198486930047 -0.000000000000  0.001724982687  0.000000000000
  0.450980392157 -0.001309378287 -0.017042102626  0.092190555817  0.000000000000  0.017761921236  0.000000000000 -0.000129859005  0.179912255602 -0.083536044652  0.000000000000  0.017761921236 -0.000000000000
  0.454901960784  0.015670561691 -0.115805277569 -0.189028010197 -0.000000000000  0.004431614701  0.000000000000  0.004089165408  0.102537650484  0.221187659561 -0.000000000000  0.004431614701  0.000000000000
  0.458823529412 -0.001513389680 -0.186693327652  0.070619307654 -0.000000000000  0.005911900117  0.000000000000  0.000827778319  0.000976655734  0.143388573490  0.000000000000  0.005911900117 -0.000000000000
  0.462745098039  0.013480589015  0.082801383757  0.359062033689 -0.000000000000  0.010328685970 -0.000000000000  0.011565447065 -0.163212581246 -0.287006015282 -0.000000000000  0.010328685970  0.000000000000
  0.466666666667 -0.002772448971  0.195833831810  0.053040414766 -0.000000000000  0.009981974487  0.000000000000  0.003457272851 -0.217693111094  0.310082552073  0.000000000000  0.009981974487 -0.000000000000
  0.470588235294  0.001345729264  0.194737694995 -0.090423018934 -0.000000000000  0.008335358558  0.000000000000  0.005756698336 -0.303396008883 -0.231715848415 -0.000000000000  0.008335358558  0.000000000000
  0.474509803922 -0.009273319681  0.039613367773 -0.001037837716  0.000000000000  0.015958562576  0.000000000000 -0.004548328918 -0.230756165279  0.177080604536  0.000000000000  0.015958562576 -0.000000000000
  0.478431372549 -0.008907030682 -0.170227789026  0.080834870485 -0.000000000000  0.003461652866  0.000000000000  0.004506064701 -0.037755221968 -0.148718410934  0.000000000000  0.003461652866  0.000000000000
  0.482352941176 -0.008032341096 -0.155708948680  0.210593356743 -0.000000000000  0.013725196482  0.000000000000  0.002227038122  0.135305784969  0.325422732640  0.000000000000  0.013725196482  0.000000000000
  0.486274509804 -0.009480905697 -0.162649747786 -0.280038520225 -0.000000000000  0.005410252195  0.000000000000  0.012836983551  0.076384918572 -0.222222030076  0.000000000000  0.005410252195  0.000000000000
  0.490196078431 -0.001929557865 -0.029558408394 -0.147345336021 -0.000000000000  0.013988984845  0.000000000000  0.002873994956  0.043539338626 -0.028794890780  0.000000000000  0.013988984845 -0.000000000000
  0.494117647059 -0.007605089373  0.082622179826  0.274799345673 -0.000000000000  0.004449082683  0.000000000000  0.011425569311 -0.013556526232  0.059689640405  0.000000000000  0.004449082683  0.000000000000
  0.498039215686 -0.003175516158  0.007785841496  0.001118149407  0.000000000000  0.015858974725  0.000000000000  0.004380288340 -0.041744149644 -0.025121199318  0.000000000000  0.015858974725 -0.000000000000
  0.501960784314 -0.008475799583  0.055725787335 -0.440770542104 -0.000000000000  0.000838139439  0.000000000000  0.011128904637 -0.111113453430 -0.415009069182  0.000000000000  0.000838139439  0.000000000000
  0.505882352941 -0.000005431026 -0.049544364327 -0.042985226689 -0.000000000000  0.019861328471  0.000000000000 -0.004449079368 -0.008513853908  0.099396515345  0.000000000000  0.019861328471 -0.000000000000
  0.509803921569 -0.010298871876 -0.128278117794  0.093017211606 -0.000000000000  0.003880141090  0.000000000000  0.012059863905  0.023935522465  0.035825532108 -0.000000000000  0.003880141090  0.000000000000
  0.513725490196  0.000327521640 -0.244816280102 -0.311700090465 -0.000000000000  0.019980805974  0.000000000000  0.000771496789 -0.050860429828  0.100178679156  0.000000000000  0.019980805974 -0.000000000000
  0.517647058824 -0.013428292692 -0.020668892326  0.172245587366 -0.000000000000  0.002504584272  0.000000000000  0.014633978407 -0.132079831274 -0.229536834354  0.000000000000  0.002504584272  0.000000000000
  0.521568627451  0.000129139284  0.054717543015  0.095818030940 -0.000000000000  0.023626348375  0.000000000000  0.003877991480 -0.011650609378  0.002342136445  0.000000000000  0.023626348375  0.000000000000
  0.525490196078 -0.013817368298  0.004201870703 -0.383355075662 -0.000000000000  0.002955477647  0.000000000000  0.014433050290  0.145619671286  0.274550851005  0.000000000000  0.002955477647 -0.000000000000
  0.529411764706  0.000375544506 -0.041568052531  0.439226644545 -0.000000000000  0.015422482082  0.000000000000 -0.002476269109  0.081232153451 -0.286830258368  0.000000000000  0.015422482082  0.000000000000
  0.533333333333 -0.006916755129  0.029363305396  0.045778604006 -0.000000000000  0.008802422684 -0.000000000000  0.022591211478  0.146970027000  0.300084977371 -0.000000000000  0.008802422684  0.000000000000
  0.537254901961  0.000092694014  0.134646381710 -0.285111810316 -0.000000000000  0.019679099472  0.000000000000 -0.002954023687 -0.002191333113 -0.066131849448  0.000000000000  0.019679099472  0.000000000000
  0.541176470588 -0.005944726511  0.188578443124 -0.008089993322  0.000000000000  0.010687079856  0.000000000000  0.014230712571  0.091445527029  0.121121567819  0.000000000000  0.010687079856 -0.000000000000
  0.545098039216  0.000929498296  0.067824825818  0.357184984568 -0.000000000000  0.025317954805  0.000000000000 -0.008753209584 -0.043183291868  0.046898924690  0.000000000000  0.025317954805  0.000000000000
  0.549019607843 -0.007936454652 -0.131929605314 -0.332422553569  0.000000000000  0.006039628088 -0.000000000000  0.018007766202 -0.104182707010  0.017778569805 -0.000000000000  0.006039628088 -0.000000000000
  0.552941176471 -0.002212652079 -0.116679514280 -0.039823217808 -0.000000000000  0.019413925813  0.000000000000 -0.010455517521 -0.018524248587  0.378939352252  0.000000000000  0.019413925813  0.000000000000
  0.556862745098 -0.014374726816 -0.021454734027  0.263658274279 -0.000000000000  0.006321874899  0.000000000000  0.020841450632  0.053027608948  0.005875398360  0.000000000000  0.006321874899  0.000000000000
  0.560784313725 -0.000608618786 -0.078766170279 -0.310822357761 -0.000000000000  0.017328761676  0.000000000000 -0.006008884307  0.103489388051 -0.309755980992  0.000000000000  0.017328761676  0.000000000000
  0.564705882353 -0.006612489259 -0.017100507936 -0.032359092152  0.000000000000  0.008943221335 -0.000000000000  0.018253095662  0.017075498159  0.034429521108  0.000000000000  0.008943221335 -0.000000000000
  0.568627450980 -0.000582530183  0.106533108051 -0.063228902513 -0.000000000000  0.016510309395  0.000000000000 -0.006294979017 -0.170091000048 -0.106503532232  0.000000000000  0.016510309395  0.000000000000
  0.572549019608 -0.009625976236  0.153707626290  0.112276472315  0.000000000000  0.004064317225 -0.000000000000  0.014409252677 -0.056228244389 -0.134966582143 -0.000000000000  0.004064317225 -0.000000000000
  0.576470588235  0.000125955516 -0.050292910449 -0.166999914592 -0.000000000000  0.018454237363  0.000000000000 -0.008942334318  0.044545112250  0.088895896407 -0.000000000000  0.018454237363  0.000000000000
  0.580392156863 -0.009810023452 -0.070572237157  0.201426701810  0.000000000000  0.004276680405  0.000000000000  0.013279825157  0.062179234155  0.105892122003  0.000000000000  0.004276680405 -0.000000000000
  0.584313725490  0.000277990348 -0.165298292764 -0.126917725110 -0.000000000000  0.019959407359 -0.000000000000 -0.004054799116 -0.019360987656 -0.048885748090 -0.000000000000  0.019959407359  0.000000000000
  0.588235294118 -0.009566677660 -0.047463750609 -0.056159879355  0.000000000000  0.008728415020 -0.000000000000  0.015780923775 -0.098587281226 -0.027134840301  0.000000000000  0.008728415020 -0.000000000000
  0.592156862745 -0.001797803562 -0.021399152559  0.040277283931 -0.000000000000  0.020960318579  0.000000000000 -0.003880450700 -0.040662291294 -0.013524999003  0.000000000000  0.020960318579  0.000000000000
  0.596078431373 -0.010407855634 -0.020044175277 -0.201078981770  0.000000000000  0.005893834134 -0.000000000000  0.017030985974  0.029852219054  0.298433273258 -0.000000000000  0.005893834134 -0.000000000000
  0.600000000000 -0.005556579629  0.044046049231  0.037310157666 -0.000000000000  0.021378591710  0.000000000000 -0.006731244431 -0.130315722358 -0.056328941692  0.000000000000  0.021378591710 -0.000000000000
  0.603921568627 -0.012858576354  0.036739866815  0.349751197936  0.000000000000  0.003002268133 -0.000000000000  0.016552702773 -0.085045109819 -0.141642880348 -0.000000000000  0.003002268133 -0.000000000000
  0.607843137255 -0.005376699918 -0.086598754037 -0.241841320624 -0.000000000000  0.024475590240 -0.000000000000 -0.002414203550  0.111394912724  0.337478229802 -0.000000000000  0.024475590240  0.000000000000
  0.611764705882 -0.015208268310 -0.098828824280  0.195787529909  0.000000000000  0.002902398552 -0.000000000000  0.015025070999  0.078042803072 -0.193073290584 -0.000000000000  0.002902398552 -0.000000000000
  0.615686274510 -0.000152023968 -0.022588150958  0.113050300024 -0.000000000000  0.021796632299  0.000000000000  0.002998416691  0.016023028860  0.158090748925  0.000000000000  0.021796632299 -0.000000000000
  0.619607843137 -0.017277956549 -0.042966315556 -0.269690233646  0.000000000000  0.009910150891 -0.000000000000  0.017335706940  0.005562550306 -0.170340763337 -0.000000000000  0.009910150891 -0.000000000000
  0.623529411765  0.002879520375  0.005538213528 -0.004391999730 -0.000000000000  0.022376732992  0.000000000000 -0.000363702850  0.169289949636  0.026778923454  0.000000000000  0.022376732992  0.000000000000
  0.627450980392 -0.013475371818 -0.086266507567  0.341543790514  0.000000000000  0.009832467349 -0.000000000000  0.017132061579  0.157843524999 -0.005351475526 -0.000000000000  0.009832467349 -0.000000000000
  0.631372549020  0.007077995362 -0.191877558006 -0.098999973036 -0.000000000000  0.017315635763  0.000000000000  0.006936358724  0.037211874750 -0.200108675403  0.000000000000  0.017315635763 -0.000000000000
  0.635294117647 -0.009499818985 -0.081226553784  0.062062227186  0.000000000000  0.011864387369 -0.000000000000  0.020260099177 -0.106013913796  0.176750429537 -0.000000000000  0.011864387369  0.000000000000
  0.639215686275  0.001805093819  0.018233869323 -0.178345657551 -0.000000000000  0.011198680671  0.000000000000  0.009665353096 -0.137738289209 -0.581091273194 -0.000000000000  0.011198680671  0.000000000000
  0.643137254902 -0.003786890865  0.186040620341  0.416380017823  0.000000000000  0.013809757710 -0.000000000000  0.016896470029 -0.038414106732  0.255693353484 -0.000000000000  0.013809757710 -0.000000000000
  0.647058823529 -0.003096530151  0.066911964983 -0.281214588035 -0.000000000000  0.014025995284  0.000000000000  0.011453173738 -0.047140991565 -0.106295362528  0.000000000000  0.014025995284  0.000000000000
  0.650980392157 -0.003224790847  0.153413574441  0.382265190193  0.000000000000  0.010335640790 -0.000000000000  0.010724326215 -0.116063824213 -0.229140283584 -0.000000000000  0.010335640790 -0.000000000000
  0.654901960784 -0.002260038515  0.048032477944  0.160587121463 -0.000000000000  0.011829464259  0.000000000000  0.013623569060 -0.009770873951  0.251468409412 -0.000000000000  0.011829464259  0.000000000000
  0.658823529412 -0.007376359928 -0.042100693898 -0.265134328227  0.000000000000  0.012556777631 -0.000000000000  0.011929704855 -0.091342870591 -0.247200716578 -0.000000000000  0.012556777631 -0.000000000000
  0.662745098039 -0.000469396659 -0.122485697015 -0.269610333633 -0.000000000000  0.012028162379  0.000000000000  0.010324976383 -0.019871011766 -0.149767326126  0.000000000000  0.012028162379  0.000000000000
  0.666666666667 -0.005491833352 -0.070032330912 -0.023486962158 -0.000000000000  0.013247761797 -0.000000000000  0.010477403834  0.010813266738  0.314580766824 -0.000000000000  0.013247761797  0.000000000000
  0.670588235294 -0.005084957314 -0.100548295421 -0.255288520194 -0.000000000000  0.014189069161  0.000000000000  0.011481109424 -0.061248502485  0.092474530329  0.000000000000  0.014189069161  0.000000000000
  0.674509803922 -0.008315654544 -0.055894745735  0.029449251434  0.000000000000  0.011640598732 -0.000000000000  0.008690602955 -0.058243283157 -0.297788958143 -0.000000000000  0.011640598732 -0.000000000000
  0.678431372549 -0.001671559270  0.014510329199  0.000345770212 -0.000000000000  0.014289311302  0.000000000000  0.013141882751  0.112281922005  0.374429242950  0.000000000000  0.014289311302  0.000000000000
  0.682352941176 -0.011573616245  0.047539672833 -0.109524004550  0.000000000000  0.006540761344 -0.000000000000  0.008208598581  0.093516591975 -0.314339009060 -0.000000000000  0.006540761344 -0.000000000000
  0.686274509804  0.005542085499  0.076848669059 -0.010528886171 -0.000000000000  0.017983731151  0.000000000000  0.010236641400 -0.068328221121 -0.019769992229  0.000000000000  0.017983731151  0.000000000000
  0.690196078431 -0.012888624751  0.077416902676 -0.236368277789  0.000000000000  0.004030995282 -0.000000000000  0.006169908387 -0.081417973689 -0.045349547611 -0.000000000000  0.004030995282 -0.000000000000
  0.694117647059  0.004549504104 -0.045912687680  0.023066812017 -0.000000000000  0.019082080235  0.000000000000  0.004699316053 -0.167353225474 -0.024499489633  0.000000000000  0.019082080235  0.000000000000
  0.698039215686 -0.016337719654 -0.057096560819 -0.120036998607  0.000000000000  0.003171869863  0.000000000000  0.007516215979 -0.159067227223  0.050986023048  0.000000000000  0.003171869863 -0.000000000000
  0.701960784314  0.000358748802 -0.137400814712 -0.288336605506 -0.000000000000  0.011565914261  0.000000000000  0.004014999659 -0.115522802748 -0.051972255262 -0.000000000000  0.011565914261  0.000000000000
  0.705882352941 -0.018107992102 -0.016997657885 -0.100396315980  0.000000000000  0.003207889285 -0.000000000000  0.006018837770 -0.010370476516 -0.079645683259  0.000000000000  0.003207889285 -0.000000000000
  0.709803921569  0.001578837732  0.111013258594 -0.054949944243 -0.000000000000  0.010986395855  0.000000000000  0.002751005242  0.005546634031 -0.430318770512  0.000000000000  0.010986395855  0.000000000000
  0.713725490196 -0.011252761914  0.166967350402 -0.099552054118  0.000000000000  0.005701263962 -0.000000000000  0.002673148331  0.052640246217  0.309669375669 -0.000000000000  0.005701263962 -0.000000000000
  0.717647058824 -0.001998135890 -0.006496034735 -0.193539298514 -0.000000000000  0.011783627996  0.000000000000 -0.002509582960 -0.101022674179 -0.156466459020 -0.000000000000  0.011783627996  0.000000000000
  0.721568627451 -0.010984694420 -0.071597215029  0.193060063937  0.000000000000  0.005968053218 -0.000000000000 -0.000193345268 -0.143948540844  0.019206082873  0.000000000000  0.005968053218 -0.000000000000
  0.725490196078 -0.005309325031 -0.176341959320 -0.251386161253 -0.000000000000  0.007561692356  0.000000000000  0.002077372975 -0.103980980017 -0.089058487324  0.000000000000  0.007561692356  0.000000000000
  0.729411764706 -0.011778537837  0.010109488514  0.139799614328  0.000000000000  0.005783061539 -0.000000000000 -0.000346316567  0.190018366800  0.209171616384 -0.000000000000  0.005783061539 -0.000000000000
  0.733333333333 -0.004377380990  0.016609703356 -0.227671441643 -0.000000000000  0.006045555499  0.000000000000  0.004056623581  0.179396179518 -0.107457703834  0.000000000000  0.006045555499  0.000000000000
  0.737254901961 -0.006208758454 -0.044405723319 -0.135146285409  0.000000000000  0.007208153472 -0.000000000000 -0.004316307420  0.092746628414  0.168899104656  0.000000000000  0.007208153472 -0.000000000000
  0.741176470588 -0.004987395569  0.010505597786  0.223502367178 -0.000000000000  0.006032245394  0.000000000000  0.002927402637 -0.075833270245 -0.115366952014  0.000000000000  0.006032245394  0.000000000000
  0.745098039216 -0.005951241039  0.072619595651  0.044041419972  0.000000000000  0.008281344101  0.000000000000 -0.001063706434 -0.063159855851  0.040854147963  0.000000000000  0.008281344101 -0.000000000000
  0.749019607843 -0.006895281482  0.052445850215 -0.219866876365 -0.000000000000  0.008494960745  0.000000000000  0.002100611758 -0.023293921011 -0.268300073274  0.000000000000  0.008494960745  0.000000000000
  0.752941176471 -0.002158241345  0.089961150651  0.429819309069  0.000000000000  0.013121056078 -0.000000000000 -0.005632936960  0.058322648238 -0.081365598894 -0.000000000000  0.013121056078 -0.000000000000
  0.756862745098 -0.004381421510 -0.212085885614 -0.417100998429 -0.000000000000  0.012468465245  0.000000000000  0.007027361217  0.021787491609 -0.312435325631  0.000000000000  0.012468465245  0.000000000000
  0.760784313725  0.003239662501 -0.096691632486  0.088819121701  0.000000000000  0.014317469029  0.000000000000 -0.007852957719  0.122361710272  0.381411446717  0.000000000000  0.014317469029 -0.000000000000
  0.764705882353 -0.007874822885 -0.001375277515 -0.004408918380 -0.000000000000  0.013676841646  0.000000000000  0.010495202576 -0.014618687273 -0.417036795412  0.000000000000  0.013676841646  0.000000000000
  0.768627450980  0.009562313061 -0.006175643490 -0.079644143190  0.000000000000  0.016189904169  0.000000000000 -0.008001549506  0.049092679926  0.241113311360  0.000000000000  0.016189904169 -0.000000000000
  0.772549019608 -0.010752675671 -0.038631909067 -0.246740914811 -0.000000000000  0.018584630859  0.000000000000  0.009453564688 -0.114588383569 -0.033670980946  0.000000000000  0.018584630859  0.000000000000
  0.776470588235  0.007872981844  0.049359955784  0.213844351093  0.000000000000  0.012000427651  0.000000000000 -0.011183566259 -0.016321428957 -0.013411474229  0.000000000000  0.012000427651 -0.000000000000
  0.780392156863 -0.010951550512  0.028998000340 -0.280347796637 -0.000000000000  0.014759054839  0.000000000000  0.011923780373  0.135853357744  0.112009725893  0.000000000000  0.014759054839 -0.000000000000
  0.784313725490  0.008956753129  0.062397496384 -0.132591419030  0.000000000000  0.015117030537  0.000000000000 -0.016283890123  0.062358835697 -0.101405380873  0.000000000000  0.015117030537 -0.000000000000
  0.788235294118 -0.008203268688 -0.000302902837  0.182784098434 -0.000000000000  0.020937080280  0.000000000000  0.008758803950 -0.010834532497  0.181875278479  0.000000000000  0.020937080280  0.000000000000
  0.792156862745  0.005969819561  0.072238854693  0.277636366603  0.000000000000  0.019084788374 -0.000000000000 -0.013497812940  0.039270493614  0.123864671681  0.000000000000  0.019084788374 -0.000000000000
  0.796078431373 -0.009427717517  0.080744337963  0.122437937964 -0.000000000000  0.019050921445  0.000000000000  0.011817053553 -0.043330255145 -0.699577968303  0.000000000000  0.019050921445 -0.000000000000
  0.800000000000  0.016182677399  0.024133937249  0.038055987817  0.000000000000  0.018166518881 -0.000000000000 -0.013284663445  0.003001227249  0.334998044627  0.000000000000  0.018166518881 -0.000000000000
  0.803921568627 -0.014782394913 -0.000168073703  0.433332691659 -0.000000000000  0.019706098350  0.000000000000  0.012071037567 -0.130152841943 -0.260301146573  0.000000000000  0.019706098350  0.000000000000
  0.807843137255  0.017870483478  0.006486605892 -0.026335889000  0.000000000000  0.015731190902 -0.000000000000 -0.006601774623  0.078592909587  0.035332201721 -0.000000000000  0.015731190902 -0.000000000000
  0.811764705882 -0.013984049453  0.078314271389 -0.128863071124 -0.000000000000  0.015086302789  0.000000000000  0.011596066970  0.078794632669  0.171916558358  0.000000000000  0.015086302789 -0.000000000000
  0.815686274510  0.016831466337  0.063306946348 -0.028178000344  0.000000000000  0.015154460386 -0.000000000000 -0.010248514679  0.016905136744 -0.108763477763 -0.000000000000  0.015154460386 -0.000000000000
  0.819607843137 -0.012114697923 -0.040653015452  0.162343543256 -0.000000000000  0.014588490466  0.000000000000  0.010035161256 -0.029454970608  0.193170312875  0.000000000000  0.014588490466  0.000000000000
  0.823529411765  0.013353542411 -0.148549355567 -0.074785700837  0.000000000000  0.020384701972 -0.000000000000 -0.007019931403 -0.046253112812 -0.227121915323 -0.000000000000  0.020384701972 -0.000000000000
  0.827450980392 -0.009560189479 -0.209675097947 -0.083585743693 -0.000000000000  0.011688489080  0.000000000000  0.011758420247  0.030213605241  0.008247746367  0.000000000000  0.011688489080 -0.000000000000
  0.831372549020  0.013887553675 -0.189807033282  0.090274240024  0.000000000000  0.024546680585 -0.000000000000 -0.004467651171 -0.038841914493  0.071679085922  0.000000000000  0.024546680585 -0.000000000000
  0.835294117647 -0.011548448266 -0.170185938173 -0.080063784307 -0.000000000000  0.012053351405  0.000000000000  0.016797899189 -0.236912610091 -0.116593791781  0.000000000000  0.012053351405  0.000000000000
  0.839215686275  0.011375848933  0.059031736995  0.269044281709  0.000000000000  0.017360962393 -0.000000000000 -0.002685300363 -0.041392547831  0.120313095746 -0.000000000000  0.017360962393 -0.000000000000
  0.843137254902 -0.014315721341  0.101811336329  0.167616149389 -0.000000000000  0.010848216358  0.000000000000  0.019939900959  0.144877038640  0.149287729385  0.000000000000  0.010848216358 -0.000000000000
  0.847058823529  0.011862636895  0.004048701938 -0.470469482064  0.000000000000  0.022502002949 -0.000000000000 -0.002135679279  0.095592227057 -0.039037666719  0.000000000000  0.022502002949 -0.000000000000
  0.850980392157 -0.012042978588 -0.109124666188  0.233988959271 -0.000000000000  0.009469303934  0.000000000000  0.012504786361 -0.114867928550 -0.027738062397  0.000000000000  0.009469303934  0.000000000000
  0.854901960784  0.010291357779 -0.161289665588 -0.075358913701  0.000000000000  0.021203061294 -0.000000000000  0.003430998865 -0.145912790032  0.165727115970  0.000000000000  0.021203061294 -0.000000000000
  0.858823529412 -0.017414334649 -0.070701671452 -0.278502376339 -0.000000000000  0.005469583200  0.000000000000  0.014250652105 -0.180447300194 -0.147397216186  0.000000000000  0.005469583200  0.000000000000
  0.862745098039  0.009466664894  0.136196796479  0.075473839557  0.000000000000  0.020135149937  0.000000000000  0.000223545926 -0.062930722700 -0.118605842574  0.000000000000  0.020135149937 -0.000000000000
  0.866666666667 -0.016784106392  0.056252206365  0.164425184203 -0.000000000000  0.008363481562  0.000000000000  0.012956217845  0.053877274052  0.343259924008  0.000000000000  0.008363481562  0.000000000000
  0.870588235294  0.005209242145 -0.080348790289  0.000773454103  0.000000000000  0.016140095171  0.000000000000  0.001667374180  0.062021239206 -0.104619212790  0.000000000000  0.016140095171 -0.000000000000
  0.874509803922 -0.014072451005 -0.102712915011 -0.047198026309 -0.000000000000  0.009660266448  0.000000000000  0.014401055020  0.136158396566 -0.010075481460  0.000000000000  0.009660266448  0.000000000000
  0.878431372549  0.007935802313  0.173456242437 -0.069973289340  0.000000000000  0.018773644078  0.000000000000  0.002640239665  0.005655191314 -0.096868674436  0.000000000000  0.018773644078 -0.000000000000
  0.882352941176 -0.012522812205  0.327852477837 -0.173477641286 -0.000000000000  0.009951609830  0.000000000000  0.010182428326 -0.073851548464 -0.053350141286  0.000000000000  0.009951609830  0.000000000000
  0.886274509804  0.007571064744  0.097854824288 -0.040834563504 -0.000000000000  0.019384227993  0.000000000000 -0.005999977207  0.102191368021  0.399491451285  0.000000000000  0.019384227993 -0.000000000000
  0.890196078431 -0.017047648568 -0.087953072683  0.089117339583 -0.000000000000  0.010627159154  0.000000000000  0.007863039504  0.147058667337  0.055030753046  0.000000000000  0.010627159154  0.000000000000
  0.894117647059  0.009449378948 -0.087701278993  0.187121181675 -0.000000000000  0.016100102598  0.000000000000 -0.003121502156 -0.141389013800 -0.298484809419  0.000000000000  0.016100102598 -0.000000000000
  0.898039215686 -0.014928932214  0.080456045274 -0.049413996749 -0.000000000000  0.010875940701  0.000000000000  0.012364274254 -0.049284062119 -0.027295532103  0.000000000000  0.010875940701  0.000000000000
  0.901960784314  0.009147070864  0.058681704344 -0.107701629388  0.000000000000  0.014512704775 -0.000000000000 -0.005409954370 -0.025293414835 -0.165707236920  0.000000000000  0.014512704775 -0.000000000000
  0.905882352941 -0.012849028229 -0.072066689534  0.055485659563 -0.000000000000  0.008420202527  0.000000000000  0.009701328632 -0.055774378013 -0.130450175372  0.000000000000  0.008420202527  0.000000000000
  0.909803921569  0.010338805027 -0.125671173681 -0.331889611896  0.000000000000  0.011284357070  0.000000000000 -0.003375677226 -0.011381398806 -0.016331288244  0.000000000000  0.011284357070 -0.000000000000
  0.913725490196 -0.012878209802  0.148527646050 -0.004222069458 -0.000000000000  0.004798892827  0.000000000000  0.006691062112  0.047075394269  0.344266677676  0.000000000000  0.004798892827  0.000000000000
  0.917647058824  0.005857247265  0.184945672297  0.173990490630  0.000000000000  0.010385408102  0.000000000000 -0.006049170610  0.037514398346 -0.186923551187  0.000000000000  0.010385408102 -0.000000000000
  0.921568627451 -0.009354865842 -0.053957461856  0.225632964853 -0.000000000000  0.002435051836  0.000000000000  0.006310562540  0.021211189196  0.114099953892  0.000000000000  0.002435051836 -0.000000000000
  0.925490196078  0.004508101465 -0.125007853287  0.004221366724  0.000000000000  0.009694260934  0.000000000000 -0.001645112017 -0.143747175216 -0.374587449720  0.000000000000  0.009694260934 -0.000000000000
  0.929411764706 -0.005953581327 -0.037083743603 -0.082697425901 -0.000000000000  0.002887518598  0.000000000000  0.008509498859 -0.073047731461  0.181709980644  0.000000000000  0.002887518598  0.000000000000
  0.933333333333  0.000475116915 -0.031833420334 -0.393592922160  0.000000000000  0.009731267169  0.000000000000 -0.002388250690 -0.027726690319  0.180394331835  0.000000000000  0.009731267169 -0.000000000000
  0.937254901961 -0.009253283711 -0.099090426939 -0.115787272784 -0.000000000000  0.002376759742  0.000000000000  0.002890577038 -0.257698790217 -0.323608392538  0.000000000000  0.002376759742  0.000000000000
  0.941176470588  0.001315809866 -0.142428593503 -0.163252710542  0.000000000000  0.005688505337  0.000000000000 -0.002570293378 -0.200694839478 -0.208284749416  0.000000000000  0.005688505337 -0.000000000000
  0.945098039216 -0.009341951029 -0.000090685451  0.147338331379 -0.000000000000  0.003150764529  0.000000000000  0.002724979209  0.081856344582  0.325898401965  0.000000000000  0.003150764529 -0.000000000000
  0.949019607843 -0.002360183836  0.051889635706 -0.121525235646  0.000000000000  0.009032078255  0.000000000000 -0.000280212649  0.155092858662 -0.068246916454  0.000000000000  0.009032078255 -0.000000000000
  0.952941176471 -0.005688387187 -0.020071003868 -0.023514953014 -0.000000000000  0.003503114588  0.000000000000 -0.000036663119  0.107382834627  0.165041710637  0.000000000000  0.003503114588 -0.000000000000
  0.956862745098 -0.003134636736 -0.083941075375  0.098310731644 -0.000000000000  0.005508760615  0.000000000000 -0.000318386008 -0.023326389577  0.160274900669  0.000000000000  0.005508760615 -0.000000000000
  0.960784313725 -0.008559209361  0.087438314558 -0.017401363713 -0.000000000000  0.003754301864  0.000000000000  0.002884158929 -0.043605092013 -0.059325993099  0.000000000000  0.003754301864  0.000000000000
  0.964705882353 -0.002846081696  0.181355732025 -0.000600166649 -0.000000000000  0.005374181161  0.000000000000 -0.002042457050  0.112350715245 -0.076549044051  0.000000000000  0.005374181161 -0.000000000000
  0.968627450980 -0.005508460269  0.074319772237  0.043234402741 -0.000000000000  0.007309639058  0.000000000000 -0.000057523800 -0.004315496835 -0.357675984260  0.000000000000  0.007309639058 -0.000000000000
  0.972549019608  0.002739238308  0.040916233892  0.003518134492 -0.000000000000  0.004791076229  0.000000000000 -0.002567363625 -0.061233089943 -0.075380118102  0.000000000000  0.004791076229 -0.000000000000
  0.976470588235 -0.005335748158 -0.040966197796  0.000938809760 -0.000000000000  0.007645895821  0.000000000000 -0.000641572087  0.051988927885 -0.219553363248  0.000000000000  0.007645895821 -0.000000000000
  0.980392156863  0.007061233548  0.009150917838  0.248461135119 -0.000000000000  0.006450097263  0.000000000000 -0.001889392477  0.106351185548 -0.003735866818  0.000000000000  0.006450097263  0.000000000000
  0.984313725490 -0.003632017225  0.294179657592  0.554889375704 -0.000000000000  0.003069994439  0.000000000000  0.003124557938 -0.105324268099 -0.123653078049  0.000000000000  0.003069994439  0.000000000000
  0.988235294118  0.007351355659 -0.148394920367 -0.016752220641 -0.000000000000  0.000000000000  0.000000000000  0.002101735684 -0.201917708169 -0.196345902535  0.000000000000  0.000000000000  0.000000000000
  0.992156862745 -0.003815468578 -0.069120708293 -0.006835144069 -0.000000000000  0.000000000000  0.000000000000  0.005200572491 -0.013583317753  0.481188534738  0.000000000000  0.000000000000 -0.000000000000
  0.996078431373 -0.000381293993  0.072812653812 -0.256908069963  0.000000000000  0.035764647872  0.000000000000  0.003046224015  0.088782217410 -0.153912970596  0.000000000000  0.035764647872 -0.000000000000
  1.000000000000  0.000000000000 -0.022543106329 -0.467793733849 -0.000000000000  0.079018820229  0.000000000000 -0.000000000000  0.005543581503  0.151549735125  0.000000000000  0.079018820229  0.000000000000
