             Rad         v_r[Re]         v_t[Re]         v_x[Re]         p[Re]          p_mg[Re]  p_no_phase[Re]         v_r[Im]         v_t[Im]         v_x[Im]         p[Im]          p_mg[Im]  p_no_phase[Im]
  0.000000000000 -0.275700263940  0.000000000000 -0.069489140052  0.000000000000  0.136256184912 -0.000000000000  0.001327486410  0.000000000000  0.089897720391 -0.000000000000  0.136256184912  0.000000000000
  0.003921568627 -0.216633354813 -0.036560337034 -0.085069595556 -0.000000000000  0.121071347083  0.000000000000  0.024854473837 -0.048419191410  0.121899381298  0.000000000000  0.121071347083 -0.000000000000
  0.007843137255 -0.038022467112 -0.057489339405 -0.076838476912  0.000000000000  0.046927335526 -0.000000000000  0.096525461844  0.025551907477  0.132680675805 -0.000000000000  0.046927335526  0.000000000000
  0.011764705882 -0.129588338250 -0.028593781069  0.072209004974  0.000000000000  0.134850649750 -0.000000000000  0.042102381362 -0.077199645748  0.045635630108 -0.000000000000  0.134850649750  0.000000000000
  0.015686274510 -0.055278955630 -0.047895558940  0.095971210886 -0.000000000000  0.018755931187  0.000000000000  0.107714939303  0.074155264438  0.014251832207  0.000000000000  0.018755931187 -0.000000000000
  0.019607843137 -0.028017154150  0.098518393477  0.025047538772  0.000000000000  0.090236152342 -0.000000000000  0.037645901410 -0.112136846091  0.020123762437  0.000000000000  0.090236152342 -0.000000000000
  0.023529411765 -0.134097237704  0.035012706528  0.104331771057 -0.000000000000  0.047107932590  0.000000000000  0.014234766526 -0.046748401925  0.035970971546 -0.000000000000  0.047107932590  0.000000000000
  0.027450980392 -0.015047926732  0.097747405927 -0.109472051454  0.000000000000  0.122109628486 -0.000000000000  0.011195751684  0.085573591687 -0.228756888945 -0.000000000000  0.122109628486  0.000000000000
  0.031372549020 -0.077310291461  0.137204376451  0.048162145277  0.000000000000  0.035221233486 -0.000000000000 -0.046536888850  0.016783711266 -0.077034781756 -0.000000000000  0.035221233486  0.000000000000
  0.035294117647  0.013879890499  0.039773676025  0.195083670020 -0.000000000000  0.044834161483  0.000000000000 -0.045016729698 -0.065085981918  0.099346247655 -0.000000000000  0.044834161483  0.000000000000
  0.039215686275 -0.110880187159  0.004647686773  0.132433266442 -0.000000000000  0.027575259357  0.000000000000 -0.051150224483 -0.062190963781  0.282382184586 -0.000000000000  0.027575259357  0.000000000000
  0.043137254902  0.006750017955 -0.036723778865 -0.084579205094  0.000000000000  0.058561995496 -0.000000000000 -0.034568374939  0.227593050437  0.075151314661  0.000000000000  0.058561995496 -0.000000000000
  0.047058823529 -0.030525198052 -0.045280079220 -0.206982420270 -0.000000000000  0.046800406349  0.000000000000 -0.032837696627 -0.104871638328 -0.102331387719  0.000000000000  0.046800406349 -0.000000000000
  0.050980392157 -0.021514463574 -0.059410085084 -0.289393809510 -0.000000000000  0.018147369185  0.000000000000 -0.017248848824 -0.110965269941 -0.328465936921  0.000000000000  0.018147369185 -0.000000000000
  0.054901960784 -0.056206033707  0.028441106519  0.147252547957 -0.000000000000  0.073487647336  0.000000000000 -0.016443512135 -0.114662039197 -0.272839149528  0.000000000000  0.073487647336 -0.000000000000
  0.058823529412 -0.041965783018 -0.096740588646  0.353496288365 -0.000000000000  0.077889495193  0.000000000000 -0.020715962206  0.173580492747 -0.009551348838 -0.000000000000  0.077889495193  0.000000000000
  0.062745098039 -0.004172639492  0.206835141589  0.080104143256 -0.000000000000  0.069079972542  0.000000000000  0.017661146282  0.166955869803  0.277102018696 -0.000000000000  0.069079972542  0.000000000000
  0.066666666667 -0.004051933963 -0.187131262531 -0.120622914755 -0.000000000000  0.048507339292  0.000000000000 -0.073375855308 -0.108968427240  0.501310569302  0.000000000000  0.048507339292 -0.000000000000
  0.070588235294 -0.037199266523 -0.067030507971 -0.123527503107 -0.000000000000  0.056542491902  0.000000000000  0.068432360996 -0.033843833649  0.293705241124  0.000000000000  0.056542491902 -0.000000000000
  0.074509803922 -0.012046675087  0.108798008974 -0.269834664333 -0.000000000000  0.076081091800  0.000000000000 -0.068021468860  0.179999762021 -0.018480815426  0.000000000000  0.076081091800  0.000000000000
  0.078431372549  0.002253386424 -0.103476261027 -0.246478063497 -0.000000000000  0.076172280718  0.000000000000  0.048454971002  0.090727737350 -0.105984677125  0.000000000000  0.076172280718 -0.000000000000
  0.082352941176  0.007536038480 -0.130668368746 -0.341993544468 -0.000000000000  0.092888539905  0.000000000000 -0.056038036319 -0.100148851601  0.177387270676  0.000000000000  0.092888539905 -0.000000000000
  0.086274509804 -0.020322848682  0.059276961730 -0.145671920181  0.000000000000  0.062304717551 -0.000000000000  0.073316535317  0.017791154029  0.303456965283 -0.000000000000  0.062304717551  0.000000000000
  0.090196078431  0.007858216197 -0.015272053569 -0.029805608113 -0.000000000000  0.076961145180  0.000000000000 -0.075765855027 -0.096332553801  0.363537984295 -0.000000000000  0.076961145180  0.000000000000
  0.094117647059 -0.043462216064 -0.202336983142  0.126540867271 -0.000000000000  0.020282997939  0.000000000000  0.082093340902  0.175514024167 -0.018104328862 -0.000000000000  0.020282997939  0.000000000000
  0.098039215686  0.041016394369  0.137575096380  0.279389069660 -0.000000000000  0.067918618692  0.000000000000 -0.046899181465  0.052523231015 -0.172642176324 -0.000000000000  0.067918618692  0.000000000000
  0.101960784314 -0.035631698081 -0.164382958920  0.423494360658  0.000000000000  0.014830757839  0.000000000000  0.068215833641 -0.291776560034 -0.178830835155  0.000000000000  0.014830757839 -0.000000000000
  0.105882352941  0.001673782249  0.062903231563  0.253211803333 -0.000000000000  0.043069143592  0.000000000000 -0.020213818501  0.100829032807  0.054832949687 -0.000000000000  0.043069143592  0.000000000000
  0.109803921569 -0.021678172162 -0.087251311285 -0.105694690105 -0.000000000000  0.019257837648  0.000000000000  0.064366106117 -0.034392079188  0.203305126533 -0.000000000000  0.019257837648  0.000000000000
  0.113725490196 -0.004880031076  0.122879008778 -0.346143598506 -0.000000000000  0.047260038454  0.000000000000 -0.014004880392  0.124505882129 -0.064602206119  0.000000000000  0.047260038454 -0.000000000000
  0.117647058824 -0.003155025235 -0.068258724675 -0.015881663071 -0.000000000000  0.031640708360  0.000000000000  0.042953427634 -0.128665128889 -0.275081502128  0.000000000000  0.031640708360 -0.000000000000
  0.121568627451 -0.017510042624  0.046220712874  0.505434376253 -0.000000000000  0.055712590064  0.000000000000 -0.008016403071  0.087019590604 -0.242473435627 -0.000000000000  0.055712590064  0.000000000000
  0.125490196078  0.013006494078  0.098361006376  0.484481691207  0.000000000000  0.034559226405 -0.000000000000  0.045435034350 -0.064960536403  0.070897187519 -0.000000000000  0.034559226405  0.000000000000
  0.129411764706 -0.027555128300 -0.008808644692  0.210910737900  0.000000000000  0.040134869323 -0.000000000000 -0.015551505711  0.079590807593  0.085841842088 -0.000000000000  0.040134869323  0.000000000000
  0.133333333333  0.022977333772  0.013972453162 -0.223505065513  0.000000000000  0.037955691526 -0.000000000000  0.050753668088  0.035291020737  0.026145235637 -0.000000000000  0.037955691526  0.000000000000
  0.137254901961 -0.025164972719  0.072973124048 -0.346305680881  0.000000000000  0.025862624567 -0.000000000000 -0.023686795430 -0.316577674797  0.007569698755 -0.000000000000  0.025862624567  0.000000000000
  0.141176470588 -0.011883713851  0.096706206821 -0.072402120942  0.000000000000  0.001925255192 -0.000000000000  0.038335167675  0.228637226513 -0.224480659184 -0.000000000000  0.001925255192  0.000000000000
  0.145098039216  0.004420635127  0.306720418789  0.213421219074  0.000000000000  0.018274867790 -0.000000000000 -0.037697380603 -0.117793265886 -0.079643973881 -0.000000000000  0.018274867790  0.000000000000
  0.149019607843 -0.023607756986 -0.333318019178  0.276729976999  0.000000000000  0.015811567360 -0.000000000000  0.010561683559 -0.048178786230  0.135010191822 -0.000000000000  0.015811567360  0.000000000000
  0.152941176471 -0.001526109460  0.187794686346 -0.029432368855  0.000000000000  0.013600073235 -0.000000000000  0.001173710982  0.082969027208  0.048322426369 -0.000000000000  0.013600073235  0.000000000000
  0.156862745098 -0.015777849991  0.163320800848 -0.070013057842  0.000000000000  0.007948714563 -0.000000000000 -0.009221184436 -0.031670621529 -0.203543866926 -0.000000000000  0.007948714563  0.000000000000
  0.160784313725 -0.000711434142  0.083578285737  0.192201842609 -0.000000000000  0.023090384799  0.000000000000 -0.015795553926  0.096650633986 -0.368678526557 -0.000000000000  0.023090384799  0.000000000000
  0.164705882353 -0.000530623168 -0.166196998876  0.422639247602  0.000000000000  0.004856182884 -0.000000000000 -0.013589717842 -0.050643561947 -0.152128612652 -0.000000000000  0.004856182884  0.000000000000
  0.168627450980 -0.003123031569  0.148525828442  0.311309635950 -0.000000000000  0.023826966879  0.000000000000  0.007309496359  0.014695835324 -0.143596891153  0.000000000000  0.023826966879 -0.000000000000
  0.172549019608  0.003234188816  0.104548464840  0.018121209172  0.000000000000  0.019772749758 -0.000000000000 -0.022862762144  0.069172342047 -0.112136182080 -0.000000000000  0.019772749758  0.000000000000
  0.176470588235  0.004777353514 -0.005428600702 -0.094083756825 -0.000000000000  0.017147486669  0.000000000000 -0.000871438813 -0.058919378641 -0.184468144345  0.000000000000  0.017147486669 -0.000000000000
  0.180392156863  0.000678201842  0.157627367613 -0.172839705772  0.000000000000  0.037709520121 -0.000000000000 -0.023817312882  0.021684033674 -0.294905744845 -0.000000000000  0.037709520121  0.000000000000
  0.184313725490  0.011259407092 -0.144228106803 -0.094520625986  0.000000000000  0.027923514971 -0.000000000000 -0.016253842160  0.101951825538 -0.193616804823  0.000000000000  0.027923514971 -0.000000000000
  0.188235294118  0.011912955596  0.264601523050  0.011566282373  0.000000000000  0.052880896916 -0.000000000000 -0.012333604017 -0.165412774550 -0.016884659265  0.000000000000  0.052880896916 -0.000000000000
  0.192156862745 -0.002756506537 -0.112211799546  0.074851483548  0.000000000000  0.027287442801 -0.000000000000 -0.037608637033  0.181467175376 -0.068884557718  0.000000000000  0.027287442801 -0.000000000000
  0.196078431373  0.027919655118  0.123765972916 -0.103423367030  0.000000000000  0.047365768243 -0.000000000000 -0.000464269787 -0.191345800816  0.026838472700 -0.000000000000  0.047365768243  0.000000000000
  0.200000000000 -0.019601952458 -0.036466401521 -0.321419706401 -0.000000000000  0.034870487861  0.000000000000 -0.049113671401  0.002456531387  0.102196750999  0.000000000000  0.034870487861 -0.000000000000
  0.203921568627  0.027277941974 -0.117094903471 -0.178279513415  0.000000000000  0.050940035661 -0.000000000000 -0.000720011282  0.039447265794  0.160246104079 -0.000000000000  0.050940035661 -0.000000000000
  0.207843137255 -0.020130363389  0.186228228429 -0.053572742818  0.000000000000  0.034562543607 -0.000000000000 -0.042875219779  0.072862158305  0.101923320069 -0.000000000000  0.034562543607  0.000000000000
  0.211764705882  0.031937811967 -0.148447525061  0.207808146947  0.000000000000  0.055501029943 -0.000000000000 -0.013997395846 -0.239126511561  0.220677394539 -0.000000000000  0.055501029943  0.000000000000
  0.215686274510 -0.042487926433 -0.224429835585 -0.313189644666  0.000000000000  0.014271347203 -0.000000000000 -0.028100949105  0.040409941076  0.120786542993  0.000000000000  0.014271347203 -0.000000000000
  0.219607843137  0.034527041408  0.141215535892 -0.663744147301  0.000000000000  0.042732314165 -0.000000000000 -0.001566152031  0.194139785507 -0.187977757504  0.000000000000  0.042732314165 -0.000000000000
  0.223529411765 -0.026905236812 -0.094382378845 -0.362809537123  0.000000000000  0.011446585939 -0.000000000000 -0.048543511995 -0.322242228158 -0.087569201882  0.000000000000  0.011446585939 -0.000000000000
  0.227450980392  0.014231229649 -0.107239586046  0.117912656762  0.000000000000  0.039634348249 -0.000000000000  0.001069323929  0.156610506822  0.006531310570  0.000000000000  0.039634348249 -0.000000000000
  0.231372549020 -0.016697696191 -0.009511382286  0.200684110249  0.000000000000  0.017543940421 -0.000000000000 -0.039334941411 -0.001512321761  0.323198076576 -0.000000000000  0.017543940421  0.000000000000
  0.235294117647  0.009624949210 -0.228383138935 -0.175868737531  0.000000000000  0.035163062277 -0.000000000000  0.006195537294 -0.131535482835  0.201322363151  0.000000000000  0.035163062277 -0.000000000000
  0.239215686275 -0.028945557874  0.054287430147 -0.175724863437  0.000000000000  0.028527228233 -0.000000000000 -0.027074642020  0.083509409528 -0.094168856498  0.000000000000  0.028527228233 -0.000000000000
  0.243137254902  0.017527169282 -0.113898373242  0.334703365344  0.000000000000  0.033108153416 -0.000000000000  0.000766930544 -0.078662037346 -0.162695761579  0.000000000000  0.033108153416 -0.000000000000
  0.247058823529 -0.032033830205 -0.082754490506  0.615629573992  0.000000000000  0.023491093767 -0.000000000000 -0.014500850702  0.052744451256 -0.103943170314  0.000000000000  0.023491093767 -0.000000000000
  0.250980392157  0.023523451423  0.021525572964  0.421982730220  0.000000000000  0.029723419920 -0.000000000000  0.016138462870  0.090540748272  0.289145346652 -0.000000000000  0.029723419920 -0.000000000000
  0.254901960784 -0.031645754576 -0.087438128205  0.098245133432  0.000000000000  0.019693686966 -0.000000000000 -0.009731189032 -0.227401143120  0.511466796620  0.000000000000  0.019693686966 -0.000000000000
  0.258823529412  0.002480241875 -0.191263838909 -0.209444769451  0.000000000000  0.033225836962 -0.000000000000  0.023359792093  0.039717731451  0.021230612933  0.000000000000  0.033225836962 -0.000000000000
  0.262745098039 -0.029646807403  0.177101399180 -0.075366879796  0.000000000000  0.022461343376 -0.000000000000 -0.002132721855  0.161020882071 -0.184021387566 -0.000000000000  0.022461343376  0.000000000000
  0.266666666667  0.015865018191 -0.143605394778  0.182855571074  0.000000000000  0.019695473492 -0.000000000000  0.011668012005 -0.080723330498 -0.180637081936  0.000000000000  0.019695473492 -0.000000000000
  0.270588235294 -0.032028333937 -0.161783890346 -0.013175720521  0.000000000000  0.015741771641 -0.000000000000  0.008839800168 -0.177196036334 -0.157373965236  0.000000000000  0.015741771641 -0.000000000000
  0.274509803922  0.008989752925  0.057962381388 -0.125426580791  0.000000000000  0.028907547285 -0.000000000000  0.020583884196  0.260265375044  0.131137559391 -0.000000000000  0.028907547285  0.000000000000
  0.278431372549 -0.019469936631  0.024872714473 -0.240623894449  0.000000000000  0.032911718198 -0.000000000000  0.002972077334  0.009085148482  0.411133485947  0.000000000000  0.032911718198 -0.000000000000
  0.282352941176  0.003600888475 -0.136587639419  0.056734066824  0.000000000000  0.011439347203 -0.000000000000  0.015324391557 -0.031611949378  0.344031603001  0.000000000000  0.011439347203 -0.000000000000
  0.286274509804 -0.026722754885 -0.237654599319  0.278041078757  0.000000000000  0.036438905238 -0.000000000000  0.011024548127 -0.102206884161  0.285620086918  0.000000000000  0.036438905238 -0.000000000000
  0.290196078431 -0.005747673558  0.168157352797  0.084717079271  0.000000000000  0.023065919310 -0.000000000000  0.032405947655  0.270101704894 -0.049725314525 -0.000000000000  0.023065919310  0.000000000000
  0.294117647059 -0.011187315266 -0.005202652518  0.190479648109  0.000000000000  0.037623387636 -0.000000000000  0.002388020428 -0.047580743194 -0.015823904876  0.000000000000  0.037623387636 -0.000000000000
  0.298039215686 -0.007738766672 -0.276416113480  0.261303334530  0.000000000000  0.025719688651 -0.000000000000  0.035607657960 -0.039150201388 -0.110025206293 -0.000000000000  0.025719688651  0.000000000000
  0.301960784314 -0.011318314838  0.050336711932  0.328335712763  0.000000000000  0.046157735331 -0.000000000000  0.020098069132  0.060463847427 -0.300815625419 -0.000000000000  0.046157735331  0.000000000000
  0.305882352941  0.000414871096  0.008246825474  0.436270058064  0.000000000000  0.041715301443 -0.000000000000  0.037621100185  0.138915708466 -0.453905767359 -0.000000000000  0.041715301443  0.000000000000
  0.309803921569  0.002915020395 -0.003762555294  0.571500776013  0.000000000000  0.036021474367 -0.000000000000  0.025553963302 -0.054735577430 -0.258039626676  0.000000000000  0.036021474367 -0.000000000000
  0.313725490196  0.001617331888 -0.249828045820  0.280732376629  0.000000000000  0.025716378635 -0.000000000000  0.046129391590  0.084971168025  0.077893064162 -0.000000000000  0.025716378635  0.000000000000
  0.317647058824  0.005901293513  0.039591192822 -0.458951033490  0.000000000000  0.040318561492 -0.000000000000  0.041295775927 -0.037754566614  0.113994182711 -0.000000000000  0.040318561492 -0.000000000000
  0.321568627451 -0.002180946149  0.116990733776 -0.891570847707  0.000000000000  0.021259283315 -0.000000000000  0.035955390270  0.155139493168 -0.108429152293 -0.000000000000  0.021259283315  0.000000000000
  0.325490196078  0.015223116923 -0.237331752196 -0.423949441689  0.000000000000  0.056516586620 -0.000000000000  0.020726525064  0.038652658354 -0.200493897087  0.000000000000  0.056516586620 -0.000000000000
  0.329411764706  0.002460012780  0.105479123325  0.170512706279  0.000000000000  0.038845304240 -0.000000000000  0.040243443415 -0.064081529488 -0.004634518755 -0.000000000000  0.038845304240 -0.000000000000
  0.333333333333  0.012185742120 -0.046376512696  0.912595708769  0.000000000000  0.055091568271 -0.000000000000  0.017420241561  0.062828960429  0.035453548836  0.000000000000  0.055091568271 -0.000000000000
  0.337254901961  0.004573812298 -0.076479340039  0.840376742023  0.000000000000  0.050869663945 -0.000000000000  0.056331206310  0.157722813342 -0.083991123300 -0.000000000000  0.050869663945  0.000000000000
  0.341176470588  0.020732827015  0.159454396145  0.435180504745  0.000000000000  0.041764348652 -0.000000000000  0.032849772381 -0.098654620403 -0.123543351236  0.000000000000  0.041764348652 -0.000000000000
  0.345098039216  0.001499285890 -0.203122163728  0.321520904065  0.000000000000  0.059875461842 -0.000000000000  0.055071163383  0.011438991462 -0.048731891554 -0.000000000000  0.059875461842  0.000000000000
  0.349019607843  0.021983128321  0.344802646214  0.171613122388  0.000000000000  0.035110592000 -0.000000000000  0.045874445817  0.137305540523  0.035128343128  0.000000000000  0.035110592000 -0.000000000000
  0.352941176471  0.006625285702 -0.231383674293  0.146903844059  0.000000000000  0.049825875975 -0.000000000000  0.041235499363 -0.041044487308  0.221446444637  0.000000000000  0.049825875975 -0.000000000000
  0.356862745098  0.016538030594  0.085674444328 -0.100903490477  0.000000000000  0.052145596790 -0.000000000000  0.057546194269  0.065657242563  0.211079690979  0.000000000000  0.052145596790 -0.000000000000
  0.360784313725  0.005836791166  0.182234380934 -0.036783532929  0.000000000000  0.052524513410 -0.000000000000  0.034622038349 -0.024545472731  0.196429007942 -0.000000000000  0.052524513410  0.000000000000
  0.364705882353  0.012262710023 -0.134308656972  0.784512180567  0.000000000000  0.049497368310 -0.000000000000  0.048293310713  0.074585015604  0.110090863833  0.000000000000  0.049497368310 -0.000000000000
  0.368627450980  0.007054119122  0.016501704623  0.317867116577 -0.000000000000  0.043900943304  0.000000000000  0.051666262377 -0.051666398771 -0.033066663634  0.000000000000  0.043900943304 -0.000000000000
  0.372549019608  0.010432744985  0.150574839655  0.079473154714  0.000000000000  0.048380988094  0.000000000000  0.051477979186  0.176613397577 -0.334136713121  0.000000000000  0.048380988094 -0.000000000000
  0.376470588235  0.019512196173  0.054578299083 -0.316170520416 -0.000000000000  0.046896866226  0.000000000000  0.045489159919 -0.170186535674 -0.275643783797  0.000000000000  0.046896866226  0.000000000000
  0.380392156863  0.007258959304  0.036513481199 -0.374966685412 -0.000000000000  0.047265019266  0.000000000000  0.043296654984  0.149340179794 -0.344369904320 -0.000000000000  0.047265019266  0.000000000000
  0.384313725490  0.030922765691 -0.083168281803  0.042756791181 -0.000000000000  0.045919940666  0.000000000000  0.037208904459 -0.013758195403  0.052341411023 -0.000000000000  0.045919940666  0.000000000000
  0.388235294118  0.005245281716  0.235815077501  0.240581844417 -0.000000000000  0.059925159335  0.000000000000  0.046602608098  0.147960448422  0.044566615409 -0.000000000000  0.059925159335  0.000000000000
  0.392156862745  0.036095916177  0.084251519883  0.207596756231 -0.000000000000  0.040974969082  0.000000000000  0.030513388563 -0.202416908387 -0.103757727208 -0.000000000000  0.040974969082  0.000000000000
  0.396078431373 -0.001945740752 -0.066285239210 -0.157326320432 -0.000000000000  0.051313975669  0.000000000000  0.045878699237  0.223730962089 -0.447321683090 -0.000000000000  0.051313975669  0.000000000000
  0.400000000000  0.052011888574 -0.019034594129 -0.329096381210 -0.000000000000  0.031700813366  0.000000000000  0.029762193608 -0.053102959104 -0.143402914624  0.000000000000  0.031700813366 -0.000000000000
  0.403921568627 -0.002798593204  0.215358569863 -0.514055772356 -0.000000000000  0.048679909615  0.000000000000  0.040879285309 -0.005529942380  0.133471989416 -0.000000000000  0.048679909615  0.000000000000
  0.407843137255  0.049757796880  0.043367008159 -0.470410581829  0.000000000000  0.019661461302  0.000000000000  0.012541361513  0.072163114689  0.105475986625  0.000000000000  0.019661461302 -0.000000000000
  0.411764705882 -0.002634494783 -0.123707650459 -0.293520496231 -0.000000000000  0.045936505166  0.000000000000  0.031591153909 -0.100456534732 -0.075503583321  0.000000000000  0.045936505166 -0.000000000000
  0.415686274510  0.047165432059  0.158144221437 -0.425545476856 -0.000000000000  0.013902352665  0.000000000000  0.012048054568  0.123126942346 -0.311514941146  0.000000000000  0.013902352665 -0.000000000000
  0.419607843137  0.006008399997  0.064782940204 -0.383988763507 -0.000000000000  0.040901858257  0.000000000000  0.018720902489 -0.059744145243 -0.063844417343 -0.000000000000  0.040901858257  0.000000000000
  0.423529411765  0.045821180582  0.071416494511 -0.167853179187 -0.000000000000  0.021095783360  0.000000000000  0.003252985847 -0.026246063904  0.026903464065 -0.000000000000  0.021095783360  0.000000000000
  0.427450980392  0.003765768052 -0.046579645107  0.197783066293 -0.000000000000  0.023543330727  0.000000000000  0.013382615612 -0.045484696454  0.250883497790  0.000000000000  0.023543330727 -0.000000000000
  0.431372549020  0.040147493332 -0.062897003489  0.033878251399 -0.000000000000  0.032965089466  0.000000000000  0.007819257513  0.304621411923  0.027607734037  0.000000000000  0.032965089466  0.000000000000
  0.435294117647  0.013679893385  0.332358532166 -0.224763158112 -0.000000000000  0.025191555943  0.000000000000  0.016059034608 -0.407635277209  0.195020075265  0.000000000000  0.025191555943 -0.000000000000
  0.439215686275  0.022152310792 -0.072388703862  0.107774493205 -0.000000000000  0.022460905277  0.000000000000 -0.007972675102  0.280093655084 -0.162306837038  0.000000000000  0.022460905277 -0.000000000000
  0.443137254902  0.025833650831 -0.138093337413  0.169233914101 -0.000000000000  0.030341448436  0.000000000000  0.020477294944  0.039010487537 -0.134073681610  0.000000000000  0.030341448436 -0.000000000000
  0.447058823529  0.025179096822  0.220893180648 -0.081779680983 -0.000000000000  0.031961181157  0.000000000000 -0.000792195737 -0.201883738879 -0.064415368686  0.000000000000  0.031961181157 -0.000000000000
  0.450980392157  0.019318709486  0.163861739110 -0.121735844052 -0.000000000000  0.030646247916  0.000000000000  0.011457736672  0.067392082945 -0.121748180049 -0.000000000000  0.030646247916  0.000000000000
  0.454901960784  0.029096967089 -0.150769345945  0.121844194966 -0.000000000000  0.026271441916  0.000000000000 -0.008600581342  0.128166437597 -0.170297186536 -0.000000000000  0.026271441916  0.000000000000
  0.458823529412  0.025907898387  0.092271361610  0.033930746340 -0.000000000000  0.036888027890  0.000000000000  0.018716247011 -0.069197734949 -0.133937963149  0.000000000000  0.036888027890 -0.000000000000
  0.462745098039  0.028389350160  0.144873953146  0.052598478627 -0.000000000000  0.020687359296  0.000000000000 -0.011542846652 -0.122489554842 -0.026372521624 -0.000000000000  0.020687359296  0.000000000000
  0.466666666667  0.021688221274 -0.045052908487 -0.068244222775 -0.000000000000  0.031158510224  0.000000000000  0.014825981191  0.169880099243 -0.086954756560 -0.000000000000  0.031158510224  0.000000000000
  0.470588235294  0.035099093858  0.073504323571 -0.131077778396 -0.000000000000  0.022294259197  0.000000000000 -0.011348136940 -0.041352741668  0.121470215109 -0.000000000000  0.022294259197  0.000000000000
  0.474509803922  0.017819396515  0.063928697879 -0.009739958535 -0.000000000000  0.027298884796  0.000000000000  0.010508850674 -0.169963542455  0.079312570423 -0.000000000000  0.027298884796  0.000000000000
  0.478431372549  0.027941810124 -0.017165343831 -0.053624737502 -0.000000000000  0.019512706000  0.000000000000 -0.013787965999  0.118038722841  0.098268930155 -0.000000000000  0.019512706000  0.000000000000
  0.482352941176  0.019689982700  0.029791328705 -0.055631542749 -0.000000000000  0.020183058750  0.000000000000  0.010456508709 -0.056455813286  0.224621627445  0.000000000000  0.020183058750  0.000000000000
  0.486274509804  0.022262209887  0.175140773357 -0.118432718671 -0.000000000000  0.026930677031  0.000000000000 -0.015799465879  0.038680327736  0.084837626425 -0.000000000000  0.026930677031  0.000000000000
  0.490196078431  0.019247881010 -0.266076766589  0.123506073552 -0.000000000000  0.019448697908  0.000000000000  0.003203868301 -0.079097778923 -0.001558249262 -0.000000000000  0.019448697908  0.000000000000
  0.494117647059  0.019447557991  0.365237859364 -0.240678617105 -0.000000000000  0.029574173593  0.000000000000 -0.005398921068  0.076177381650 -0.172860593970 -0.000000000000  0.029574173593  0.000000000000
  0.498039215686  0.024069057918 -0.232673433339  0.119073971326 -0.000000000000  0.026615798164  0.000000000000 -0.012080638074  0.018355761068  0.038957856828 -0.000000000000  0.026615798164  0.000000000000
  0.501960784314  0.019035548279  0.228317290085 -0.213502946526 -0.000000000000  0.038340400556  0.000000000000  0.003987449315 -0.090509471256  0.121107625159 -0.000000000000  0.038340400556  0.000000000000
  0.505882352941  0.019043479046 -0.209268496701  0.017413953652 -0.000000000000  0.028448376446  0.000000000000 -0.022626923112  0.068059119523 -0.212917947438 -0.000000000000  0.028448376446  0.000000000000
  0.509803921569  0.024190550209  0.219550728486 -0.215021763823 -0.000000000000  0.038812476149  0.000000000000  0.011100360016 -0.029692770055 -0.120217036509 -0.000000000000  0.038812476149  0.000000000000
  0.513725490196  0.019643450477 -0.093147568318 -0.007448403148 -0.000000000000  0.031001240023  0.000000000000 -0.032925995325 -0.014407113332 -0.071696131708 -0.000000000000  0.031001240023  0.000000000000
  0.517647058824  0.024575383547  0.046983960891 -0.021049158911 -0.000000000000  0.039455686258  0.000000000000  0.014330409831 -0.042850054689  0.062747808972 -0.000000000000  0.039455686258  0.000000000000
  0.521568627451  0.016988330318 -0.014162670176 -0.146518657761 -0.000000000000  0.031410602770  0.000000000000 -0.034897062022  0.024827189784 -0.196681559332 -0.000000000000  0.031410602770  0.000000000000
  0.525490196078  0.028151803264 -0.009762953277 -0.104910539245 -0.000000000000  0.037620304372  0.000000000000  0.012982790762 -0.103895434344 -0.105169085238 -0.000000000000  0.037620304372  0.000000000000
  0.529411764706  0.015116509042  0.034585436528 -0.015544024893 -0.000000000000  0.029811501350  0.000000000000 -0.036445059095  0.041513868774  0.015060347346  0.000000000000  0.029811501350  0.000000000000
  0.533333333333  0.028921654795  0.025430774004  0.082195122819 -0.000000000000  0.040659787319  0.000000000000  0.012254136047 -0.003356911611  0.251878799140 -0.000000000000  0.040659787319  0.000000000000
  0.537254901961  0.010641417908 -0.073531867085  0.106105797417 -0.000000000000  0.025742650286  0.000000000000 -0.036083895660 -0.097207870701  0.073996576783 -0.000000000000  0.025742650286  0.000000000000
  0.541176470588  0.024767389007  0.060387593000  0.005317431911 -0.000000000000  0.038179301734  0.000000000000  0.016592228739  0.034454951801 -0.204382934925 -0.000000000000  0.038179301734  0.000000000000
  0.545098039216  0.014487171319  0.069605629059 -0.094336806803 -0.000000000000  0.022685398251  0.000000000000 -0.037991317061 -0.076703671247  0.033768818248 -0.000000000000  0.022685398251  0.000000000000
  0.549019607843  0.021821933654 -0.035154509108  0.070844390263 -0.000000000000  0.040527146714  0.000000000000  0.013656033661  0.017943048614  0.138691881077 -0.000000000000  0.040527146714  0.000000000000
  0.552941176471  0.012512529023  0.013244914389  0.024173123997 -0.000000000000  0.021588133531  0.000000000000 -0.036070704157 -0.046445781214  0.166530974275  0.000000000000  0.021588133531 -0.000000000000
  0.556862745098  0.017714589581  0.028560277829 -0.083436570747 -0.000000000000  0.030324297266  0.000000000000  0.014171118862  0.009675816764 -0.029967346759 -0.000000000000  0.030324297266  0.000000000000
  0.560784313725  0.013005662007  0.120799372203 -0.088571324037 -0.000000000000  0.023000166523  0.000000000000 -0.038383621201  0.023356357738 -0.062334880198  0.000000000000  0.023000166523  0.000000000000
  0.564705882353  0.019163818944 -0.197921357906  0.210484388524 -0.000000000000  0.028192894751  0.000000000000  0.009939595204 -0.144682195192  0.172599584483 -0.000000000000  0.028192894751  0.000000000000
  0.568627450980  0.006013103526  0.155625748532  0.095840294822 -0.000000000000  0.024358807809  0.000000000000 -0.029722139739  0.151279371917  0.097654487443  0.000000000000  0.024358807809 -0.000000000000
  0.572549019608  0.021722268541 -0.025951352103  0.071791385078 -0.000000000000  0.029991391436  0.000000000000  0.007559808828 -0.181852136434  0.262742328548 -0.000000000000  0.029991391436  0.000000000000
  0.576470588235 -0.003388160400 -0.043816079718  0.046063399977 -0.000000000000  0.022150637441  0.000000000000 -0.027988563442  0.034117971002  0.026820297984  0.000000000000  0.022150637441 -0.000000000000
  0.580392156863  0.022276035568  0.090090131024  0.039869901338 -0.000000000000  0.035936848098  0.000000000000  0.009855443025  0.058488967300 -0.013342374776 -0.000000000000  0.035936848098  0.000000000000
  0.584313725490 -0.001899112855 -0.093915433220  0.185347628845 -0.000000000000  0.025088564511  0.000000000000 -0.029931203294 -0.157771549399  0.154669526354  0.000000000000  0.025088564511 -0.000000000000
  0.588235294118  0.015639860531  0.190228407627 -0.044060482662 -0.000000000000  0.034933052292  0.000000000000  0.015685837612  0.122497993947 -0.023673479892 -0.000000000000  0.034933052292  0.000000000000
  0.592156862745  0.001530317548 -0.137942136106  0.077462508399 -0.000000000000  0.023016776375  0.000000000000 -0.035904250158 -0.066389486773  0.011515243835  0.000000000000  0.023016776375 -0.000000000000
  0.596078431373  0.013680298247  0.005578378695  0.105850946433 -0.000000000000  0.030253315116  0.000000000000  0.021030585086 -0.125273145729  0.150061884563 -0.000000000000  0.030253315116  0.000000000000
  0.600000000000 -0.004300260021  0.154549140817 -0.087459767082 -0.000000000000  0.020375852700  0.000000000000 -0.034667360819  0.089232898083 -0.025970492603  0.000000000000  0.020375852700 -0.000000000000
  0.603921568627  0.016476777297 -0.187283337236  0.043455725282 -0.000000000000  0.026013270189  0.000000000000  0.016071334873 -0.074279459028  0.062085785392 -0.000000000000  0.026013270189  0.000000000000
  0.607843137255 -0.007417475413  0.135341855450 -0.161781689340 -0.000000000000  0.021809508288  0.000000000000 -0.029329918752 -0.007210943290 -0.071652611250 -0.000000000000  0.021809508288  0.000000000000
  0.611764705882  0.017510360328 -0.125114925589  0.126398999314 -0.000000000000  0.027077852025  0.000000000000  0.010419340404 -0.067355050098 -0.000858162477 -0.000000000000  0.027077852025  0.000000000000
  0.615686274510 -0.009355558406  0.149747853095  0.019593973157 -0.000000000000  0.025404619081  0.000000000000 -0.024272695623  0.135039188845  0.031270035550  0.000000000000  0.025404619081 -0.000000000000
  0.619607843137  0.020579517942 -0.090890624834  0.072159107602 -0.000000000000  0.030046887254  0.000000000000  0.007220671233 -0.170743258217  0.206531061447 -0.000000000000  0.030046887254  0.000000000000
  0.623529411765 -0.017178375690 -0.068932530257 -0.119022222974 -0.000000000000  0.027171269055  0.000000000000 -0.020931160478  0.047758448001 -0.147947561585  0.000000000000  0.027171269055 -0.000000000000
  0.627450980392  0.024317814593  0.136651920000 -0.087659562195 -0.000000000000  0.028653483316  0.000000000000  0.007351092713 -0.006752534733 -0.145019054066 -0.000000000000  0.028653483316  0.000000000000
  0.631372549020 -0.015376353050 -0.107611231844  0.231124462243 -0.000000000000  0.024347638591  0.000000000000 -0.025814399093 -0.017682018459  0.048777850729 -0.000000000000  0.024347638591  0.000000000000
  0.635294117647  0.023304377627 -0.073670618878  0.157204272051 -0.000000000000  0.024024048881  0.000000000000  0.013970821216 -0.030778461654  0.145706274068 -0.000000000000  0.024024048881  0.000000000000
  0.639215686275 -0.018709612044  0.028514943037 -0.036077223655 -0.000000000000  0.026022139321  0.000000000000 -0.021701901375 -0.092733268618  0.041672246094 -0.000000000000  0.026022139321  0.000000000000
  0.643137254902  0.020604598094 -0.013721158755  0.069355293489 -0.000000000000  0.027358298494  0.000000000000  0.012971431778  0.136792977218 -0.191032524066 -0.000000000000  0.027358298494  0.000000000000
  0.647058823529 -0.012627884940 -0.154282390695  0.203200416480 -0.000000000000  0.024424653468  0.000000000000 -0.020437500987 -0.163727111306  0.020310654502  0.000000000000  0.024424653468  0.000000000000
  0.650980392157  0.016469922772  0.049227429772 -0.152801306939 -0.000000000000  0.025743763941  0.000000000000  0.020146795744  0.038086587625  0.046624227102 -0.000000000000  0.025743763941  0.000000000000
  0.654901960784 -0.012639929070 -0.026534751191 -0.171640780399 -0.000000000000  0.027944970967  0.000000000000 -0.024263319839 -0.012544704991  0.015048883191  0.000000000000  0.027944970967  0.000000000000
  0.658823529412  0.016084766279 -0.038387370398  0.041732641692  0.000000000000  0.026255664665 -0.000000000000  0.018380532929  0.013191112437 -0.049869544858 -0.000000000000  0.026255664665  0.000000000000
  0.662745098039 -0.011735072907 -0.036252749027  0.190116198040 -0.000000000000  0.025121145093  0.000000000000 -0.022913521024 -0.015010340353 -0.045628747995 -0.000000000000  0.025121145093  0.000000000000
  0.666666666667  0.016584113620 -0.021449985615  0.019216547406 -0.000000000000  0.025544608994  0.000000000000  0.022491966961 -0.050649000603  0.039556434741 -0.000000000000  0.025544608994  0.000000000000
  0.670588235294 -0.013742414410  0.039306869902 -0.191413077486 -0.000000000000  0.025301819405  0.000000000000 -0.022371990818  0.019886633688  0.037196328816  0.000000000000  0.025301819405  0.000000000000
  0.674509803922  0.016626556203 -0.056443280497 -0.058458125365 -0.000000000000  0.026347626582  0.000000000000  0.018831610649  0.021655691479 -0.050182172218 -0.000000000000  0.026347626582  0.000000000000
  0.678431372549 -0.012644954398  0.021489872526 -0.036500742238 -0.000000000000  0.023301240714  0.000000000000 -0.022195318807 -0.045662265021 -0.130402222808  0.000000000000  0.023301240714  0.000000000000
  0.682352941176  0.017762490796  0.029654670108 -0.020088943486 -0.000000000000  0.026926989026  0.000000000000  0.018018767602  0.009657164347 -0.032914714430  0.000000000000  0.026926989026  0.000000000000
  0.686274509804 -0.012110807935 -0.015875655610 -0.093905690739 -0.000000000000  0.021938746935  0.000000000000 -0.023399268314  0.013819037920  0.157520676260  0.000000000000  0.021938746935  0.000000000000
  0.690196078431  0.015745851185 -0.025595479168 -0.083008573598 -0.000000000000  0.026161271426  0.000000000000  0.017176029497  0.049163287363  0.025311411202  0.000000000000  0.026161271426 -0.000000000000
  0.694117647059 -0.011569432367  0.027580234181 -0.019678239191 -0.000000000000  0.021353492131  0.000000000000 -0.024314830304 -0.082640839115 -0.027308768753  0.000000000000  0.021353492131 -0.000000000000
  0.698039215686  0.014437362493  0.012979218838 -0.034587587420  0.000000000000  0.028885944870 -0.000000000000  0.016518812952  0.086320809273 -0.208301932746  0.000000000000  0.028885944870 -0.000000000000
  0.701960784314 -0.006524375158 -0.014436444170 -0.031028673561 -0.000000000000  0.022982522543  0.000000000000 -0.025334653174 -0.031382315856  0.027032615028 -0.000000000000  0.022982522543  0.000000000000
  0.705882352941  0.013384938718  0.035820563302 -0.070042451860  0.000000000000  0.029492143405 -0.000000000000  0.016637759516 -0.036703602956  0.102884813519  0.000000000000  0.029492143405 -0.000000000000
  0.709803921569 -0.009102611748  0.000085258758  0.042014937594 -0.000000000000  0.023462511332  0.000000000000 -0.027414234814  0.033497695037 -0.035467179922 -0.000000000000  0.023462511332  0.000000000000
  0.713725490196  0.014782148537  0.008070001980  0.000075303532  0.000000000000  0.030967509247 -0.000000000000  0.017597852910 -0.031250981599 -0.003832801613  0.000000000000  0.030967509247 -0.000000000000
  0.717647058824 -0.009891765323 -0.020421551443 -0.068829712563 -0.000000000000  0.024551175793  0.000000000000 -0.027783799262  0.012189673544 -0.046360658488 -0.000000000000  0.024551175793  0.000000000000
  0.721568627451  0.015883922229  0.033152432722 -0.041874121276  0.000000000000  0.029571956625 -0.000000000000  0.017268191933 -0.005633781640 -0.019546719756  0.000000000000  0.029571956625 -0.000000000000
  0.725490196078 -0.009880274954 -0.008918376611  0.047730250410 -0.000000000000  0.021458278958  0.000000000000 -0.029349051020  0.005054597868 -0.000591840288  0.000000000000  0.021458278958  0.000000000000
  0.729411764706  0.016109308384 -0.060964531511  0.044531091218 -0.000000000000  0.026307131629  0.000000000000  0.018527018546 -0.001169829930  0.044455611746 -0.000000000000  0.026307131629  0.000000000000
  0.733333333333 -0.010775993886  0.093762462854 -0.119706693255 -0.000000000000  0.021242192544  0.000000000000 -0.027538674159  0.011403109217  0.067808247210 -0.000000000000  0.021242192544  0.000000000000
  0.737254901961  0.015404817651 -0.109988877003  0.074952987159 -0.000000000000  0.024680551965  0.000000000000  0.014938183591 -0.001557355798 -0.039133368930  0.000000000000  0.024680551965 -0.000000000000
  0.741176470588 -0.010359153387  0.066333484155 -0.024115976222 -0.000000000000  0.018068364197  0.000000000000 -0.024181669001 -0.002462007367 -0.064414431585 -0.000000000000  0.018068364197  0.000000000000
  0.745098039216  0.016472754802 -0.051276571240  0.062120736208  0.000000000000  0.022638843695  0.000000000000  0.013411901182  0.013356973246  0.024825064810  0.000000000000  0.022638843695 -0.000000000000
  0.749019607843 -0.010640764150  0.020928944922  0.043232324801 -0.000000000000  0.017392160930  0.000000000000 -0.022268897224 -0.064314181312  0.234314365784 -0.000000000000  0.017392160930  0.000000000000
  0.752941176471  0.011561763103 -0.028809896944  0.085122394010 -0.000000000000  0.020967609992  0.000000000000  0.013884934955  0.073160968769  0.026470935314  0.000000000000  0.020967609992 -0.000000000000
  0.756862745098 -0.009652242691  0.026292751693  0.014439735628 -0.000000000000  0.019598840077  0.000000000000 -0.020478072538 -0.029549810034  0.027822628753 -0.000000000000  0.019598840077  0.000000000000
  0.760784313725  0.010612921655 -0.023194015361  0.060244252748  0.000000000000  0.020377011836 -0.000000000000  0.013778721122  0.002219689235 -0.081766160406  0.000000000000  0.020377011836 -0.000000000000
  0.764705882353 -0.008433281028 -0.019453793362  0.046605213552 -0.000000000000  0.019199561336  0.000000000000 -0.019196886202  0.012773480722 -0.097270947332 -0.000000000000  0.019199561336  0.000000000000
  0.768627450980  0.012487255744  0.025424408149  0.054183963137 -0.000000000000  0.019948288139  0.000000000000  0.015105726607  0.023679732095 -0.048801842150  0.000000000000  0.019948288139 -0.000000000000
  0.772549019608 -0.007311923074 -0.011858090996  0.021579724157 -0.000000000000  0.019163639551  0.000000000000 -0.019019947222 -0.031417614687  0.072014009083  0.000000000000  0.019163639551  0.000000000000
  0.776470588235  0.010793935840 -0.054312455591  0.001385319015  0.000000000000  0.018814306658 -0.000000000000  0.015878101416 -0.013561337637  0.049335541113 -0.000000000000  0.018814306658  0.000000000000
  0.780392156863 -0.008468809987  0.073438038264 -0.057850372371 -0.000000000000  0.018168497002  0.000000000000 -0.018061380266  0.055044323431 -0.091724593721  0.000000000000  0.018168497002  0.000000000000
  0.784313725490  0.013424285226 -0.072345695415  0.038366054013 -0.000000000000  0.017596352955  0.000000000000  0.013676024532 -0.059357186245 -0.008764749436 -0.000000000000  0.017596352955  0.000000000000
  0.788235294118 -0.009652710299  0.015453138423 -0.117278173921 -0.000000000000  0.018939306869  0.000000000000 -0.016149406147 -0.000767653107 -0.025725881017 -0.000000000000  0.018939306869  0.000000000000
  0.792156862745  0.013908598648 -0.017445651644  0.075041360182 -0.000000000000  0.015652739490  0.000000000000  0.011689532367  0.008141491126 -0.001435494918 -0.000000000000  0.015652739490  0.000000000000
  0.796078431373 -0.009606683983  0.026247557946  0.153163554249 -0.000000000000  0.015101365406  0.000000000000 -0.014742566268 -0.042319884608  0.007237097066  0.000000000000  0.015101365406  0.000000000000
  0.800000000000  0.013055833338 -0.038611423864  0.087174413102 -0.000000000000  0.014747253658  0.000000000000  0.013720151622  0.038590510329  0.006271618083  0.000000000000  0.014747253658 -0.000000000000
  0.803921568627 -0.009076383999  0.026178174320 -0.120875055705 -0.000000000000  0.016084208340  0.000000000000 -0.012752549042 -0.060000266627  0.134710058995  0.000000000000  0.016084208340  0.000000000000
  0.807843137255  0.009860547551 -0.018922022779  0.044565596835  0.000000000000  0.013610340398 -0.000000000000  0.011437693785  0.043982856613  0.033863782619  0.000000000000  0.013610340398 -0.000000000000
  0.811764705882 -0.008849278009  0.006935688005  0.130380461610 -0.000000000000  0.014002715646  0.000000000000 -0.011797108509 -0.010692637308  0.059838484182  0.000000000000  0.014002715646 -0.000000000000
  0.815686274510  0.008800783922 -0.032018662098  0.066256597385  0.000000000000  0.012387140339 -0.000000000000  0.013462836264  0.015776660380  0.019067308077  0.000000000000  0.012387140339 -0.000000000000
  0.819607843137 -0.008929598645  0.021194436350 -0.108675582662 -0.000000000000  0.013945345459  0.000000000000 -0.010271496181 -0.029683759662  0.016486553310  0.000000000000  0.013945345459 -0.000000000000
  0.823529411765  0.008059511793 -0.017871673136  0.006091010940  0.000000000000  0.012832820655 -0.000000000000  0.011450777926  0.044095401260 -0.049782112715  0.000000000000  0.012832820655 -0.000000000000
  0.827450980392 -0.007385547610  0.002933994677  0.042736259408 -0.000000000000  0.011195282230  0.000000000000 -0.009944593117 -0.023656194926  0.054426591016  0.000000000000  0.011195282230 -0.000000000000
  0.831372549020  0.006827307864 -0.010257467783 -0.029172972298  0.000000000000  0.008972590116 -0.000000000000  0.012159791417  0.003477025673  0.015209020003  0.000000000000  0.008972590116 -0.000000000000
  0.835294117647 -0.007622924779  0.070582332829 -0.102103131468 -0.000000000000  0.009333914251  0.000000000000 -0.010323386255 -0.032680331822  0.006188136394  0.000000000000  0.009333914251 -0.000000000000
  0.839215686275  0.006188100665 -0.067276760124  0.109005787876  0.000000000000  0.009550511390 -0.000000000000  0.009329617054  0.075584740956 -0.080153992560  0.000000000000  0.009550511390 -0.000000000000
  0.843137254902 -0.005010641069  0.048975012238 -0.001440719663 -0.000000000000  0.008711997397  0.000000000000 -0.007443174691 -0.065237585700  0.069394451914  0.000000000000  0.008711997397 -0.000000000000
  0.847058823529  0.003932448333 -0.012760904785 -0.072025995718  0.000000000000  0.008915735392 -0.000000000000  0.008465093346  0.021112117630 -0.008897060743  0.000000000000  0.008915735392 -0.000000000000
  0.850980392157 -0.004516525749  0.004077100128 -0.107664273905 -0.000000000000  0.008594507073  0.000000000000 -0.008415061674  0.036315455454 -0.052853210940  0.000000000000  0.008594507073  0.000000000000
  0.854901960784  0.005472554591 -0.027364546963  0.005939861193  0.000000000000  0.007493085874 -0.000000000000  0.006778646243 -0.010710432588 -0.038004190888  0.000000000000  0.007493085874 -0.000000000000
  0.858823529412 -0.004167110200  0.044005316677  0.029513786948 -0.000000000000  0.005964549991  0.000000000000 -0.007881975016 -0.012901408600 -0.021446034870  0.000000000000  0.005964549991 -0.000000000000
  0.862745098039  0.005611376616 -0.020533284126  0.019785395938  0.000000000000  0.007499317616 -0.000000000000  0.006509839038  0.071935199815 -0.066677772472  0.000000000000  0.007499317616 -0.000000000000
  0.866666666667 -0.001864284148  0.000961470646 -0.136862251230 -0.000000000000  0.005845213853  0.000000000000 -0.007257463781 -0.075808469978  0.015401443735  0.000000000000  0.005845213853 -0.000000000000
  0.870588235294  0.004014557687 -0.020474243320 -0.021526795009 -0.000000000000  0.005613188344  0.000000000000  0.004411256417  0.071630115233 -0.157206919668 -0.000000000000  0.005613188344  0.000000000000
  0.874509803922  0.001856172269  0.038919774306  0.030122210541 -0.000000000000  0.006038368095  0.000000000000 -0.007265974760 -0.040841187208 -0.047607599350  0.000000000000  0.006038368095 -0.000000000000
  0.878431372549  0.004012118925 -0.045718442418  0.070189887567 -0.000000000000  0.004804244337 -0.000000000000  0.004250814829 -0.009115994095  0.005005359381 -0.000000000000  0.004804244337  0.000000000000
  0.882352941176  0.001579048729  0.010504621628 -0.054868626913 -0.000000000000  0.008016930793  0.000000000000 -0.005386509862  0.039579362179 -0.024647166836  0.000000000000  0.008016930793 -0.000000000000
  0.886274509804  0.005088338267 -0.007976007053  0.029955079403 -0.000000000000  0.004418285448  0.000000000000  0.003251261744 -0.037312536254  0.056435625525 -0.000000000000  0.004418285448  0.000000000000
  0.890196078431 -0.000011644400 -0.010635416999  0.096740080774 -0.000000000000  0.006802542299  0.000000000000 -0.004804230225  0.019835645676 -0.052906722726  0.000000000000  0.006802542299 -0.000000000000
  0.894117647059  0.006267877033 -0.023864974092  0.002088336757  0.000000000000  0.004119509558 -0.000000000000  0.004998489456 -0.021006573227  0.000108489562 -0.000000000000  0.004119509558  0.000000000000
  0.898039215686 -0.000436863946 -0.004619942399 -0.071851193539 -0.000000000000  0.006592053617  0.000000000000 -0.004396634644 -0.004310263819  0.043814219637  0.000000000000  0.006592053617 -0.000000000000
  0.901960784314  0.005509122111 -0.008226469945  0.030710910839  0.000000000000  0.003529311901 -0.000000000000  0.003990508150  0.003755693189  0.073668038912  0.000000000000  0.003529311901 -0.000000000000
  0.905882352941 -0.001575030034  0.004596229452  0.010572069607 -0.000000000000  0.004310049786  0.000000000000 -0.003806525895 -0.023999926600 -0.002995651768  0.000000000000  0.004310049786 -0.000000000000
  0.909803921569  0.005154166206 -0.025501474523 -0.007929009855 -0.000000000000  0.002954983009  0.000000000000  0.004109713081  0.039145072794 -0.068950940830 -0.000000000000  0.002954983009  0.000000000000
  0.913725490196  0.000137035933  0.049714210204 -0.048232230858 -0.000000000000  0.004333287900  0.000000000000 -0.003526650486 -0.020957570414  0.083117178469  0.000000000000  0.004333287900 -0.000000000000
  0.917647058824  0.003489404437 -0.004347437312  0.035763418791 -0.000000000000  0.003206332152  0.000000000000  0.002529937910  0.021845262743  0.062295811379 -0.000000000000  0.003206332152  0.000000000000
  0.921568627451 -0.000496553940 -0.017629782035  0.030261342225 -0.000000000000  0.001801640969  0.000000000000 -0.002912963914 -0.046169361477 -0.004184877049  0.000000000000  0.001801640969 -0.000000000000
  0.925490196078  0.002773414087 -0.000604657612 -0.017517908504 -0.000000000000  0.002055317806  0.000000000000  0.003329498210  0.007777011889 -0.020764003385  0.000000000000  0.002055317806 -0.000000000000
  0.929411764706 -0.000062533832  0.031147112965 -0.069282512048 -0.000000000000  0.000967654776  0.000000000000 -0.003205722289 -0.061391619882  0.081983397902  0.000000000000  0.000967654776 -0.000000000000
  0.933333333333  0.000451782230 -0.041049194694  0.034032112606  0.000000000000  0.002291757124 -0.000000000000  0.001744076545  0.021609524134 -0.012160690519  0.000000000000  0.002291757124 -0.000000000000
  0.937254901961  0.000487610888  0.033788912088 -0.016535518088 -0.000000000000  0.001130489858  0.000000000000 -0.001996638902 -0.024789058011  0.017766124934  0.000000000000  0.001130489858 -0.000000000000
  0.941176470588 -0.000245862140 -0.012336028311 -0.001646790175  0.000000000000  0.002359277999 -0.000000000000  0.000935899340  0.016160392075 -0.040011180811 -0.000000000000  0.002359277999 -0.000000000000
  0.945098039216  0.001386625973 -0.004629859336 -0.011328389252 -0.000000000000  0.003201606115  0.000000000000 -0.001824669594 -0.021523545850  0.008319698080  0.000000000000  0.003201606115 -0.000000000000
  0.949019607843 -0.000745111753  0.012132616816 -0.012156527641  0.000000000000  0.002767178775 -0.000000000000  0.000850185741 -0.004193976580  0.033980203143  0.000000000000  0.002767178775 -0.000000000000
  0.952941176471  0.000790439200 -0.013524495159  0.032459481082 -0.000000000000  0.002893216041  0.000000000000 -0.002222925673 -0.055707042742  0.070403660342  0.000000000000  0.002893216041 -0.000000000000
  0.956862745098 -0.002772976926  0.009978952590 -0.017250888734  0.000000000000  0.002813379549 -0.000000000000  0.001600275191 -0.004207426654  0.001157628734 -0.000000000000  0.002813379549  0.000000000000
  0.960784313725  0.000726035430 -0.030452586383  0.019121995264 -0.000000000000  0.006187964760  0.000000000000 -0.002670234245  0.030429674752 -0.044321233742  0.000000000000  0.006187964760 -0.000000000000
  0.964705882353 -0.001586857690 -0.002054663119 -0.001071579661  0.000000000000  0.001560701170 -0.000000000000  0.002419210972 -0.000048287925 -0.008830828029  0.000000000000  0.001560701170 -0.000000000000
  0.968627450980  0.000876674335 -0.083897753708  0.085943744978 -0.000000000000  0.005202217273  0.000000000000 -0.002673302564 -0.044382172818  0.071484284011  0.000000000000  0.005202217273 -0.000000000000
  0.972549019608 -0.003434018011 -0.025434099550  0.065312506536  0.000000000000  0.001370078425 -0.000000000000  0.005147662399  0.000050259824  0.000785750498 -0.000000000000  0.001370078425  0.000000000000
  0.976470588235  0.000892853173  0.036444447017  0.006710459704 -0.000000000000  0.003053192474  0.000000000000 -0.001280078652  0.021917178826 -0.051814346616  0.000000000000  0.003053192474 -0.000000000000
  0.980392156863 -0.002276332264 -0.021929567845 -0.003211432957  0.000000000000  0.000835457190 -0.000000000000  0.004677753304 -0.004979629935 -0.005524728420 -0.000000000000  0.000835457190 -0.000000000000
  0.984313725490  0.000918052158  0.068869835608 -0.072508927259 -0.000000000000  0.000371213273  0.000000000000 -0.001017003011  0.015347134889 -0.013921978385  0.000000000000  0.000371213273 -0.000000000000
  0.988235294118 -0.001820687591 -0.021729334097  0.016668727612  0.000000000000  0.000000000000 -0.000000000000  0.002450934716 -0.006456845929  0.007251887692 -0.000000000000  0.000000000000  0.000000000000
  0.992156862745  0.000716257341  0.084084229244 -0.058970594377 -0.000000000000  0.000000000000  0.000000000000 -0.000430074572  0.065652355097 -0.070198549205  0.000000000000  0.000000000000 -0.000000000000
  0.996078431373  0.000312785907 -0.022842307704  0.004585364775  0.000000000000  0.060671874380 -0.000000000000  0.000199910655 -0.012417875668  0.033037631871 -0.000000000000  0.060671874380  0.000000000000
  1.000000000000  0.000000000000  0.082498812420  0.004104341519 -0.000000000000  0.062912034786  0.000000000000  0.000000000000 -0.066505278224 -0.032406277307  0.000000000000  0.062912034786  0.000000000000
