       0.200      -0.002       0.016       0.187      -0.004
       0.206      -0.220       0.107       0.170      -0.004
       0.212      -0.420       0.187       0.117      -0.003
       0.219      -0.514       0.223       0.062      -0.001
       0.225      -0.581       0.248      -0.008       0.000
       0.231      -0.504       0.211      -0.074       0.002
       0.237      -0.411       0.169      -0.121       0.002
       0.244      -0.216       0.083      -0.162       0.003
       0.250      -0.021      -0.001      -0.158       0.003
       0.256       0.167      -0.082      -0.151       0.003
       0.262       0.348      -0.158      -0.098       0.002
       0.269       0.410      -0.182      -0.049       0.001
       0.275       0.471      -0.205       0.018      -0.000
       0.281       0.372      -0.159       0.079      -0.001
       0.287       0.283      -0.119       0.114      -0.002
       0.294       0.098      -0.035       0.149      -0.003
       0.300      -0.077       0.041       0.129      -0.002
       0.306      -0.215       0.101       0.117      -0.002
       0.312      -0.362       0.163       0.056      -0.001
       0.319      -0.356       0.158       0.007      -0.000
       0.325      -0.382       0.167      -0.049       0.001
       0.331      -0.242       0.103      -0.102       0.002
       0.337      -0.136       0.056      -0.112       0.002
       0.344       0.029      -0.019      -0.135       0.002
       0.350       0.192      -0.089      -0.093       0.001
       0.356       0.256      -0.117      -0.072       0.001
       0.362       0.368      -0.164      -0.011       0.000
       0.369       0.287      -0.126       0.038      -0.001
       0.375       0.277      -0.121       0.072      -0.001
       0.381       0.115      -0.047       0.117      -0.002
       0.387      -0.006       0.006       0.098      -0.001
       0.394      -0.123       0.059       0.110      -0.001
       0.400      -0.274       0.123       0.055      -0.001
       0.406      -0.258       0.116       0.027      -0.000
       0.412      -0.339       0.150      -0.023       0.000
       0.419      -0.204       0.088      -0.072       0.001
       0.425      -0.166       0.071      -0.078       0.001
       0.431      -0.015       0.003      -0.117       0.001
       0.437       0.117      -0.054      -0.076       0.001
       0.444       0.170      -0.078      -0.080       0.001
       0.450       0.312      -0.138      -0.023       0.000
       0.456       0.228      -0.101       0.009      -0.000
       0.462       0.291      -0.127       0.041      -0.001
       0.469       0.131      -0.055       0.089      -0.001
       0.475       0.076      -0.032       0.073      -0.001
       0.481      -0.045       0.023       0.108      -0.001
       0.487      -0.185       0.082       0.055      -0.001
       0.494      -0.180       0.080       0.056      -0.001
       0.500      -0.321       0.141       0.004      -0.000
       0.506      -0.191       0.083      -0.029       0.000
       0.512      -0.250       0.108      -0.045       0.001
       0.519      -0.083       0.034      -0.094       0.001
       0.525      -0.023       0.009      -0.063       0.001
       0.531       0.069      -0.032      -0.099       0.001
       0.537       0.216      -0.095      -0.041       0.000
       0.544       0.169      -0.074      -0.044       0.000
       0.550       0.322      -0.140       0.003      -0.000
       0.556       0.162      -0.069       0.036      -0.000
       0.562       0.236      -0.101       0.042      -0.000
       0.569       0.062      -0.025       0.092      -0.001
       0.575       0.012      -0.004       0.053      -0.001
       0.581      -0.067       0.031       0.095      -0.001
       0.587      -0.219       0.094       0.034      -0.000
       0.594      -0.150       0.065       0.044      -0.000
       0.600      -0.325       0.139      -0.002       0.000
       0.606      -0.145       0.061      -0.031       0.000
       0.612      -0.251       0.107      -0.035       0.000
       0.619      -0.061       0.024      -0.088       0.001
       0.625      -0.038       0.016      -0.046       0.000
       0.631       0.050      -0.023      -0.097       0.001
       0.637       0.196      -0.084      -0.032       0.000
       0.644       0.127      -0.055      -0.054       0.000
       0.650       0.327      -0.139      -0.002      -0.000
       0.656       0.132      -0.056       0.017      -0.000
       0.662       0.286      -0.121       0.027      -0.000
       0.669       0.068      -0.028       0.080      -0.001
       0.675       0.093      -0.039       0.040      -0.000
       0.681      -0.027       0.013       0.101      -0.001
       0.688      -0.152       0.065       0.031      -0.000
       0.694      -0.102       0.045       0.070      -0.001
       0.700      -0.320       0.136       0.007      -0.000
       0.706      -0.119       0.050       0.001       0.000
       0.712      -0.321       0.136      -0.020       0.000
       0.719      -0.071       0.029      -0.071       0.001
       0.725      -0.149       0.063      -0.034       0.000
       0.731       0.011      -0.006      -0.107       0.001
       0.737       0.109      -0.047      -0.029       0.000
       0.744       0.082      -0.036      -0.084       0.001
       0.750       0.312      -0.134      -0.008       0.000
       0.756       0.101      -0.044      -0.012       0.000
       0.762       0.341      -0.147       0.017      -0.000
       0.769       0.060      -0.025       0.072      -0.000
       0.775       0.166      -0.072       0.031      -0.000
       0.781      -0.015       0.008       0.118      -0.001
       0.787      -0.120       0.052       0.025      -0.000
       0.794      -0.075       0.034       0.090      -0.000
       0.800      -0.337       0.148       0.002       0.000
       0.806      -0.079       0.035      -0.005       0.000
       0.812      -0.324       0.144      -0.023       0.000
       0.819      -0.025       0.010      -0.108       0.001
       0.825      -0.062       0.028      -0.029       0.000
       0.831       0.045      -0.022      -0.136       0.001
       0.838       0.267      -0.122      -0.010       0.000
       0.844       0.070      -0.033      -0.042       0.000
       0.850       0.369      -0.173       0.019      -0.000
       0.856       0.024      -0.010       0.113      -0.000
       0.863       0.094      -0.045       0.028      -0.000
       0.869      -0.044       0.024       0.169      -0.001
       0.875      -0.314       0.156       0.002      -0.000
       0.881      -0.049       0.025       0.005      -0.000
       0.888      -0.326       0.168      -0.029       0.000
       0.894       0.020      -0.014      -0.218       0.001
       0.900       0.203      -0.111      -0.010       0.000
       0.906       0.045      -0.026      -0.076       0.000
       0.913       0.386      -0.226       0.035      -0.000
       0.919      -0.038       0.029       0.338      -0.001
       0.925      -0.431       0.279      -0.022       0.000
       0.931       0.011      -0.012      -0.248       0.000
       0.938       0.170      -0.128       0.006      -0.000
       0.944      -0.001       0.002       0.082      -0.000
       0.950      -0.029       0.028      -0.001       0.000
       0.956       0.000      -0.000      -0.012       0.000
       0.963       0.001      -0.002       0.000      -0.000
       0.969       0.000       0.000       0.001      -0.000
       0.975       0.000       0.000       0.000      -0.000
       0.981      -0.000      -0.000      -0.000      -0.000
       0.988       0.000       0.000      -0.000      -0.000
       0.994       0.000       0.000       0.000       0.000
       1.000      -0.000      -0.000      -0.000      -0.000
