             Rad         v_r[Re]         v_t[Re]         v_x[Re]         p[Re]          p_mg[Re]  p_no_phase[Re]         v_r[Im]         v_t[Im]         v_x[Im]         p[Im]          p_mg[Im]  p_no_phase[Im]
  0.000000000000  0.184009309518  0.000000000000 -0.138756263337  0.069294600914  0.056222794018  0.041907646696  0.038439797014  0.000000000000 -0.028340255377  0.014644324610  0.056222794018 -0.057095946507
  0.003921568627  0.268340194384 -0.057666729079  0.120458045170 -0.060115950567  0.464939954783 -0.041801461068  0.061827616950  0.210509073898  0.036536097521 -0.018680811651  0.464939954783  0.047069502749
  0.007843137255  0.282454907419 -0.102354891457  0.476175475954 -0.237686346246  0.400406390459 -0.159150328875  0.077556181175  0.415760173765  0.131015571483 -0.067138217796  0.400406390459  0.188874329382
  0.011764705882 -0.001042960136 -0.122630484593  0.766955050682 -0.382756169549  0.094940174795 -0.266340224873 -0.056213119477  0.446776234524  0.233044949318 -0.119150570156  0.094940174795  0.299603117993
  0.015686274510 -0.438527400242  0.005035673749  0.477285554235 -0.238682272598  0.268085110805 -0.100472802743 -0.154476149587  0.206837126747  0.001321745030 -0.002283124490  0.268085110805  0.216517102832
  0.019607843137 -0.400375946780  0.050002628913 -0.234638302677  0.116828929486  0.160000672793  0.117505310631 -0.004937485252 -0.082756179479 -0.150602583831  0.076112627008  0.160000672793 -0.075064190722
  0.023529411765  0.055352946233  0.006648772667 -0.445680841156  0.222762199723  0.105408994621  0.109202701753  0.077134221545 -0.129025880022 -0.035100840556  0.019068371808  0.105408994621 -0.195093235041
  0.027450980392  0.264608682628 -0.008360534516 -0.111816694230  0.056023099549  0.270425296022  0.009438639027  0.043033379055 -0.027481301780  0.030731890795 -0.014988751060  0.270425296022 -0.057220297402
  0.031372549020  0.158638796433 -0.016530110027  0.161821212434 -0.080651310373  0.220762566859 -0.070508673636  0.020831408029  0.035534931298  0.080681745986 -0.040898283680  0.220762566859  0.056620053117
  0.035294117647 -0.034009054663 -0.015761041525  0.252704979138 -0.126074353542  0.338101806377 -0.093163565283 -0.099771941687  0.049131785919  0.088689679019 -0.045211871025  0.338101806377  0.096225807383
  0.039215686275 -0.245567330491  0.026684688653  0.089634656828 -0.045340557603  0.335385545619  0.050068100716 -0.113254257862  0.014824323173 -0.151521081828  0.075469867910  0.335385545619  0.072419972500
  0.043137254902 -0.139910539307  0.028287968884 -0.306496214960  0.152637974818  0.380571725882  0.149452517963  0.170766366469 -0.049098477154 -0.187832985481  0.094975479503  0.380571725882 -0.099913151976
  0.047058823529  0.284779087982 -0.034684881612 -0.243680423373  0.122656326548  0.395703260946 -0.055079910504  0.182246268887 -0.034283243791  0.233520661200 -0.115953666040  0.395703260946 -0.159549461200
  0.050980392157  0.231774398538 -0.032139801371  0.338813830587 -0.168587665455  0.399819064885 -0.184561065032 -0.242413061514  0.046079469480  0.250238694777 -0.126293922101  0.399819064885  0.101534077912
  0.054901960784 -0.312919716106  0.039530976194  0.305954872576 -0.154062600341  0.413905671961  0.077239634339 -0.216601223019  0.036835619190 -0.310995323426  0.154486487853  0.413905671961  0.204047540147
  0.058823529412 -0.254306300137  0.029905831617 -0.369240768254  0.183740800844  0.398020328834  0.199366120623  0.303165592431 -0.043509717412 -0.268815928061  0.135687661601  0.398020328834 -0.111467364522
  0.062745098039  0.337503821905 -0.041201793938 -0.299438478920  0.151011844760  0.404002049846 -0.106407468696  0.214351241763 -0.031345408243  0.372208260645 -0.185120744966  0.404002049846 -0.213896512548
  0.066666666667  0.228097689306 -0.024048087812  0.395645980817 -0.197021387481  0.379728137956 -0.194794793188 -0.345382902609  0.041021736849  0.246587505669 -0.124661144063  0.379728137956  0.128112515045
  0.070588235294 -0.354334723133  0.040127939301  0.248157246228 -0.125494903324  0.377027278673  0.134298601971 -0.181292818795  0.022825790296 -0.409988205892  0.204188486818  0.377027278673  0.198508927805
  0.074509803922 -0.172670183775  0.016650199073 -0.410120408844  0.204439902888  0.350310805670  0.173771383145  0.365243294141 -0.037893124532 -0.193635010207  0.098229209743  0.350310805670 -0.145767479019
  0.078431372549  0.357621514135 -0.036933513457 -0.172863440203  0.087880093178  0.340901634969 -0.155270443148  0.127672672814 -0.013990825488  0.421472770210 -0.210187725282  0.340901634969 -0.166711967539
  0.082352941176  0.104205030370 -0.009254138518  0.406578408095 -0.202908151285  0.314658813522 -0.141011582701 -0.362340834725  0.033834128116  0.123143880931 -0.062965110447  0.314658813522  0.158908956751
  0.086274509804 -0.344243152853  0.032304230444  0.090093698321 -0.046440364984  0.301036963253  0.166278045377 -0.064917734731  0.006227436896 -0.407576395094  0.203519563014  0.301036963253  0.126208286792
  0.090196078431 -0.035106924429  0.002840610002 -0.383193877386  0.191468832752  0.276632038119  0.102024599239  0.339089115989 -0.028976344390 -0.048084248177  0.025348900404  0.276632038119 -0.163993481020
  0.094117647059  0.314642215503 -0.026902641425 -0.012067793871  0.007299903591  0.260971860788 -0.166524815911  0.003231895795 -0.000142670250  0.372174730099 -0.186080651156  0.260971860788 -0.083359360678
  0.098039215686 -0.025943561098  0.002096257875  0.342175429481 -0.171190472479  0.238981624102 -0.062081858533 -0.299916963312  0.023684517642 -0.020955960208  0.009316974337  0.238981624102  0.159808719160
  0.101960784314 -0.272118021189  0.021307863810 -0.053139520051  0.025483476773  0.222893599364  0.156953091953  0.049770142236 -0.004123012708 -0.321062267051  0.160741326330  0.222893599364  0.043045423744
  0.105882352941  0.073721986136 -0.005432374892 -0.288446580287  0.144510886462  0.203490646932  0.025474038598  0.250342527117 -0.018383671990  0.076798697757 -0.037426095656  0.203490646932 -0.147089028481
  0.109803921569  0.221577505408 -0.015977344622  0.101210264911 -0.049727944908  0.188038780880 -0.139658914579 -0.089530027116  0.006703200505  0.260842783197 -0.130789410450  0.188038780880 -0.008609643965
  0.113725490196 -0.106007372522  0.007291240910  0.228114261172 -0.114471730559  0.171183900337  0.004867405636 -0.196071399261  0.013446581997 -0.115803512513  0.057137146692  0.171183900337  0.127846544700
  0.117647058824 -0.168312941907  0.011230664921 -0.130984011179  0.064831378241  0.156992705186  0.117313093939  0.114364316881 -0.007877995865 -0.197930829148  0.099428826096  0.156992705186 -0.018078635288
  0.121568627451  0.122975105594 -0.007935847779 -0.167170362244  0.084067556183  0.142534597678 -0.027428605054  0.142252263669 -0.009138738378  0.137397863830 -0.068143439974  0.142534597678 -0.104683112482
  0.125490196078  0.117068337961 -0.007252784595  0.143703668767 -0.071396757703  0.129909286510 -0.092660027125 -0.124895684399  0.007986267076  0.137795792433 -0.069398995327  0.129909286510  0.036439496926
  0.129411764706 -0.126503199518  0.007683983529  0.110601709032 -0.055798053450  0.117639345598  0.041943590677 -0.092971232074  0.005605226125 -0.143293532545  0.071284075171  0.117639345598  0.080222050229
  0.133333333333 -0.071472125305  0.004111641802 -0.142201550824  0.070826665958  0.106669922555  0.068141383846  0.123320099090 -0.007366242695 -0.084508380593  0.042745273143  0.106669922555 -0.046907641109
  0.137254901961  0.119477448307 -0.006848826854 -0.061926034255  0.031433034657  0.096354439681 -0.049095842271  0.051005510167 -0.002883315403  0.136615792240 -0.068110021534  0.096354439681 -0.056715156464
  0.141176470588  0.033810384822 -0.001784061650  0.130126377873 -0.064937255173  0.086996000595 -0.045662596104 -0.112675966874  0.006318265044  0.040582636292 -0.020737313325  0.086996000595  0.050614331868
  0.145098039216 -0.105172933158  0.005702565611  0.023087354763 -0.011957392926  0.078396143063  0.050176635653 -0.017808046180  0.000927716222 -0.121103040628  0.060484215412  0.078396143063  0.035827709863
  0.149019607843 -0.005064621064  0.000184367508 -0.111290976870  0.055631751248  0.070526616412  0.026494476546  0.096221243287 -0.005085110290 -0.007059845420  0.003908813281  0.070526616412 -0.049073549706
  0.152941176471  0.086765047538 -0.004458719117  0.005391247459 -0.002354662856  0.063411069698 -0.046763105196 -0.006334875319  0.000360692716  0.100468416062 -0.050261790415  0.063411069698 -0.018574283441
  0.156862745098 -0.014877634721  0.000808636664  0.089187141182 -0.044656993075  0.056870576313 -0.011284771745 -0.076971496232  0.003845649978 -0.016242533464  0.007819647126  0.056870576313  0.043909541541
  0.160784313725 -0.066993781201  0.003268193643 -0.024103637628  0.011789081678  0.051023347141  0.040454765980  0.022041708259 -0.001108378608 -0.077959774652  0.039068992273  0.051023347141  0.005364747298
  0.164705882353  0.026925696147 -0.001329080154 -0.066680223725  0.033449565522  0.045639724572  0.000146003024  0.057410544739 -0.002717836326  0.030396787046 -0.014974571708  0.045639724572 -0.036648191150
  0.168627450980  0.047978621805 -0.002224331153  0.034397526138 -0.017011221423  0.040864557103 -0.032685872767 -0.030533822228  0.001447889806  0.056113859905 -0.028179006936  0.040864557103  0.003882242611
  0.172549019608 -0.032471578244  0.001507134601  0.045868829328 -0.023064441963  0.036468993074  0.007214755008 -0.039357064930  0.001767394580 -0.037014594399  0.018354816098  0.036468993074  0.028579976684
  0.176470588235 -0.031162427537  0.001372933781 -0.038021490848  0.018889604208  0.032591372234  0.024614574826  0.033344978167 -0.001502823363 -0.036674879427  0.018470041775  0.032591372234 -0.009595952085
  0.180392156863  0.033107235880 -0.001457956309 -0.028077524170  0.014170264026  0.029027243372 -0.011353823868  0.023954602054 -0.001019224970  0.037930934648 -0.018873537229  0.029027243372 -0.020690516515
  0.184313725490  0.017352179571 -0.000724178470  0.036826525373 -0.018346524671  0.025894706085 -0.017078955554 -0.032076304649  0.001378763664  0.020635213879 -0.010444669473  0.025894706085  0.012409486898
  0.188235294118 -0.030400913193  0.001275817258  0.013942780333 -0.007091467085  0.023021916173  0.012958706810 -0.011746574868  0.000469257701 -0.034952601195  0.017432135167  0.023021916173  0.013646983539
  0.192156862745 -0.006821736399  0.000264283906 -0.032544057745  0.016246636889  0.020503225596  0.010604302245  0.028214265368 -0.001159219604 -0.008353684154  0.004288218078  0.020503225596 -0.013034216447
  0.196078431373  0.025742951621 -0.001032356662 -0.003552601828  0.001877512351  0.018199678225 -0.012739514593  0.002799329396 -0.000095251519  0.029683491276 -0.014832407254  0.018199678225 -0.007824968084
  0.200000000000 -0.000555388835  0.000034364585  0.026644667021 -0.013325769969  0.016183287872 -0.005444335339 -0.023015216000  0.000905295018 -0.000288593352  0.000053767174  0.016183287872  0.012162986841
  0.203921568627 -0.020258608115  0.000777750594 -0.003394133162  0.001617766520  0.014344623319  0.011350288536  0.003157698066 -0.000134310217 -0.023424799209  0.011726093980  0.014344623319  0.003359970043
  0.207843137255  0.005168879376 -0.000205249027 -0.020269558881  0.010156109241  0.012736751503  0.001640413532  0.017450242792 -0.000657818614  0.005726294984 -0.002794785950  0.012736751503 -0.010405115418
  0.211764705882  0.014777392378 -0.000543665560  0.007434195598 -0.003659533210  0.011275107287 -0.009340545691 -0.006597535967  0.000253544189  0.017139043492 -0.008596367601  0.011275107287 -0.000209584016
  0.215686274510 -0.007548025804  0.000282035371  0.014219973858 -0.007140402508  0.009997653588  0.000914273592 -0.012198177103  0.000440821508 -0.008563686110  0.004234303481  0.009997653588  0.008250986471
  0.219607843137 -0.009844578254  0.000347049431 -0.009208920215  0.004566352719  0.008839944682  0.007133361506  0.008081405686 -0.000294655660 -0.011462202712  0.005763455703  0.008839944682 -0.001784419349
  0.223529411765  0.008262069063 -0.000294976795 -0.008987178854  0.004526557422  0.007828408103 -0.002414818300  0.007672435019 -0.000265493510  0.009456591865 -0.004698623129  0.007828408103 -0.006060976322
  0.227450980392  0.005759931634 -0.000194051240  0.009363801493 -0.004659832174  0.006914439817 -0.005024130203 -0.008171674543  0.000285302746  0.006747240514 -0.003406066452  0.006914439817  0.002841379993
  0.231372549020 -0.007848442985  0.000269034252  0.004806339687 -0.002434293414  0.006115941874  0.003094656322 -0.004067746883  0.000134010110 -0.009027272483  0.004498133111  0.006115941874  0.004072111020
  0.235294117647 -0.002630267657  0.000083600260 -0.008480501359  0.004230415355  0.005396544006  0.003193475767  0.007373307635 -0.000247436878 -0.003123852676  0.001591036559  0.005396544006 -0.003198362696
  0.239215686275  0.006768116045 -0.000223282126 -0.001720185346  0.000886798967  0.004768017428 -0.003188091721  0.001414949885 -0.000042860232  0.007811248154 -0.003900497657  0.004768017428 -0.002415857107
  0.243137254902  0.000425223565 -0.000010383612  0.007038432317 -0.003517953837  0.004203305640 -0.001728198542 -0.006101141691  0.000197197605  0.000562280286 -0.000305113185  0.004203305640  0.003079354324
  0.247058823529 -0.005384182780  0.000171180271 -0.000358089389  0.000157898896  0.003709878578  0.002905424767  0.000365052050 -0.000014501268 -0.006231519366  0.003117551016  0.003709878578  0.001141298963
  0.250980392157  0.000971183176 -0.000032874877 -0.005400431415  0.002704341182  0.003267695265  0.000645204094  0.004668060992 -0.000145476244  0.001067409589 -0.000515448952  0.003267695265 -0.002676352094
  0.254901960784  0.003958337193 -0.000121352106  0.001589571856 -0.000779319483  0.002881279644 -0.002419250556 -0.001413981954  0.000045710043  0.004593855925 -0.002302753752  0.002881279644 -0.000239249761
  0.258823529412 -0.001717613689  0.000053817207  0.003815995692 -0.001914962426  0.002535832872  0.000085295746 -0.003288312984  0.000098831351 -0.001945735769  0.000960077945  0.002535832872  0.002140456818
  0.262745098039 -0.002659541338  0.000078587538 -0.002165653026  0.001072502268  0.002233911556  0.001859649529  0.001898597435 -0.000058198536 -0.003096468558  0.001555879969  0.002233911556 -0.000335748747
  0.266666666667  0.001982954084 -0.000059447854 -0.002435685897  0.001225769329  0.001964610369 -0.000519670717  0.002090374485 -0.000060519062  0.002266160221 -0.001125010902  0.001964610369 -0.001580538618
  0.270588235294  0.001579704339 -0.000044871491  0.002276362743 -0.001132110523  0.001729209422 -0.001315723390 -0.001983679046  0.000058442238  0.001847977648 -0.000931895715  0.001729209422  0.000647283415
  0.274509803922 -0.001924337391  0.000055603745  0.001331189806 -0.000673226789  0.001519682403  0.000725033477 -0.001134586464  0.000031478874 -0.002209460979  0.001100409860  0.001519682403  0.001066987641
  0.278431372549 -0.000752156736  0.000020312858 -0.002090249866  0.001042297065  0.001336510177  0.000841070416  0.001814925384 -0.000051617397 -0.000888736299  0.000451554101  0.001336510177 -0.000763468946
  0.282352941176  0.001674406858 -0.000046769992 -0.000516791494  0.000264998570  0.001173788521 -0.000767946326  0.000431887600 -0.000011182025  0.001928759710 -0.000962801216  0.001173788521 -0.000638332879
  0.286274509804  0.000169852548 -0.000003908732  0.001743959557 -0.000871420293  0.001031521550 -0.000461179699 -0.001510160494  0.000041545099  0.000211910780 -0.000111902041  0.001031521550  0.000747802567
  0.290196078431 -0.001335945240  0.000036124359 -0.000030673415  0.000010095134  0.000905365850  0.000707319592  0.000038855756 -0.000001698589 -0.001543080021  0.000771786472  0.000905365850  0.000308958355
  0.294117647059  0.000198652148 -0.000005876806 -0.001339187344  0.000670457908  0.000795061497  0.000181218227  0.001156856437 -0.000030813183  0.000217972506 -0.000104454903  0.000795061497 -0.000653899524
  0.298039215686  0.000981807906 -0.000025713463  0.000355081002 -0.000173708691  0.000697411582 -0.000590786579 -0.000316369946  0.000008801487  0.001137076947 -0.000569850068  0.000697411582 -0.000076648724
  0.301960784314 -0.000396439778  0.000010710640  0.000944665348 -0.000473949770  0.000612028482  0.000006813217 -0.000813955051  0.000020990168 -0.000450187849  0.000221924821  0.000612028482  0.000523290160
  0.305882352941 -0.000658225430  0.000016687141 -0.000508218344  0.000251557021  0.000536556981  0.000453693662  0.000445939533 -0.000011754437 -0.000764710610  0.000384153042  0.000536556981 -0.000070827647
  0.309803921569  0.000468953643 -0.000012139732 -0.000601101867  0.000302431402  0.000470566013 -0.000118134903  0.000516202863 -0.000012869099  0.000536997163 -0.000266505133  0.000470566013 -0.000385400939
  0.313725490196  0.000389854517 -0.000009540180  0.000540918753 -0.000268962878  0.000412318300 -0.000319853735 -0.000471796904  0.000011987106  0.000454988787 -0.000229374724  0.000412318300  0.000150490471
  0.317647058824 -0.000457965156  0.000011458627  0.000327413447 -0.000165526623  0.000361388801  0.000170680683 -0.000279573441  0.000006700732 -0.000526597471  0.000262234502  0.000361388801  0.000258909446
  0.321568627451 -0.000185348794  0.000004330236 -0.000497675776  0.000248141654  0.000316494140  0.000203319049  0.000432525372 -0.000010645026 -0.000218351166  0.000110887136  0.000316494140 -0.000180365190
  0.325490196078  0.000398259586 -0.000009662081 -0.000127051713  0.000065098313  0.000277242082 -0.000182004274  0.000106750560 -0.000002393204  0.000459224527 -0.000229222782  0.000277242082 -0.000153802855
  0.329411764706  0.000042615901 -0.000000856225  0.000414043588 -0.000206880769  0.000242682974 -0.000110586553 -0.000358867316  0.000008573169  0.000052722118 -0.000027773110  0.000242682974  0.000177035625
  0.333333333333 -0.000316393525  0.000007453136 -0.000006337581  0.000001926601  0.000212469788  0.000167419737  0.000007979883 -0.000000331439 -0.000365665976  0.000182888228  0.000212469788  0.000073637269
  0.337254901961  0.000046724604 -0.000001207470 -0.000316065378  0.000158236302  0.000185898551  0.000042817698  0.000273276387 -0.000006342185  0.000051338908 -0.000024599987  0.000185898551 -0.000154306614
  0.341176470588  0.000230878313 -0.000005282632  0.000084321568 -0.000041259629  0.000162671077 -0.000139120089 -0.000074767844  0.000001824438  0.000267436802 -0.000134029629  0.000162671077 -0.000017660669
  0.345098039216 -0.000093891810  0.000002218511  0.000221020195 -0.000110892900  0.000142264535  0.000002189484 -0.000190598370  0.000004296424 -0.000106639800  0.000052578556  0.000142264535  0.000122706748
  0.349019607843 -0.000153221111  0.000003402298 -0.000120276215  0.000059544373  0.000124428151  0.000106000500  0.000105269001 -0.000002436417 -0.000177958273  0.000089404315  0.000124428151 -0.000017394192
  0.352941176471  0.000110514334 -0.000002509412 -0.000138893600  0.000069889638  0.000108772888 -0.000028409721  0.000119366918 -0.000002608879  0.000126531326 -0.000062805273  0.000108772888 -0.000089565347
  0.356862745098  0.000089371165 -0.000001919375  0.000127107756 -0.000063211401  0.000095091290 -0.000073934206 -0.000110688720  0.000002474903  0.000104215064 -0.000052549132  0.000095091290  0.000035928063
  0.360784313725 -0.000107109090  0.000002357694  0.000074119819 -0.000037485219  0.000083093325  0.000040418964 -0.000063324621  0.000001333539 -0.000123130503  0.000061324691  0.000083093325  0.000059432035
  0.364705882353 -0.000041244697  0.000000845541 -0.000115928135  0.000057809880  0.000072609591  0.000046292679  0.000100649969 -0.000002185163 -0.000048510647  0.000024653794  0.000072609591 -0.000042506232
  0.368627450980  0.000092291871 -0.000001975447 -0.000027285227  0.000014006715  0.000063423466 -0.000042615803  0.000022903362 -0.000000449928  0.000106391243 -0.000053112694  0.000063423466 -0.000034656019
  0.372549019608  0.000008118639 -0.000000136612  0.000095466601 -0.000047707853  0.000055398070 -0.000024553328 -0.000082695758  0.000001746814  0.000010076248 -0.000005363511  0.000055398070  0.000041254583
  0.376470588235 -0.000072525464  0.000001511364 -0.000003392279  0.000001411647  0.000048371321  0.000038773288  0.000003494262 -0.000000102278 -0.000083799191  0.000041918848  0.000048371321  0.000015994209
  0.380392156863  0.000012219572 -0.000000277888 -0.000071997112  0.000036051409  0.000042233575  0.000008888556  0.000062235184 -0.000001279943  0.000013598864 -0.000006555992  0.000042233575 -0.000035548259
  0.384313725490  0.000052222952 -0.000001059691  0.000020894562 -0.000010243654  0.000036863353 -0.000031843810 -0.000018485383  0.000000398567  0.000060480545 -0.000030316860  0.000036863353 -0.000003164836
  0.388235294118 -0.000022605844  0.000000474610  0.000049586031 -0.000024885146  0.000032173465  0.000001326276 -0.000042764009  0.000000855932 -0.000025763160  0.000012715429  0.000032173465  0.000027914039
  0.392156862745 -0.000034053107  0.000000672063 -0.000028560823  0.000014148635  0.000028072719  0.000023939841  0.000024981208 -0.000000513638 -0.000039547746  0.000019874586  0.000028072719 -0.000004697557
  0.396078431373  0.000025907250 -0.000000524143 -0.000030503277  0.000015355440  0.000024492208 -0.000007114183  0.000026224438 -0.000000509655  0.000029714581 -0.000014756359  0.000024492208 -0.000020073068
  0.400000000000  0.000019330921 -0.000000369524  0.000029541939 -0.000014697065  0.000021363375 -0.000016422752 -0.000025718618  0.000000512404  0.000022546400 -0.000011375681  0.000021363375  0.000008700749
  0.403921568627 -0.000024665152  0.000000484816  0.000015682481 -0.000007939154  0.000018632052  0.000009611188 -0.000013405515  0.000000250957 -0.000028384263  0.000014141448  0.000018632052  0.000013062763
  0.407843137255 -0.000008412477  0.000000153179 -0.000026498122  0.000013217825  0.000016246628  0.000010045813  0.000023002141 -0.000000446109 -0.000009909373  0.000005045658  0.000016246628 -0.000009962489
  0.411764705882  0.000020922067 -0.000000400691 -0.000005155254  0.000002660122  0.000014164715 -0.000009883042  0.000004319828 -0.000000074299  0.000024133089 -0.000012051248  0.000014164715 -0.000007391501
  0.415686274510  0.000001044941 -0.000000012724  0.000021478463 -0.000010736587  0.000012347416 -0.000005112382 -0.000018602727  0.000000351820  0.000001360554 -0.000000753400  0.000012347416  0.000009471297
  0.419607843137 -0.000016179140  0.000000302228 -0.000001582316  0.000000727750  0.000010761691  0.000008824982  0.000001479310 -0.000000033847 -0.000018699838  0.000009357020  0.000010761691  0.000003194235
  0.423529411765  0.000003352436 -0.000000067277 -0.000015923471  0.000007975982  0.000009378193  0.000001624060  0.000013762279 -0.000000253923  0.000003760145 -0.000001826301  0.000009378193 -0.000008019607
  0.427450980392  0.000011436541 -0.000000208356  0.000005287876 -0.000002599407  0.000008171263 -0.000007123073 -0.000004654481  0.000000089800  0.000013245898 -0.000006642141  0.000008171263 -0.000000369846
  0.431372549020 -0.000005482388  0.000000103200  0.000010740486 -0.000005392502  0.000007118735  0.000000595077 -0.000009260530  0.000000166568 -0.000006258024  0.000003093086  0.000007118735  0.000006188064
  0.435294117647 -0.000007278256  0.000000129111 -0.000006775537  0.000003359668  0.000006200743  0.000005256830  0.000005914178 -0.000000109382 -0.000008451905  0.000004249759  0.000006200743 -0.000001309030
  0.439215686275  0.000006033290 -0.000000109864 -0.000006413152  0.000003230703  0.000005400532 -0.000001803558  0.000005510803 -0.000000096344  0.000006925061 -0.000003441373  0.000005400532 -0.000004362071
  0.443137254902  0.000003972846 -0.000000068247  0.000006792747 -0.000003381252  0.000004702766 -0.000003525981 -0.000005907020  0.000000106122  0.000004633400 -0.000002340213  0.000004702766  0.000002115873
  0.447058823529 -0.000005600651  0.000000099327  0.000003117694 -0.000001581050  0.000004094771  0.000002276542 -0.000002661188  0.000000044744 -0.000006448214  0.000003214105  0.000004094771  0.000002765420
  0.450980392157 -0.000001571350  0.000000025503 -0.000005956056  0.000002972277  0.000003564733  0.000002088246  0.000005166876 -0.000000090529 -0.000001853578  0.000000947202  0.000003564733 -0.000002317510
  0.454901960784  0.000004652385 -0.000000080553 -0.000000828971  0.000000432808  0.000003103063 -0.000002265005  0.000000686526 -0.000000010212  0.000005368447 -0.000002681901  0.000003103063 -0.000001499890
  0.458823529412 -0.000000008506  0.000000001596  0.000004729510 -0.000002365121  0.000002700680 -0.000000998962 -0.000004094762  0.000000070074  0.000000020492 -0.000000026322  0.000002700680  0.000002143960
  0.462745098039 -0.000003524159  0.000000059618 -0.000000592530  0.000000282471  0.000002350323  0.000001974802  0.000000536311 -0.000000010327 -0.000004074690  0.000002039734  0.000002350323  0.000000583492
  0.466666666667  0.000000916541 -0.000000016458 -0.000003430810  0.000001719245  0.000002045029  0.000000246935  0.000002964616 -0.000000049563  0.000001036861 -0.000000506866  0.000002045029 -0.000001775314
  0.470588235294  0.000002432996 -0.000000040197  0.000001335646 -0.000000658365  0.000001779296 -0.000001559978 -0.000001172262  0.000000020397  0.000002819090 -0.000001414344  0.000001779296  0.000000016783
  0.474509803922 -0.000001323283  0.000000022567  0.000002253035 -0.000001131872  0.000001547795  0.000000216360 -0.000001942406  0.000000031686 -0.000001514258  0.000000749611  0.000001547795  0.000001340238
  0.478431372549 -0.000001499943  0.000000024148 -0.000001594408  0.000000791427  0.000001346357  0.000001125289  0.000001390077 -0.000000023324 -0.000001742886  0.000000877022  0.000001346357 -0.000000359515
  0.482352941176  0.000001390067 -0.000000023006 -0.000001292789  0.000000651943  0.000001170907 -0.000000455099  0.000001110679 -0.000000017608  0.000001597492 -0.000000794499  0.000001170907 -0.000000921490
  0.486274509804  0.000000775207 -0.000000012070  0.000001541662 -0.000000767896  0.000001018287 -0.000000733796 -0.000001339673  0.000000021893  0.000000905289 -0.000000457967  0.000001018287  0.000000510824
  0.490196078431 -0.000001252742  0.000000020232  0.000000578627 -0.000000294272  0.000000885387  0.000000534522 -0.000000493269  0.000000007481 -0.000001443346  0.000000719840  0.000000885387  0.000000564847
  0.494117647059 -0.000000261640  0.000000003781 -0.000001316341  0.000000657237  0.000000769813  0.000000416499  0.000001141301 -0.000000018224 -0.000000310538  0.000000159771  0.000000769813 -0.000000532931
  0.498039215686  0.000001015372 -0.000000016033 -0.000000096090  0.000000052038  0.000000669194 -0.000000512312  0.000000076994 -0.000000000878  0.000001172156 -0.000000585860  0.000000669194 -0.000000288921
  0.501960784314 -0.000000065687  0.000000001316  0.000001020313 -0.000000510487  0.000000581716 -0.000000181935 -0.000000882947  0.000000013791 -0.000000069495  0.000000031286  0.000000581716  0.000000477991
  0.505882352941 -0.000000750559  0.000000011593 -0.000000192352  0.000000093244  0.000000505575  0.000000434535  0.000000171094 -0.000000002901 -0.000000868045  0.000000434756  0.000000505575  0.000000094269
  0.509803921569  0.000000244639 -0.000000003969 -0.000000721190  0.000000361607  0.000000439394  0.000000024583  0.000000622874 -0.000000009515  0.000000278116 -0.000000136632  0.000000439394 -0.000000385777
  0.513725490196  0.000000503575 -0.000000007603  0.000000332840 -0.000000164467  0.000000381802 -0.000000334737 -0.000000291213  0.000000004613  0.000000583614 -0.000000292992  0.000000381802  0.000000029062
  0.517647058824 -0.000000315775  0.000000004916  0.000000458275 -0.000000230410  0.000000331757  0.000000068506 -0.000000394831  0.000000005889 -0.000000361938  0.000000179445  0.000000331757  0.000000283895
  0.521568627451 -0.000000298204  0.000000004386 -0.000000370655  0.000000184183  0.000000288216  0.000000235003  0.000000322709 -0.000000004953 -0.000000346621  0.000000174602  0.000000288216 -0.000000095829
  0.525490196078  0.000000316085 -0.000000004791 -0.000000249569  0.000000126043  0.000000250388 -0.000000112927  0.000000214157 -0.000000003101  0.000000363588 -0.000000180979  0.000000250388 -0.000000189441
  0.529411764706  0.000000142826 -0.000000002024  0.000000344853 -0.000000171891  0.000000217484 -0.000000148013 -0.000000299438  0.000000004486  0.000000166994 -0.000000084684  0.000000217484  0.000000121696
  0.533333333333 -0.000000275813  0.000000004087  0.000000098516 -0.000000050348  0.000000188904  0.000000123824 -0.000000083639  0.000000001146 -0.000000317991  0.000000158690  0.000000188904  0.000000111288
  0.537254901961 -0.000000035891  0.000000000448 -0.000000285948  0.000000142854  0.000000164049  0.000000079424  0.000000247802 -0.000000003633 -0.000000043126  0.000000022539  0.000000164049 -0.000000120860
  0.541176470588  0.000000217479 -0.000000003155  0.000000000255  0.000000000726  0.000000142465 -0.000000114155 -0.000000001513  0.000000000089  0.000000251203 -0.000000125625  0.000000142465 -0.000000052448
  0.545098039216 -0.000000029671  0.000000000485  0.000000215658 -0.000000107961  0.000000123697 -0.000000030130 -0.000000186559  0.000000002678 -0.000000033016  0.000000015778  0.000000123697  0.000000104865
  0.549019607843 -0.000000156296  0.000000002220 -0.000000056500  0.000000027640  0.000000107403  0.000000093974  0.000000049837 -0.000000000760 -0.000000180863  0.000000090640  0.000000107403  0.000000012182
  0.552941176471  0.000000063195 -0.000000000936 -0.000000147880  0.000000074199  0.000000093238 -0.000000001821  0.000000127681 -0.000000001794  0.000000072135 -0.000000035572  0.000000093238 -0.000000082265
  0.556862745098  0.000000101339 -0.000000001408  0.000000081246 -0.000000040231  0.000000080942 -0.000000070383 -0.000000070933  0.000000001031  0.000000117525 -0.000000059050  0.000000080942  0.000000012311
  0.560784313725 -0.000000074131  0.000000001061  0.000000090245 -0.000000045420  0.000000070255  0.000000019771 -0.000000077718  0.000000001066 -0.000000085101  0.000000042251  0.000000070255  0.000000058799
  0.564705882353 -0.000000057001  0.000000000771 -0.000000084842  0.000000042203  0.000000060979  0.000000047881  0.000000073785 -0.000000001043 -0.000000066329  0.000000033459  0.000000060979 -0.000000024658
  0.568627450980  0.000000070779 -0.000000000989 -0.000000045814  0.000000023188  0.000000052919 -0.000000027425  0.000000039268 -0.000000000521  0.000000081484 -0.000000040594  0.000000052919 -0.000000037861
  0.572549019608  0.000000024429 -0.000000000316  0.000000075920 -0.000000037869  0.000000045925 -0.000000028900 -0.000000065871  0.000000000911  0.000000028651 -0.000000014586  0.000000045925  0.000000028489
  0.576470588235 -0.000000059718  0.000000000817  0.000000014638 -0.000000007554  0.000000039848  0.000000028227 -0.000000012339  0.000000000151 -0.000000068888  0.000000034400  0.000000039848  0.000000021064
  0.580392156863 -0.000000002762  0.000000000022 -0.000000061020  0.000000030504  0.000000034576  0.000000014375  0.000000052847 -0.000000000716 -0.000000003536  0.000000001976  0.000000034576 -0.000000026977
  0.584313725490  0.000000045699 -0.000000000613  0.000000004964 -0.000000002303  0.000000029996 -0.000000025024 -0.000000004554  0.000000000074  0.000000052806 -0.000000026425  0.000000029996 -0.000000008795
  0.588235294118 -0.000000009897  0.000000000143  0.000000044647 -0.000000022365  0.000000026023 -0.000000004264 -0.000000038600  0.000000000512 -0.000000011180  0.000000005439  0.000000026023  0.000000022619
  0.592156862745 -0.000000031811  0.000000000418 -0.000000015444  0.000000007598  0.000000022573  0.000000019958  0.000000013549 -0.000000000189 -0.000000036824  0.000000018468  0.000000022573  0.000000000690
  0.596078431373  0.000000015793 -0.000000000215 -0.000000029557  0.000000014842  0.000000019580 -0.000000002026  0.000000025502 -0.000000000331  0.000000018076 -0.000000008939  0.000000019580 -0.000000017208
  0.600000000000  0.000000019798 -0.000000000254  0.000000019379 -0.000000009613  0.000000016982 -0.000000014489 -0.000000016889  0.000000000227  0.000000022972 -0.000000011554  0.000000016982  0.000000003996
  0.603921568627 -0.000000017080  0.000000000226  0.000000017155 -0.000000008646  0.000000014728  0.000000005328 -0.000000014758  0.000000000187 -0.000000019633  0.000000009760  0.000000014728  0.000000011900
  0.607843137255 -0.000000010412  0.000000000130 -0.000000019086  0.000000009503  0.000000012772  0.000000009503  0.000000016583 -0.000000000217 -0.000000012129  0.000000006130  0.000000012772 -0.000000006131
  0.611764705882  0.000000015584 -0.000000000202 -0.000000007892  0.000000004008  0.000000011075 -0.000000006505  0.000000006747 -0.000000000082  0.000000017956 -0.000000008953  0.000000011075 -0.000000007342
  0.615686274510  0.000000003737 -0.000000000044  0.000000016429 -0.000000008201  0.000000009603 -0.000000005438 -0.000000014246  0.000000000183  0.000000004404 -0.000000002258  0.000000009603  0.000000006541
  0.619607843137 -0.000000012702  0.000000000161  0.000000001616 -0.000000000858  0.000000008326  0.000000006322 -0.000000001330  0.000000000013 -0.000000014662  0.000000007327  0.000000008326  0.000000003802
  0.623529411765  0.000000000530 -0.000000000010 -0.000000012779  0.000000006393  0.000000007218  0.000000002427  0.000000011063 -0.000000000139  0.000000000543 -0.000000000228  0.000000007218 -0.000000005918
  0.627450980392  0.000000009411 -0.000000000117  0.000000002147 -0.000000001036  0.000000006257 -0.000000005392 -0.000000001910  0.000000000026  0.000000010881 -0.000000005449  0.000000006257 -0.000000001302
  0.631372549020 -0.000000002875  0.000000000038  0.000000009042 -0.000000004533  0.000000005424 -0.000000000406 -0.000000007814  0.000000000096 -0.000000003272  0.000000001605  0.000000005424  0.000000004792
  0.635294117647 -0.000000006317  0.000000000077 -0.000000003994  0.000000001972  0.000000004702  0.000000004160  0.000000003492 -0.000000000045 -0.000000007318  0.000000003673  0.000000004702 -0.000000000283
  0.639215686275  0.000000003824 -0.000000000048 -0.000000005744  0.000000002887  0.000000004075 -0.000000000790  0.000000004953 -0.000000000060  0.000000004385 -0.000000002174  0.000000004075 -0.000000003527
  0.643137254902  0.000000003740 -0.000000000045  0.000000004514 -0.000000002243  0.000000003532 -0.000000002918 -0.000000003928  0.000000000049  0.000000004344 -0.000000002188  0.000000003532  0.000000001141
  0.647058823529 -0.000000003858  0.000000000048  0.000000003127 -0.000000001579  0.000000003061  0.000000001362 -0.000000002687  0.000000000032 -0.000000004439  0.000000002209  0.000000003061  0.000000002349
  0.650980392157 -0.000000001793  0.000000000021 -0.000000004215  0.000000002101  0.000000002652  0.000000001833  0.000000003659 -0.000000000045 -0.000000002093  0.000000001061  0.000000002652 -0.000000001477
  0.654901960784  0.000000003371 -0.000000000041 -0.000000001237  0.000000000632  0.000000002298 -0.000000001506  0.000000001054 -0.000000000012  0.000000003887 -0.000000001939  0.000000002298 -0.000000001375
  0.658823529412  0.000000000458 -0.000000000005  0.000000003492 -0.000000001745  0.000000001991 -0.000000000979 -0.000000003026  0.000000000036  0.000000000547 -0.000000000286  0.000000001991  0.000000001472
  0.662745098039 -0.000000002652  0.000000000031  0.000000000008 -0.000000000015  0.000000001725  0.000000001390  0.000000000007 -0.000000000001 -0.000000003063  0.000000001532  0.000000001725  0.000000000645
  0.666666666667  0.000000000356 -0.000000000005 -0.000000002624  0.000000001314  0.000000001495  0.000000000369  0.000000002270 -0.000000000027  0.000000000397 -0.000000000190  0.000000001495 -0.000000001275
  0.670588235294  0.000000001897 -0.000000000022  0.000000000686 -0.000000000336  0.000000001295 -0.000000001141 -0.000000000604  0.000000000008  0.000000002195 -0.000000001100  0.000000001295 -0.000000000148
  0.674509803922 -0.000000000768  0.000000000009  0.000000001789 -0.000000000898  0.000000001122  0.000000000024 -0.000000001545  0.000000000018 -0.000000000878  0.000000000433  0.000000001122  0.000000000996
  0.678431372549 -0.000000001221  0.000000000014 -0.000000000988  0.000000000489  0.000000000971  0.000000000850  0.000000000862 -0.000000000010 -0.000000001416  0.000000000711  0.000000000971 -0.000000000152
  0.682352941176  0.000000000899 -0.000000000011 -0.000000001082  0.000000000544  0.000000000842 -0.000000000243  0.000000000932 -0.000000000010  0.000000001033 -0.000000000513  0.000000000842 -0.000000000707
  0.686274509804  0.000000000679 -0.000000000008  0.000000001027 -0.000000000511  0.000000000729 -0.000000000574 -0.000000000893  0.000000000010  0.000000000790 -0.000000000398  0.000000000729  0.000000000301
  0.690196078431 -0.000000000854  0.000000000010  0.000000000540 -0.000000000273  0.000000000631  0.000000000334 -0.000000000463  0.000000000005 -0.000000000984  0.000000000490  0.000000000631  0.000000000451
  0.694117647059 -0.000000000284  0.000000000003 -0.000000000913  0.000000000456  0.000000000547  0.000000000342  0.000000000792 -0.000000000009 -0.000000000332  0.000000000169  0.000000000547 -0.000000000345
  0.698039215686  0.000000000716 -0.000000000008 -0.000000000164  0.000000000085  0.000000000473 -0.000000000341  0.000000000138 -0.000000000001  0.000000000826 -0.000000000412  0.000000000473 -0.000000000247
  0.701960784314  0.000000000024 -0.000000000000  0.000000000728 -0.000000000364  0.000000000410 -0.000000000166 -0.000000000631  0.000000000007  0.000000000031 -0.000000000018  0.000000000410  0.000000000324
  0.705882352941 -0.000000000543  0.000000000006 -0.000000000070  0.000000000033  0.000000000355  0.000000000300  0.000000000063 -0.000000000001 -0.000000000628  0.000000000314  0.000000000355  0.000000000100
  0.709803921569  0.000000000126 -0.000000000002 -0.000000000528  0.000000000264  0.000000000307  0.000000000046  0.000000000456 -0.000000000005  0.000000000143 -0.000000000070  0.000000000307 -0.000000000270
  0.713725490196  0.000000000374 -0.000000000004  0.000000000192 -0.000000000095  0.000000000266 -0.000000000237 -0.000000000168  0.000000000002  0.000000000433 -0.000000000217  0.000000000266 -0.000000000003
  0.717647058824 -0.000000000193  0.000000000002  0.000000000345 -0.000000000173  0.000000000230  0.000000000029 -0.000000000298  0.000000000003 -0.000000000222  0.000000000110  0.000000000230  0.000000000203
  0.721568627451 -0.000000000229  0.000000000002 -0.000000000235  0.000000000117  0.000000000199  0.000000000170  0.000000000205 -0.000000000002 -0.000000000266  0.000000000134  0.000000000199 -0.000000000051
  0.725490196078  0.000000000206 -0.000000000002 -0.000000000196  0.000000000099  0.000000000173 -0.000000000066  0.000000000169 -0.000000000002  0.000000000237 -0.000000000118  0.000000000173 -0.000000000139
  0.729411764706  0.000000000117 -0.000000000001  0.000000000228 -0.000000000114  0.000000000149 -0.000000000110 -0.000000000198  0.000000000002  0.000000000137 -0.000000000069  0.000000000149  0.000000000075
  0.733333333333 -0.000000000185  0.000000000002  0.000000000086 -0.000000000044  0.000000000129  0.000000000079 -0.000000000074  0.000000000001 -0.000000000213  0.000000000106  0.000000000129  0.000000000084
  0.737254901961 -0.000000000039  0.000000000000 -0.000000000194  0.000000000097  0.000000000112  0.000000000061  0.000000000168 -0.000000000002 -0.000000000046  0.000000000024  0.000000000112 -0.000000000079
  0.741176470588  0.000000000149 -0.000000000002 -0.000000000013  0.000000000007  0.000000000097 -0.000000000075  0.000000000011 -0.000000000000  0.000000000172 -0.000000000086  0.000000000097 -0.000000000042
  0.745098039216 -0.000000000011  0.000000000000  0.000000000149 -0.000000000074  0.000000000084 -0.000000000026 -0.000000000129  0.000000000001 -0.000000000011  0.000000000005  0.000000000084  0.000000000070
  0.749019607843 -0.000000000109  0.000000000001 -0.000000000030  0.000000000014  0.000000000073  0.000000000063  0.000000000026 -0.000000000000 -0.000000000126  0.000000000063  0.000000000073  0.000000000013
  0.752941176471  0.000000000037 -0.000000000000 -0.000000000104  0.000000000052  0.000000000063  0.000000000003  0.000000000090 -0.000000000001  0.000000000042 -0.000000000021  0.000000000063 -0.000000000056
  0.756862745098  0.000000000072 -0.000000000001  0.000000000050 -0.000000000025  0.000000000054 -0.000000000048 -0.000000000043  0.000000000000  0.000000000083 -0.000000000042  0.000000000054  0.000000000005
  0.760784313725 -0.000000000047  0.000000000000  0.000000000064 -0.000000000032  0.000000000047  0.000000000011 -0.000000000056  0.000000000001 -0.000000000053  0.000000000026  0.000000000047  0.000000000040
  0.764705882353 -0.000000000041  0.000000000000 -0.000000000054  0.000000000027  0.000000000041  0.000000000033  0.000000000047 -0.000000000000 -0.000000000048  0.000000000024  0.000000000041 -0.000000000015
  0.768627450980  0.000000000046 -0.000000000000 -0.000000000034  0.000000000017  0.000000000035 -0.000000000017  0.000000000029 -0.000000000000  0.000000000053 -0.000000000026  0.000000000035 -0.000000000026
  0.772549019608  0.000000000019 -0.000000000000  0.000000000050 -0.000000000025  0.000000000030 -0.000000000020 -0.000000000043  0.000000000000  0.000000000022 -0.000000000011  0.000000000030  0.000000000018
  0.776470588235 -0.000000000039  0.000000000000  0.000000000012 -0.000000000006  0.000000000026  0.000000000018 -0.000000000010  0.000000000000 -0.000000000045  0.000000000023  0.000000000026  0.000000000015
  0.780392156863 -0.000000000004  0.000000000000 -0.000000000040  0.000000000020  0.000000000023  0.000000000011  0.000000000035 -0.000000000000 -0.000000000005  0.000000000002  0.000000000023 -0.000000000017
  0.784313725490  0.000000000030 -0.000000000000  0.000000000002 -0.000000000001  0.000000000020 -0.000000000016 -0.000000000001  0.000000000000  0.000000000035 -0.000000000018  0.000000000020 -0.000000000007
  0.788235294118 -0.000000000005  0.000000000000  0.000000000030 -0.000000000015  0.000000000017 -0.000000000004 -0.000000000026  0.000000000000 -0.000000000006  0.000000000003  0.000000000017  0.000000000015
  0.792156862745 -0.000000000021  0.000000000000 -0.000000000009  0.000000000005  0.000000000015  0.000000000013  0.000000000008 -0.000000000000 -0.000000000025  0.000000000012  0.000000000015  0.000000000001
  0.796078431373  0.000000000010 -0.000000000000 -0.000000000020  0.000000000010  0.000000000013 -0.000000000001  0.000000000017 -0.000000000000  0.000000000011 -0.000000000005  0.000000000013 -0.000000000011
  0.800000000000  0.000000000013 -0.000000000000  0.000000000012 -0.000000000006  0.000000000011 -0.000000000010 -0.000000000010  0.000000000000  0.000000000015 -0.000000000008  0.000000000011  0.000000000002
  0.803921568627 -0.000000000011  0.000000000000  0.000000000012 -0.000000000006  0.000000000009  0.000000000003 -0.000000000010  0.000000000000 -0.000000000012  0.000000000006  0.000000000009  0.000000000008
  0.807843137255 -0.000000000007  0.000000000000 -0.000000000012  0.000000000006  0.000000000008  0.000000000006  0.000000000010 -0.000000000000 -0.000000000008  0.000000000004  0.000000000008 -0.000000000004
  0.811764705882  0.000000000010 -0.000000000000 -0.000000000005  0.000000000003  0.000000000007 -0.000000000004  0.000000000005 -0.000000000000  0.000000000011 -0.000000000006  0.000000000007 -0.000000000005
  0.815686274510  0.000000000003 -0.000000000000  0.000000000011 -0.000000000005  0.000000000006 -0.000000000004 -0.000000000009  0.000000000000  0.000000000003 -0.000000000002  0.000000000006  0.000000000004
  0.819607843137 -0.000000000008  0.000000000000  0.000000000001 -0.000000000001  0.000000000005  0.000000000004 -0.000000000001  0.000000000000 -0.000000000009  0.000000000005  0.000000000005  0.000000000003
  0.823529411765  0.000000000000 -0.000000000000 -0.000000000008  0.000000000004  0.000000000005  0.000000000002  0.000000000007 -0.000000000000  0.000000000000 -0.000000000000  0.000000000005 -0.000000000004
  0.827450980392  0.000000000006 -0.000000000000  0.000000000001 -0.000000000001  0.000000000004 -0.000000000003 -0.000000000001  0.000000000000  0.000000000007 -0.000000000003  0.000000000004 -0.000000000001
  0.831372549020 -0.000000000002  0.000000000000  0.000000000006 -0.000000000003  0.000000000004 -0.000000000000 -0.000000000005  0.000000000000 -0.000000000002  0.000000000001  0.000000000004  0.000000000003
  0.835294117647 -0.000000000004  0.000000000000 -0.000000000002  0.000000000001  0.000000000003  0.000000000003  0.000000000002 -0.000000000000 -0.000000000005  0.000000000002  0.000000000003 -0.000000000000
  0.839215686275  0.000000000002 -0.000000000000 -0.000000000004  0.000000000002  0.000000000003 -0.000000000000  0.000000000003 -0.000000000000  0.000000000003 -0.000000000001  0.000000000003 -0.000000000002
  0.843137254902  0.000000000003 -0.000000000000  0.000000000003 -0.000000000001  0.000000000002 -0.000000000002 -0.000000000002  0.000000000000  0.000000000003 -0.000000000001  0.000000000002  0.000000000001
  0.847058823529 -0.000000000002  0.000000000000  0.000000000002 -0.000000000001  0.000000000002  0.000000000001 -0.000000000002  0.000000000000 -0.000000000003  0.000000000001  0.000000000002  0.000000000002
  0.850980392157 -0.000000000001  0.000000000000 -0.000000000003  0.000000000001  0.000000000002  0.000000000001  0.000000000002 -0.000000000000 -0.000000000001  0.000000000001  0.000000000002 -0.000000000001
  0.854901960784  0.000000000002 -0.000000000000 -0.000000000001  0.000000000000  0.000000000001 -0.000000000001  0.000000000001 -0.000000000000  0.000000000002 -0.000000000001  0.000000000001 -0.000000000001
  0.858823529412  0.000000000000 -0.000000000000  0.000000000002 -0.000000000001  0.000000000001 -0.000000000001 -0.000000000002  0.000000000000  0.000000000000 -0.000000000000  0.000000000001  0.000000000001
  0.862745098039 -0.000000000002  0.000000000000  0.000000000000 -0.000000000000  0.000000000001  0.000000000001  0.000000000000  0.000000000000 -0.000000000002  0.000000000001  0.000000000001  0.000000000000
  0.866666666667  0.000000000000 -0.000000000000 -0.000000000002  0.000000000001  0.000000000001  0.000000000000  0.000000000001 -0.000000000000  0.000000000000 -0.000000000000  0.000000000001 -0.000000000001
  0.870588235294  0.000000000001 -0.000000000000  0.000000000000 -0.000000000000  0.000000000001 -0.000000000001 -0.000000000001  0.000000000000  0.000000000001 -0.000000000001  0.000000000001 -0.000000000000
  0.874509803922 -0.000000000000  0.000000000000  0.000000000001 -0.000000000001  0.000000000001  0.000000000000 -0.000000000001  0.000000000000 -0.000000000001  0.000000000000  0.000000000001  0.000000000001
  0.878431372549 -0.000000000001  0.000000000000 -0.000000000001  0.000000000000  0.000000000001  0.000000000000  0.000000000001 -0.000000000000 -0.000000000001  0.000000000000  0.000000000001 -0.000000000000
  0.882352941176  0.000000000000 -0.000000000000 -0.000000000001  0.000000000000  0.000000000001 -0.000000000000  0.000000000001 -0.000000000000  0.000000000001 -0.000000000000  0.000000000001 -0.000000000000
  0.886274509804  0.000000000000 -0.000000000000  0.000000000001 -0.000000000000  0.000000000000 -0.000000000000 -0.000000000001  0.000000000000  0.000000000000 -0.000000000000  0.000000000000  0.000000000000
  0.890196078431 -0.000000000000  0.000000000000  0.000000000000 -0.000000000000  0.000000000000  0.000000000000 -0.000000000000  0.000000000000 -0.000000000001  0.000000000000  0.000000000000  0.000000000000
  0.894117647059 -0.000000000000  0.000000000000 -0.000000000000  0.000000000000  0.000000000000  0.000000000000  0.000000000001 -0.000000000000 -0.000000000000  0.000000000000  0.000000000000 -0.000000000000
  0.898039215686  0.000000000000 -0.000000000000 -0.000000000000  0.000000000000  0.000000000000 -0.000000000000  0.000000000000 -0.000000000000  0.000000000001 -0.000000000000  0.000000000000 -0.000000000000
  0.901960784314  0.000000000000  0.000000000000  0.000000000000 -0.000000000000  0.000000000000 -0.000000000000 -0.000000000000  0.000000000000 -0.000000000000  0.000000000000  0.000000000000  0.000000000000
  0.905882352941 -0.000000000000  0.000000000000 -0.000000000000  0.000000000000  0.000000000000  0.000000000000  0.000000000000 -0.000000000000 -0.000000000001  0.000000000000  0.000000000000  0.000000000000
  0.909803921569  0.000000000000 -0.000000000000 -0.000000000000  0.000000000000  0.000000000000 -0.000000000000  0.000000000000 -0.000000000000  0.000000000000 -0.000000000000  0.000000000000 -0.000000000000
  0.913725490196  0.000000000000 -0.000000000000  0.000000000000 -0.000000000000  0.000000000000 -0.000000000000 -0.000000000000  0.000000000000  0.000000000000 -0.000000000000  0.000000000000 -0.000000000000
  0.917647058824 -0.000000000000  0.000000000000  0.000000000000 -0.000000000000  0.000000000000  0.000000000000 -0.000000000000  0.000000000000 -0.000000000000  0.000000000000  0.000000000000  0.000000000000
  0.921568627451 -0.000000000000  0.000000000000 -0.000000000000  0.000000000000  0.000000000000  0.000000000000  0.000000000000 -0.000000000000 -0.000000000000  0.000000000000  0.000000000000 -0.000000000000
  0.925490196078  0.000000000000 -0.000000000000 -0.000000000000  0.000000000000  0.000000000000 -0.000000000000  0.000000000000 -0.000000000000  0.000000000000 -0.000000000000  0.000000000000 -0.000000000000
  0.929411764706  0.000000000000 -0.000000000000  0.000000000000 -0.000000000000  0.000000000000 -0.000000000000 -0.000000000000  0.000000000000  0.000000000000 -0.000000000000  0.000000000000  0.000000000000
  0.933333333333 -0.000000000000  0.000000000000 -0.000000000000  0.000000000000  0.000000000000  0.000000000000 -0.000000000000 -0.000000000000 -0.000000000000  0.000000000000  0.000000000000  0.000000000000
  0.937254901961  0.000000000000  0.000000000000 -0.000000000000  0.000000000000  0.000000000000  0.000000000000  0.000000000000 -0.000000000000 -0.000000000000  0.000000000000  0.000000000000 -0.000000000000
  0.941176470588  0.000000000000 -0.000000000000  0.000000000000 -0.000000000000  0.000000000000 -0.000000000000  0.000000000000  0.000000000000  0.000000000000 -0.000000000000  0.000000000000 -0.000000000000
  0.945098039216 -0.000000000000 -0.000000000000  0.000000000000 -0.000000000000  0.000000000000 -0.000000000000 -0.000000000000  0.000000000000  0.000000000000 -0.000000000000  0.000000000000  0.000000000000
  0.949019607843 -0.000000000000  0.000000000000 -0.000000000000  0.000000000000  0.000000000000  0.000000000000 -0.000000000000 -0.000000000000 -0.000000000000  0.000000000000  0.000000000000 -0.000000000000
  0.952941176471  0.000000000000  0.000000000000 -0.000000000000  0.000000000000  0.000000000000  0.000000000000  0.000000000000 -0.000000000000 -0.000000000000  0.000000000000  0.000000000000 -0.000000000000
  0.956862745098  0.000000000000 -0.000000000000  0.000000000000 -0.000000000000  0.000000000000 -0.000000000000  0.000000000000  0.000000000000  0.000000000000 -0.000000000000  0.000000000000  0.000000000000
  0.960784313725 -0.000000000000 -0.000000000000  0.000000000000 -0.000000000000  0.000000000000 -0.000000000000 -0.000000000000  0.000000000000  0.000000000000 -0.000000000000  0.000000000000  0.000000000000
  0.964705882353 -0.000000000000  0.000000000000 -0.000000000000  0.000000000000  0.000000000000  0.000000000000 -0.000000000000 -0.000000000000 -0.000000000000  0.000000000000  0.000000000000 -0.000000000000
  0.968627450980  0.000000000000  0.000000000000 -0.000000000000  0.000000000000  0.000000000000  0.000000000000  0.000000000000 -0.000000000000 -0.000000000000  0.000000000000  0.000000000000 -0.000000000000
  0.972549019608  0.000000000000 -0.000000000000  0.000000000000 -0.000000000000  0.000000000000 -0.000000000000  0.000000000000  0.000000000000  0.000000000000 -0.000000000000  0.000000000000  0.000000000000
  0.976470588235 -0.000000000000 -0.000000000000  0.000000000000 -0.000000000000  0.000000000000 -0.000000000000 -0.000000000000  0.000000000000  0.000000000000 -0.000000000000  0.000000000000 -0.000000000000
  0.980392156863  0.000000000000  0.000000000000 -0.000000000000  0.000000000000  0.000000000000  0.000000000000 -0.000000000000 -0.000000000000 -0.000000000000  0.000000000000  0.000000000000 -0.000000000000
  0.984313725490  0.000000000000  0.000000000000  0.000000000000 -0.000000000000  0.000000000000  0.000000000000  0.000000000000  0.000000000000 -0.000000000000  0.000000000000  0.000000000000  0.000000000000
  0.988235294118 -0.000000000000 -0.000000000000  0.000000000000 -0.000000000000  0.000000000000 -0.000000000000  0.000000000000  0.000000000000  0.000000000000 -0.000000000000  0.000000000000  0.000000000000
  0.992156862745 -0.000000000000 -0.000000000000 -0.000000000000  0.000000000000  0.000000000000 -0.000000000000 -0.000000000000 -0.000000000000  0.000000000000 -0.000000000000  0.000000000000 -0.000000000000
  0.996078431373  0.000000000000  0.000000000000 -0.000000000000  0.000000000000  0.218264797519  0.000000000000 -0.000000000000 -0.000000000000 -0.000000000000  0.000000000000  0.218264797519 -0.000000000000
  1.000000000000  0.000000000000  0.000000000000 -0.000000000000  0.000000000000  0.428174083632  0.000000000000  0.000000000000 -0.000000000000 -0.000000000000  0.000000000000  0.428174083632  0.000000000000
