             Rad             v_r             v_t             v_x             p              p_mg      p_no_phase
  0.000000000000  0.165579474551  0.000000000000 -0.118140006955  0.059278563507  0.053944601273 -0.000000000000
  0.003921568627  0.242556470144  0.080418193187  0.106283787071 -0.053299576267  0.373590935623 -0.003764694344
  0.007843137255  0.278999204693  0.165194809749  0.415326654735 -0.208311150151  0.428992945854 -0.010733322113
  0.011764705882  0.035446504944  0.174675361990  0.719606589713 -0.360830796986  0.141704135549 -0.030531252568
  0.015686274510 -0.346862422006  0.123261458950  0.493780700788 -0.247857106935  0.166327455891  0.011949541734
  0.019607843137 -0.379891208769 -0.006209440951 -0.042917481564  0.021519617654  0.342775777447  0.001871622899
  0.023529411765 -0.136777528929 -0.050687555617 -0.342299501566  0.171746074967  0.141457362675  0.001000522175
  0.027450980392  0.160049094711 -0.025601091051 -0.343247953691  0.171975364370  0.290921151062  0.032002708069
  0.031372549020  0.331019799321 -0.015382119348  0.009168263559 -0.004342843633  0.218285260413 -0.032367734740
  0.035294117647  0.063833597522  0.019643910610  0.383578864825 -0.192136089658  0.130350302303 -0.041547961045
  0.039215686275 -0.279458267923  0.038188592963  0.151513135023 -0.076505363452  0.115660068760  0.060508158432
  0.043137254902 -0.119740036299 -0.013331015382 -0.230147838670  0.115361451039  0.116290977541  0.014930020492
  0.047058823529  0.107106256044 -0.029013641450 -0.114412552542  0.057888950188  0.071183950475 -0.060429459897
  0.050980392157  0.046008648762  0.011579297530  0.005938555706 -0.003264436418  0.246091404980  0.035787300751
  0.054901960784  0.089905276779  0.005449820066 -0.011513215898  0.005607005045  0.213963270817  0.021362130061
  0.058823529412  0.051334838745 -0.009634113985  0.201384284323 -0.100408785868  0.294387081846 -0.080314539425
  0.062745098039 -0.240626821702  0.017097139553  0.101914837415 -0.051493799556  0.256594498451  0.044812139174
  0.066666666667 -0.084209675664  0.003633993180 -0.324636592160  0.162197162974  0.251913694236  0.087274245578
  0.070588235294  0.294109307279 -0.028512592758 -0.086471428126  0.044242040866  0.206381752506 -0.107317745634
  0.074509803922  0.025284393813  0.005943154424  0.319817653049 -0.160130238160  0.197562488058 -0.043142491946
  0.078431372549 -0.227904958327  0.025407810260 -0.025976868848  0.011992049708  0.182873588444  0.131023427439
  0.082352941176  0.088229900226 -0.015066767781 -0.181520062205  0.091380427423  0.252068402214 -0.037707265002
  0.086274509804  0.060140590747 -0.010824075667  0.163540211000 -0.081303184589  0.270979962055 -0.094992284430
  0.090196078431 -0.182465373848  0.018971420797 -0.046023572334  0.022156212288  0.339254122211  0.117770632738
  0.094117647059  0.149230503706 -0.007886710420 -0.235875729521  0.118309004074  0.344671632585  0.005690650416
  0.098039215686  0.190339635652 -0.015049825685  0.276773405479 -0.137648966186  0.365606695647 -0.154167025053
  0.101960784314 -0.315921100242  0.022393115227  0.184894324406 -0.093588771999  0.344907554961  0.102481674303
  0.105882352941 -0.089408619548  0.004382233881 -0.412724076436  0.206130037601  0.332689494150  0.120760882795
  0.109803921569  0.364083109054 -0.026759721405 -0.017606310329  0.010272316340  0.309051653045 -0.180785157131
  0.113725490196 -0.083677360017  0.008679024560  0.385407965322 -0.193197495822  0.317247430976 -0.023492208897
  0.117647058824 -0.260913625077  0.019638023896 -0.194187494837  0.095938569542  0.327349329309  0.188316580003
  0.121568627451  0.248796508391 -0.018514864620 -0.190213929511  0.096232378095  0.372934284419 -0.099264996600
  0.125490196078  0.036333436471 -0.004506738759  0.347089142858 -0.173261795664  0.398872936037 -0.112577683061
  0.129411764706 -0.320594885220  0.020808458250 -0.104320486762  0.050813813729  0.435556972396  0.192415305571
  0.133333333333  0.223711186499 -0.012024594501 -0.356446133238  0.179024706252  0.442197961712 -0.021670730854
  0.137254901961  0.251151865475 -0.014481677566  0.379707108675 -0.188859713720  0.445592408582 -0.209206575505
  0.141176470588 -0.410119739139  0.023073966104  0.199866023061 -0.101561762079  0.429080612058  0.160398896244
  0.145098039216 -0.056547391668  0.002157179776 -0.515655935333  0.257671466389  0.416720750839  0.134113199602
  0.149019607843  0.436945137891 -0.024305450498  0.067226018517 -0.031802014908  0.404964586953 -0.242584743849
  0.152941176471 -0.185985020632  0.011006421013  0.443150089805 -0.222416712392  0.415496667505  0.007460632129
  0.156862745098 -0.281054959787  0.015577604966 -0.332400541131  0.164978497627  0.432220932516  0.227361911838
  0.160784313725  0.370126712262 -0.019547612281 -0.178615855129  0.090879402277  0.466153989396 -0.157914612086
  0.164705882353 -0.003304623433 -0.000814135883  0.475010779299 -0.237438343165  0.489545550365 -0.113847242377
  0.168627450980 -0.407920917805  0.020011209291 -0.177534127730  0.087079844258  0.511403292079  0.251505223064
  0.172549019608  0.303206801453 -0.013766463959 -0.421334305462  0.211854847661  0.514160783678 -0.055802297654
  0.176470588235  0.271230722020 -0.012351018035  0.479500499571 -0.238660454077  0.509140891558 -0.243416408605
  0.180392156863 -0.492606670369  0.022270327056  0.180913015935 -0.092465204133  0.493499702611  0.212369180931
  0.184313725490 -0.007958554232 -0.000133920965 -0.596722737945  0.298373710708  0.481490555177  0.130878524144
  0.188235294118  0.486028666934 -0.021499202058  0.153186388268 -0.074569739822  0.475370823469 -0.288370793872
  0.192156862745 -0.275294263566  0.012251906740  0.470880317945 -0.236617302953  0.486418275407  0.043480213714
  0.196078431373 -0.277192260326  0.012127092634 -0.441598833336  0.219610486018  0.504529628812  0.247467472962
  0.200000000000  0.457532477563 -0.019106783934 -0.144147582556  0.073984469671  0.531514908393 -0.208206396178
  0.203921568627 -0.054903581420  0.001737454373  0.557967815318 -0.279161059870  0.550611467902 -0.101558883438
  0.207843137255 -0.455786566261  0.018090435964 -0.254726707782  0.125483367409  0.563185290016  0.292869772150
  0.211764705882  0.376296844363 -0.014353066492 -0.444690357421  0.223864915162  0.561380440128 -0.092360815533
  0.215686274510  0.262717056485 -0.009867629804  0.561972972814 -0.279922330252  0.550978670784 -0.258496213900
  0.219607843137 -0.552921511710  0.020723350983  0.140438135870 -0.072494573141  0.535038096922  0.254893065054
  0.223529411765  0.047518048360 -0.002010502979 -0.646967690530  0.323708548539  0.523501880112  0.115332748712
  0.227450980392  0.507191401072 -0.018568195070  0.233317458252 -0.114547052039  0.520450396153 -0.317244937193
  0.231372549020 -0.348495209211  0.012651155965  0.468262336055 -0.235594733130  0.531908327743  0.080068048371
  0.235294117647 -0.252174677641  0.009115839491 -0.521874575939  0.259864836264  0.549817571523  0.250640077093
  0.239215686275  0.513987901085 -0.017846359958 -0.093271546789  0.048770338017  0.571976879806 -0.247642646763
  0.243137254902 -0.111703025960  0.003546801462  0.602294383932 -0.301578371752  0.586683188848 -0.079461689196
  0.247058823529 -0.471528118163  0.015739049571 -0.327524887925  0.161818208427  0.592363030000  0.317102728987
  0.250980392157  0.436787893183 -0.014237351480 -0.436173117657  0.219873206858  0.586207058829 -0.127805264880
  0.254901960784  0.234140819662 -0.007470665963  0.621792465108 -0.309944088853  0.571832616297 -0.257690479846
  0.258823529412 -0.588856636474  0.018796270896  0.087446008397 -0.046155462785  0.555317710551  0.286384615356
  0.262745098039  0.103597796059 -0.003405453194 -0.666712719819  0.333803742976  0.544548946896  0.091721020239
  0.266666666667  0.503083036136 -0.015696575490  0.302806097234 -0.149310171885  0.543638947473 -0.330303029563
  0.270588235294 -0.403941880220  0.012452417567  0.440651835395 -0.222010656545  0.555781068658  0.114000009451
  0.274509803922 -0.211780338439  0.006526904705 -0.574331672582  0.286269986626  0.573068148218  0.240080670586
  0.278431372549  0.542917101770 -0.016162006703 -0.033264298953  0.018882154331  0.591501342262 -0.275472317129
  0.282352941176 -0.167960975703  0.004789723045  0.614278417175 -0.307815404782  0.602097915739 -0.051319570427
  0.286274509804 -0.461993314168  0.013310597486 -0.390546273962  0.193367894595  0.602094510233  0.326187056016
  0.290196078431  0.481892353997 -0.013667902022 -0.404432017284  0.204199194426  0.592000657412 -0.159556863784
  0.294117647059  0.192790407608 -0.005338042510  0.658091289687 -0.328260638592  0.574529434584 -0.244734906267
  0.298039215686 -0.601874493267  0.016712721464  0.029265850795 -0.017123448596  0.557582609873  0.306595946121
  0.301960784314  0.155591818152 -0.004353908811 -0.659890195945  0.330602452832  0.548062519946  0.063810742522
  0.305882352941  0.478601736259 -0.013007512630  0.358626305046 -0.177323768238  0.549086912377 -0.329680813299
  0.309803921569 -0.441377314957  0.011849655216  0.394773182931 -0.199222126293  0.562278449258  0.143138809219
  0.313725490196 -0.161945565069  0.004353257996 -0.601315665801  0.299974968901  0.578912342264  0.219294154376
  0.317647058824  0.548404546026 -0.014299209674  0.029573209157 -0.012515553630  0.594196771053 -0.292063543528
  0.321568627451 -0.219476267403  0.005582001817  0.600422576542 -0.301108786602  0.601007948605 -0.020424025897
  0.325490196078 -0.433714018727  0.010993533844 -0.440787250587  0.218604481550  0.595978289083  0.322741885696
  0.329411764706  0.511004670237 -0.012810286932 -0.357235314188  0.180727586706  0.582383299730 -0.185964511489
  0.333333333333  0.144818813569 -0.003534442927  0.672412733603 -0.335617292980  0.562500122145 -0.223282015676
  0.337254901961 -0.595123147663  0.014617826404 -0.028353010319  0.011711538354  0.545463799816  0.316170470189
  0.341176470588  0.200260859257 -0.004920542608 -0.631746039024  0.316712406192  0.537822165431  0.034680992437
  0.345098039216  0.439126021522 -0.010572086758  0.399334637965 -0.197843115777  0.540888577062 -0.317949778188
  0.349019607843 -0.461675364340  0.010989220963  0.337126864006 -0.170481158799  0.555472649738  0.166264785529
  0.352941176471 -0.107839119868  0.002573681537 -0.606072484481  0.302582063146  0.571526181985  0.191601188319
  0.356862745098  0.534867352850 -0.012412731422  0.090371903266 -0.042971130928  0.583894839027 -0.298487665950
  0.360784313725 -0.263526551636  0.006016953470  0.567078395839 -0.284624609134  0.587195811863  0.010599085284
  0.364705882353 -0.392639829424  0.008885702799 -0.477048044687  0.236903688303  0.577486145247  0.309567648200
  0.368627450980  0.524917569975 -0.011783512321 -0.301251114636  0.152797420373  0.560797135647 -0.206174857559
  0.372549019608  0.095169168973 -0.002068687947  0.667577018249 -0.333403165291  0.539134667525 -0.196597343660
  0.376470588235 -0.572411105895  0.012604988598 -0.081195653515  0.038225123021  0.522447248324  0.316299123829
  0.380392156863  0.235651702358 -0.005176229908 -0.587725399308  0.294847198283  0.517432062180  0.006669095449
  0.384313725490  0.389713708346 -0.008422982533  0.424770502826 -0.210766717515  0.522773074155 -0.297739448232
  0.388235294118 -0.466508600720  0.009980644008  0.273338704351 -0.138606771306  0.538999597394  0.182896804164
  0.392156862745 -0.053561820482  0.001153631260 -0.592330198982  0.295938897283  0.554537948689  0.159891742790
  0.396078431373  0.506705645383 -0.010599264910  0.145714521092 -0.070758190436  0.563949485762 -0.296218451393
  0.400000000000 -0.298648307885  0.006174623373  0.520100870963 -0.261285360156  0.563946902831  0.039820527350
  0.403921568627 -0.343927548625  0.007031705005 -0.499440561398  0.248300152041  0.549708953456  0.289368797048
  0.407843137255  0.525275884256 -0.010674940685 -0.241926840514  0.123140270906  0.530287882121 -0.219967635249
  0.411764705882  0.047590424266 -0.000920974101  0.646980219903 -0.323300497637  0.507505933162 -0.167420342111
  0.415686274510 -0.537625436399  0.010731578257 -0.126435192249  0.060987111232  0.491651910211  0.308460343563
  0.419607843137  0.260875509461 -0.005188795439 -0.532895488306  0.267536373785  0.490108564017 -0.018589857963
  0.423529411765  0.334736889458 -0.006566445384  0.435724786410 -0.216471851830  0.497986941416 -0.271508920206
  0.427450980392 -0.458033053161  0.008905028365  0.207929483704 -0.105867973404  0.515952741647  0.193115183075
  0.431372549020 -0.002116774221  0.000050478511 -0.563943451628  0.281960838292  0.530993878942  0.126524069463
  0.435294117647  0.468041241167 -0.008916827744  0.193478815678 -0.094798686507  0.537163715236 -0.286912246824
  0.439215686275 -0.324373623573  0.006123987132  0.464630034617 -0.233659892914  0.534001764340  0.065953360771
  0.443137254902 -0.291847391892  0.005443977189 -0.508973799302  0.253280685097  0.515263494848  0.264592736683
  0.447058823529  0.514180322501 -0.009548309706 -0.183496787328  0.093882721716  0.493422859907 -0.227589315596
  0.450980392157  0.004741781747 -0.000057517396  0.614141126554 -0.307057593668  0.470273004525 -0.137926130986
  0.454901960784 -0.494395460944  0.009029444292 -0.162417849371  0.079155168729  0.455761418568  0.294228829773
  0.458823529412  0.275865325949 -0.005019053933 -0.471657744180  0.236980302110  0.458612417069 -0.040075103814
  0.462745098039  0.277745224368 -0.004991461303  0.433627744369 -0.215658985060  0.469271844853 -0.241418747531
  0.466666666667 -0.438625421265  0.007821338447  0.144296877365 -0.073973417654  0.488860976584  0.197399740722
  0.470588235294  0.044493338902 -0.000781634515 -0.524630279732  0.262499053869  0.503371254098  0.093310275218
  0.474509803922  0.422553463821 -0.007397163098  0.232611953922 -0.114550963756  0.505789582967 -0.272251115819
  0.478431372549 -0.340970771042  0.005923610890  0.404991244883 -0.203912643086  0.499564454582  0.088258495448
  0.482352941176 -0.239784524582  0.004115630980 -0.507213542560  0.252614177926  0.476284867801  0.237347145018
  0.486274509804  0.493899968498 -0.008449031389 -0.129080209752  0.066594379175  0.452284611472 -0.229602139273
  0.490196078431 -0.031650853559  0.000561058264  0.572410210845 -0.286342619703  0.429676698112 -0.109747067853
  0.494117647059 -0.445908315107  0.007512407092 -0.188422648588  0.092355317836  0.417037007624  0.275140384811
  0.498039215686  0.281143426362 -0.004719304686 -0.407630412654  0.204990405729  0.425249719505 -0.057272738978
  0.501960784314  0.221456430753 -0.003676463536  0.420281403396 -0.209217981438  0.438889934508 -0.209270439266
  0.505882352941 -0.410681661652  0.006771248647  0.084806926505 -0.044116190851  0.459710578637  0.196490836825
  0.509803921569  0.085113078239 -0.001388244696 -0.477797070626  0.239252401608  0.473620832865  0.061551436327
  0.513725490196  0.373396097360 -0.006054115094  0.262889947796 -0.129889897276  0.471568648680 -0.253836071635
  0.517647058824 -0.349210846711  0.005622203394  0.344684589334 -0.173797453192  0.462343877001  0.106436710556
  0.521568627451 -0.190304350295  0.003028630922 -0.496012267228  0.247216314178  0.434463578317  0.209369961450
  0.525490196078  0.466668990655 -0.007408159680 -0.080830754863  0.042361835073  0.408504718773 -0.226756144993
  0.529411764706 -0.060617930769  0.000974828943  0.524791936520 -0.262654011216  0.387583268507 -0.084027186261
  0.533333333333 -0.394823330844  0.006181749763 -0.204425982330  0.100564524562  0.377375397340  0.252601551320
  0.537254901961  0.277615954919 -0.004333110448 -0.343634519960  0.172981252394  0.391901716402 -0.070066416172
  0.541176470588  0.167817314431 -0.002594091133  0.397645315095 -0.198120727006  0.408669671241 -0.176490721381
  0.545098039216 -0.376474054066  0.005782997609  0.030937812416 -0.017045056537  0.429989152301  0.191276427502
  0.549019607843  0.119263837121 -0.001812267483 -0.426437395831  0.213716183107  0.443224790435  0.032098491141
  0.552941176471  0.323175565395 -0.004889489308  0.284690172911 -0.140993286470  0.435793190092 -0.233119677448
  0.556862745098 -0.350170062276  0.005259366447  0.286434629393 -0.144681687315  0.423611935975  0.120522392261
  0.560784313725 -0.145254927922  0.002159112754 -0.477302900472  0.238046051954  0.391104166556  0.182033694199
  0.564705882353  0.434549628451 -0.006445547084 -0.040107793251  0.021873815802  0.363317281359 -0.219886231416
  0.568627450980 -0.081770120825  0.001221781342  0.473848026875 -0.237271382643  0.345553434834 -0.061491797281
  0.572549019608 -0.343251335544  0.005030280799 -0.210888641062  0.104004279361  0.338393421453  0.227834037312
  0.576470588235  0.266402461895 -0.003895774910 -0.281741577340  0.141993688497  0.360060196492 -0.078636382559
  0.580392156863  0.118101102606 -0.001714475351  0.367675338245 -0.183340135099  0.380055723248 -0.144144238087
  0.584313725490 -0.338059034433  0.004874503571 -0.016557530233  0.006854645446  0.400740085958  0.182704803762
  0.588235294118  0.146977571240 -0.002092678198 -0.373088721200  0.187159854187  0.413261749947  0.005423699500
  0.592156862745  0.273972336822 -0.003897233292  0.298790683486 -0.148241455023  0.399376383947 -0.211368738851
  0.596078431373 -0.345069978006  0.004866533470  0.232277364057 -0.117589099847  0.384268757914  0.130787157944
  0.600000000000 -0.105886987321  0.001480846047 -0.452948222784  0.226029857578  0.347192263664  0.156370748763
  0.603921568627  0.399346821933 -0.005572412903 -0.007649940743  0.005507620542  0.317621058363 -0.209833083604
  0.607843137255 -0.095135700021  0.001336339534  0.421658213082 -0.211235248948  0.304924931867 -0.042520818191
  0.611764705882 -0.292775695877  0.004045333200 -0.208573753174  0.103049480550  0.301530262990  0.201845190150
  0.615686274510  0.248701713099 -0.003435185825 -0.223355854993  0.112735425878  0.330854553118 -0.083372058383
  0.619607843137  0.073019834705 -0.001007433609  0.332210447981 -0.165793117108  0.354153470731 -0.112962969932
  0.623529411765 -0.297226621489  0.004055895682 -0.057489486690  0.027480258221  0.372622334336  0.171720667915
  0.627450980392  0.168645819476 -0.002263904068 -0.319832244172  0.160626366500  0.384475046538 -0.018306854296
  0.631372549020  0.227390938575 -0.003066437447  0.306201560594 -0.152132748083  0.362924428284 -0.189649118616
  0.635294117647 -0.335153771625  0.004468012433  0.183667265340 -0.093252883678  0.344910245079  0.137657075186
  0.639215686275 -0.072978261614  0.000967448623 -0.424636840542  0.212009216103  0.303463135015  0.133110151753
  0.643137254902  0.362562171162 -0.004793436742  0.016261288501 -0.006589225376  0.272046527653 -0.197385081769
  0.647058823529 -0.101017969711  0.001348728000  0.369820784714 -0.185346745533  0.266901806836 -0.027218709825
  0.650980392157 -0.244498850271  0.003210953000 -0.198398133351  0.098153932954  0.268159472942  0.175417073094
  0.654901960784  0.225691580997 -0.002972821917 -0.169313320926  0.085630113914  0.305064023482 -0.084800128586
  0.658823529412  0.032838778915 -0.000443861980  0.292900574601 -0.146304073942  0.331764592563 -0.083384016270
  0.662745098039 -0.255482473591  0.003331564418 -0.092081319725  0.044936670869  0.345973793041  0.159221162964
  0.666666666667  0.184888932866 -0.002355703662 -0.268323419742  0.134946944425  0.357343882414 -0.039165380436
  0.670588235294  0.184627408854 -0.002383478548  0.308028517798 -0.153215092562  0.326806427455 -0.168825954746
  0.674509803922 -0.321594409388  0.004082049681  0.141592388965 -0.072172885748  0.305897754700  0.141644398948
  0.678431372549 -0.046953743639  0.000593743666 -0.393816687618  0.196706936644  0.260469186721  0.112718794707
  0.682352941176  0.325376941954 -0.004108449101  0.031654222487 -0.014425405079  0.227032688256 -0.183237529687
  0.686274509804 -0.099875086949  0.001284863619  0.319479581813 -0.160180675482  0.232641826815 -0.015476885208
  0.690196078431 -0.199102959367  0.002509462475 -0.181315940532  0.089791959686  0.239691676602  0.149107951278
  0.694117647059  0.198459039641 -0.002524798857 -0.119985670539  0.060869088990  0.283117363934 -0.083528101682
  0.698039215686 -0.002514703025  0.000003453996  0.251168063896 -0.125585237460  0.313416647924 -0.055589911563
  0.701960784314 -0.214054640341  0.002701807506 -0.120835387652  0.059469412368  0.320877750749  0.146028077227
  0.705882352941  0.196446590588 -0.002393363165 -0.219843304188  0.110766368505  0.332159801131 -0.057402157212
  0.709803921569  0.146546112059 -0.001833526228  0.305366152040 -0.152032353966  0.291219623720 -0.149573737950
  0.713725490196 -0.305429632022  0.003721850536  0.106689702017 -0.054673040808  0.267435570744  0.143293055218
  0.717647058824 -0.027997108146  0.000336522243 -0.361657685740  0.180708090771  0.218648431286  0.095442399825
  0.721568627451  0.288655742241 -0.003513773641  0.038738871755 -0.018101721466  0.182937000285 -0.167965327064
  0.725490196078 -0.092222064299  0.001166574113  0.271367510783 -0.136106924432  0.203318944064 -0.007026495797
  0.729411764706 -0.156916940777  0.001922538381 -0.158231589018  0.078414633452  0.217616725098  0.123261154793
  0.733333333333  0.167955652674 -0.002102878460 -0.075382365800  0.038462238335  0.265092477194 -0.080202084265
  0.737254901961 -0.033351717669  0.000359445377  0.208195853575 -0.104230428220  0.299396250556 -0.029547544353
  0.741176470588 -0.173918462674  0.002164132788 -0.144417569911  0.071406782804  0.297231502636  0.132872450344
  0.745098039216  0.204088391846 -0.002398084225 -0.175363323924  0.088575065889  0.309113343345 -0.073394200337
  0.749019607843  0.113760445310 -0.001401569727  0.299216796378 -0.149083496585  0.256248864485 -0.132391764813
  0.752941176471 -0.287518526091  0.003396513468  0.079355974028 -0.040956674437  0.229673321601  0.143136113205
  0.756862745098 -0.016151149304  0.000174892986 -0.329036258424  0.164451944219  0.178403716852  0.081342972321
  0.760784313725  0.252964290986 -0.003003267223  0.037798060165 -0.017756610786  0.140263061061 -0.152005321899
  0.764705882353 -0.078553178945  0.001012007876  0.225859496435 -0.113316692405  0.180103439325 -0.001480882044
  0.768627450980 -0.117984933958  0.001431913562 -0.129938008447  0.064418700188  0.203391126579  0.098017317608
  0.772549019608  0.134974036758 -0.001715397059 -0.035246846565  0.018286037441  0.250735778749 -0.075476850074
  0.776470588235 -0.060133181628  0.000646659796  0.164936462729 -0.082719287521  0.289799699513 -0.005043176342
  0.780392156863 -0.135834574953  0.001714269693 -0.163559151961  0.081110674669  0.274815061252  0.120388029154
  0.784313725490  0.208542043254 -0.002387473799 -0.135618320755  0.068745424612  0.288398192038 -0.087602859899
  0.788235294118  0.086714101187 -0.001073080426  0.290430410478 -0.144792285306  0.221920619805 -0.117621400356
  0.792156862745 -0.268514811871  0.003111851805  0.059851995448 -0.031158535106  0.192879277827  0.141662954930
  0.796078431373 -0.011406890079  0.000090346604 -0.296535664758  0.148231870888  0.140222903615  0.070330666398
  0.800000000000  0.218596367351 -0.002569098072  0.029096483678 -0.013520602610  0.100350758061 -0.135644855524
  0.803921568627 -0.059282285958  0.000836145071  0.183030133826 -0.091851164442  0.163965843152  0.001632111836
  0.807843137255 -0.082133390387  0.001019786034 -0.097076237818  0.048126205334  0.198106554330  0.073326874273
  0.811764705882  0.100141318837 -0.001368089837  0.000854570853  0.000127998096  0.239517838376 -0.069995953920
  0.815686274510 -0.083391598564  0.000885364265  0.122137141566 -0.061429660523  0.284613020435  0.018287871749
  0.819607843137 -0.100396440224  0.001346933322 -0.178974038071  0.088935040478  0.253357058974  0.109110340267
  0.823529411765  0.210436072225 -0.002376073316 -0.101184687295  0.051570726778  0.270342187930 -0.100539567666
  0.827450980392  0.065761261862 -0.000834396303  0.279661009805 -0.139485293883  0.188254257905 -0.105462346199
  0.831372549020 -0.248852637793  0.002871089423  0.048399666886 -0.025393305909  0.157810810766  0.139293594240
  0.835294117647 -0.013782214555  0.000066625481 -0.264457471274  0.132200909701  0.104937117099  0.062188843013
  0.839215686275  0.185606547361 -0.002202297327  0.012805484133 -0.005478640835  0.068103881795 -0.119013349861
  0.843137254902 -0.034698323446  0.000651350493  0.142713265487 -0.071631221677  0.155272776141  0.002847167646
  0.847058823529 -0.049035656272  0.000669000745 -0.060112711865  0.029773014441  0.202098795941  0.048960429546
  0.850980392157  0.063926403401 -0.001064801153  0.033450890498 -0.016272382798  0.230725709916 -0.064379513426
  0.854901960784 -0.103661812878  0.001093783851  0.080377879408 -0.040656478683  0.283824316849  0.040937502455
  0.858823529412 -0.068085241546  0.001056378365 -0.191288407845  0.095190582625  0.232595239697  0.099478479198
  0.862745098039  0.210253862760 -0.002375884139 -0.072562090443  0.037305936419  0.255573192899 -0.112738413845
  0.866666666667  0.051245450056 -0.000672892619  0.267335572878 -0.133376199637  0.155318801271 -0.095985719424
  0.870588235294 -0.228741499673  0.002675425004  0.045272776082 -0.023800984807  0.126623079291  0.136357493938
  0.874509803922 -0.023391605322  0.000089461893 -0.232840838972  0.116381301835  0.074456890730  0.056591711806
  0.878431372549  0.153846710206 -0.001893113987 -0.011059014438  0.006360992578  0.059262518756 -0.102074117637
  0.882352941176 -0.004933465508  0.000467929551  0.104562355714 -0.052487617365  0.153408326164  0.002746696595
  0.886274509804 -0.018274223156  0.000363054002 -0.019331288666  0.009504761579  0.214889882785  0.024515209217
  0.890196078431  0.026658814824 -0.000808078777  0.063090287709 -0.031185469576  0.223573076438 -0.059217255542
  0.894117647059 -0.121418585358  0.001288427496  0.040120341976 -0.020636173868  0.287559528930  0.063507125877
  0.898039215686 -0.039331237425  0.000836773519 -0.200979618989  0.100114081777  0.212330708347  0.091837011711
  0.901960784314  0.208295982662 -0.002396860210 -0.050258715326  0.026210294620  0.245213152943 -0.124733852877
  0.905882352941  0.043577816715 -0.000576986470  0.253632043540 -0.126554680839  0.123319467570 -0.089142213730
  0.909803921569 -0.208167825006  0.002524464099  0.050883156580 -0.026589961959  0.104895487784  0.133074192736
  0.913725490196 -0.040508947488  0.000146229101 -0.201487635171  0.100677010957  0.053893286467  0.053114390326
  0.917647058824  0.123005543294 -0.001631197818 -0.042687922401  0.022092393141  0.084036773510 -0.084613862012
  0.921568627451  0.030058185430  0.000294662896  0.068111930435 -0.034191741258  0.156832313784  0.001952791364
  0.925490196078  0.010598144714  0.000085958284  0.025162026540 -0.012620790045  0.235618251588 -0.000583728098
  0.929411764706 -0.011442080245 -0.000599654036  0.090267300902 -0.044854987693  0.217301583831 -0.055064428067
  0.933333333333 -0.137018441079  0.001484465823  0.001767171698 -0.001576336566  0.296224508477  0.086695512705
  0.937254901961 -0.014581872554  0.000682420690 -0.208321157010  0.103840777437  0.192478260902  0.086435610342
  0.941176470588  0.204648157017 -0.002447348049 -0.034881187167  0.018592286783  0.241048094706 -0.137041543416
  0.945098039216  0.043316462272 -0.000536009605  0.238463884335 -0.118978651354  0.092795492682 -0.084763956796
  0.949019607843 -0.186901742336  0.002416520026  0.065864488026 -0.034078906457  0.102793549879  0.129533021683
  0.952941176471 -0.065625468605  0.000225535583 -0.169992682858  0.084888880357  0.052172442187  0.051235537070
  0.956862745098  0.092651421968 -0.001405629183 -0.082521944350  0.041933469274  0.126506156687 -0.066227551322
  0.960784313725  0.070512836819  0.000139304364  0.032841560777 -0.016487701112  0.163601419492  0.001124305524
  0.964705882353  0.037996367212 -0.000178004863  0.073422638622 -0.036625458142  0.263624115582 -0.027088464032
  0.968627450980 -0.050227559310 -0.000440811132  0.115350438348 -0.057461728292  0.211255119779 -0.052438156608
  0.972549019608 -0.150643066978  0.001696135635 -0.034267564721  0.016308994836  0.310633913954  0.111291392715
  0.976470588235  0.005621963999  0.000587836929 -0.213330662306  0.106378328417  0.173119678729  0.083424191148
  0.980392156863  0.199152789315 -0.002534460053 -0.027231386801  0.014858075779  0.245544143183 -0.150140054838
  0.984313725490  0.051249016438 -0.000539973427  0.221469601963 -0.110469049354  0.065249763588 -0.082558918953
  0.988235294118 -0.164508585796  0.002348784302  0.091156314534 -0.046738733040  0.126353480996  0.125669118535
  0.992156862745 -0.099504771223  0.000316782612 -0.137779751553  0.068732726755  0.000000000000  0.050332971661
  0.996078431373  0.062280121069 -0.001204809104 -0.131287709738  0.066243897050  0.209416868936 -0.046296499489
  1.000000000000  0.116860834039  0.000009032433 -0.001755052958  0.000873010263  0.412268990306  0.000957243671
