             Rad         v_r[Re]         v_t[Re]         v_x[Re]         p[Re]          p_mg[Re]  p_no_phase[Re]         v_r[Im]         v_t[Im]         v_x[Im]         p[Im]          p_mg[Im]  p_no_phase[Im]
  0.250000000000  0.000000000000  0.291396831535 -0.296978660495  0.453339637567  0.018092293210 -0.563039208288  0.000000000000 -0.214630483977  0.218741821238 -0.333910651343  0.018092293210  0.000000000000
  0.255905511811  0.001044541035 -0.115436380650  0.120426690584 -0.183832037534  0.013844390442  0.228315894517  0.001418139411  0.085025516979 -0.088701166542  0.135402842161  0.013844390442  0.000000000000
  0.261811023622 -0.003562116719  0.278123157384 -0.296842096293  0.453131171526  0.037294104114 -0.562780297430 -0.004836170083 -0.204853661449  0.218641233868 -0.333757104144  0.037294104114  0.000000000000
  0.267716535433  0.010729642485 -0.109916878261  0.119960976352 -0.183121122073  0.023384474594  0.227432951035  0.014567286835  0.080960086814 -0.088358141292  0.134879212138  0.023384474594  0.000000000000
  0.273622047244 -0.008210421871  0.264860233741 -0.295439293520  0.450989785005  0.058962941651 -0.560120736095 -0.011147022895 -0.195084757287  0.217607989147 -0.332179850119  0.058962941651  0.000000000000
  0.279527559055  0.022117284929 -0.104330501188  0.118887538669 -0.181482513261  0.034474264205  0.225397830053  0.030027918826  0.076845399607 -0.087567492855  0.133672282741  0.034474264205  0.000000000000
  0.285433070866 -0.013868172994  0.251415430787 -0.292547660489  0.446575690510  0.082691863300 -0.554638514679 -0.018828367689 -0.185181888577  0.215478135525 -0.328928616285  0.082691863300  0.000000000000
  0.291338582677  0.034967998608 -0.098574261868  0.117074401693 -0.178714749213  0.046937916683  0.221960319742  0.047474915076  0.072605599110 -0.086232013452  0.131633665731  0.046937916683  0.000000000000
  0.297244094488 -0.020444977625  0.237652572736 -0.287975913995  0.439596893127  0.108066377871 -0.545970981052 -0.027757481557 -0.175044754043  0.212110781950 -0.323788331636  0.108066377871  0.000000000000
  0.303149606299  0.049040446080 -0.092570785570  0.114401407570 -0.174634408273  0.060576628175  0.216892613894  0.066580619584  0.068183694395 -0.084263199929  0.128628260538  0.060576628175  0.000000000000
  0.309055118110 -0.027836552236  0.223481344256 -0.281564323503  0.429809563273  0.134662620703 -0.533815303508 -0.037792782144 -0.164606831258  0.207388277717 -0.316579401696  0.134662620703  0.000000000000
  0.314960629921  0.064088813163 -0.086264922450  0.110762032566 -0.169078881345  0.075169861836  0.209992755104  0.087011298425  0.063539064437 -0.081582591447  0.124536296233  0.075169861836  0.000000000000
  0.320866141732 -0.035924996114  0.208849297344 -0.273185296435  0.417018930142  0.162047465178 -0.517929580410 -0.048774199483 -0.153829489261  0.201216643573 -0.307158366591  0.162047465178  0.000000000000
  0.326771653543  0.079861726730 -0.079621067459  0.106065167388 -0.161909089569  0.090477251184  0.201088010073  0.108425670477  0.058645484076 -0.078123080782  0.119255333256  0.090477251184  0.000000000000
  0.332677165354 -0.044579519787  0.193735665215 -0.262744104955  0.401080391145  0.189780109961 -0.498134218094 -0.060524164959 -0.142697432123  0.193526107032 -0.295418718220  0.189780109961  0.000000000000
  0.338582677165  0.096102320850 -0.072620972202  0.100236802272 -0.153012056614  0.106241094086  0.190038064345  0.130474997214  0.053489512321 -0.073830155498  0.112702158058  0.106241094086  0.000000000000
  0.344488188976 -0.053657573806  0.178146442599 -0.250179604101  0.381900608147  0.217414797554 -0.474313292370 -0.072849143818 -0.131215075306  0.184271631323 -0.281291707690  0.217414797554  0.000000000000
  0.350393700787  0.112549178097 -0.065261896028  0.093221564492 -0.142303255695  0.122189357112  0.176737937264  0.152804360693  0.048069130525 -0.068663030407  0.104814511814  0.122189357112  0.000000000000
  0.356299212598 -0.063006327807  0.162110359815 -0.235464826853  0.359438415836  0.244504396875 -0.446415676703 -0.085541643244 -0.119403580339  0.173433353688 -0.264747014388  0.244504396875  0.000000000000
  0.362204724409  0.128937941788 -0.057554987902  0.084984062499 -0.129728661407  0.138039112225  0.161120530300  0.175054852440  0.042392550542 -0.062595637600  0.095552601711  0.138039112225  0.000000000000
  0.368110236220 -0.072464452244  0.145675491429 -0.218607368413  0.333705408331  0.270604634350 -0.414455770769 -0.098382631356 -0.107298356898  0.161016868428 -0.245793178047  0.270604634350  0.000000000000
  0.374015748031  0.145003440640 -0.049523822093  0.075509997107 -0.115266445960  0.153500328767  0.143158733756  0.196866458022  0.036477136173 -0.055617444908  0.084900350331  0.153500328767  0.000000000000
  0.379921259843 -0.081864156519  0.128906318140 -0.199649492707  0.304766101758  0.295278793347 -0.378513702371 -0.111144304313 -0.094946898716  0.147053305349 -0.224477718497  0.295278793347  0.000000000000
  0.385826771654  0.160482198010 -0.041203033398  0.064807006218 -0.098928268656  0.168279943946  0.122867028263  0.217881463767  0.030348397932 -0.047734078083  0.072866345419  0.168279943946  0.000000000000
  0.391732283465 -0.091033437824  0.111881114752 -0.178667910826  0.272737596040  0.318102726476 -0.338734907384 -0.123593139493 -0.082406859679  0.131599166572 -0.200886886548  0.318102726476  0.000000000000
  0.397637795276  0.175115218910 -0.032637014218  0.052905215531 -0.080760116549  0.182086134972  0.100302528866  0.237748240596  0.024039033370 -0.038967726432  0.059484459079  0.182086134972  0.000000000000
  0.403543307087 -0.099798495138  0.094689575359 -0.155773195089  0.237788680461  0.338670042944 -0.295329018891 -0.135493172900 -0.069744304630  0.114735894953 -0.175145005191  0.338670042944  0.000000000000
  0.409448818898  0.188650962540 -0.023878648064  0.039857473642 -0.060842663325  0.194632716038  0.075565430750  0.256125279744  0.017587994226 -0.029357315976  0.044814112107  0.194632716038  0.000000000000
  0.415354330709 -0.107986262828  0.077430614178 -0.131108804479  0.200138345986  0.356597346485 -0.248568019503 -0.146609438950 -0.057032089567  0.096569156263 -0.147413373835  0.356597346485  0.000000000000
  0.421259842520  0.200848418663 -0.014988063224  0.025739255898 -0.039291122535  0.205643583605  0.048798826954  0.272685369443  0.011039568435 -0.018958438640  0.028940165895  0.205643583605  0.000000000000
  0.427165354331 -0.115427018275  0.060210300269 -0.104849707868  0.160053683604  0.371529409903 -0.198783631150 -0.156711510759 -0.044348340437  0.077227825114 -0.117888720317  0.371529409903  0.000000000000
  0.433070866142  0.211480213952 -0.006031397276  0.010648227327 -0.016254580410  0.214857134261  0.020187879741  0.287119812321  0.004442470117 -0.007843030319  0.011972431004  0.214857134261  0.000000000000
  0.438976377953 -0.121957018153  0.043139898702 -0.077200601111  0.117847162720  0.383144181228 -0.146363934892 -0.165577079335 -0.031775010347  0.056862671747 -0.086801196282  0.383144181228  0.000000000000
  0.444881889764  0.220335680762  0.002920431643 -0.005296539097  0.008085197470  0.222030580831 -0.010041661494  0.299142591762 -0.002151065451  0.003901204909 -0.005955211788  0.222030580831  0.000000000000
  0.450787401575 -0.127421118442  0.026334001351 -0.048393722936  0.073873297091  0.391157524581 -0.091749230071 -0.172995510687 -0.019396502787  0.035644753309 -0.054411921448  0.391157524581  0.000000000000
  0.456692913386  0.227223826030  0.011792946895 -0.021955686736  0.033515482394  0.226944094536 -0.041625591739  0.308494402694 -0.008686181954  0.016171622887 -0.024686075580  0.226944094536  0.000000000000
  0.462598425197 -0.131675334101  0.009908738200 -0.018686282669  0.028524718236  0.395327606671 -0.035427157568 -0.178771321004 -0.007298354153  0.013763519225 -0.021010091455  0.395327606671  0.000000000000
  0.468503937008  0.231976142847  0.020509325763 -0.039171034223  0.059794809593  0.229404703914 -0.074264016343  0.314946468762 -0.015106295053  0.028851713963 -0.044042307717  0.229404703914  0.000000000000
  0.474409448819 -0.134589295576 -0.006019934225  0.011642479624 -0.017772312274  0.395458847691  0.022072873853 -0.182727511780  0.004434026922 -0.008575354177  0.013090327595  0.395458847691  0.000000000000
  0.480314960630  0.234449211874  0.028991597020 -0.056767355562  0.086655695576  0.229249884885 -0.107624725895  0.318304074193 -0.021353974465  0.041812414137 -0.063826891263  0.229249884885  0.000000000000
  0.486220472441 -0.136048561055 -0.021337866552  0.042294573109 -0.064562909713  0.391405363460  0.080185906012 -0.184708709088  0.015716562878 -0.031152379551  0.047554287003  0.391405363460  0.000000000000
  0.492125984252  0.234527044419  0.037161816728 -0.074554462538  0.113807816931  0.226350780865 -0.141347144242  0.318409744910 -0.027371810008  0.054913638878 -0.083825986369  0.226350780865  0.000000000000
  0.498031496063 -0.135956745561 -0.035934268685  0.072956842488 -0.111369040713  0.383073834182  0.138318230559 -0.184584054176  0.026467650450 -0.053736900055  0.082029687771  0.383073834182 -0.000000000000
  0.503937007874  0.232123123804  0.044943214188 -0.092329565476  0.140941614053  0.220614997105 -0.175046804240  0.315146020030 -0.033103255659  0.068006021957 -0.103811584626  0.220614997105  0.000000000000
  0.509842519685 -0.134237430641 -0.049703174586  0.103304821199 -0.157695405196  0.370425744091  0.195854694217 -0.182249796195  0.036609239573 -0.076089927451  0.116151712974  0.370425744091 -0.000000000000
  0.515748031496  0.227182106683  0.052261299185 -0.109879883688  0.167732275997  0.211988919425 -0.208320296872  0.308437761693 -0.038493445101  0.080932838189 -0.123544444139  0.211988919425  0.000000000000
  0.521653543307 -0.130835821547 -0.062544812672  0.133006807042 -0.203035657841  0.353478945637  0.252166425726 -0.177631542097  0.046067842754 -0.097967144040  0.149547410236  0.353478945637 -0.000000000000
  0.527559055118  0.219681151264  0.059044921237 -0.126985472575  0.193844056060  0.200459514231 -0.240750631119  0.298253958338 -0.043489971922  0.093532085759 -0.142777268199  0.200459514231  0.000000000000
  0.533464566929 -0.125720122366 -0.074366874015  0.161728111462 -0.246878894641  0.332308511691  0.306618892024 -0.170686123605  0.054775469169 -0.119122032498  0.181840469443  0.332308511691 -0.000000000000
  0.539370078740  0.209630844951  0.065227271441 -0.143422230510  0.218934861819  0.186055573984 -0.271912934697  0.284608984142 -0.048043627531  0.105638700961 -0.161258086110  0.186055573984 -0.000000000000
  0.545275590551 -0.118882603520 -0.085085670281  0.189135430111 -0.288716324582  0.307046849365  0.358580184352 -0.161403046521  0.062670477560 -0.139309095051  0.212656136825  0.307046849365 -0.000000000000
  0.551181102362  0.197075709741  0.070746817618 -0.158965045296  0.242661058206  0.168848380117 -0.301380419387  0.267563285172 -0.052109089949  0.117086875748 -0.178733790930  0.168848380117 -0.000000000000
  0.557086614173 -0.110340340389 -0.094627173462  0.214901279482 -0.328048042210  0.277883059546  0.407429429638 -0.149805493535  0.069698342054 -0.158287121310  0.241626203334  0.277883059546 -0.000000000000
  0.562992125984  0.182094269733  0.075548163831 -0.173391037184  0.264682418001  0.148951763660 -0.328730529453  0.247223471045 -0.055645556889  0.127712446399 -0.194953785793  0.148951763660 -0.000000000000
  0.568897637795 -0.100135606461 -0.102927929905  0.238708442382 -0.364389813644  0.245061536823  0.452565218615 -0.135950857985  0.075812325391 -0.175822462613  0.268394002937  0.245061536823 -0.000000000000
  0.574803149606  0.164798671290  0.079582825861 -0.186482853300  0.284667150787  0.126521552358 -0.353551187505  0.223741799232 -0.058617316945  0.137355320051 -0.209673688022  0.126521552358 -0.000000000000
  0.580708661417 -0.088335909276 -0.109935841807  0.260254363728 -0.397279786807  0.208879815206  0.493413939785 -0.119930792667  0.080974054554 -0.191692269781  0.292619355082  0.208879815206 -0.000000000000
  0.586614173228  0.145333852732  0.082809914978 -0.198031966763  0.302296939078  0.101754401915 -0.375447049280  0.197315047779 -0.060994253219  0.145861904693 -0.222659038526  0.101754401915 -0.000000000000
  0.592519685039 -0.075033662549 -0.115610810321  0.279255437797 -0.426285035931  0.169685675680  0.529437907578 -0.101870764675  0.085153994439 -0.205687650933  0.313983385105  0.169685675680 -0.000000000000
  0.598425196850  0.123876266734  0.085196723156 -0.207841932941  0.317271909011  0.074886017809 -0.394045677145  0.168182780749 -0.062752274374  0.153087507585 -0.233688963002  0.074886017809 -0.000000000000
  0.604330708661 -0.060345493032 -0.119925235425  0.295451128447 -0.451007851088  0.127873542114  0.560143173827 -0.081929114360  0.088331816049 -0.217616706249  0.332193156826  0.127873542114 -0.000000000000
  0.610236220472  0.100632164964  0.086719203909 -0.215731555086  0.329315462705  0.046188783023 -0.409003541789  0.136625019325 -0.063873668794  0.158898666925 -0.242559731241  0.046188783023 -0.000000000000
  0.616141732283 -0.044411185962 -0.122864369033  0.308607865052 -0.471091685376  0.083880202201  0.585086914060 -0.060295623596  0.090496656571 -0.227307397566  0.346986052996  0.083880202201 -0.000000000000
  0.622047244094  0.075835460672  0.087362343971 -0.221537912091  0.338178900153  0.015968815708 -0.420011762535  0.102959339923 -0.064347378347  0.163175381973 -0.249088161420  0.015968815708 -0.000000000000
  0.627952755906 -0.027392278187 -0.124426519080  0.318522659013 -0.486226675524  0.038179899860  0.603884283988 -0.037189605710  0.091647269701 -0.234610212134  0.358133841540  0.038179899860 -0.000000000000
  0.633858267717  0.049745190991  0.087120422247 -0.225119202321  0.343645760337  0.015437510722 -0.426801498916  0.067537428842 -0.064169189118  0.165813207687 -0.253114817581  0.015437510722 -0.000000000000
  0.639763779528 -0.009470313214 -0.124623103793  0.325026388467 -0.496154656034  0.008721145300  0.616214646972 -0.012857536419  0.091792065620 -0.239400581998  0.365446368758  0.008721145300 -0.000000000000
  0.645669291339  0.022642606488  0.085997153660 -0.226357359291  0.345535814092  0.047667544550 -0.429148909734  0.030741130831 -0.063341837361  0.166725181329 -0.254506950605  0.047667544550 -0.000000000000
  0.651574803150  0.009155222557 -0.123478556805  0.327986702495 -0.500673592467  0.056290727362  0.621827080081  0.012429748076  0.090949041101 -0.241581023114  0.368774824694  0.056290727362 -0.000000000000
  0.657480314961 -0.005172079075  0.084005716837 -0.225160397547  0.343708645087  0.080336781640 -0.426879600579 -0.007021963642 -0.061875029892  0.165843550334 -0.253161135808  0.080336781640 -0.000000000000
  0.663385826772  0.028269258365 -0.121030085279  0.327310500387 -0.499641366050  0.103977080498  0.620545074502  0.038380253190  0.089145601352 -0.241082961468  0.368014530719  0.103977080498 -0.000000000000
  0.669291338583 -0.033383240743  0.081168665839 -0.221464450168  0.338066760103  0.113043685185 -0.419872486726 -0.045323340835 -0.059785379069  0.163121273052 -0.249005563839  0.113043685185 -0.000000000000
  0.675196850394  0.047643763861 -0.117327284691  0.322945946512 -0.492978849395  0.151215663798  0.612270355524  0.064684389534  0.086418276287 -0.237868217143  0.363107204971  0.151215663798 -0.000000000000
  0.681102362205 -0.061663653548  0.077517727488 -0.215235463121  0.328558175461  0.145374837991 -0.408063005434 -0.083718738046 -0.057096253518  0.158533266732 -0.242001945740  0.145374837991 -0.000000000000
  0.687007874016  0.067040607465 -0.112431615451  0.314883986917 -0.480672221590  0.197436220066  0.596985757836  0.091018853602  0.082812335026 -0.231930121384  0.354042667557  0.197436220066 -0.000000000000
  0.692913385827 -0.089678516254  0.073093487124 -0.206470515904  0.315178432996  0.176910360476 -0.391445619748 -0.121753606519 -0.053837546669  0.152077380258 -0.232146997813  0.176910360476 -0.000000000000
  0.698818897638  0.086214611927 -0.106415747927  0.303159339853 -0.462774480244  0.242070019453  0.574757103462  0.117050776209  0.078381303462 -0.223294246173  0.340859954255  0.242070019453 -0.000000000000
  0.704724409449 -0.117089637578  0.067944966908 -0.195198742698  0.297972006207  0.207229523016 -0.370075564905 -0.158968794943 -0.050045366158  0.143775072626 -0.219473477343  0.207229523016 -0.000000000000
  0.710629921260  0.104916767476 -0.099362783864  0.287850938991 -0.439406118063  0.284557195158  0.545734042050  0.142442084884  0.073186390798 -0.212018730689  0.323647814857  0.284557195158 -0.000000000000
  0.716535433071 -0.143559732033  0.062129102018 -0.181481833440  0.277033065136  0.235916477573 -0.344069798310 -0.194906381774 -0.045761648007  0.133671782013 -0.204050745969  0.235916477573 -0.000000000000
  0.722440944882  0.122897560222 -0.091365363470  0.269081815001 -0.410754942074  0.324354076085  0.510149826357  0.166854022729  0.067295831863 -0.198194194079  0.302544580011  0.324354076085 -0.000000000000
  0.728346456693 -0.168756770365  0.055710121248 -0.165414099730  0.252505576984  0.262566030946 -0.313607124487 -0.229115581688 -0.041033700411  0.121836974324 -0.185984843794  0.262566030946 -0.000000000000
  0.734251968504  0.139910371302 -0.082524668668  0.247018408347 -0.377075024603  0.360940420176  0.468320009379  0.189951763332  0.060784152947 -0.181943229292  0.277737388563  0.360940420176 -0.000000000000
  0.740157480315 -0.192358328189  0.048758839633 -0.147122096331  0.224582728327  0.286789380346 -0.278927477489 -0.261158649577 -0.035913682703  0.108363864400 -0.165418063813  0.286789380346 -0.000000000000
  0.746062992126  0.155714900709 -0.072949334085  0.221869313534 -0.338684786366  0.393826452324  0.420640063592  0.211409059182  0.053731369686 -0.163419478148  0.249460775639  0.393826452324 -0.000000000000
  0.751968503937 -0.214055875724  0.041351871706 -0.126763795037  0.193505664019  0.308219731524 -0.240330354640 -0.290616704587 -0.030458025885  0.093368807534 -0.142528023047  0.308219731524 -0.000000000000
  0.757874015748  0.170080568777 -0.062754278346  0.193883462521 -0.295964223434  0.422559612128  0.367581936885  0.230912859762  0.046222126240 -0.142806293318  0.217994630144  0.422559612128 -0.000000000000
  0.763779527559 -0.233558951625  0.033570774934 -0.104527313829  0.159561547244  0.326517720229 -0.198172407151 -0.317095396791 -0.024726801708  0.076990363408 -0.117526233654  0.326517720229 -0.000000000000
  0.769685039370  0.182789848016 -0.052059469058  0.163347762435 -0.249351301189  0.446730919496  0.309689573937  0.248167835070  0.038344785634 -0.120314998359  0.183661538708  0.446730919496 -0.000000000000
  0.775590551181 -0.250599164747  0.025501133639 -0.080629210420  0.123080954599  0.341376559457 -0.152864204870 -0.340230340255 -0.018783047935  0.059388039204 -0.090656184265  0.341376559457 -0.000000000000
  0.781496062992  0.193641478305 -0.040988635563  0.130584210092 -0.199337549629  0.465980869997  0.247573445657  0.262900740781  0.030190481627 -0.096182762401  0.146823541376  0.465980869997 -0.000000000000
  0.787401574803 -0.264933969265  0.017231594411 -0.055312355448  0.084434629511  0.352526837726 -0.104866204083 -0.359692238397 -0.012692057867  0.040740723079 -0.062190948683  0.352526837726 -0.000000000000
  0.793307086614  0.202453519477 -0.029667944064  0.095946512962 -0.146462905246  0.480004777027  0.181904142898  0.274864562645  0.021852142865 -0.070670111286  0.107878332349  0.480004777027 -0.000000000000
  0.799212598425 -0.276350160919  0.008852864563 -0.028843406562  0.044029626423  0.359740897409 -0.054683958666 -0.375191630721 -0.006520642643  0.021244823691 -0.032430345858  0.359740897409 -0.000000000000
  0.805118110236  0.209066196933 -0.018224650096  0.059816253026 -0.091309855133  0.488557484123  0.113405103553  0.283842379882  0.013423500351 -0.044058102036  0.067254946788  0.488557484123 -0.000000000000
  0.811023622047 -0.284667045181  0.000456685568 -0.001509910486  0.002304887063  0.362836726988 -0.002862625898 -0.386483194144 -0.000336375121  0.001112135697 -0.001697681554  0.362836726988 -0.000000000000
  0.816929133858  0.213344498217 -0.006785743517  0.022598636421 -0.034496948796  0.491457378143  0.042844554345  0.289650890469  0.004998089401 -0.016645192217  0.025408981892  0.491457378143 -0.000000000000
  0.822834645669 -0.289739231905 -0.007865206296  0.026382934414 -0.040273701502  0.361681306884  0.050019171344 -0.393369537188  0.005793175667 -0.019432544795  0.029663891674  0.361681306884 -0.000000000000
  0.828740157480  0.215180481317  0.004523398781 -0.015282122279  0.023328247773  0.488589642355 -0.028973240080  0.292143545045 -0.003331742711  0.011256159800 -0.017182592836  0.488589642355  0.000000000000
  0.834645669291 -0.291459015336 -0.016022119746  0.054515817338 -0.083218709495  0.356193355176  0.103356054547 -0.395704431250  0.011801210388 -0.040154027064  0.061295353833  0.356193355176 -0.000000000000
  0.840551181102  0.214495258913  0.015580337381 -0.053387726958  0.081496673026  0.479908697731 -0.101217318002  0.291213240861 -0.011475812331  0.039323123780 -0.060026975180  0.479908697731  0.000000000000
  0.846456692913 -0.289758303359 -0.023925436425  0.082559113691 -0.126026963069  0.346345426996  0.156523091363 -0.393395429881  0.017622456538 -0.060809523682  0.092826088517  0.346345426996 -0.000000000000
  0.852362204724  0.211240626727  0.026266857322 -0.091270979077  0.139325675812  0.465439790735 -0.173039839677  0.286794532534 -0.019347047357  0.067226312343 -0.102621353405  0.465439790735  0.000000000000
  0.858267716535 -0.284610065313 -0.031489614800  0.110176896606 -0.168185667928  0.332165329571  0.208883401028 -0.386405834429  0.023193907872 -0.081151605243  0.123878393308  0.332165329571 -0.000000000000
  0.864173228346  0.205400308567  0.036470203265 -0.128481146085  0.196127210296  0.445279696557 -0.243586265259  0.278865322408 -0.026862397015  0.094633735106 -0.144458942279  0.445279696557  0.000000000000
  0.870078740157 -0.276029273623 -0.038633158194  0.137031111255 -0.209178781426  0.313736823657  0.259796068389 -0.374755972471  0.028455537410 -0.100931274969  0.154072173190  0.313736823657 -0.000000000000
  0.875984251969  0.196990795522  0.046084249220 -0.164569452938  0.251216218786  0.419596517905 -0.312005766125  0.267447999897 -0.033943693422  0.121214843503 -0.185035157510  0.419596517905  0.000000000000
  0.881889763780 -0.264073320860 -0.045279535537  0.162785858868 -0.248493552155  0.291199591403  0.308624265949 -0.358523764032  0.033350975628 -0.119901124146  0.183029757335  0.291199591403 -0.000000000000
  0.887795275591  0.186061761944  0.055010589959 -0.199094628148  0.303919097809  0.388628571002 -0.377461739574  0.252610006256 -0.040518455484  0.146644615769 -0.223853851495  0.388628571002  0.000000000000
  0.893700787402 -0.248841900409 -0.051358044043  0.187111735144 -0.285627142548  0.264748460309  0.354743479015 -0.337844559582  0.037828145869 -0.137818527608  0.210380777029  0.264748460309 -0.000000000000
  0.899606299213  0.172696046394  0.063159542202 -0.231628434225  0.353582140370  0.352682362191 -0.439142293948  0.234463808706 -0.046520626320  0.170607630422 -0.260433531530  0.352682362191  0.000000000000
  0.905511811024 -0.230476345809 -0.056804603696  0.209690166166 -0.320093247686  0.234631882852  0.397549726123 -0.312910243075  0.041839849525 -0.154448837389  0.235767040797  0.234631882852 -0.000000000000
  0.911417322835  0.157009191407  0.070451044716 -0.261761111752  0.399579846354  0.312129670400 -0.496270570000  0.213166275592 -0.051891236237  0.192802076144 -0.294313480894  0.312129670400  0.000000000000
  0.917322834646 -0.209158430785 -0.061562474264  0.230217684150 -0.351428622245  0.201149681339  0.436467665392 -0.283967602786  0.045344294159 -0.169568532056  0.258847341883  0.201149681339 -0.000000000000
  0.923228346457  0.139148541834  0.076815447626 -0.289106666562  0.441322993441  0.267403762439 -0.548114764815  0.188917452227 -0.056578984110  0.212943646087 -0.325059703544  0.267403762439  0.000000000000
  0.929133858268 -0.185108638995 -0.065582886513  0.248410085303 -0.379199427500  0.164650077541  0.470958477376 -0.251315982209  0.048305558433 -0.182968279211  0.279302133175  0.164650077541 -0.000000000000
  0.935039370079  0.119291907428  0.082194182575 -0.313307930716  0.478266362712  0.218994779625 -0.593997726864  0.161958745133 -0.060540730980  0.230769265573 -0.352270614468  0.218994779625  0.000000000000
  0.940944881890 -0.158583919509 -0.068825580284  0.264006412837 -0.403007311406  0.125526036479  0.500527416411 -0.215304232749  0.050693988430 -0.194455869207  0.296838005540  0.125526036479 -0.000000000000
  0.946850393701  0.097645801263  0.086540306687 -0.334041330019  0.509916016292  0.167444345357 -0.633305994700  0.132570530399 -0.063741900726  0.246040603642 -0.375582400083  0.167444345357  0.000000000000
  0.952755905512 -0.129874950854 -0.071259243265  0.276772709660 -0.422495137114  0.084210963278  0.524730925323 -0.176326999191  0.052486520836 -0.203858979224  0.311191907198  0.084210963278 -0.000000000000
  0.958661417323  0.074443271417  0.089818914798 -0.351021293837  0.535836028964  0.113339453833 -0.665498157494  0.101069209826 -0.066156783695  0.258547321142 -0.394673976457  0.113339453833  0.000000000000
  0.964566929134 -0.099302943026 -0.072861845425  0.286505487589 -0.437352278740  0.041173801123  0.543183212671 -0.134820377905  0.053666929268 -0.211027728542  0.322135044365  0.041173801123 -0.000000000000
  0.970472440945  0.049941348994  0.092007415906 -0.364004246812  0.555654581538  0.057305710010 -0.690112422884  0.067803746186 -0.067768740316  0.268110010845 -0.409271477426  0.057305710010  0.000000000000
  0.976377952756 -0.067216013192 -0.073620865348  0.293034862910 -0.447319407815  0.003086413074  0.555562197428 -0.091256996256  0.054225990987 -0.215836988059  0.329476406747  0.003086413074 -0.000000000000
  0.982283464567  0.024418140955  0.093095671336 -0.372792126727  0.569069330897  0.000000000000 -0.706773286468  0.033151716263 -0.068570302874  0.274582788567 -0.419152209939  0.000000000000  0.000000000000
  0.988188976378 -0.033985176651 -0.073533405991  0.296227311856 -0.452192699538  0.361909323009  0.561614733068 -0.046140569652  0.054161572153 -0.218188409860  0.333065865684  0.361909323009  0.000000000000
  0.994094488189 -0.001830398638  0.093085993727 -0.377235378225  0.575851979927  0.143369789409 -0.715197207571 -0.002485072733 -0.068563174761  0.277855498206 -0.424148020073  0.143369789409  0.000000000000
  1.000000000000  0.000000000000 -0.072606198691  0.295988003949 -0.451827394638  0.345423672151  0.561161031330  0.000000000000  0.053478630782 -0.218012145857  0.332796797668  0.345423672151 -0.000000000000
