             Rad         v_r[Re]         v_t[Re]         v_x[Re]         p[Re]          p_mg[Re]  p_no_phase[Re]         v_r[Im]         v_t[Im]         v_x[Im]         p[Im]          p_mg[Im]  p_no_phase[Im]
  0.250000000000  0.000000000000  0.017593830966  0.105180125039 -0.009561748804  0.152462813658  0.098159920203  0.000000000000 -0.005114571054  0.381337946330 -0.120794597716  0.152462813658  0.071044999425
  0.255905511811  0.115873105128  0.004878483005  0.135073750583 -0.034279971723  0.548606926709  0.053298079543  0.222877480107 -0.006179706464  0.109686404842 -0.040813026180  0.548606926709  0.000366448349
  0.261811023622  0.250711375339 -0.003309122020 -0.124915341713  0.033142779398  0.375363912272 -0.044524463091  0.187486404017  0.005570877727 -0.076547917983  0.030256961395  0.375363912272  0.005612461626
  0.267716535433 -0.131134585142 -0.011879662188 -0.371061705962  0.095416601774  0.672092174623 -0.142294845076  0.077772939562  0.016214519587 -0.279798033625  0.105643885125  0.672092174623  0.004139495498
  0.273622047244 -0.446084717024 -0.009880492830  0.144761026048 -0.056945911194  0.542610080367 -0.009709217359 -0.319339921198 -0.005990563195 -0.231504646218  0.061255643038  0.542610080367 -0.083071184559
  0.279527559055  0.146797208581  0.015608767583  0.529893456166 -0.137152633337  0.667692440473  0.200249487567 -0.345468734025 -0.022167900990  0.384134620307 -0.146223082357  0.667692440473 -0.009600904889
  0.285433070866  0.550501201731  0.019118871069 -0.164388255911  0.076602267176  0.583876111458  0.050498289717  0.385559746451  0.006406056682  0.469062027338 -0.131576106047  0.583876111458  0.143631827095
  0.291338582677 -0.160431280837 -0.016285621355 -0.582190903747  0.150934121906  0.541176512134 -0.219201679874  0.518350753299  0.023366030272 -0.417809096253  0.159379859587  0.541176512134  0.011561675402
  0.297244094488 -0.544724316796 -0.022834256521  0.177431167204 -0.087166089675  0.489960207858 -0.069341090667 -0.386119947368 -0.006597994378 -0.583768949908  0.165324610650  0.489960207858 -0.173556812661
  0.303149606299  0.164762419868  0.014436151999  0.518093928337 -0.133546609526  0.321383816790  0.197615770122 -0.560146997253 -0.019990385203  0.385114957971 -0.145834874412  0.321383816790 -0.007107384174
  0.309055118110  0.430021780142  0.020852173455 -0.174397736962  0.084541675738  0.285279081234  0.064404632985  0.328562453560  0.006247464250  0.554196941307 -0.156605028383  0.285279081234  0.165905012286
  0.314960629921 -0.150957971080 -0.010747387718 -0.349836582917  0.088025954847  0.097044064472 -0.140547281471  0.466125193754  0.013010887753 -0.297178489148  0.109643133756  0.097044064472 -0.004080095310
  0.320866141732 -0.228598502707 -0.014231356397  0.146629989287 -0.066820798879  0.048266623387 -0.040061185957 -0.225898831901 -0.005095974022 -0.392369766378  0.109535302299  0.048266623387 -0.121893818515
  0.326771653543  0.112456468548  0.005971108120  0.110113035409 -0.023277966253  0.270430258706  0.058884581476 -0.262178749847 -0.003984578266  0.170038715302 -0.057521850733  0.270430258706  0.019576340032
  0.332677165354 -0.020086015270  0.004890141453 -0.090129494865  0.035173040443  0.268668787215  0.005112459666  0.094942627095  0.003070022822  0.139265867889 -0.036673127917  0.268668787215  0.050556145436
  0.338582677165 -0.048209660070 -0.000861090565  0.153753334570 -0.047583752115  0.493209693849  0.032348852445 -0.002344271555 -0.005246931252 -0.023062224878 -0.001963932687  0.493209693849 -0.034951713012
  0.344488188976  0.266636260412  0.004883229510  0.008143452315  0.005968038756  0.486895648412  0.029785672450  0.045140109187 -0.000341040365  0.145402764763 -0.044208251318  0.486895648412  0.033208443021
  0.350393700787 -0.035604185315 -0.003875218469 -0.388866841524  0.109870791754  0.627252360483 -0.116462011767  0.266299191158  0.012905409829 -0.122634006721  0.059400073568  0.627252360483  0.045128255403
  0.356299212598 -0.461345305385 -0.012933840496  0.088254229979 -0.049517854916  0.605386858547 -0.054867335366 -0.174402727347 -0.002690233634 -0.396797875370  0.114246721984  0.605386858547 -0.111776146603
  0.362204724409  0.125926509328  0.007625238265  0.547290818686 -0.150377758984  0.643609166464  0.177978245385 -0.470329551156 -0.017603156060  0.246082362072 -0.105704440068  0.643609166464 -0.045941737199
  0.368110236220  0.564209569500  0.017662724514 -0.181832090189  0.087058775523  0.599802795142  0.063555856732  0.274067665761  0.005476929541  0.559048499554 -0.157633980730  0.599802795142  0.168488442783
  0.374015748031 -0.205219503545 -0.009925095518 -0.595889763291  0.160206218865  0.541169501066 -0.205440234607  0.569542100170  0.018587021679 -0.328823319160  0.133406189833  0.541169501066  0.035462008594
  0.379921259843 -0.553243400988 -0.018298319782  0.252785886654 -0.110595369519  0.475197885255 -0.053845432017 -0.328868512358 -0.007453099577 -0.596944558193  0.164925412553  0.475197885255 -0.191134499543
  0.385826771654  0.255382913802  0.010513540816  0.523381581811 -0.136732446985  0.349587880835  0.193604080183 -0.542718122415 -0.015854013739  0.357557784091 -0.137851849921  0.349587880835 -0.014709001382
  0.391732283465  0.429291839975  0.014980109302 -0.283402284668  0.114361647518  0.273024498486  0.028523452780  0.329504089528  0.008171591695  0.502922592360 -0.134871396336  0.273024498486  0.174514448153
  0.397637795276 -0.262241866093 -0.009373242943 -0.343033519521  0.084274277565  0.177608506089 -0.144560435500  0.396285545811  0.010119383103 -0.326635910954  0.118110019220  0.177608506089 -0.012426221754
  0.403543307087 -0.216236959199 -0.008655535603  0.262661151670 -0.096262762810  0.170031256297  0.005740319864 -0.274687575079 -0.007418320223 -0.298056260181  0.074448810675  0.170031256297 -0.121557367702
  0.409448818898  0.219482161290  0.006744499166  0.090329534015 -0.013291224117  0.300109712211  0.067501614394 -0.162388292833 -0.002647731363  0.239753911271 -0.077346725778  0.300109712211  0.040033794242
  0.415354330709 -0.043549855886  0.000825946518 -0.189606275112  0.058597184850  0.358196325278 -0.040164542523  0.172186502048  0.005275025070  0.027017062791  0.002849903699  0.358196325278  0.042761683168
  0.421259842520 -0.131003120772 -0.003099916813  0.184002821164 -0.061730198692  0.505055350796  0.022888945464 -0.108391929893 -0.005015543898 -0.110250831438  0.022511013268  0.505055350796 -0.061591065298
  0.427165354331  0.297648503469  0.006797133060  0.074569450347 -0.007853336344  0.546361516077  0.066039258166 -0.038356326021 -0.002115240367  0.251798722507 -0.080057403756  0.546361516077  0.045931243927
  0.433070866142  0.011005559595 -0.000923210390 -0.424223433943  0.125267952567  0.635561361108 -0.109167449123  0.358027212794  0.011356616579 -0.040376898823  0.036704168539  0.635561361108  0.071566220945
  0.438976377953 -0.494222646535 -0.012651787800  0.062183095191 -0.046424108473  0.640574994403 -0.076805073446 -0.104042698060 -0.001466100648 -0.478820251470  0.140428157681  0.640574994403 -0.126397175642
  0.444881889764  0.118345178659  0.004625690668  0.580975541294 -0.164003232360  0.652832685199  0.174480052794 -0.533390405743 -0.015186796951  0.185742028492 -0.089504263183  0.652832685199 -0.066819043165
  0.450787401575  0.592656833211  0.015630289037 -0.194211137423  0.093493028131  0.616528183502  0.069560546421  0.229556358619  0.004773806548  0.605871750989 -0.171001666050  0.616528183502  0.182054515139
  0.456692913386 -0.231265326251 -0.007367544019 -0.621483290637  0.169621461477  0.553941232999 -0.205882284001  0.597371469295  0.015860628826 -0.299168333941  0.125967684115  0.553941232999  0.047452953222
  0.462598425197 -0.571985989840 -0.015272857200  0.294317717401 -0.123621313666  0.483682030607 -0.045678274560 -0.314678474465 -0.007157371130 -0.606156037722  0.165291868250  0.483682030607 -0.201288663703
  0.468503937008  0.303798301301  0.008684333954  0.536418322516 -0.140582273516  0.371281691918  0.196958101203 -0.536482612186 -0.013378848700  0.358794494923 -0.138978564919  0.371281691918 -0.016909272728
  0.474409448819  0.435348893195  0.011820207071 -0.340453677349  0.130174192812  0.294779529201  0.010422421378  0.342523328856  0.008147707054  0.479631022655 -0.124562560733  0.294779529201  0.179868077054
  0.480314960630 -0.319156425948 -0.008374624857 -0.341986125220  0.082483549523  0.220662577452 -0.149190320565  0.363438416390  0.008360740688 -0.352126296811  0.125716833215  0.220662577452 -0.018721814686
  0.486220472441 -0.209516594876 -0.006123850577  0.320781765683 -0.111122237309  0.232199457832  0.028312652807 -0.306517358766 -0.007555788305 -0.252746048934  0.057454919884  0.232199457832 -0.121850782248
  0.492125984252  0.271734453163  0.006539199360  0.076773991498 -0.006941647843  0.329284661122  0.071774578873 -0.114260044636 -0.001896713643  0.279001540847 -0.088367572595  0.329284661122  0.052013692320
  0.498031496063 -0.060431931782 -0.000559172162 -0.236717997133  0.069622972399  0.402227246886 -0.061831652885  0.212226187614  0.005511991014 -0.027314136844  0.021919966709  0.402227246886  0.038790332914
  0.503937007874 -0.168832778195 -0.003562165669  0.206008990725 -0.070778232763  0.522599744755  0.020118959029 -0.159411672172 -0.004685006219 -0.152202294540  0.033855948283  0.522599744755 -0.075835420186
  0.509842519685  0.320207240079  0.006839650615  0.103189273224 -0.013521058452  0.573724829964  0.082609220994 -0.076783536327 -0.002438067999  0.302601677120 -0.096995656794  0.573724829964  0.052599363735
  0.515748031496  0.029618239000  0.000036213834 -0.449312998570  0.134887285639  0.647138256221 -0.108312690621  0.401135286476  0.010088264461 -0.004577974284  0.027388404971  0.647138256221  0.084929768659
  0.521653543307 -0.517318379235 -0.011479826145  0.054048101923 -0.046156890504  0.655254197591 -0.085959152222 -0.074109295795 -0.001041663184 -0.516472977024  0.152224956654  0.655254197591 -0.133842893418
  0.527559055118  0.118540113679  0.003353729754  0.603838351213 -0.172305052863  0.659848836065  0.175234947514 -0.561345189671 -0.013301101724  0.161131464284 -0.083425022572  0.659848836065 -0.077080988597
  0.533464566929  0.611738042499  0.013630953312 -0.203529478849  0.097416996681  0.622254757109  0.071039882696  0.211103031774  0.004230408194  0.625236162535 -0.176286984386  0.622254757109  0.188468849343
  0.539370078740 -0.245631015253 -0.005965097837 -0.638061299122  0.175331413288  0.557235223460 -0.207454116236  0.607473018172  0.013781610394 -0.286673816166  0.123169086268  0.557235223460  0.053614531187
  0.545275590551 -0.584042752858 -0.012980822637  0.314586659685 -0.129766626553  0.485682989282 -0.040991996545 -0.307074175549 -0.006502280009 -0.606993155359  0.164370273748  0.485682989282 -0.205369473092
  0.551181102362  0.325287725911  0.007323047498  0.544647624090 -0.143212660264  0.373041511663  0.198413108025 -0.530461005274 -0.011544113522  0.356116517711 -0.138649441398  0.373041511663 -0.019125172520
  0.557086614173  0.439370506419  0.009787435310 -0.363849960165  0.136417234041  0.301800346766  0.002200504418  0.342731166299  0.007428696637  0.465906938075 -0.119079944136  0.301800346766  0.181065879224
  0.562992125984 -0.340446172443 -0.007210911525 -0.341954333102  0.082287867881  0.227950877490 -0.149798247730  0.346387600451  0.007133196821 -0.355341258425  0.126682045744  0.227950877490 -0.019496637952
  0.568897637795 -0.206399426597 -0.004798640182  0.340333406738 -0.115749697343  0.250284737555  0.037133670660 -0.310739836719 -0.006861705609 -0.231091221608  0.049809325922  0.250284737555 -0.120416161237
  0.574803149606  0.287131357148  0.005707388166  0.070328653925 -0.004695472709  0.340221700360  0.071250156832 -0.092946398802 -0.001495543933  0.284312044106 -0.089591830046  0.340221700360  0.054517507522
  0.580708661417 -0.068430622509 -0.000920170261 -0.247974151340  0.071720491199  0.414054220336 -0.068783805465  0.217437008008  0.004957774118 -0.049567981807  0.029265506400  0.414054220336  0.035624244952
  0.586614173228 -0.175517956409 -0.003163378361  0.216025969571 -0.074086203782  0.531334620187  0.021538894412 -0.178426166330 -0.004221027847 -0.157296089438  0.034808253027  0.531334620187 -0.078971235884
  0.592519685039  0.330266246282  0.006211507538  0.105035218046 -0.013108362964  0.578106920658  0.086251804591 -0.081700746404 -0.002138445555  0.319321800207 -0.102131895496  0.578106920658  0.056243928223
  0.598425196850  0.027993254296  0.000124086201 -0.459952748239  0.138357106019  0.651603898397 -0.109965800769  0.413106856748  0.008899107424  0.000075709287  0.026604537774  0.651603898397  0.088079582635
  0.604330708661 -0.526855769158 -0.010057389290  0.059545197848 -0.048253505340  0.653597937186 -0.086110147623 -0.068843860396 -0.001002452966 -0.524126981807  0.154209028986  0.653597937186 -0.136725520202
  0.610236220472  0.125401212839  0.002786608161  0.612801116279 -0.175337888723  0.658188301467  0.176264005253 -0.564342225543 -0.011667550235  0.155312692886 -0.082193616655  0.658188301467 -0.080188317684
  0.616141732283  0.619005525255  0.011771527778 -0.212111999674  0.099898247485  0.616316196580  0.068655816098  0.203518549796  0.003824477615  0.623502716714 -0.175268713700  0.616316196580  0.189697550771
  0.622047244094 -0.253201027763 -0.004994854644 -0.644136036522  0.177705633126  0.547912103635 -0.207097784739  0.602560787833  0.012060524462 -0.277225904645  0.120678851414  0.547912103635  0.057036696778
  0.627952755906 -0.588380901409 -0.011116743760  0.321307505087 -0.131296200931  0.477090198610 -0.037757691447 -0.294991110111 -0.005772259685 -0.598493787012  0.161424604217  0.477090198610 -0.204623928127
  0.633858267717  0.329105377696  0.006091674701  0.547761526631 -0.145022166122  0.354566798257  0.196270998496 -0.521090495536 -0.010091444369  0.341039129804 -0.134294466174  0.354566798257 -0.023326539847
  0.639763779528  0.441106237623  0.008328752883 -0.364653047974  0.136038086507  0.290572932152 -0.000044342139  0.325012246601  0.006485888285  0.455184888975 -0.115808284678  0.290572932152  0.178655864203
  0.645669291339 -0.337515073971 -0.005910450322 -0.342879023143  0.083782725589  0.205294563890 -0.145995455454  0.337192278162  0.006231188307 -0.334324095750  0.120413663416  0.205294563890 -0.014294139756
  0.651574803150 -0.206472126180 -0.004046714958  0.333292967194 -0.113171577669  0.237594270255  0.036972751080 -0.288247941081 -0.005867876722 -0.223138888488  0.047824863447  0.237594270255 -0.117166715552
  0.657480314961  0.276836296104  0.004551938885  0.070184430505 -0.006091278094  0.336245643925  0.066456010131 -0.088285299220 -0.001298909430  0.259451921093 -0.082105613233  0.336245643925  0.048600762449
  0.663385826772 -0.068958608397 -0.000830976440 -0.233883552340  0.067408775737  0.403009186668 -0.065656974963  0.193366409417  0.004094268126 -0.050834074143  0.028830619470  0.403009186668  0.032623753680
  0.669291338583 -0.159838644302 -0.002353086252  0.216282195253 -0.072759159812  0.532930585479  0.026243834581 -0.175791481722 -0.003709820736 -0.133041779907  0.027497779540  0.532930585479 -0.073220791874
  0.675196850394  0.330642169357  0.005333698893  0.087216957312 -0.008158603727  0.566024934821  0.080635518942 -0.061130098161 -0.001569374266  0.312240742360 -0.098970405516  0.566024934821  0.057962203786
  0.681102362205  0.010984435977 -0.000192162276 -0.459885163536  0.137311138159  0.650665450125 -0.113341618227  0.402859462722  0.007821869890 -0.017640884955  0.031929735782  0.650665450125  0.083830389880
  0.687007874016 -0.526875952864 -0.008609899233  0.076133776817 -0.052415475884  0.640323879693 -0.079405809873 -0.080104551888 -0.001164705277 -0.509827179497  0.148947345369  0.640323879693 -0.136482274171
  0.692913385827  0.138707372998  0.002541950213  0.612593371209 -0.174971254719  0.650093885404  0.177220194308 -0.548766335989 -0.010273137649  0.160566404837 -0.083761894408  0.650093885404 -0.078892316876
  0.698818897638  0.619000945041  0.010085468167 -0.222227752581  0.101907904509  0.602462844747  0.062820236454  0.200507750535  0.003543679815  0.605656577812 -0.169315021233  0.602462844747  0.187367060362
  0.704724409449 -0.258174047057 -0.004221582490 -0.644419062415  0.178450457589  0.529084774189 -0.204983738829  0.585969992689  0.010647672872 -0.265830587396  0.117267551102  0.529084774189  0.059815643195
  0.710629921260 -0.588977386496 -0.009560384246  0.320869484184 -0.130230320775  0.461998145757 -0.034773103828 -0.275186660353 -0.005097180693 -0.582357981068  0.156596348747  0.461998145757 -0.200681798228
  0.716535433071  0.322818665629  0.004920091739  0.549251858200 -0.147148457137  0.320135460722  0.191077887173 -0.508674344176 -0.008944675137  0.312053778404 -0.125662016886  0.320135460722 -0.030542625281
  0.722440944882  0.442863305736  0.007228319938 -0.351918355915  0.131685678204  0.267770243075  0.001274847611  0.289487116659  0.005541530674  0.446170729171 -0.113834075471  0.267770243075  0.174062314549
  0.728346456693 -0.319640310199 -0.004548464884 -0.345971281245  0.087227092965  0.158741641927 -0.138419847001  0.333575117146  0.005563507889 -0.290894103378  0.107529037303  0.158741641927 -0.003317463880
  0.734251968504 -0.209543389046 -0.003619592462  0.309464763324 -0.106127893451  0.202736903822  0.030865759641 -0.242029505057 -0.004830943606 -0.225277105837  0.049847482488  0.202736903822 -0.113115897028
  0.740157480315  0.249905692927  0.003248462909  0.074656031074 -0.010374938716  0.327426571312  0.057806681686 -0.096166770350 -0.001212826462  0.208691130317 -0.067095751985  0.327426571312  0.035607117831
  0.746062992126 -0.065009445645 -0.000517432043 -0.202999802537  0.058969756270  0.375923610566 -0.055458735557  0.144819476793  0.003158117018 -0.036138610180  0.022622354215  0.375923610566  0.030224687182
  0.751968503937 -0.128808100353 -0.001351863005  0.211333736558 -0.068482912974  0.534398748898  0.034280246075 -0.156559015885 -0.003235958370 -0.084886757730  0.013299333448  0.534398748898 -0.060758920075
  0.757874015748  0.326789202187  0.004370393367  0.055344667523 -0.000042362399  0.542815755060  0.068150026486 -0.020420013099 -0.000905898323  0.286833348386 -0.089482788514  0.542815755060  0.057989181102
  0.763779527559 -0.017800723394 -0.000699411110 -0.455830052138  0.134078036205  0.649986615121 -0.119030461932  0.375501924399  0.006920964765 -0.052418652271  0.042156051675  0.649986615121  0.074738220596
  0.769685039370 -0.524343769466 -0.007221027229  0.102208986255 -0.058452279011  0.620300916494 -0.067196280984 -0.103177682887 -0.001438310831 -0.478621172855  0.138051120213  0.620300916494 -0.134012837205
  0.775590551181  0.158902449606  0.002453707320  0.610834784897 -0.173735074407  0.640794318536  0.179138542471 -0.519036564657 -0.009154291636  0.172782408448 -0.087334633013  0.640794318536 -0.075634627016
  0.781496062992  0.618827066558  0.008576869344 -0.236511178313  0.104467301618  0.585974652327  0.053660232502  0.198835765222  0.003386523578  0.575651703779 -0.159462736918  0.585974652327  0.182927201424
  0.787401574803 -0.264859698884 -0.003548171247 -0.645869962594  0.179791810641  0.506393724957 -0.202337908993  0.560912263112  0.009547834735 -0.250199154209  0.112649646795  0.506393724957  0.063831094936
  0.793307086614 -0.591569502365 -0.008252928109  0.319519268193 -0.128591312229  0.447281329596 -0.031018636961 -0.246298360814 -0.004550537286 -0.561061785323  0.150268668212  0.447281329596 -0.195331109626
  0.799212598425  0.313636281634  0.003784019288  0.553900352114 -0.151048926195  0.276752882882  0.183914114431 -0.494973308383 -0.008078079149  0.268831251225 -0.112929888501  0.276752882882 -0.041767646982
  0.805118110236  0.447712367011  0.006390585997 -0.334153107105  0.125971814737  0.243687438052  0.004298686430  0.236618344812  0.004718261255  0.439777419088 -0.112939437800  0.243687438052  0.169132303283
  0.811023622047 -0.295385335721 -0.003162884240 -0.352699946635  0.092984114830  0.096074578239 -0.127682844561  0.335869157926  0.005079728810 -0.226410353897  0.088522006463  0.096074578239  0.013389639420
  0.816929133858 -0.215217933336 -0.003413687283  0.277818804546 -0.097289344340  0.150994945604  0.021048344864 -0.173992526720 -0.003891217290 -0.237031564217  0.055215225413  0.150994945604 -0.109867669576
  0.822834645669  0.214452386103  0.001877516780  0.081414686616 -0.016699976714  0.327701474542  0.045228149069 -0.115731333522 -0.001171691221  0.134551454151 -0.045185976897  0.327701474542  0.016585423183
  0.828740157480 -0.060542178061 -0.000066280808 -0.162877433319  0.048588582160  0.337812431174 -0.040283973985  0.074598721567  0.002276896575 -0.006988483912  0.011531323302  0.337812431174  0.029513101724
  0.834645669291 -0.088389123914 -0.000260336427  0.207006314782 -0.063188337790  0.544729801190  0.046450760478 -0.122420735057 -0.002868568554 -0.015914572613 -0.007196819820  0.544729801190 -0.043438313724
  0.840551181102  0.325572455225  0.003375045903  0.013979275349  0.009990711495  0.512860503208  0.050290258928  0.037293871020 -0.000239100771  0.245211618707 -0.074568367788  0.512860503208  0.055956640783
  0.846456692913 -0.055797757661 -0.001297463017 -0.456053387441  0.131324784961  0.656741184545 -0.128411551704  0.333172401161  0.006257200920 -0.101137973791  0.056823640127  0.656741184545  0.063131597568
  0.852362204724 -0.527723774071 -0.005905136752  0.137160810280 -0.066314819988  0.598226406876 -0.050071897887 -0.135048785943 -0.001782145776 -0.432830491890  0.122253979053  0.598226406876 -0.129755523143
  0.858267716535  0.187362372267  0.002437331042  0.616610245765 -0.174523660991  0.636977012372  0.183656916485 -0.477410973071 -0.008353414892  0.189169274259 -0.092598113903  0.636977012372 -0.072822084366
  0.864173228346  0.626841193538  0.007225529529 -0.258442402647  0.108753266694  0.572630306275  0.040773644685  0.195905848716  0.003363734274  0.535733921847 -0.146185931021  0.572630306275  0.177581275320
  0.870078740157 -0.278295956523 -0.002914465725 -0.656524196590  0.184278185647  0.487592990284 -0.200646955848  0.529552825001  0.008778292827 -0.228061048395  0.106607344335  0.487592990284  0.071164420046
  0.875984251969 -0.602643493821 -0.007151969520  0.324114127276 -0.128559301535  0.440881340681 -0.025243146650 -0.206302044696 -0.004186229510 -0.536634434239  0.142654974641  0.440881340681 -0.190369953901
  0.881889763780  0.309209818358  0.002650514924  0.566959187540 -0.158400446361  0.237655343530  0.175714644831 -0.481969662838 -0.007481510037  0.209695483999 -0.095897980795  0.237655343530 -0.058407942265
  0.887795275591  0.458816307188  0.005767205139 -0.320163587824  0.121649563724  0.232095929780  0.007265951012  0.165028847272  0.004096775362  0.437804138928 -0.113155752621  0.232095929780  0.165982067289
  0.893700787402 -0.273403403922 -0.001746509871 -0.364303250422  0.101486688894  0.063048170302 -0.113880635738  0.345871269817  0.004744667819 -0.139828812271  0.063150210510  0.063048170302  0.036313880459
  0.899606299213 -0.222513419915 -0.003390472036  0.247250353509 -0.089425556056  0.084239571264  0.009336757830 -0.083473590231 -0.003136094440 -0.260025151892  0.063901294004  0.084239571264 -0.109513151742
  0.905511811024  0.178279611226  0.000453842612  0.087237021347 -0.024116307177  0.353219893256  0.027885176869 -0.148609894830 -0.001121917064  0.036696071075 -0.016088367083  0.353219893256 -0.007927719612
  0.911417322835 -0.060673996014  0.000505125308 -0.120584186381  0.038477155694  0.292936561559 -0.021538447262 -0.017138786017  0.001525183965  0.038100841613 -0.004479857052  0.292936561559  0.032197141474
  0.917322834646 -0.043822244149  0.000889341274  0.210519095754 -0.059076663434  0.573882555794  0.064383275951 -0.071943841184 -0.002669892278  0.073361386837 -0.034254181813  0.573882555794 -0.022763894922
  0.923228346457  0.335362707837  0.002339443735 -0.033216974344  0.020764296160  0.480327340872  0.027684767413  0.110887993867  0.000384420567  0.186084739808 -0.054050882119  0.480327340872  0.050854768765
  0.929133858268 -0.101543182947 -0.001941150196 -0.470442433031  0.132114788052  0.679294966258 -0.143553596418  0.274774109215  0.005890217569 -0.162255656708  0.076040699893  0.679294966258  0.051272509374
  0.935039370079 -0.547027681143 -0.004631768839  0.181635428935 -0.076145059770  0.579145398663 -0.027704826378 -0.173499002613 -0.002185736735 -0.371549846658  0.101246204496  0.579145398663 -0.123617582276
  0.940944881890  0.226848821785  0.002438839202  0.640516910554 -0.180681006841  0.647175383448  0.192792007499 -0.423383946842 -0.007916630714  0.207025528283 -0.099353224243  0.647175383448 -0.073129551109
  0.946850393701  0.652649528161  0.005988601171 -0.292994355133  0.116249853424  0.568892613260  0.022932386652  0.188388546821  0.003500958237  0.485699539904 -0.129135443545  0.568892613260  0.172232682273
  0.952755905512 -0.305031399668 -0.002262184759 -0.685473072713  0.194865372373  0.484235291563 -0.201353353216  0.492306041004  0.008362902597 -0.195596268528  0.098517904740  0.484235291563  0.084469627992
  0.958661417323 -0.629322960526 -0.006215924700  0.343050676014 -0.132710038716  0.451430445050 -0.015604483685 -0.150958896049 -0.004058348838 -0.509940784568  0.133529323127  0.451430445050 -0.187612725048
  0.964566929134  0.318606760872  0.001462468019  0.593987027983 -0.171142866964  0.231823940360  0.166922904334 -0.471305142502 -0.007151491162  0.130020294316 -0.073496547640  0.231823940360 -0.082633936348
  0.970472440945  0.479140837577  0.005331655946 -0.320095328541  0.121899724363  0.249077592549  0.008177504416  0.070056229994  0.003746176971  0.442480012181 -0.114566196109  0.249077592549  0.167087056687
  0.976377952756 -0.263412245761 -0.000250131916 -0.381403079024  0.113199807265  0.151816897506 -0.096242754459  0.366610741116  0.004527135850 -0.026348591192  0.030005555522  0.151816897506  0.066722274699
  0.982283464567 -0.229339671422 -0.003548742509  0.227521406313 -0.085685777327  0.000000000000 -0.002638766674  0.033847517425 -0.002633430266 -0.297934802862  0.076446565833  0.000000000000 -0.114800552152
  0.988188976378  0.149649102043 -0.001056246294  0.087358998493 -0.031426554269  0.018322164859  0.003859335740 -0.199110003183 -0.001009196565 -0.088945319300  0.021697211188  0.018322164859 -0.037993457518
  0.994094488189 -0.072433117268  0.001224747577 -0.083331553434  0.031087040107  0.007873269233 -0.000012683032 -0.133423438313  0.000953876281  0.104006829632 -0.026460833122  0.007873269233  0.040823762581
  1.000000000000  0.000000000000  0.002107963819  0.231359139575 -0.058867922777  0.006479580788  0.090788278896  0.000000000000 -0.002708295439  0.185249803069 -0.069116418114  0.006479580788 -0.000000000000
