             Rad         v_r[Re]         v_t[Re]         v_x[Re]         p[Re]          p_mg[Re]  p_no_phase[Re]         v_r[Im]         v_t[Im]         v_x[Im]         p[Im]          p_mg[Im]  p_no_phase[Im]
  0.000000000000 -0.035013280985  0.000000000000 -0.063469342998  0.000000000000  0.005622575012 -0.000000000000  0.007705375484  0.000000000000  0.000770986022  0.000000000000  0.005622575012  0.000000000000
  0.007874015748 -0.026821401200  0.002505404623 -0.021200126890  0.000000000000  0.010558851527  0.000000000000  0.002725881975 -0.005068694701  0.010668623811 -0.000000000000  0.010558851527  0.000000000000
  0.015748031496 -0.002205290137  0.007379865215 -0.004823799129  0.000000000000  0.016145123802 -0.000000000000 -0.008880874510  0.009060588889 -0.038510422074 -0.000000000000  0.016145123802  0.000000000000
  0.023622047244 -0.004473388820 -0.005882551419  0.062482332709  0.000000000000  0.006892761477  0.000000000000 -0.003406191748 -0.007824036490 -0.002084007513 -0.000000000000  0.006892761477  0.000000000000
  0.031496062992 -0.009545682856  0.011906706359  0.028409305508 -0.000000000000  0.028711211248  0.000000000000  0.004513234359 -0.002013942124 -0.004688747365 -0.000000000000  0.028711211248 -0.000000000000
  0.039370078740 -0.001468361045  0.018981809246  0.021670787992 -0.000000000000  0.012999974521 -0.000000000000 -0.016078213161  0.004161852471  0.010015810666  0.000000000000  0.012999974521 -0.000000000000
  0.047244094488 -0.006154620801 -0.007536241751 -0.348936185669 -0.000000000000  0.033839712818  0.000000000000 -0.003103353600  0.007514852373  0.018466639649 -0.000000000000  0.033839712818 -0.000000000000
  0.055118110236  0.004623703394  0.009590754426  0.081612269446 -0.000000000000  0.008280457663  0.000000000000 -0.028336460934 -0.007859281592  0.008888261752 -0.000000000000  0.008280457663  0.000000000000
  0.062992125984 -0.012433272386  0.039414595432  0.288907578040  0.000000000000  0.007386572427  0.000000000000  0.003796455627 -0.012334132460  0.012227615645 -0.000000000000  0.007386572427  0.000000000000
  0.070866141732  0.000923085673  0.009287852520 -0.269537868070  0.000000000000  0.005030336388 -0.000000000000 -0.033827120428  0.014650359144 -0.031361093243  0.000000000000  0.005030336388  0.000000000000
  0.078740157480 -0.004480880192 -0.016858158033  0.349406639142 -0.000000000000  0.021926435356  0.000000000000 -0.006963310407 -0.002741917701  0.027817398279 -0.000000000000  0.021926435356  0.000000000000
  0.086614173228 -0.000737736250 -0.015330348435 -0.047860133922 -0.000000000000  0.002983042368 -0.000000000000 -0.007349639273 -0.002791360013 -0.019704413465  0.000000000000  0.002983042368 -0.000000000000
  0.094488188976 -0.004327433920  0.028765685504 -0.098268895829 -0.000000000000  0.024927408058  0.000000000000 -0.002564683187  0.008026583630 -0.013136536596 -0.000000000000  0.024927408058 -0.000000000000
  0.102362204724  0.003348612587  0.043579623628  0.194369796965 -0.000000000000  0.014583364766 -0.000000000000 -0.021669226132  0.009698986725 -0.002626317109  0.000000000000  0.014583364766 -0.000000000000
  0.110236220472 -0.001720437064  0.015048773642  0.014213232072  0.000000000000  0.026106744198  0.000000000000 -0.002436932104 -0.007015575203 -0.000593225653 -0.000000000000  0.026106744198  0.000000000000
  0.118110236220  0.001621079707 -0.009223993787 -0.333789278845 -0.000000000000  0.013310639222 -0.000000000000 -0.024874641165  0.015374871145 -0.023490492620  0.000000000000  0.013310639222 -0.000000000000
  0.125984251969  0.003396481339 -0.004403132817 -0.068221791365 -0.000000000000  0.028971425225  0.000000000000 -0.014182328526  0.014042261468 -0.009517983199 -0.000000000000  0.028971425225 -0.000000000000
  0.133858267717  0.005206716570 -0.037485608178  0.291960367129 -0.000000000000  0.003032350188 -0.000000000000 -0.025582263292 -0.031892973573 -0.033213160787  0.000000000000  0.003032350188 -0.000000000000
  0.141732283465 -0.002976829620  0.023406974133  0.062020372798 -0.000000000000  0.044981477231  0.000000000000  0.012973496133 -0.026193612013  0.000712150969 -0.000000000000  0.044981477231  0.000000000000
  0.149606299213 -0.000320710505 -0.009532812207 -0.285703453824 -0.000000000000  0.009831135921  0.000000000000 -0.028969650056  0.014004975358 -0.000279316664 -0.000000000000  0.009831135921 -0.000000000000
  0.157480314961  0.000020007537  0.046132512163 -0.122002545925 -0.000000000000  0.012594034049 -0.000000000000  0.003032284183 -0.004434009283  0.027323461076  0.000000000000  0.012594034049 -0.000000000000
  0.165354330709 -0.002643815534  0.023169538432  0.126325513023 -0.000000000000  0.027651672863  0.000000000000 -0.044903714026  0.002889478205 -0.030572510446 -0.000000000000  0.027651672863 -0.000000000000
  0.173228346457  0.002427032485  0.034730347834  0.770751317687  0.000000000000  0.017568836620 -0.000000000000  0.009526843486 -0.007270100702  0.012538077264  0.000000000000  0.017568836620  0.000000000000
  0.181102362205 -0.004844458128  0.014153527397 -0.679534792135 -0.000000000000  0.008351578512 -0.000000000000 -0.011625012648 -0.006965470465 -0.002558873298  0.000000000000  0.008351578512 -0.000000000000
  0.188976377953  0.001771227603  0.028124222682 -0.062240236797 -0.000000000000  0.016501046376 -0.000000000000 -0.027594886572  0.006949335025 -0.012597268047  0.000000000000  0.016501046376 -0.000000000000
  0.196850393701 -0.003172564011  0.029470342753  0.729151603928  0.000000000000  0.008438784128 -0.000000000000 -0.017280013246  0.009200149977 -0.008999549054  0.000000000000  0.008438784128  0.000000000000
  0.204724409449  0.003969473994 -0.027055066233 -0.024838326025 -0.000000000000  0.014744098367 -0.000000000000  0.007347934394 -0.020613685899  0.004875212063  0.000000000000  0.014744098367 -0.000000000000
  0.212598425197 -0.006905161100 -0.016181345753 -0.060717178012 -0.000000000000  0.013932598522 -0.000000000000 -0.014986770221 -0.016686989984 -0.028852092367  0.000000000000  0.013932598522 -0.000000000000
  0.220472440945  0.003523366275  0.021483900946  0.117673359387  0.000000000000  0.009740878519  0.000000000000  0.007668048491  0.002805423370  0.022465351995 -0.000000000000  0.009740878519  0.000000000000
  0.228346456693 -0.007935338922  0.011874506170  0.130268562904  0.000000000000  0.008258811499 -0.000000000000 -0.012426537444  0.007896673068  0.052694753529  0.000000000000  0.008258811499 -0.000000000000
  0.236220472441  0.002393698520  0.072829169015  0.370095552315 -0.000000000000  0.011106742452 -0.000000000000  0.013725432925  0.004914201220  0.030513119811  0.000000000000  0.011106742452 -0.000000000000
  0.244094488189 -0.009041430567 -0.045298238178 -0.222403083160  0.000000000000  0.011238310557 -0.000000000000 -0.003624534127 -0.019943581929  0.035420961254  0.000000000000  0.011238310557  0.000000000000
  0.251968503937 -0.001455716834  0.029591026191  0.181302197094  0.000000000000  0.017867335372  0.000000000000  0.008129505266 -0.008349757764  0.018743529679 -0.000000000000  0.017867335372  0.000000000000
  0.259842519685 -0.010978080304  0.046881866846  0.164739440947 -0.000000000000  0.007582376009 -0.000000000000  0.001685669221 -0.001033667828  0.027094557930  0.000000000000  0.007582376009 -0.000000000000
  0.267716535433 -0.002337958210  0.091598645310 -0.062794481247 -0.000000000000  0.028265707466 -0.000000000000  0.010992432651 -0.001344484257  0.023296210435  0.000000000000  0.028265707466 -0.000000000000
  0.275590551181 -0.012221626155  0.024142668157 -0.026591455230  0.000000000000  0.008289640267 -0.000000000000 -0.013033553906  0.013888496750  0.000072733468  0.000000000000  0.008289640267  0.000000000000
  0.283464566929 -0.000056140831  0.039109779639 -0.126502191186 -0.000000000000  0.024559534797 -0.000000000000  0.007582168170 -0.018171848388 -0.000746497586  0.000000000000  0.024559534797 -0.000000000000
  0.291338582677 -0.014198415260  0.032011106352  0.035808646780 -0.000000000000  0.003358437508 -0.000000000000 -0.024440851512  0.018563415408 -0.022247312489  0.000000000000  0.003358437508 -0.000000000000
  0.299212598425  0.003886034721  0.016489539110  0.106017021127 -0.000000000000  0.011809779531  0.000000000000  0.007322354123 -0.000438254181 -0.032559147998  0.000000000000  0.011809779531 -0.000000000000
  0.307086614173 -0.012739933795  0.020357157867 -0.115490996587  0.000000000000  0.007560613783 -0.000000000000 -0.020996781571 -0.020838444195 -0.018042820259  0.000000000000  0.007560613783  0.000000000000
  0.314960629921  0.003349218004  0.025939228746  0.544520437130 -0.000000000000  0.037412045166 -0.000000000000  0.000248679019  0.015442082272 -0.012478511969  0.000000000000  0.037412045166 -0.000000000000
  0.322834645669 -0.010708146470 -0.044053989069  0.050301605272 -0.000000000000  0.016142951696 -0.000000000000  0.004980611584 -0.000396118638  0.016053850905  0.000000000000  0.016142951696 -0.000000000000
  0.330708661417  0.002990199059  0.002932479980  0.605394288414 -0.000000000000  0.042982630581 -0.000000000000  0.006944176724 -0.000002589271 -0.023146793278  0.000000000000  0.042982630581 -0.000000000000
  0.338582677165 -0.009635728733 -0.015733391599  0.179069099444  0.000000000000  0.011543508932 -0.000000000000  0.036149880433 -0.015065795508  0.024843320900  0.000000000000  0.011543508932 -0.000000000000
  0.346456692913  0.000732791806  0.089383954362  0.291566168573 -0.000000000000  0.044154165881 -0.000000000000  0.016126310974  0.006718128331 -0.063033200259  0.000000000000  0.044154165881 -0.000000000000
  0.354330708661 -0.005749469102 -0.003468434578 -0.058423022365 -0.000000000000  0.009110507595 -0.000000000000  0.042596362951 -0.017677363003  0.012882617441  0.000000000000  0.009110507595 -0.000000000000
  0.362204724409 -0.001259250274  0.145332498847  0.271675042407 -0.000000000000  0.036651914902 -0.000000000000  0.011474619262 -0.002989137802  0.004093755419  0.000000000000  0.036651914902 -0.000000000000
  0.370078740157 -0.006169539414  0.037247619808 -0.289461325935 -0.000000000000  0.010561851833 -0.000000000000  0.043721014948 -0.005333051482  0.020660668465  0.000000000000  0.010561851833 -0.000000000000
  0.377952755906 -0.002535142930  0.084889541668 -0.016868490714 -0.000000000000  0.029866265160 -0.000000000000 -0.008750679914  0.011450034257  0.020514244322  0.000000000000  0.029866265160 -0.000000000000
  0.385826771654 -0.006186602157  0.034134864745  0.076147601373  0.000000000000  0.022327314776 -0.000000000000  0.036126013062 -0.010766529084  0.044620313328  0.000000000000  0.022327314776  0.000000000000
  0.393700787402 -0.005503802555  0.019562520706 -0.110446163777 -0.000000000000  0.032699281543  0.000000000000 -0.009014481215  0.002003342116  0.015457633908  0.000000000000  0.032699281543 -0.000000000000
  0.401574803150 -0.006617607037 -0.063566949082 -0.319639816727  0.000000000000  0.013912656152 -0.000000000000  0.029123891768 -0.003921083889 -0.027892439862  0.000000000000  0.013912656152  0.000000000000
  0.409448818898 -0.004087654473 -0.057889903519 -0.045893408822 -0.000000000000  0.028988250063 -0.000000000000 -0.021949944556 -0.001099897210  0.002353305511  0.000000000000  0.028988250063 -0.000000000000
  0.417322834646 -0.006668530133 -0.018270265537  0.167232826938 -0.000000000000  0.015998255328 -0.000000000000  0.032012087081 -0.005076441121  0.014015639397  0.000000000000  0.015998255328 -0.000000000000
  0.425196850394 -0.004954868561 -0.041270887641 -0.134214311222 -0.000000000000  0.083479206340 -0.000000000000 -0.013000433791  0.000044826672 -0.023096078005  0.000000000000  0.083479206340 -0.000000000000
  0.433070866142 -0.005269303442 -0.058711235201 -0.097619742468  0.000000000000  0.017843781000 -0.000000000000  0.028505316749 -0.008659630414  0.008648791693  0.000000000000  0.017843781000 -0.000000000000
  0.440944881890 -0.005847053643 -0.043097681877  0.977834114459 -0.000000000000  0.085440185446 -0.000000000000 -0.014891478679  0.021317166393 -0.022165885541  0.000000000000  0.085440185446 -0.000000000000
  0.448818897638 -0.002374261810 -0.056255685500 -0.041022711868  0.000000000000  0.017878021106 -0.000000000000  0.083445435896 -0.016358656520  0.017845032480  0.000000000000  0.017878021106  0.000000000000
  0.456692913386 -0.007848469219 -0.045795816839 -0.033069148811 -0.000000000000  0.072444745479  0.000000000000 -0.016025044502 -0.001587100626 -0.007170957544  0.000000000000  0.072444745479 -0.000000000000
  0.464566929134 -0.001836651938  0.019893559654  0.066705776804  0.000000000000  0.022709172521 -0.000000000000  0.085420442510  0.023206833839 -0.000204996708  0.000000000000  0.022709172521  0.000000000000
  0.472440944882 -0.006202104182 -0.057545161502 -0.330917150927 -0.000000000000  0.080823985221 -0.000000000000 -0.016767753052  0.010457281305 -0.018590102623  0.000000000000  0.080823985221 -0.000000000000
  0.480314960630  0.000043095360 -0.059987547873 -0.123639349565  0.000000000000  0.041152601312 -0.000000000000  0.072444732661 -0.027860305169 -0.025426523946  0.000000000000  0.041152601312  0.000000000000
  0.488188976378 -0.006695696735  0.033712476285  0.187330888323 -0.000000000000  0.052004825343 -0.000000000000 -0.021699635062 -0.003592447205 -0.034257336229  0.000000000000  0.052004825343 -0.000000000000
  0.496062992126  0.001825600156  0.024179938194 -0.282849186004  0.000000000000  0.032871287714 -0.000000000000  0.080803364850  0.018574351284  0.016225767046 -0.000000000000  0.032871287714  0.000000000000
  0.503937007874 -0.006426074706 -0.006382586966 -0.582550688423  0.000000000000  0.025455557919 -0.000000000000 -0.040647781718 -0.021128349099  0.078545480840  0.000000000000  0.025455557919 -0.000000000000
  0.511811023622 -0.003417229182  0.016808622529  0.209703596371  0.000000000000  0.026928938714 -0.000000000000  0.051892431083  0.000466321275 -0.000720076040  0.000000000000  0.026928938714  0.000000000000
  0.519685039370 -0.006254433232 -0.007315784822 -0.530711206097  0.000000000000  0.014565177155 -0.000000000000 -0.032270785874  0.013911640375 -0.041831654410  0.000000000000  0.014565177155  0.000000000000
  0.527559055118 -0.000188683812  0.121180746709  0.273933093454  0.000000000000  0.016506801001 -0.000000000000  0.025454858621 -0.019139452808  0.000603251631  0.000000000000  0.016506801001  0.000000000000
  0.535433070866 -0.007423121530 -0.010258720173 -0.235001892608  0.000000000000  0.015158851566 -0.000000000000 -0.025885613901  0.018135701563 -0.008438531581 -0.000000000000  0.015158851566  0.000000000000
  0.543307086614  0.001539416804 -0.105291525669  0.141619154351  0.000000000000  0.019308717820 -0.000000000000  0.014483596979 -0.012854821079  0.042855428101  0.000000000000  0.019308717820  0.000000000000
  0.551181102362 -0.010462578098 -0.120423884760 -0.125180090362  0.000000000000  0.003464475554 -0.000000000000 -0.012767495401 -0.003033956248  0.030101308042 -0.000000000000  0.003464475554  0.000000000000
  0.559055118110  0.000084857521  0.071941095107  0.058046958448  0.000000000000  0.020750038465 -0.000000000000  0.015158614053 -0.004920455107  0.044599503306 -0.000000000000  0.020750038465  0.000000000000
  0.566929133858 -0.013083358465  0.040068057900 -0.187882710725  0.000000000000  0.016545557206 -0.000000000000 -0.014200433624 -0.000533369120  0.008186387425  0.000000000000  0.016545557206  0.000000000000
  0.574803149606 -0.000011079096 -0.051989594851 -0.077889626899  0.000000000000  0.023665698576 -0.000000000000  0.003464457839  0.003406379626  0.016369088831 -0.000000000000  0.023665698576  0.000000000000
  0.582677165354 -0.013755673745 -0.083971728248  0.154277866811  0.000000000000  0.012496528604 -0.000000000000 -0.015535299679 -0.009156724342  0.014284719484  0.000000000000  0.012496528604  0.000000000000
  0.590551181102 -0.000884116244  0.019207406038 -0.051552003560  0.000000000000  0.010969784401 -0.000000000000  0.016521918827  0.015190732466  0.003473939015  0.000000000000  0.010969784401  0.000000000000
  0.598425196850 -0.013104283917  0.094637118460 -0.003277605691 -0.000000000000  0.021123978754 -0.000000000000 -0.019706421089 -0.011789211170  0.051315412369  0.000000000000  0.021123978754 -0.000000000000
  0.606299212598 -0.003853473900  0.091345950400  0.476286486917  0.000000000000  0.006323073827 -0.000000000000  0.011887555092  0.034356810708 -0.004806279666  0.000000000000  0.006323073827  0.000000000000
  0.614173228346 -0.010967126153 -0.240559399020 -0.130000478854  0.000000000000  0.039721736669 -0.000000000000  0.000241482393 -0.055755363445  0.105830411231 -0.000000000000  0.039721736669  0.000000000000
  0.622047244094 -0.011986917109 -0.168063983157 -0.145019115760  0.000000000000  0.049751887169 -0.000000000000  0.017393570554  0.041631072367 -0.043269120839 -0.000000000000  0.049751887169  0.000000000000
  0.629921259843 -0.006284412573  0.078202894534  0.467505522127  0.000000000000  0.019281333428 -0.000000000000  0.000698155594  0.004078300503 -0.001539726332  0.000000000000  0.019281333428  0.000000000000
  0.637795275591 -0.011545066240  0.079511899294 -0.855273816139  0.000000000000  0.070824724206  0.000000000000  0.038006944228 -0.023688489558  0.020594205637 -0.000000000000  0.070824724206  0.000000000000
  0.645669291339 -0.008250211826  0.034473237866 -0.418042577254 -0.000000000000  0.028917256693  0.000000000000 -0.049063064333 -0.015442554099 -0.013990477699  0.000000000000  0.028917256693 -0.000000000000
  0.653543307087 -0.011362728605  0.035902726728 -0.373329035918  0.000000000000  0.078739194406  0.000000000000  0.015577490730  0.037012485956 -0.063040070305 -0.000000000000  0.078739194406  0.000000000000
  0.661417322835 -0.002883486831 -0.031891496681  0.135070221337 -0.000000000000  0.051857134062  0.000000000000 -0.070766002166 -0.014137254201  0.018116329650 -0.000000000000  0.051857134062 -0.000000000000
  0.669291338583 -0.012918265171  0.042612891974 -0.099300078669  0.000000000000  0.045078493376  0.000000000000  0.025871338575 -0.010311015294  0.033086968708 -0.000000000000  0.045078493376  0.000000000000
  0.677165354331 -0.004801600651 -0.001869503737  0.433830827455 -0.000000000000  0.042941491547  0.000000000000 -0.078592654663  0.008925848100 -0.016428177828 -0.000000000000  0.042941491547 -0.000000000000
  0.685039370079 -0.011529072774 -0.014453719733  0.654078218695  0.000000000000  0.038381906347  0.000000000000  0.050559300174  0.015797738269  0.030017101700 -0.000000000000  0.038381906347  0.000000000000
  0.692913385827 -0.005385932578 -0.062966141431 -0.267303081227 -0.000000000000  0.026369688903  0.000000000000 -0.044755583957 -0.020284949483  0.042021289362 -0.000000000000  0.026369688903 -0.000000000000
  0.700787401575 -0.014534550335 -0.031976486866  0.115579118609  0.000000000000  0.050051878859  0.000000000000  0.040406912068  0.009461970208 -0.009646989354 -0.000000000000  0.050051878859  0.000000000000
  0.708661417323 -0.004127652741 -0.073951780818 -0.431661460069 -0.000000000000  0.036151029183  0.000000000000 -0.038159313642  0.009949912256  0.013606914992 -0.000000000000  0.036151029183 -0.000000000000
  0.716535433071 -0.014714880149  0.001546086893 -0.214795659636  0.000000000000  0.046298913477  0.000000000000  0.021882248400  0.014922801894 -0.010175396504 -0.000000000000  0.046298913477  0.000000000000
  0.724409448819 -0.002614159897  0.075839684708  0.242784862853 -0.000000000000  0.052932301435  0.000000000000 -0.049983564752 -0.009796568093  0.017506287183 -0.000000000000  0.052932301435 -0.000000000000
  0.732283464567 -0.016002953536  0.040798064177  0.118767250129 -0.000000000000  0.032234114613  0.000000000000  0.032416082261 -0.004893345270  0.010095425585 -0.000000000000  0.032234114613 -0.000000000000
  0.740157480315 -0.003010420422 -0.023629889529  0.310923553000 -0.000000000000  0.084432387570  0.000000000000 -0.046200938930  0.014839959328 -0.003518890082 -0.000000000000  0.084432387570 -0.000000000000
  0.748031496063 -0.015122695767  0.024846376667  0.310175322397  0.000000000000  0.017869766099  0.000000000000  0.050726054527 -0.012333167131  0.007336936707 -0.000000000000  0.017869766099  0.000000000000
  0.755905511811 -0.003596480161  0.040575454913  0.639132274170 -0.000000000000  0.087903844005  0.000000000000 -0.032032849941  0.012232461616 -0.009053005492 -0.000000000000  0.087903844005 -0.000000000000
  0.763779527559 -0.014062859811  0.163238833814  0.437127925641  0.000000000000  0.012923271082 -0.000000000000  0.083253012226 -0.005772524085 -0.001897260747 -0.000000000000  0.012923271082  0.000000000000
  0.771653543307 -0.003444972779 -0.096778651214 -0.016441684699 -0.000000000000  0.110087395047  0.000000000000 -0.017534557393 -0.001794379155  0.008471856578 -0.000000000000  0.110087395047 -0.000000000000
  0.779527559055 -0.014510511090 -0.092520855025  0.057802436559  0.000000000000  0.020652782649  0.000000000000  0.086697928803  0.002999908202  0.003764831629 -0.000000000000  0.020652782649  0.000000000000
  0.787401574803 -0.003228251686 -0.030759864867  0.403149880245 -0.000000000000  0.088860133000  0.000000000000 -0.012513565700  0.006289884657 -0.026658610761 -0.000000000000  0.088860133000 -0.000000000000
  0.795275590551 -0.012794948530  0.033109025884 -0.081945093487  0.000000000000  0.022483046300  0.000000000000  0.109341318084  0.001359011482  0.017614975626 -0.000000000000  0.022483046300  0.000000000000
  0.803149606299 -0.003845734768 -0.018893735345 -0.432250923006 -0.000000000000  0.065505891147  0.000000000000 -0.020291568576 -0.008551647642  0.013251533230 -0.000000000000  0.065505891147 -0.000000000000
  0.811023622047 -0.013750519240  0.008011997579 -0.003099027785  0.000000000000  0.022691367425  0.000000000000  0.087789785610  0.015430559706 -0.042197801997 -0.000000000000  0.022691367425  0.000000000000
  0.818897637795 -0.000764381641 -0.244332994564 -0.633473680609 -0.000000000000  0.063770008963  0.000000000000 -0.022470048768  0.002619613590 -0.027974976178 -0.000000000000  0.063770008963 -0.000000000000
  0.826771653543 -0.012166562537 -0.010687655637  0.011863237477  0.000000000000  0.016618424311  0.000000000000  0.064366113220 -0.007580333378  0.004714065178 -0.000000000000  0.016618424311  0.000000000000
  0.834645669291 -0.001068869687 -0.045969179890 -0.067571969205 -0.000000000000  0.038406831889  0.000000000000 -0.022666179061  0.011159424047 -0.032904716359 -0.000000000000  0.038406831889 -0.000000000000
  0.842519685039 -0.009998003145  0.276404144046  0.334858682314  0.000000000000  0.007310276066  0.000000000000  0.062981378012  0.008576428842  0.004848964897 -0.000000000000  0.007310276066  0.000000000000
  0.850393700787 -0.000815915801  0.200850762033 -0.359076263773 -0.000000000000  0.042790704178  0.000000000000 -0.016598382692 -0.002991703095  0.003877926095 -0.000000000000  0.042790704178 -0.000000000000
  0.858267716535 -0.010297263086  0.139543577390  0.287646357039 -0.000000000000  0.005639639620  0.000000000000  0.037000690652 -0.007104082916 -0.009046950647 -0.000000000000  0.005639639620  0.000000000000
  0.866141732283 -0.000412769939 -0.217115803334 -0.054758281032 -0.000000000000  0.013345179505  0.000000000000 -0.007298613371  0.028290965079 -0.036330766933 -0.000000000000  0.013345179505 -0.000000000000
  0.874015748031 -0.007353868938 -0.201139199076 -0.085323864027 -0.000000000000  0.023748756800  0.000000000000  0.042154062387 -0.010663179611  0.024640925527 -0.000000000000  0.023748756800 -0.000000000000
  0.881889763780 -0.001958013425 -0.121385871275 -0.652807443582 -0.000000000000  0.019153687333  0.000000000000 -0.005288829594  0.019152420444 -0.028477622558 -0.000000000000  0.019153687333 -0.000000000000
  0.889763779528 -0.005140001073  0.064023459637 -0.303985940202 -0.000000000000  0.010358729244  0.000000000000  0.012315608186  0.005262010832 -0.014228939023 -0.000000000000  0.010358729244 -0.000000000000
  0.897637795276 -0.000933848151 -0.127919981076  0.020476551136 -0.000000000000  0.016925344982  0.000000000000 -0.023730389318  0.002033111331  0.011766189466 -0.000000000000  0.016925344982 -0.000000000000
  0.905511811024 -0.005669928274 -0.198978889406  0.129708191844 -0.000000000000  0.034074784796  0.000000000000  0.018295235768 -0.000109238134  0.001340371818 -0.000000000000  0.034074784796 -0.000000000000
  0.913385826772 -0.000909401016  0.005556930001 -0.046389591189 -0.000000000000  0.019189701358  0.000000000000 -0.010318733514 -0.004903224630  0.002344483632 -0.000000000000  0.019189701358 -0.000000000000
  0.921259842520 -0.005946395664  0.237410572994 -0.289830227289 -0.000000000000  0.013572202991  0.000000000000  0.015846377547 -0.002406336180  0.044767033432 -0.000000000000  0.013572202991  0.000000000000
  0.929133858268 -0.003239996638  0.040878179311  0.072360199985 -0.000000000000  0.007819916070  0.000000000000 -0.033920397708  0.023094985717 -0.027263001336 -0.000000000000  0.007819916070 -0.000000000000
  0.937007874016 -0.003677470916 -0.010562041216  0.402261383927  0.000000000000  0.013041572387  0.000000000000  0.018834034243 -0.011474299256  0.019900194385 -0.000000000000  0.013041572387  0.000000000000
  0.944881889764 -0.004608510762 -0.279741598182 -0.396054478258 -0.000000000000  0.001634591586  0.000000000000 -0.012765826358  0.016335432121 -0.021697061606 -0.000000000000  0.001634591586 -0.000000000000
  0.952755905512 -0.001917194634 -0.006231720587  0.012905039147 -0.000000000000  0.004993427762  0.000000000000  0.007581256629 -0.002526186159  0.008165844774 -0.000000000000  0.004993427762  0.000000000000
  0.960629921260 -0.005088985150  0.104580758249 -0.063136747445 -0.000000000000  0.011677798838  0.000000000000 -0.012007699216  0.010918472516 -0.004011567946 -0.000000000000  0.011677798838 -0.000000000000
  0.968503937008 -0.001265204948  0.099966161189  0.370506413130 -0.000000000000  0.011454198209  0.000000000000  0.001034961880  0.003564609627 -0.042123664162 -0.000000000000  0.011454198209 -0.000000000000
  0.976377952756 -0.002741274481  0.036019446922  0.226117912821 -0.000000000000  0.000000000000  0.000000000000  0.004173695609  0.004329163984 -0.025077035269 -0.000000000000  0.000000000000 -0.000000000000
  0.984251968504  0.000235039411 -0.075692727032  0.095020279437 -0.000000000000  0.000000000000  0.000000000000  0.011675433276  0.015375162805 -0.064699904423 -0.000000000000  0.000000000000 -0.000000000000
  0.992125984252  0.001143290540 -0.114914630355 -0.288466759807 -0.000000000000  0.005654088635  0.000000000000  0.011396997120  0.001156676005  0.004831305090 -0.000000000000  0.005654088635 -0.000000000000
  1.000000000000  0.000000000000  0.199018243909 -0.526623230255 -0.000000000000  0.011685746942  0.000000000000  0.000000000000  0.007454657856  0.087114033097 -0.000000000000  0.011685746942  0.000000000000
