             Rad         v_r[Re]         v_t[Re]         v_x[Re]         p[Re]          p_mg[Re]  p_no_phase[Re]         v_r[Im]         v_t[Im]         v_x[Im]         p[Im]          p_mg[Im]  p_no_phase[Im]
  0.250000000000  0.000000000000  0.021127697520 -0.515456272213  0.181046503563  0.226586201107 -0.160107106549  0.000000000000 -0.026010325468 -0.397456953289  0.086724179152  0.226586201107 -0.121097622333
  0.255905511811  0.369193912164  0.006708852573 -0.386654576576  0.124580534730  0.692202078298 -0.119599197761  0.221770838834 -0.019282923621 -0.123637885408  0.012418333430  0.692202078298 -0.037021028263
  0.261811023622  0.626129716192  0.000165169316  0.172230880048 -0.051453048276  0.576412525102  0.053093986865  0.207632824772  0.008473801590 -0.007724379457  0.013409987179  0.576412525102 -0.002876193997
  0.267716535433  0.052620674352 -0.011907669579  0.771788310731 -0.247475893444  0.107848169309  0.238674687280  0.220391404467  0.036814533262  0.228211689269 -0.019184210289  0.107848169309  0.068167040511
  0.273622047244 -0.660839706528 -0.018868556364  0.279021220865 -0.109520631364  0.399484493707  0.087180984343 -0.205996600642  0.012650818012  0.394192715657 -0.100950101078  0.399484493707  0.120769067111
  0.279527559055 -0.374405430078  0.006003634823 -0.450262667573  0.143469707210  0.541235436026 -0.139202746029 -0.438260165909 -0.020586619400 -0.119022380974  0.006934076942  0.541235436026 -0.035415163533
  0.285433070866  0.105007466157  0.018182018319 -0.428290948773  0.154436031249  0.195036675615 -0.133211037244  0.024589828679 -0.018857941084 -0.392501361946  0.090837008415  0.195036675615 -0.119819319819
  0.291338582677  0.326739409461  0.003766474330 -0.256457216367  0.082423761374  0.675214844779 -0.079317587761  0.229846076793 -0.011237907844 -0.078787313867  0.007266013443  0.675214844779 -0.023562505433
  0.297244094488  0.518719624985 -0.000806359372  0.181878177859 -0.055761881165  0.514601308493  0.056131590028  0.154485429296  0.007857426863  0.014020687962  0.007471662276  0.514601308493  0.003802332078
  0.303149606299  0.002105838102 -0.008418097083  0.702444547652 -0.223493078378  0.200258698033  0.217152292327  0.195025306771  0.029619643760  0.180542885686 -0.009266948984  0.200258698033  0.053664833584
  0.309055118110 -0.652016756078 -0.015681935965  0.194807326562 -0.082675110828  0.377748058007  0.061144968877 -0.175468619426  0.007718098813  0.371745447312 -0.099597044493  0.377748058007  0.114087852128
  0.314960629921 -0.288430389218  0.005057728015 -0.501999475915  0.158564768782  0.434115414667 -0.155135668072 -0.426171816617 -0.020392349587 -0.111090098362  0.001213093151  0.434115414667 -0.032820450723
  0.320866141732  0.196039063572  0.016269925478 -0.354200243481  0.132362414116  0.169209628703 -0.110373635832  0.040892929604 -0.013800142068 -0.396765956105  0.096889795128  0.169209628703 -0.121347029563
  0.326771653543  0.285999013095  0.001918803175 -0.140415992405  0.045259850153  0.654544282853 -0.043433973145  0.246775525197 -0.005483778139 -0.045174388824  0.004592600396  0.654544282853 -0.013529079464
  0.332677165354  0.419514785510 -0.001830227511  0.182007388673 -0.057646591104  0.470783049213  0.056253728165  0.111640216722  0.006997426036  0.042711153186 -0.001173926664  0.470783049213  0.012650124003
  0.338582677165 -0.032436387287 -0.005936984149  0.634478114165 -0.200394234186  0.279885229958  0.196075555517  0.166071608729  0.023975989855  0.140156954832 -0.001457812286  0.279885229958  0.041404720029
  0.344488188976 -0.637810064949 -0.013155244310  0.130214325843 -0.061723429192  0.365450030675  0.041158964527 -0.147059645266  0.004533304872  0.348918764525 -0.096867279430  0.365450030675  0.107233349171
  0.350393700787 -0.218621489228  0.004177272301 -0.542579636335  0.170092340404  0.334445512116 -0.167618851167 -0.416942830463 -0.019830620923 -0.100013046047 -0.004738709457  0.334445512116 -0.029287887685
  0.356299212598  0.275371854836  0.014923459731 -0.290282381886  0.113670799323  0.143558360928 -0.090687527590  0.050060798159 -0.010111212807 -0.405904721581  0.103758330666  0.143558360928 -0.124348760111
  0.362204724409  0.246774152520  0.000776222237 -0.035014173690  0.011910008915  0.628835110318 -0.010858528564  0.269548219375 -0.001224936230 -0.020964258684  0.004070889157  0.628835110318 -0.006364967268
  0.368110236220  0.325368577326 -0.002852579792  0.175015999435 -0.057755118936  0.438370774591  0.054196434923  0.077389207669  0.006048985626  0.077177893777 -0.012019900494  0.438370774591  0.023299747054
  0.374015748031 -0.054598234362 -0.004136029475  0.565553087099 -0.177400626920  0.348306145590  0.174720770410  0.132770613453  0.019363340324  0.105901299436  0.004440581248  0.348306145590  0.031037937769
  0.379921259843 -0.617196080728 -0.011019066231  0.081013544256 -0.045235950900  0.362267269401  0.025911972545 -0.120426715904  0.002466225388  0.323316670741 -0.092310143941  0.362267269401  0.099478759578
  0.385826771654 -0.161836894494  0.003363647911 -0.572445167313  0.178222477266  0.240098322501 -0.176790251686 -0.407403676463 -0.019016930139 -0.086362149677 -0.010777558907  0.240098322501 -0.024992280559
  0.391732283465  0.344227027683  0.013880222789 -0.234854225167  0.097642924390  0.116204489975 -0.073624242864  0.053150018519 -0.007367141880 -0.416644402108  0.110563584076  0.116204489975 -0.127819864144
  0.397637795276  0.209260388719  0.000106310734  0.061595909020 -0.018267406876  0.597429527828  0.018982328493  0.295715512262  0.001997059530 -0.004846046584  0.005424345718  0.597429527828 -0.001671192814
  0.403543307087  0.234680711080 -0.003836203962  0.162832132712 -0.056590011980  0.411899867513  0.050550821324  0.050716548726  0.005097870393  0.116192420880 -0.024571668877  0.411899867513  0.035366804079
  0.409448818898 -0.067073788447 -0.002822710656  0.494533784654 -0.154138913117  0.406450223175  0.152736319194  0.094892520220  0.015478723837  0.077297346581  0.008499521990  0.406450223175  0.022420151872
  0.415354330709 -0.589710792952 -0.009123848601  0.044179449865 -0.032201985105  0.366903702270  0.014466542806 -0.095724716745  0.001138284214  0.293414280835 -0.085660327861  0.366903702270  0.090362485320
  0.421259842520 -0.115900515124  0.002624171890 -0.591887607155  0.183093573333  0.149998400252 -0.182742029842 -0.395257601383 -0.018023154007 -0.070921726977 -0.016685637000  0.149998400252 -0.020174677376
  0.427165354331  0.403214637626  0.012985986921 -0.186841963548  0.083788407586  0.089156532447 -0.058845195209  0.051183394991 -0.005302434158 -0.426397067552  0.116594039436  0.089156532447 -0.130965301811
  0.433070866142  0.173770076270 -0.000239217979  0.150289560206 -0.045604859749  0.560079728915  0.046361594130  0.323144375369  0.004461912246  0.004244162248  0.008388372330  0.560079728915  0.000877845535
  0.438976377953  0.146772127396 -0.004752346828  0.147003540111 -0.054531902020  0.387043275229  0.045790371378  0.030942894144  0.004191088354  0.158414571658 -0.038325427571  0.387043275229  0.048433548553
  0.444881889764 -0.071955010724 -0.001875852589  0.421018028863 -0.130478072882  0.454853092142  0.129997736910  0.052643743309  0.012136664703  0.054194146621  0.010738667656  0.454853092142  0.015505962864
  0.450787401575 -0.555254736185 -0.007386455294  0.017431163738 -0.021877954066  0.377111704945  0.006116771726 -0.073358576091  0.000310709931  0.258347392253 -0.076803897064  0.377111704945  0.079624547609
  0.456692913386 -0.079196757738  0.001967069948 -0.601145462129  0.184835373166  0.063978943518 -0.185550318261 -0.378854022631 -0.016897287118 -0.054590293224 -0.022207268444  0.063978943518 -0.015111496892
  0.462598425197  0.452603121577  0.012147872380 -0.145485541419  0.071743595587  0.071211614497 -0.046109990933  0.045185725295 -0.003741312845 -0.433073612821  0.121268456694  0.071211614497 -0.133142971399
  0.468503937008  0.140613122296 -0.000360791914  0.231368424380 -0.070255689475  0.516804076524  0.071375075751  0.349915972548  0.006349020368  0.007275622066  0.012690018572  0.516804076524  0.001580201401
  0.474409448819  0.061531700500 -0.005577766230  0.128769685025 -0.051861630521  0.360608799597  0.040293189534  0.017525839418  0.003353315141  0.202398461356 -0.052765316469  0.360608799597  0.062050513451
  0.480314960630 -0.070906291762 -0.001213846511  0.345078363374 -0.106438652207  0.493815742520  0.106527336543  0.006587247367  0.009219046121  0.036570942758  0.011168946046  0.493815742520  0.010288761265
  0.486220472441 -0.513992146098 -0.005762302145 -0.001019422444 -0.013702919623  0.390134073290  0.000310242649 -0.053837972302 -0.000172981993  0.217780386252 -0.065754652807  0.390134073290  0.067166569969
  0.492125984252 -0.050456191567  0.001399508476 -0.600471211598  0.183585035911  0.023053840498 -0.185295701550 -0.357061450004 -0.015673833999 -0.038316103242 -0.027072673945  0.023053840498 -0.010094457499
  0.498031496063  0.492487278524  0.011310074191 -0.110191383574  0.061221280921  0.077848833280 -0.035230748479  0.036197624949 -0.002562058700 -0.434992662824  0.124117869211  0.077848833280 -0.133836037960
  0.503937007874  0.110048216825 -0.000330056173  0.304802326077 -0.092272335425  0.467810752596  0.094016210943  0.374291310500  0.007778862667  0.005204940590  0.018038801707  0.467810752596  0.000730979922
  0.509842519685 -0.020798422682 -0.006293617590  0.109117939611 -0.048779151132  0.330434001053  0.034359418889  0.009945108127  0.002596053092  0.246622822601 -0.067368955532  0.330434001053  0.075745706731
  0.515748031496 -0.065272013890 -0.000777998770  0.267104707472 -0.082137668913  0.523505356190  0.082445343055 -0.042426466338  0.006648121261  0.024418509802  0.009818224328  0.523505356190  0.006764583659
  0.521653543307 -0.466290447900 -0.004229922112 -0.012612007468 -0.007249167047  0.403191025453 -0.003396757048 -0.037684458889 -0.000418439305  0.171814944129 -0.052635884969  0.403191025453  0.053024040311
  0.527559055118 -0.028639157850  0.000926782943 -0.590173313256  0.179496657646  0.100053567126 -0.182076030400 -0.329190564400 -0.014379394046 -0.023048223216 -0.031015430716  0.100053567126 -0.005415367259
  0.533464566929  0.522894929241  0.010440433259 -0.080459633104  0.051985895966  0.108909789188 -0.026049531079  0.025273522385 -0.001677329557 -0.430836135165  0.124776861120  0.108909789188 -0.132639437503
  0.539370078740  0.082267858007 -0.000200381167  0.370382865306 -0.111655257622  0.413456713550  0.114223551996  0.394708756610  0.008835991046 -0.000983629197  0.024124434690  0.413456713550 -0.001365676764
  0.545275590551 -0.099761671367 -0.006885009625  0.088828756547 -0.045419765411  0.295223298918  0.028225288585  0.007637095048  0.001922953018  0.289531584644 -0.081616778680  0.295223298918  0.089036996447
  0.551181102362 -0.056146827040 -0.000523391359  0.187700155971 -0.057752463921  0.544021539529  0.057937547601 -0.093321358725  0.004371148179  0.017665803138  0.006746730418  0.544021539529  0.004909790046
  0.557086614173 -0.412677730527 -0.002781948274 -0.018524529337 -0.002191571922  0.413796832136 -0.005366159000 -0.025368182958 -0.000498600489  0.120920140823 -0.037664860538  0.413796832136  0.037345000260
  0.562992125984 -0.012871394798  0.000551988165 -0.570639437460  0.172745656190  0.175065063042 -0.176013470122 -0.294942576478 -0.013035703763 -0.009695752644 -0.033786267083  0.175065063042 -0.001353481279
  0.568897637795  0.543854779885  0.009522559018 -0.055850287572  0.043841892928  0.151512602017 -0.018427840447  0.013468996536 -0.001022701301 -0.419627389982  0.122979155223  0.151512602017 -0.129253235516
  0.574803149606  0.057400380499 -0.000012874463  0.427824107352 -0.128384233616  0.354229523752  0.131911859996  0.409796308676  0.009582349597 -0.010263797903  0.030618963017  0.354229523752 -0.004392440070
  0.580708661417 -0.174781501803 -0.007340800501  0.068513824763 -0.041868479593  0.254381198891  0.022075008035  0.009960066539  0.001333030136  0.329578141107 -0.095002931604  0.254381198891  0.101445653514
  0.586614173228 -0.044425100502 -0.000413691751  0.107606757663 -0.033495414521  0.555441593792  0.033232288287 -0.144853301707  0.002351235103  0.016134891695  0.002055871673  0.555441593792  0.004667378010
  0.592519685039 -0.353808618705 -0.001419589792 -0.019728411559  0.001712848986  0.419894833613 -0.005895320611 -0.017263163898 -0.000464642246  0.065873607175 -0.021138630538  0.419894833613  0.020372058010
  0.598425196850 -0.002407625308  0.000275913898 -0.542345993751  0.163529367269  0.245761126475 -0.167257337100 -0.254369804988 -0.011661300538  0.000907574660 -0.035164352749  0.245761126475  0.001835442690
  0.604330708661  0.555438607640  0.008550948314 -0.035969805416  0.036628944897  0.198079717306 -0.012242452349  0.001821333780 -0.000549670423 -0.400719431352  0.118554915826  0.198079717306 -0.123479026685
  0.610236220472  0.035520565899  0.000200070386  0.476829552570 -0.142438414791  0.290753435865  0.146992751956  0.418389723455  0.010065251381 -0.021569474804  0.037181747245  0.290753435865 -0.008019676347
  0.616141732283 -0.245227964082 -0.007653468208  0.048649773226 -0.038173037765  0.207869082100  0.016051289020  0.016179521567  0.000822677224  0.365269916727 -0.107046546169  0.207869082100  0.112509999465
  0.622047244094 -0.030838776904 -0.000418140630  0.027649671189 -0.009595417490  0.557853215137  0.008583153221 -0.195664366319  0.000561684681  0.019514958269 -0.004107515443  0.557853215137  0.005939124574
  0.627952755906 -0.290434464712 -0.000149100794 -0.017026835454  0.004639909365  0.419882425073 -0.005228981081 -0.013615512282 -0.000352875711  0.007708251105 -0.003420421707  0.419882425073  0.002426066862
  0.633858267717  0.003390105519  0.000097061206 -0.505857807032  0.152064957348  0.311508269577 -0.155983910226 -0.207841435902 -0.010272426141  0.008034315657 -0.034966605893  0.311508269577  0.003928680652
  0.639763779528  0.557785777944  0.007527797162 -0.020468041385  0.030220472235  0.244857163320 -0.007384446999 -0.008673843561 -0.000221187956 -0.373786369639  0.111428370680  0.244857163320 -0.115217310665
  0.645669291339  0.016664188340  0.000412621436  0.517136356797 -0.153808822089  0.223847793983  0.159388300860  0.419551612692  0.010322280847 -0.033807863260  0.043466257775  0.223847793983 -0.011909612349
  0.651574803150 -0.310465475293 -0.007818988745  0.029608810661 -0.034355923460  0.156092902800  0.010264918045  0.025467443258  0.000386961252  0.395211265297 -0.117302708580  0.156092902800  0.121798548327
  0.657480314961 -0.015988779639 -0.000509788887 -0.051306301122  0.013716009547  0.551380104094 -0.015744459614 -0.244334584852 -0.001017597562  0.027350051564 -0.011550267297  0.551380104094  0.008581933582
  0.663385826772 -0.223376271987  0.001020563037 -0.011084131284  0.006710374657  0.412589554438 -0.003568470816 -0.014521569616 -0.000189261665 -0.052338355060  0.015073738987  0.412589554438 -0.016109399465
  0.669291338583  0.005066860878  0.000011733374 -0.461820889174  0.138585531981  0.371724203076 -0.142394125357 -0.156010644590 -0.008883508381  0.011089919623 -0.033055251965  0.371724203076  0.004744725562
  0.675196850394  0.551115258205  0.006460808976 -0.009039633033  0.024523479267  0.289431579303 -0.003759610727 -0.017087754820 -0.000008684696 -0.338814382365  0.101614995314  0.289431579303 -0.104464700426
  0.681102362205  0.000843674250  0.000604168801  0.548543431571 -0.162505525484  0.154786304077  0.169039644004  0.412588691853  0.010384364881 -0.045879612213  0.049127960917  0.154786304077 -0.015722630569
  0.687007874016 -0.369887048267 -0.007836695770  0.011686872600 -0.030425420280  0.099828782853  0.004803551519  0.036911443712  0.000020473468  0.418143428002 -0.125372701231  0.099828782853  0.128922249073
  0.692913385827 -0.000372758682 -0.000664474203 -0.128390989134  0.036215181391  0.536204468920 -0.039483918181 -0.289431339265 -0.002402427075  0.039037304201 -0.020034560653  0.536204468920  0.012407384446
  0.698818897638 -0.153499912162  0.002079349993 -0.002450833594  0.008000695429  0.397244903788 -0.001079580112 -0.019914238525  0.000007527144 -0.112873341924  0.033888303130  0.397244903788 -0.034803199899
  0.704724409449  0.003086365025  0.000014178611 -0.410950608940  0.123335142749  0.425828645543 -0.126709863395 -0.099781061514 -0.007507411386  0.009634874833 -0.029343742728  0.425828645543  0.004150083459
  0.710629921260  0.535728665372  0.005361612149 -0.001426300832  0.019478500346  0.329924755434 -0.001289112003 -0.022583834652  0.000109995891 -0.296090091492  0.089217859303  0.329924755434 -0.091310331204
  0.716535433071 -0.011936984398  0.000758466919  0.570927686271 -0.168560963769  0.086876033711  0.175911921664  0.397065513473  0.010277721726 -0.056703365488  0.053832768586  0.086876033711 -0.019124886846
  0.722440944882 -0.422938184380 -0.007709112196 -0.004870678292 -0.026385688007  0.040329372229 -0.000260254626  0.049531076686 -0.000282112524  0.432980660160 -0.130913246240  0.040329372229  0.133545553427
  0.728346456693  0.015589450985 -0.000860245842 -0.202755691813  0.057693922489  0.512589996754 -0.062375614297 -0.329556236879 -0.003605858120  0.053833423742 -0.029281597047  0.512589996754  0.017183810953
  0.734251968504 -0.081693715656  0.003017240393  0.008413130342  0.008553134388  0.373442912547  0.002100149845 -0.029556421564  0.000223962776 -0.172397238045  0.052541396960  0.373442912547 -0.053191577087
  0.740157480315 -0.002157822808  0.000096771535 -0.354017108245  0.106563263351  0.473251039361 -0.109169402485 -0.040271603707 -0.006155564075  0.003402196069 -0.023801092799  0.473251039361  0.002064624793
  0.746062992126  0.512006924259  0.004244564409  0.002582099467  0.015058932278  0.364754662725  0.000090217931 -0.024442059709  0.000152095625 -0.246185252422  0.074422940312  0.364754662725 -0.075931135555
  0.751968503937 -0.021669362299  0.000863064957  0.584251349934 -0.172030416656  0.043940998220  0.179996457743  0.372813690292  0.010025107327 -0.065242752324  0.057265650490  0.043940998220 -0.021796655273
  0.757874015748 -0.469132539185 -0.007441751616 -0.019846066669 -0.022245730908  0.023601475188 -0.004861865438  0.062299333340 -0.000525683391  0.438841866238 -0.133644568786  0.023601475188  0.135396106200
  0.763779527559  0.031532139815 -0.001077064913 -0.273593598717  0.077964878962  0.480909728315 -0.084173223839 -0.363389168989 -0.004639173895  0.070867869667 -0.038976891130  0.480909728315  0.022640423630
  0.769685039370 -0.008848721228  0.003825052827  0.021115913639  0.008385655589  0.341114549052  0.005854341708 -0.043040811531  0.000450121668 -0.229352070285  0.070537880653  0.341114549052 -0.070792926976
  0.775590551181 -0.010330161458  0.000250224751 -0.291829476777  0.088519202797  0.513445922463 -0.090022501199  0.021220683196 -0.004838030777 -0.007689931753 -0.016454675258  0.513445922463 -0.001534561660
  0.781496062992  0.480402523779  0.003125812235  0.003149063823  0.011269330628  0.392567555440  0.000426399609 -0.022081257549  0.000131072127 -0.189937243391  0.057493334775  0.392567555440 -0.058585830537
  0.787401574803 -0.028330703674  0.000908909106  0.588562551764 -0.172990383220  0.087702645815  0.181310858696  0.339936033401  0.009646615398 -0.070534315051  0.059139095296  0.087702645815 -0.023440942772
  0.793307086614 -0.508060877032 -0.007042890679 -0.033029266391 -0.018027095512  0.085901453152 -0.008938372441  0.074167786292 -0.000714473473  0.435077242860 -0.133357157204  0.085901453152  0.134272905115
  0.799212598425  0.047121803926 -0.001296674367 -0.340154470208  0.096864748612  0.441686433709 -0.104648180728 -0.389729163880 -0.005512523067  0.089161474981 -0.048776831914  0.441686433709  0.028473094766
  0.805118110236  0.064158087907  0.004495024506  0.035311471646  0.007501686684  0.300500908563  0.010080775724 -0.059795433263  0.000678554615 -0.282168656952  0.087382180133  0.300500908563 -0.087122320152
  0.811023622047 -0.021139400568  0.000463823802 -0.225219932274  0.069446839980  0.545910494284 -0.069525497702  0.083259746560 -0.003563561433 -0.023530479042 -0.007391518789  0.545910494284 -0.006610847334
  0.816929133858  0.441428975515  0.002022525456  0.000396166343  0.008142449941  0.412226445798 -0.000246168625 -0.015078637160  0.000057484412 -0.128425218362  0.038762368961  0.412226445798 -0.039607576794
  0.822834645669 -0.031877637555  0.000890045579  0.583990892120 -0.171535465942  0.157740207382  0.179897568261  0.298805308305  0.009160192335 -0.071715178168  0.059201171521  0.157740207382 -0.023792009563
  0.828740157480 -0.539394516424 -0.006523315049 -0.044201801020 -0.013770125397  0.148336931863 -0.012423536677  0.084094134280 -0.000851961092  0.421289551472 -0.129917137291  0.148336931863  0.130052814855
  0.834645669291  0.062037302668 -0.001502572074 -0.401754107437  0.114255655861  0.395661638149 -0.123592531427 -0.407531613121 -0.006235315569  0.107649474862 -0.058316238139  0.395661638149  0.034351487630
  0.840551181102  0.136477279816  0.005021226515  0.050677625125  0.005899701852  0.252127796542  0.014684492161 -0.079094406369  0.000903447335 -0.329312713720  0.102590782739  0.252127796542 -0.101705658028
  0.846456692913 -0.034323169657  0.000725679807 -0.155029029495  0.049579991498  0.570204074312 -0.047936740578  0.144311348755 -0.002339642891 -0.043812917116  0.003241843213  0.570204074312 -0.013067287675
  0.852362204724  0.395648810983  0.000952257591 -0.005588704781  0.005734953333  0.422819207229 -0.001904090120 -0.003185948932 -0.000060291048 -0.062942031125  0.018625660285  0.422819207229 -0.019395343554
  0.858267716535 -0.032243908281  0.000803380056  0.570739460356 -0.167774262276  0.230188492394  0.175821329926  0.250057505722  0.008581970845 -0.068049485514  0.057242988257  0.230188492394 -0.022623499512
  0.864173228346 -0.562884306326 -0.005896042214 -0.053124656719 -0.009538612155  0.208770393516 -0.015244016225  0.091071093402 -0.000940849483  0.397349742341 -0.123270207379  0.208770393516  0.122695350843
  0.870078740157  0.075952566432 -0.001680043929 -0.457779113336  0.130024881477  0.343932550102 -0.140820327159 -0.415941449791 -0.006816453365  0.125208030101 -0.067216664812  0.343932550102  0.039927249974
  0.875984251969  0.207297014303  0.005399853631  0.066894878281  0.003582470234  0.196779616655  0.019571131291 -0.100073422503  0.001119995223 -0.369329299585  0.115704280762  0.196779616655 -0.114093319259
  0.881889763780 -0.049631131040  0.001022994763 -0.082092718930  0.029138658726  0.585970196306 -0.025512604435  0.202785177073 -0.001172562982 -0.068037558412  0.015240911069  0.585970196306 -0.020747380980
  0.887795275591  0.343661247701 -0.000067599244 -0.014739661657  0.004121827049  0.423673025299 -0.004531274188  0.013658178816 -0.000215467181  0.005037796800 -0.002467792764  0.423673025299  0.001595936583
  0.893700787402 -0.029342308400  0.000648465876  0.549074572986 -0.161824699575  0.301522643730  0.169165952182  0.194579666123  0.007926490653 -0.058952801584  0.053105395166  0.301522643730 -0.019755936083
  0.899606299213 -0.578356093956 -0.005176024623 -0.059530708973 -0.005422709086  0.265616570771 -0.017317002534  0.094155719651 -0.000983114659  0.363406737581 -0.113444101975  0.265616570771  0.112245674616
  0.905511811024  0.088522395107 -0.001816228539 -0.507687475960  0.144083160820  0.288262500252 -0.156167720099 -0.414321877205 -0.007264448632  0.140683414621 -0.075095244572  0.288262500252  0.044843017161
  0.911417322835  0.275849561198  0.005629415278  0.083626600334  0.000565752910  0.135471341293  0.024640700146 -0.121749432313  0.001323942423 -0.400885083713  0.126298845410  0.135471341293 -0.123873138027
  0.917322834646 -0.066807191005  0.001342334892 -0.007231885834  0.008326337992  0.592962611279 -0.002504284492  0.257077735127 -0.000067492782 -0.095518792590  0.028346074426  0.592962611279 -0.029437330023
  0.923228346457  0.286090479205 -0.001020284750 -0.026998003323  0.003389621984  0.414370106254 -0.008114265547  0.035320061714 -0.000402347441  0.073893677400 -0.024025396035  0.414370106254  0.022866304609
  0.929133858268 -0.023070800046  0.000427303642  0.519314369613 -0.153809199475  0.370169367238  0.160030729275  0.133492406139  0.007206851936 -0.044013808121  0.046684793165  0.370169367238 -0.015063380877
  0.935039370079 -0.585703605099 -0.004379836677 -0.063121952661 -0.001540012837  0.317369302255 -0.018549355204  0.092498353222 -0.000980106422  0.319891257259 -0.100549567636  0.317369302255  0.098835765858
  0.940944881890  0.099371884403 -0.001900194392 -0.551005564290  0.156361778347  0.231871010046 -0.169491947739 -0.402278278741 -0.007587466835  0.152923093505 -0.081573868477  0.231871010046  0.048741988037
  0.946850393701  0.341414361700  0.005710845995  0.100501284000 -0.003113801307  0.069417810832  0.029781987572 -0.143044028419  0.001511251689 -0.422807896390  0.133997015200  0.069417810832 -0.130682550699
  0.952755905512 -0.085571434406  0.001669907896  0.068755183858 -0.012671482111  0.591077238208  0.020844492620  0.305615450571  0.000971411556 -0.125397052713  0.042246706298  0.591077238208 -0.038869754043
  0.958661417323  0.223575383157 -0.001890079021 -0.042294807988  0.003628713230  0.394763280991 -0.012636764739  0.061467172912 -0.000615903800  0.141897657373 -0.045521513261  0.394763280991  0.043882660656
  0.964566929134 -0.013322621655  0.000144141524  0.481817287954 -0.143850015652  0.434939500972  0.148526834013  0.068127382255  0.006434832227 -0.023012739052  0.037937953518  0.434939500972 -0.008479085924
  0.970472440945 -0.584879633804 -0.003525349027 -0.063571685152  0.001965235168  0.362615092496 -0.018838281494  0.085370460285 -0.000932690893  0.267513641913 -0.084779846614  0.362615092496  0.082683757120
  0.976377952756  0.108089961633 -0.001923016485 -0.587322194316  0.166808703799  0.181546034516 -0.180669410396 -0.379676978777 -0.007793322207  0.160807961219 -0.086288528273  0.181546034516  0.051277850206
  0.982283464567  0.403317832523  0.005647548447  0.117097630088 -0.007391821753  0.000000000000  0.034867860206 -0.162809998080  0.001677881622 -0.434123027650  0.138477685157  0.000000000000 -0.134219747578
  0.988188976378 -0.105602558922  0.001991840239  0.145097143829 -0.033687570313  0.033509948276  0.044298760169  0.346897398167  0.001940888796 -0.156655285425  0.056586410191  0.033509948276 -0.048728780607
  0.994094488189  0.156761285132 -0.002662657630 -0.060531633751  0.004924823757  0.020416656098 -0.018073557855  0.091568892821 -0.000851421342  0.207255689120 -0.066408673054  0.020416656098  0.064091436653
  1.000000000000  0.000000000000 -0.000194730145  0.436971327610 -0.132065049008  0.008475411158  0.134773964512  0.000000000000  0.005620987396  0.004063907783  0.026885764646  0.008475411158 -0.000000000000
