             Rad         v_r[Re]         v_t[Re]         v_x[Re]         p[Re]          p_mg[Re]  p_no_phase[Re]         v_r[Im]         v_t[Im]         v_x[Im]         p[Im]          p_mg[Im]  p_no_phase[Im]
  0.000000000000  0.111859505429  0.000000000000 -0.259603945233 -0.000000000000  0.106199403055  0.000000000000  0.018689969456  0.000000000000 -0.048323847608 -0.000000000000  0.106199403055  0.000000000000
  0.007874015748  0.083139138380  0.031509889430 -0.298001378663 -0.000000000000  0.126398457311  0.000000000000  0.040237754479  0.018869283818  0.002450825227 -0.000000000000  0.126398457311  0.000000000000
  0.015748031496  0.022344886370 -0.019728178517  0.010340995306 -0.000000000000  0.096495910263  0.000000000000 -0.031393927319  0.017732963218 -0.163005310418  0.000000000000  0.096495910263 -0.000000000000
  0.023622047244  0.010693086362 -0.002447321486 -0.427027317111  0.000000000000  0.044145487841 -0.000000000000  0.105659694838  0.020000160755 -0.052608521125 -0.000000000000  0.044145487841  0.000000000000
  0.031496062992  0.014267021548 -0.181083313989  0.244716024391  0.000000000000  0.091185091038 -0.000000000000  0.125590692755 -0.004281769552 -0.025126282238  0.000000000000  0.091185091038 -0.000000000000
  0.039370078740 -0.013911843433 -0.119247127634  0.324075384325  0.000000000000  0.155399503367  0.000000000000  0.095487807127 -0.032691468715 -0.068513967015 -0.000000000000  0.155399503367  0.000000000000
  0.047244094488 -0.042286753067 -0.031950628039  0.383778875827 -0.000000000000  0.007384176172  0.000000000000  0.012674960030 -0.030159445360 -0.000729492057  0.000000000000  0.007384176172 -0.000000000000
  0.055118110236 -0.020305491447 -0.089880687431  0.466269555273 -0.000000000000  0.128102547520  0.000000000000 -0.088895488326  0.013584499301  0.045665731958  0.000000000000  0.128102547520 -0.000000000000
  0.062992125984 -0.004751100214  0.089244037454 -0.181424538679  0.000000000000  0.132796568803 -0.000000000000 -0.155326857605 -0.004166113940  0.026359718434  0.000000000000  0.132796568803 -0.000000000000
  0.070866141732 -0.007363650826 -0.072437925349  0.009233056125  0.000000000000  0.060721883792 -0.000000000000  0.000550185658 -0.007143091624  0.013085562573 -0.000000000000  0.060721883792  0.000000000000
  0.078740157480  0.000579620965 -0.044623900416  0.335479408427  0.000000000000  0.069337228771 -0.000000000000 -0.128101236218 -0.017514986337  0.001435736790  0.000000000000  0.069337228771 -0.000000000000
  0.086614173228 -0.013731901947 -0.194516843423 -0.018982816098  0.000000000000  0.121045720088 -0.000000000000 -0.132084683271 -0.040087568767  0.128660114666  0.000000000000  0.121045720088 -0.000000000000
  0.094488188976  0.056037150612  0.214758306281 -0.510508145966  0.000000000000  0.131370674032 -0.000000000000 -0.023387708791 -0.031147306609  0.087445634918 -0.000000000000  0.131370674032  0.000000000000
  0.102362204724  0.012449357844 -0.008577554623 -0.275457236065  0.000000000000  0.016034192840 -0.000000000000  0.068210444822 -0.055240946831  0.010162713730 -0.000000000000  0.016034192840  0.000000000000
  0.110236220472  0.042459408244  0.109742999128 -0.210305679949  0.000000000000  0.014854314755  0.000000000000  0.113354598509 -0.001972518830 -0.028330668884 -0.000000000000  0.014854314755  0.000000000000
  0.118110236220 -0.009051590910 -0.027750030039  0.202014094375 -0.000000000000  0.078127399528  0.000000000000  0.131058470530 -0.009892657429 -0.048070922822 -0.000000000000  0.078127399528  0.000000000000
  0.125984251969  0.015794164829  0.019782308897  0.217575712774 -0.000000000000  0.073688373827  0.000000000000 -0.002764000247  0.016757746330  0.029041294856 -0.000000000000  0.073688373827  0.000000000000
  0.133858267717  0.008408349271 -0.032698499321 -0.131558254391 -0.000000000000  0.094552792103  0.000000000000  0.012245420751  0.020721680331  0.017740064577  0.000000000000  0.094552792103 -0.000000000000
  0.141732283465  0.028993006615 -0.004714119851 -0.117637297913  0.000000000000  0.066737526477 -0.000000000000  0.072548577687  0.015060649136  0.042246686139  0.000000000000  0.066737526477 -0.000000000000
  0.149606299213  0.030710453142  0.084143786910  0.268188862319 -0.000000000000  0.092463517409  0.000000000000  0.066983912286  0.017341124590 -0.088554498202 -0.000000000000  0.092463517409  0.000000000000
  0.157480314961 -0.017074210485  0.044003969495  0.001534990440  0.000000000000  0.039451398197 -0.000000000000 -0.092998396926 -0.008394304469 -0.053152877902  0.000000000000  0.039451398197 -0.000000000000
  0.165354330709  0.002837240119  0.017469403736 -0.025755877506 -0.000000000000  0.025670110255  0.000000000000  0.066677188819 -0.005788329491 -0.011549146356  0.000000000000  0.025670110255 -0.000000000000
  0.173228346457 -0.024509506799  0.060947789575  0.047326859104  0.000000000000  0.031559339095 -0.000000000000 -0.089155965186  0.012035729121 -0.026811168483 -0.000000000000  0.031559339095  0.000000000000
  0.181102362205 -0.006820412704  0.006058332207 -0.214916713237  0.000000000000  0.114202195733 -0.000000000000  0.038857364684 -0.001623773763  0.013701863787 -0.000000000000  0.114202195733  0.000000000000
  0.188976377953 -0.017006243455  0.043958991136  0.111420801682 -0.000000000000  0.053615968147  0.000000000000  0.019228682848 -0.004341421098 -0.013908754932  0.000000000000  0.053615968147 -0.000000000000
  0.196850393701 -0.013427979623 -0.000184833194  0.239689901975  0.000000000000  0.078356217753 -0.000000000000 -0.028560133882  0.000675038290 -0.058558676674  0.000000000000  0.078356217753 -0.000000000000
  0.204724409449 -0.046563461780 -0.022874607565 -0.130348845478 -0.000000000000  0.018142551045  0.000000000000 -0.104278403983  0.002204227509  0.047139154258 -0.000000000000  0.018142551045  0.000000000000
  0.212598425197  0.015237899918  0.055184183224 -0.370722886938 -0.000000000000  0.040858637263  0.000000000000  0.051405043005 -0.009650409642  0.090895385621 -0.000000000000  0.040858637263  0.000000000000
  0.220472440945 -0.001407772238 -0.064948963512  0.134646966600 -0.000000000000  0.036141752985  0.000000000000  0.078343570495 -0.009170350309 -0.009057830978 -0.000000000000  0.036141752985  0.000000000000
  0.228346456693  0.009273638116  0.094734691100  0.155856596067 -0.000000000000  0.063187357073  0.000000000000 -0.015593325319  0.003198677499  0.075106564047  0.000000000000  0.063187357073 -0.000000000000
  0.236220472441  0.037819881282  0.009841022534  0.036972437807  0.000000000000  0.052244975028 -0.000000000000 -0.015462367828  0.030071325122 -0.005579576366  0.000000000000  0.052244975028 -0.000000000000
  0.244094488189  0.007832911235 -0.224625836717 -0.084260484008 -0.000000000000  0.065804205018  0.000000000000 -0.035282740970  0.001245316146 -0.033810855039 -0.000000000000  0.065804205018  0.000000000000
  0.251968503937  0.019726737788  0.013305889271 -0.177046984404 -0.000000000000  0.099627789637  0.000000000000  0.060029142173 -0.016719508782 -0.007253276358  0.000000000000  0.099627789637 -0.000000000000
  0.259842519685  0.000702557375  0.040963375766 -0.026475546754 -0.000000000000  0.006726846332  0.000000000000  0.052240251041  0.005708994973 -0.040828005371  0.000000000000  0.006726846332 -0.000000000000
  0.267716535433 -0.001055865873  0.209796508633 -0.142705691856 -0.000000000000  0.101373801002  0.000000000000  0.065795733489  0.001294845379  0.025456268090  0.000000000000  0.101373801002 -0.000000000000
  0.275590551181  0.014279872271  0.154726178222  0.086492652291  0.000000000000  0.023493605459 -0.000000000000  0.098599095918 -0.021035660137 -0.003394621003 -0.000000000000  0.023493605459  0.000000000000
  0.283464566929 -0.006057887301 -0.013073727817  0.054687942095 -0.000000000000  0.049383030986  0.000000000000 -0.002924459442  0.013971064037  0.106086387781 -0.000000000000  0.049383030986 -0.000000000000
  0.291338582677  0.071857154550  0.089322353298 -0.049126587099  0.000000000000  0.087471280522 -0.000000000000  0.071506621159 -0.007739692587 -0.020531214328  0.000000000000  0.087471280522 -0.000000000000
  0.299212598425 -0.021556321669 -0.075437237177  0.170316067720 -0.000000000000  0.030073857924  0.000000000000  0.009342081863 -0.009481592287 -0.045203236941  0.000000000000  0.030073857924 -0.000000000000
  0.307086614173  0.048264902148 -0.067392987862  0.195564341977  0.000000000000  0.020883973898 -0.000000000000 -0.010449065510  0.004863704455  0.013076036411 -0.000000000000  0.020883973898  0.000000000000
  0.314960629921 -0.016668542266 -0.037207603592 -0.048395757467 -0.000000000000  0.056858466932  0.000000000000 -0.085868414536 -0.011069946582 -0.054443461358 -0.000000000000  0.056858466932  0.000000000000
  0.322834645669  0.019412089796  0.113019841380 -0.154220568244 -0.000000000000  0.152321669330  0.000000000000  0.022969712671 -0.021970053681  0.014692547850  0.000000000000  0.152321669330 -0.000000000000
  0.330708661417 -0.012046269804 -0.007199539523 -0.058553626808 -0.000000000000  0.092148849671  0.000000000000 -0.017059535445 -0.003828803997 -0.063312919904  0.000000000000  0.092148849671 -0.000000000000
  0.338582677165 -0.013614054867 -0.048476520525 -0.316404670541  0.000000000000  0.129381410690 -0.000000000000  0.055204553906 -0.026065972353 -0.012153871299 -0.000000000000  0.129381410690  0.000000000000
  0.346456692913 -0.020217784498 -0.050946349265 -0.072848712221 -0.000000000000  0.072008989842  0.000000000000  0.150973945228 -0.004784318008  0.000076283759 -0.000000000000  0.072008989842  0.000000000000
  0.354330708661 -0.013089958696  0.051301554213  0.072457191781  0.000000000000  0.047695182091 -0.000000000000  0.091214381963 -0.011235848392 -0.106469173826 -0.000000000000  0.047695182091  0.000000000000
  0.362204724409 -0.076524080727 -0.047162524953  0.275925814024  0.000000000000  0.077157801995 -0.000000000000  0.104324563268  0.012595388053 -0.074100040276 -0.000000000000  0.077157801995  0.000000000000
  0.370078740157 -0.047565232553 -0.144157085554  0.191396819380  0.000000000000  0.235707642445 -0.000000000000 -0.054063326481 -0.026758193162  0.062453316308  0.000000000000  0.235707642445 -0.000000000000
  0.377952755906 -0.043993428238 -0.207739334847 -0.048508541055  0.000000000000  0.074776144983 -0.000000000000  0.018423047156 -0.012561749209 -0.056066410581 -0.000000000000  0.074776144983  0.000000000000
  0.385826771654 -0.076210172134 -0.110298932619  0.497062595780  0.000000000000  0.185359566965 -0.000000000000 -0.012055541130  0.011204740172  0.008351534040  0.000000000000  0.185359566965 -0.000000000000
  0.393700787402 -0.035584128930  0.079097536798  0.093579511675  0.000000000000  0.073646878663 -0.000000000000 -0.233006142570 -0.014915755896  0.055271136443  0.000000000000  0.073646878663 -0.000000000000
  0.401574803150 -0.046966347532  0.054367967318 -0.098116761666 -0.000000000000  0.036488674033  0.000000000000 -0.058186201613  0.013023549226  0.012223074651  0.000000000000  0.036488674033 -0.000000000000
  0.409448818898 -0.026304544386 -0.001628997657 -0.220567205608  0.000000000000  0.027871900282 -0.000000000000 -0.183483623275  0.014680638678  0.152134809604  0.000000000000  0.027871900282 -0.000000000000
  0.417322834646  0.035035438056  0.039265273195 -0.416690681621  0.000000000000  0.123991795771 -0.000000000000  0.064779478364 -0.003753305563  0.013173535430 -0.000000000000  0.123991795771  0.000000000000
  0.425196850394 -0.020994663037 -0.188612593777  0.119778298112  0.000000000000  0.176902389224 -0.000000000000  0.029843717206 -0.002149878509 -0.022892318739 -0.000000000000  0.176902389224  0.000000000000
  0.433070866142  0.023636802691  0.060927058143 -0.188752930534 -0.000000000000  0.067568166948  0.000000000000  0.014769711707  0.010933975515  0.034642234681 -0.000000000000  0.067568166948  0.000000000000
  0.440944881890 -0.002874084821 -0.150416093008  0.377165176657  0.000000000000  0.017546791487 -0.000000000000  0.123958481173  0.003980080830 -0.047387441145 -0.000000000000  0.017546791487  0.000000000000
  0.448818897638 -0.000851557124  0.140634759875  0.338446753222 -0.000000000000  0.033599715462  0.000000000000 -0.176900339637  0.014234852426 -0.064496382704  0.000000000000  0.033599715462 -0.000000000000
  0.456692913386 -0.035701637485 -0.051907226960 -0.339436020449  0.000000000000  0.083451241849 -0.000000000000 -0.057365932971 -0.003708565733 -0.031018758813 -0.000000000000  0.083451241849  0.000000000000
  0.464566929134 -0.016159042355  0.307980538965 -0.085704655216 -0.000000000000  0.091428233722  0.000000000000  0.006839242769 -0.004998487972  0.072817539562 -0.000000000000  0.091428233722  0.000000000000
  0.472440944882  0.002731676339 -0.131190612182  0.150163407544 -0.000000000000  0.066138283780  0.000000000000 -0.033488487925  0.007662083079  0.136129168236  0.000000000000  0.066138283780 -0.000000000000
  0.480314960630  0.055719588269  0.072713451150  0.066439907025  0.000000000000  0.165442283335 -0.000000000000 -0.062124369206  0.028177214370  0.104263961693  0.000000000000  0.165442283335 -0.000000000000
  0.488188976378  0.057484229202  0.184000607517 -0.238582657195  0.000000000000  0.080338016326 -0.000000000000 -0.071096310133  0.003581470117 -0.029078543127  0.000000000000  0.080338016326 -0.000000000000
  0.496062992126  0.038831993782 -0.191127332237  0.196101073711 -0.000000000000  0.218244225309  0.000000000000  0.053538293214 -0.004943998247 -0.059671722368  0.000000000000  0.218244225309 -0.000000000000
  0.503937007874  0.024613824068 -0.040402377541  0.267925146023 -0.000000000000  0.106104751208  0.000000000000 -0.163601065949 -0.010420586817 -0.048795642800  0.000000000000  0.106104751208 -0.000000000000
  0.511811023622  0.011797014448  0.016222944769  0.093956150472  0.000000000000  0.316387948208 -0.000000000000 -0.079467146151  0.007006728440  0.055724301718 -0.000000000000  0.316387948208  0.000000000000
  0.519685039370  0.053933624249 -0.059720549921  0.061083446432  0.000000000000  0.055695784822 -0.000000000000 -0.211475071950  0.014603694318  0.037828081480  0.000000000000  0.055695784822 -0.000000000000
  0.527559055118  0.030904995200 -0.087221886888 -0.977024944385 -0.000000000000  0.148363803843  0.000000000000 -0.101504184646 -0.000968314044  0.022975055615  0.000000000000  0.148363803843 -0.000000000000
  0.535433070866  0.065013673933 -0.057394444840 -0.111788961889 -0.000000000000  0.091099622955  0.000000000000  0.309636167094  0.004307580592 -0.003731087430 -0.000000000000  0.091099622955  0.000000000000
  0.543307086614  0.027287639335 -0.144268323178  0.369415079914  0.000000000000  0.122940710438 -0.000000000000 -0.048553117165 -0.012021842395  0.029761742372 -0.000000000000  0.122940710438  0.000000000000
  0.551181102362  0.079148771341 -0.091181098310 -0.255740526436 -0.000000000000  0.095432193929  0.000000000000  0.125488207757 -0.001219364478 -0.097019473761 -0.000000000000  0.095432193929  0.000000000000
  0.559055118110 -0.025972289719  0.046346928717 -0.001947559988 -0.000000000000  0.049321321590  0.000000000000  0.087318849450  0.009202146111 -0.189644394302  0.000000000000  0.049321321590 -0.000000000000
  0.566929133858 -0.019152047249  0.001952061513  0.020582089018 -0.000000000000  0.010129948046  0.000000000000  0.121439768483  0.000909070979 -0.068654512722  0.000000000000  0.010129948046 -0.000000000000
  0.574803149606 -0.061428898754 -0.095031655976  0.295444655183 -0.000000000000  0.065734564740  0.000000000000  0.073032828482 -0.016658612767 -0.038905828490  0.000000000000  0.065734564740 -0.000000000000
  0.582677165354 -0.038804871502  0.019787016592  0.154240298343 -0.000000000000  0.016350228491  0.000000000000 -0.030442974741  0.023431692089  0.101228450824  0.000000000000  0.016350228491 -0.000000000000
  0.590551181102 -0.005975246096  0.157047750950 -0.015983252917 -0.000000000000  0.296647644790  0.000000000000 -0.008179992757 -0.025420486700 -0.035013570104  0.000000000000  0.296647644790 -0.000000000000
  0.598425196850 -0.058381117723 -0.183834167226  0.021412690431 -0.000000000000  0.028948185420  0.000000000000 -0.030210562640 -0.010362983619  0.035561762175  0.000000000000  0.028948185420 -0.000000000000
  0.606299212598  0.013683270610 -0.121473351025  0.519854935900 -0.000000000000  0.296066637011  0.000000000000 -0.008949752909  0.020462502832  0.095939701251 -0.000000000000  0.296066637011  0.000000000000
  0.614173228346 -0.007311492289  0.102683699191 -0.047842405922 -0.000000000000  0.060947941161  0.000000000000 -0.296557527707 -0.009579391957 -0.067899414078  0.000000000000  0.060947941161 -0.000000000000
  0.622047244094 -0.022263243148 -0.146087845879  0.002628934774 -0.000000000000  0.139078076083  0.000000000000  0.018502579378 -0.017508956152 -0.089259747863  0.000000000000  0.139078076083 -0.000000000000
  0.629921259843 -0.054489905994 -0.162910368265  0.168756746429 -0.000000000000  0.083997974674  0.000000000000 -0.291009112736  0.001796358255 -0.011705665005 -0.000000000000  0.083997974674  0.000000000000
  0.637795275591 -0.026955883625  0.194428378615 -0.305148128227  0.000000000000  0.027853489190 -0.000000000000 -0.054662892988 -0.002343138474  0.102842612835  0.000000000000  0.027853489190 -0.000000000000
  0.645669291339  0.000045584373 -0.102503212461  0.069945190040  0.000000000000  0.059012420051 -0.000000000000 -0.139078068612 -0.007469419875  0.027298274233  0.000000000000  0.059012420051 -0.000000000000
  0.653543307087 -0.012991554637  0.000625124893 -0.274402445121  0.000000000000  0.054106961531 -0.000000000000 -0.082987223459 -0.023501545995 -0.049915613420 -0.000000000000  0.054106961531  0.000000000000
  0.661417322835 -0.026976392487  0.144395881440 -0.066530683337 -0.000000000000  0.094186465213  0.000000000000  0.006934775297 -0.006657954716  0.064360690981  0.000000000000  0.094186465213 -0.000000000000
  0.669291338583  0.021118834582  0.067271237872  0.022594526613  0.000000000000  0.121405754726 -0.000000000000 -0.055104088289 -0.030130574519 -0.047219950657 -0.000000000000  0.121405754726  0.000000000000
  0.677165354331 -0.053678591304 -0.031447482851  0.077521219402  0.000000000000  0.028074368389 -0.000000000000 -0.006795007122 -0.009086852465 -0.044355399918  0.000000000000  0.028074368389 -0.000000000000
  0.685039370079 -0.001339144883  0.013906486458 -0.226759589690  0.000000000000  0.043409930818 -0.000000000000 -0.094176944739  0.001356400728  0.021325472592  0.000000000000  0.043409930818 -0.000000000000
  0.692913385827 -0.042390969311  0.174216884145 -0.164691321755 -0.000000000000  0.146892845965  0.000000000000  0.113764506774 -0.008631687705 -0.039210364581  0.000000000000  0.146892845965 -0.000000000000
  0.700787401575 -0.021350931750 -0.091056646717  0.305845258159  0.000000000000  0.028133066846 -0.000000000000 -0.018229313586  0.001302798388  0.098457025887  0.000000000000  0.028133066846 -0.000000000000
  0.708661417323  0.009830857801  0.108126786528 -0.318862775275  0.000000000000  0.085024451638 -0.000000000000 -0.042282104116 -0.022964272048  0.001765951491 -0.000000000000  0.085024451638  0.000000000000
  0.716535433071 -0.021663020914  0.200624134149 -0.090162502519 -0.000000000000  0.195586899484  0.000000000000  0.145286688036 -0.012589860770  0.033344794987 -0.000000000000  0.195586899484  0.000000000000
  0.724409448819  0.027257397067  0.057671966074  0.110813560501 -0.000000000000  0.038635545068  0.000000000000 -0.006964463751  0.007724571689  0.054503522219  0.000000000000  0.038635545068 -0.000000000000
  0.732283464567  0.006691050738  0.166348864234 -0.402311432643  0.000000000000  0.111606542670 -0.000000000000  0.084760764604  0.010769720371 -0.030513759154 -0.000000000000  0.111606542670  0.000000000000
  0.740157480315  0.011558995941 -0.138402935229  0.091948403510  0.000000000000  0.139029519247 -0.000000000000  0.195245037997 -0.025813276090 -0.020831601641 -0.000000000000  0.139029519247  0.000000000000
  0.748031496063 -0.005588546585  0.099058633219  0.151854348361 -0.000000000000  0.120916325303  0.000000000000  0.038229222982 -0.008548306208  0.007548007178 -0.000000000000  0.120916325303  0.000000000000
  0.755905511811  0.015278929363 -0.061668174315  0.338095947534 -0.000000000000  0.102937276299  0.000000000000  0.110555753737  0.016078781107  0.016849027180  0.000000000000  0.102937276299 -0.000000000000
  0.763779527559  0.003607725289  0.059297011134 -0.016640450886  0.000000000000  0.092078267368 -0.000000000000 -0.138982702306 -0.003544992043 -0.061125266777  0.000000000000  0.092078267368 -0.000000000000
  0.771653543307 -0.017028396177 -0.105115164799 -0.444818523110 -0.000000000000  0.153811102466  0.000000000000  0.119711283714 -0.010033702635 -0.075699735208  0.000000000000  0.153811102466 -0.000000000000
  0.779527559055 -0.036191689114 -0.124520757145  0.408188967573 -0.000000000000  0.048602776720  0.000000000000  0.096365162226  0.008541007098  0.050405689381  0.000000000000  0.048602776720 -0.000000000000
  0.787401574803  0.010507519718  0.152744648398 -0.117498789429  0.000000000000  0.134579160180 -0.000000000000 -0.091476769460  0.003002556916  0.076362518241  0.000000000000  0.134579160180 -0.000000000000
  0.795275590551  0.003803574181 -0.119244689396 -0.257281790940 -0.000000000000  0.014348516352  0.000000000000  0.153764066235 -0.008272768468  0.014509219327 -0.000000000000  0.014348516352  0.000000000000
  0.803149606299  0.017720955121  0.162922940781  0.027977878099  0.000000000000  0.035311619674 -0.000000000000  0.045257017738  0.000261690059  0.045219915952  0.000000000000  0.035311619674 -0.000000000000
  0.811023622047  0.027203855517  0.162207437510  0.096398699573  0.000000000000  0.042809343401 -0.000000000000  0.131800988615  0.000739999586 -0.028944329285  0.000000000000  0.042809343401 -0.000000000000
  0.818897637795  0.002027589124 -0.012550658298  0.227861777691  0.000000000000  0.233486890325 -0.000000000000 -0.014204534623 -0.001554118882  0.010950745686  0.000000000000  0.233486890325 -0.000000000000
  0.826771653543  0.032853512547 -0.151267938583  0.064955794543  0.000000000000  0.030630755391 -0.000000000000  0.012944388641  0.022688701595 -0.007007694326  0.000000000000  0.030630755391 -0.000000000000
  0.834645669291 -0.001412440277  0.001667091603 -0.418360237147  0.000000000000  0.019618272871 -0.000000000000 -0.042786036214 -0.003676514856 -0.044600247841  0.000000000000  0.019618272871 -0.000000000000
  0.842519685039  0.009329222363  0.122342099745 -0.137319444426 -0.000000000000  0.022741536644  0.000000000000  0.233300436270  0.002709312657  0.046419757223 -0.000000000000  0.022741536644  0.000000000000
  0.850393700787  0.022881791077  0.041716224084  0.459724494714  0.000000000000  0.129199143195 -0.000000000000  0.020363369390  0.017928832469  0.013982926289 -0.000000000000  0.129199143195  0.000000000000
  0.858267716535  0.016909635111 -0.051656001314  0.032848780737  0.000000000000  0.054672455437 -0.000000000000 -0.009946902576  0.005981354449 -0.001241140358 -0.000000000000  0.054672455437  0.000000000000
  0.866141732283  0.022139504541 -0.118433774537  0.220031917147  0.000000000000  0.083051891050 -0.000000000000  0.005198059985 -0.008093511318  0.054180867019 -0.000000000000  0.083051891050  0.000000000000
  0.874015748031  0.044654189172  0.000757082960 -0.089889876902  0.000000000000  0.033359659864 -0.000000000000 -0.121237048759  0.010157062207 -0.048544223422 -0.000000000000  0.033359659864  0.000000000000
  0.881889763780 -0.003781587164  0.219073997548 -0.089806732249 -0.000000000000  0.039188278467  0.000000000000  0.054541516133  0.004846382199 -0.075725235886  0.000000000000  0.039188278467 -0.000000000000
  0.889763779528  0.005144022600 -0.006936684431  0.164123482377  0.000000000000  0.082772556713 -0.000000000000 -0.082892434145 -0.036395693332 -0.018351042690  0.000000000000  0.082772556713 -0.000000000000
  0.897637795276 -0.014794068215 -0.072357996513 -0.103151624983 -0.000000000000  0.049712378013  0.000000000000 -0.029899873778 -0.022955336088 -0.065148669118 -0.000000000000  0.049712378013  0.000000000000
  0.905511811024 -0.029600659173 -0.116138407010  0.086194582076  0.000000000000  0.062449951643 -0.000000000000 -0.025681163248 -0.001094367972 -0.054849301982  0.000000000000  0.062449951643 -0.000000000000
  0.913385826772 -0.043109623620 -0.246674635656 -0.124399745451 -0.000000000000  0.097743744454  0.000000000000 -0.070660147864 -0.011443254767  0.067219495559 -0.000000000000  0.097743744454  0.000000000000
  0.921259842520  0.006033839649  0.099432356906 -0.100773224969  0.000000000000  0.004913904533 -0.000000000000  0.049344840731 -0.012911428626 -0.028176750703 -0.000000000000  0.004913904533  0.000000000000
  0.929133858268 -0.058445127792  0.115756662016  0.208087240413  0.000000000000  0.093809089114 -0.000000000000 -0.022003715540  0.002443469907  0.128116588457  0.000000000000  0.093809089114 -0.000000000000
  0.937007874016  0.074360066863  0.109949348973 -0.055929372081 -0.000000000000  0.037200069824  0.000000000000 -0.063438316781  0.020746436156  0.109826034181 -0.000000000000  0.037200069824  0.000000000000
  0.944881889764 -0.001346056104  0.026432960779 -0.301134996139 -0.000000000000  0.012836250434  0.000000000000  0.004725948659 -0.025686593260 -0.130620950880 -0.000000000000  0.012836250434  0.000000000000
  0.952755905512  0.004958853073 -0.090848329622 -0.040949752408  0.000000000000  0.122882374795 -0.000000000000  0.093677932175 -0.001652013073 -0.044527134960 -0.000000000000  0.122882374795  0.000000000000
  0.960629921260 -0.024856456746 -0.061470590037  0.205878695936 -0.000000000000  0.029360462040  0.000000000000  0.027676736674  0.006053068311 -0.010064550990 -0.000000000000  0.029360462040  0.000000000000
  0.968503937008  0.000281568360  0.070867428220  0.258601170341  0.000000000000  0.010722571838 -0.000000000000 -0.012833161904  0.007349117866 -0.056792795080  0.000000000000  0.010722571838 -0.000000000000
  0.976377952756 -0.054434530246 -0.063522978696 -0.030877942944 -0.000000000000  0.000000000000  0.000000000000 -0.110167871687  0.020388034639 -0.057684795408 -0.000000000000  0.000000000000  0.000000000000
  0.984251968504 -0.028463509307 -0.114964835557 -0.186375433029  0.000000000000  0.000000000000 -0.000000000000  0.007201761531 -0.001559019789  0.091170920156 -0.000000000000  0.000000000000  0.000000000000
  0.992125984252 -0.006170251992 -0.017259285882  0.015028300083 -0.000000000000  0.036727687154  0.000000000000 -0.008769352152  0.005030103993  0.053732207035  0.000000000000  0.036727687154 -0.000000000000
  1.000000000000  0.000000000000 -0.006052231318 -0.080178685240 -0.000000000000  0.026526571812  0.000000000000  0.000000000000 -0.026825299457 -0.005596147083 -0.000000000000  0.026526571812  0.000000000000
