             Rad         v_r[Re]         v_t[Re]         v_x[Re]         p[Re]          p_mg[Re]  p_no_phase[Re]         v_r[Im]         v_t[Im]         v_x[Im]         p[Im]          p_mg[Im]  p_no_phase[Im]
  0.250000000000  0.000000000000  0.057544364252 -0.451570537747 -0.000000000000  0.034906009383  0.000000000000  0.000000000000 -0.042846206392 -0.254838762299  0.000000000000  0.034906009383  0.000000000000
  0.252851711027 -0.005524673300 -0.026527810015 -0.188543171682  0.000000000000  0.019656681781 -0.000000000000  0.029259508771  0.008779873202  0.077209281556 -0.000000000000  0.019656681781  0.000000000000
  0.255703422053  0.005255244718 -0.024915086593 -0.010687841912 -0.000000000000  0.007640951012  0.000000000000  0.038505777824  0.033942233702  0.103836821139 -0.000000000000  0.007640951012  0.000000000000
  0.258555133080  0.011991877912 -0.116139107556  0.170716931791 -0.000000000000  0.050110561063  0.000000000000  0.032781463592  0.015638705284  0.044548593447  0.000000000000  0.050110561063 -0.000000000000
  0.261406844106  0.013305760555 -0.030887399265  0.208268298336 -0.000000000000  0.073486228344  0.000000000000  0.014468651448 -0.013344377240 -0.039532188073 -0.000000000000  0.073486228344  0.000000000000
  0.264258555133  0.005511070362  0.140350364516 -0.245783449990  0.000000000000  0.050465716916 -0.000000000000  0.005292658674 -0.029669958787 -0.050424695766  0.000000000000  0.050465716916 -0.000000000000
  0.267110266160  0.003738180581  0.179830549686 -0.495536760572 -0.000000000000  0.090109421289  0.000000000000  0.049970934912 -0.013511954266  0.001848075189 -0.000000000000  0.090109421289  0.000000000000
  0.269961977186  0.001367872157  0.194624721471  0.042581508196  0.000000000000  0.085914490548 -0.000000000000  0.073473496459 -0.022237078568 -0.137235790388 -0.000000000000  0.085914490548  0.000000000000
  0.272813688213 -0.018006845083 -0.114743261338 -0.064373633455 -0.000000000000  0.084041692419  0.000000000000  0.047143844922 -0.023282233515 -0.056240844968  0.000000000000  0.084041692419 -0.000000000000
  0.275665399240 -0.006095446816  0.201898245183 -0.310718888712  0.000000000000  0.111380245771 -0.000000000000  0.089903021824  0.037454238425  0.199391246385 -0.000000000000  0.111380245771 -0.000000000000
  0.278517110266  0.011766824623 -0.012662505184  0.090203971771 -0.000000000000  0.062977909945  0.000000000000  0.085104885432  0.009151518347  0.027075656551 -0.000000000000  0.062977909945  0.000000000000
  0.281368821293  0.002059083950  0.002678524660 -0.210067629458 -0.000000000000  0.062286241513  0.000000000000  0.084016464088  0.006418018315  0.014249932153 -0.000000000000  0.062286241513  0.000000000000
  0.284220532319  0.015541537637  0.050951594690  0.104319158381  0.000000000000  0.013428431009 -0.000000000000  0.110290614994  0.012464819538  0.022268457788 -0.000000000000  0.013428431009  0.000000000000
  0.287072243346  0.006536871372 -0.048682450656  0.304011831581 -0.000000000000  0.050451059825 -0.000000000000  0.062637739851  0.017162185313  0.039311945650 -0.000000000000  0.050451059825  0.000000000000
  0.289923954373  0.021057501380 -0.166462833216  0.318297188725 -0.000000000000  0.042877350965  0.000000000000  0.058618747150 -0.015140110903 -0.058570277832 -0.000000000000  0.042877350965  0.000000000000
  0.292775665399 -0.001968146794  0.013740593662  0.064678247760 -0.000000000000  0.018932477438  0.000000000000  0.013283416637 -0.006114051082 -0.007571234180 -0.000000000000  0.018932477438  0.000000000000
  0.295627376426  0.020371129694  0.034019753628 -0.257431473414  0.000000000000  0.033492118085 -0.000000000000  0.046155460267  0.002529258485  0.093857672610 -0.000000000000  0.033492118085  0.000000000000
  0.298479087452  0.010881502249 -0.031222297031  0.317476180055 -0.000000000000  0.051644494724  0.000000000000  0.041473607687  0.004254472431 -0.012925797690 -0.000000000000  0.051644494724  0.000000000000
  0.301330798479  0.018565230845 -0.148446666650  0.003634357538 -0.000000000000  0.111823815721  0.000000000000  0.003710917087 -0.009880048200 -0.083063618026 -0.000000000000  0.111823815721  0.000000000000
  0.304182509506 -0.001399068721 -0.120068591027  0.436966159010 -0.000000000000  0.036157708430  0.000000000000  0.033462883626  0.013547728799  0.041338521317  0.000000000000  0.036157708430 -0.000000000000
  0.307034220532  0.021228339207  0.172226928979 -0.582077579844  0.000000000000  0.081468998391 -0.000000000000 -0.047079841225 -0.007957923895 -0.127604773579 -0.000000000000  0.081468998391  0.000000000000
  0.309885931559 -0.018173471890  0.176050897184 -0.247951668877  0.000000000000  0.061771454364 -0.000000000000  0.110337168179  0.005457774216  0.089107609361 -0.000000000000  0.061771454364  0.000000000000
  0.312737642586  0.034066690827 -0.033480737352  0.221160925863 -0.000000000000  0.029538069295  0.000000000000 -0.012117774342  0.017244133030  0.076533323979 -0.000000000000  0.029538069295  0.000000000000
  0.315589353612 -0.003548201081 -0.080302414719  0.097016797661  0.000000000000  0.087342090610 -0.000000000000  0.081391694711  0.024205920666  0.101090035941 -0.000000000000  0.087342090610  0.000000000000
  0.318441064639  0.050884006306 -0.147186685389  0.341267397195 -0.000000000000  0.060417090338  0.000000000000 -0.035021857126 -0.004255746070 -0.009631939267 -0.000000000000  0.060417090338  0.000000000000
  0.321292775665 -0.004580997594 -0.115444833957  0.184514566242 -0.000000000000  0.062802454343  0.000000000000  0.029180678517  0.010200661779 -0.077455068853 -0.000000000000  0.062802454343  0.000000000000
  0.324144486692  0.043174121521 -0.092831335547  0.615454043855 -0.000000000000  0.121902877969  0.000000000000 -0.075925200184  0.006654557114  0.188376825729  0.000000000000  0.121902877969 -0.000000000000
  0.326996197719  0.020463671268  0.126773286732 -0.340633428812 -0.000000000000  0.039614831921  0.000000000000 -0.056845958195  0.014781771506 -0.028809304302  0.000000000000  0.039614831921  0.000000000000
  0.329847908745  0.039515752763 -0.042911382387  0.530036279080 -0.000000000000  0.123114227566  0.000000000000 -0.048812432383 -0.026961831857 -0.145139821970  0.000000000000  0.123114227566  0.000000000000
  0.332699619772 -0.001937935519  0.209803696412 -0.387664799287  0.000000000000  0.030951894207 -0.000000000000 -0.121887472954 -0.006270429023  0.010356012549  0.000000000000  0.030951894207 -0.000000000000
  0.335551330798  0.039214002369  0.129127037746  0.053694101107 -0.000000000000  0.128744574155  0.000000000000 -0.005621114337 -0.007439958758  0.098253685095  0.000000000000  0.128744574155 -0.000000000000
  0.338403041825  0.007327312361  0.163652257429 -0.273927581536  0.000000000000  0.022905581948 -0.000000000000 -0.122895986601 -0.021797820381 -0.207939015987 -0.000000000000  0.022905581948 -0.000000000000
  0.341254752852  0.007077949313 -0.029196989851  0.058138128888 -0.000000000000  0.089897943351  0.000000000000  0.030131750505 -0.006415831757 -0.142430353192  0.000000000000  0.089897943351  0.000000000000
  0.344106463878 -0.016684053952  0.003368606103  0.112404811468  0.000000000000  0.007689411275 -0.000000000000 -0.127658950795  0.015176845043  0.039304708219  0.000000000000  0.007689411275 -0.000000000000
  0.346958174905  0.011587662494 -0.052544358055 -0.287427572830 -0.000000000000  0.076658845293  0.000000000000  0.019758333997  0.000317042214  0.074927705828  0.000000000000  0.076658845293  0.000000000000
  0.349809885932 -0.006107036822 -0.128646040335  0.230322318504  0.000000000000  0.012364730976 -0.000000000000 -0.089690268815 -0.005307514584 -0.052098082087  0.000000000000  0.012364730976 -0.000000000000
  0.352661596958  0.007305573295 -0.235666560514 -0.081686250048 -0.000000000000  0.081900199147  0.000000000000 -0.002399092449  0.013963714584  0.108836605983  0.000000000000  0.081900199147 -0.000000000000
  0.355513307985  0.008927701770 -0.017416914823  0.076359289634  0.000000000000  0.025963251598 -0.000000000000 -0.076137209713 -0.010662540034 -0.010219916964  0.000000000000  0.025963251598 -0.000000000000
  0.358365019011  0.005716308855 -0.064642911301  0.074905200077 -0.000000000000  0.031215274313  0.000000000000 -0.010964049670 -0.003906486828 -0.077188857389  0.000000000000  0.031215274313 -0.000000000000
  0.361216730038 -0.004251419903  0.107972452969 -0.217382322619  0.000000000000  0.037600104317 -0.000000000000 -0.081789779613 -0.010386899831 -0.080845717473 -0.000000000000  0.037600104317 -0.000000000000
  0.364068441065 -0.008787352913  0.123185772802 -0.362619096196  0.000000000000  0.051253530730 -0.000000000000  0.024430981607 -0.007595320799 -0.037400562437 -0.000000000000  0.051253530730 -0.000000000000
  0.366920152091 -0.013316864707  0.079971323608 -0.012832414671  0.000000000000  0.057381815846 -0.000000000000 -0.028232153032 -0.009711878023 -0.085295712183 -0.000000000000  0.057381815846 -0.000000000000
  0.369771863118 -0.023543135354  0.109617042507  0.122094579767  0.000000000000  0.015739349848 -0.000000000000  0.029317036385 -0.000054262495 -0.066520543157  0.000000000000  0.015739349848 -0.000000000000
  0.372623574144 -0.024432635611 -0.167000604591 -0.094232713119  0.000000000000  0.083054378814 -0.000000000000 -0.045055196474  0.006732047455 -0.008913992378  0.000000000000  0.083054378814 -0.000000000000
  0.375475285171 -0.024003329298  0.544851958529 -0.445698370042 -0.000000000000  0.041783360687  0.000000000000  0.052120178169 -0.000574747551  0.094295449074  0.000000000000  0.041783360687  0.000000000000
  0.378326996198 -0.010310676103 -0.173317518716 -0.097767328788  0.000000000000  0.048925091917 -0.000000000000  0.011891891858  0.007675567220 -0.005358723094  0.000000000000  0.048925091917 -0.000000000000
  0.381178707224 -0.020211689133  0.199363859000 -0.251002451148  0.000000000000  0.018366156679 -0.000000000000  0.080557541314  0.004885162909  0.142954047612  0.000000000000  0.018366156679 -0.000000000000
  0.384030418251  0.009691928805 -0.080588778605  0.279423886790 -0.000000000000  0.037304031605  0.000000000000  0.040643766390 -0.012169369578 -0.083842409229  0.000000000000  0.037304031605 -0.000000000000
  0.386882129278 -0.029739595802  0.039690152440  0.315325558813  0.000000000000  0.010948130479 -0.000000000000  0.038848694452  0.003020073431  0.026486550787 -0.000000000000  0.010948130479  0.000000000000
  0.389733840304  0.012136235466  0.090112864028  0.114412811122  0.000000000000  0.026317822999 -0.000000000000 -0.013785046242 -0.018098251376 -0.027173827537  0.000000000000  0.026317822999 -0.000000000000
  0.392585551331 -0.034034824382 -0.182723090630 -0.077375521240  0.000000000000  0.032818535090 -0.000000000000  0.015271591381 -0.002393190015 -0.017182971900  0.000000000000  0.032818535090 -0.000000000000
  0.395437262357  0.010570711800  0.075925118643  0.073949712230  0.000000000000  0.025238314122 -0.000000000000 -0.002849844386  0.009151827838  0.050304427173 -0.000000000000  0.025238314122  0.000000000000
  0.398288973384 -0.025212938154 -0.212271857012 -0.159428225468  0.000000000000  0.025314241787 -0.000000000000  0.007545565390  0.024776991711  0.084755483394 -0.000000000000  0.025314241787  0.000000000000
  0.401140684411  0.024660652355 -0.054664224471  0.085003140325 -0.000000000000  0.019358528651  0.000000000000  0.021654294514  0.000895051067  0.012000219202 -0.000000000000  0.019358528651  0.000000000000
  0.403992395437 -0.024418446813  0.035377306566  0.310964113031 -0.000000000000  0.030607993970  0.000000000000 -0.006380592055 -0.024098832825 -0.140245445516 -0.000000000000  0.030607993970  0.000000000000
  0.406844106464  0.005189221759  0.008773154907 -0.038135024948  0.000000000000  0.024535658963 -0.000000000000 -0.024776658669  0.008117546800  0.032037151299  0.000000000000  0.024535658963 -0.000000000000
  0.409695817490 -0.018994349852  0.176189993939 -0.197369050035 -0.000000000000  0.054364261286  0.000000000000 -0.003737285813  0.012034054260  0.170774151530 -0.000000000000  0.054364261286  0.000000000000
  0.412547528517  0.030580056974 -0.352027261373  0.118540750492  0.000000000000  0.028374217484 -0.000000000000 -0.001307444194 -0.000468661880 -0.034266682561 -0.000000000000  0.028374217484  0.000000000000
  0.415399239544 -0.019688041753 -0.154900080332  0.242579267744 -0.000000000000  0.068020072214  0.000000000000 -0.014641706617  0.024536669859  0.064344271728 -0.000000000000  0.068020072214  0.000000000000
  0.418250950570  0.041341502094 -0.022435813096  0.034813849855  0.000000000000  0.073059425360 -0.000000000000 -0.035303726571  0.010269269214  0.049733391753 -0.000000000000  0.073059425360  0.000000000000
  0.421102661597 -0.011963849734  0.071143053289  0.098895518002 -0.000000000000  0.040826166772  0.000000000000 -0.025728632249 -0.013230614404 -0.014568613824 -0.000000000000  0.040826166772  0.000000000000
  0.423954372624  0.037345549133  0.171767437109  0.269238472993  0.000000000000  0.110438249530 -0.000000000000 -0.056851035029 -0.026022940129 -0.143478070945 -0.000000000000  0.110438249530  0.000000000000
  0.426806083650 -0.033859358178  0.081454252479 -0.355832558783  0.000000000000  0.048124491933 -0.000000000000 -0.064739659389 -0.008511741904  0.013393252199 -0.000000000000  0.048124491933  0.000000000000
  0.429657794677  0.037056085037 -0.003783537483  0.370272235235  0.000000000000  0.033920193563 -0.000000000000 -0.017135415228 -0.009451019888  0.026861624224 -0.000000000000  0.033920193563 -0.000000000000
  0.432509505703 -0.030906906153  0.336391466386 -0.362912103133  0.000000000000  0.167771864324 -0.000000000000 -0.106025327688  0.000735069782 -0.035241335703 -0.000000000000  0.167771864324  0.000000000000
  0.435361216730  0.034781371136  0.098970355218 -0.387452413773  0.000000000000  0.044296043177 -0.000000000000  0.033259930033  0.037351703922  0.106021285494 -0.000000000000  0.044296043177  0.000000000000
  0.438212927757 -0.014419527466  0.216458883190 -0.802284921990  0.000000000000  0.193715815676 -0.000000000000 -0.030702715825 -0.002239034313  0.063844646843 -0.000000000000  0.193715815676 -0.000000000000
  0.441064638783  0.044880310290  0.030558424240 -0.354749967563 -0.000000000000  0.032107838358  0.000000000000  0.161657527530 -0.012479345205 -0.059348639801 -0.000000000000  0.032107838358  0.000000000000
  0.443916349810 -0.023718325794 -0.265867582782 -0.140763096331  0.000000000000  0.135454180168 -0.000000000000  0.037410967144 -0.006938212295 -0.065109716380 -0.000000000000  0.135454180168  0.000000000000
  0.446768060837  0.033507595886  0.031520407278  0.193758792101 -0.000000000000  0.047753447995  0.000000000000  0.190795854937 -0.000406253296 -0.039571288670  0.000000000000  0.047753447995 -0.000000000000
  0.449619771863 -0.031890294697  0.103572954449  0.329663780227  0.000000000000  0.082443437846 -0.000000000000  0.003731271660 -0.009761643677 -0.037274990028  0.000000000000  0.082443437846 -0.000000000000
  0.452471482890  0.027271684967 -0.271442609635  0.205328358928 -0.000000000000  0.039516371362  0.000000000000  0.132680405953  0.002983800811  0.015347750891  0.000000000000  0.039516371362 -0.000000000000
  0.455323193916 -0.032027865260 -0.210336101668  0.367601959130  0.000000000000  0.085161480385 -0.000000000000 -0.035420441024 -0.008335949615 -0.078726715833  0.000000000000  0.085161480385 -0.000000000000
  0.458174904943  0.016511324393  0.142061871586 -0.128966101845 -0.000000000000  0.031899097109  0.000000000000  0.080773118119  0.004793887961  0.032649294789  0.000000000000  0.031899097109 -0.000000000000
  0.461026615970 -0.029324943665 -0.152377508499  0.034187558211  0.000000000000  0.035178215303 -0.000000000000 -0.026487568492 -0.003336529406 -0.032739061012 -0.000000000000  0.035178215303 -0.000000000000
  0.463878326996  0.012169627644 -0.169906688995 -0.271601949807  0.000000000000  0.029401839234 -0.000000000000  0.084287471811 -0.001378497504 -0.021834542263  0.000000000000  0.029401839234 -0.000000000000
  0.466730038023 -0.031097879756 -0.099392035146  0.465097070392  0.000000000000  0.027499017535 -0.000000000000  0.007104524690  0.007977351383  0.105334277566  0.000000000000  0.027499017535 -0.000000000000
  0.469581749049  0.028335301938 -0.093343208109  0.119332106593  0.000000000000  0.024906723307 -0.000000000000  0.020847481766  0.003573966236  0.042582337241  0.000000000000  0.024906723307 -0.000000000000
  0.472433460076 -0.023602601492  0.034404460462  0.076759288030  0.000000000000  0.083013244670 -0.000000000000 -0.017532408653 -0.001237985363 -0.040120184433  0.000000000000  0.083013244670 -0.000000000000
  0.475285171103  0.025102864323 -0.037195694600 -0.216501864932  0.000000000000  0.013240629666 -0.000000000000  0.011226850323 -0.000355083775  0.086427688003  0.000000000000  0.013240629666 -0.000000000000
  0.478136882129 -0.012723210950 -0.045387857243 -0.457510984588  0.000000000000  0.042573155323 -0.000000000000  0.021411790421 -0.007910891876 -0.063414332285 -0.000000000000  0.042573155323 -0.000000000000
  0.480988593156  0.018642248213  0.055589025976  0.065317430115  0.000000000000  0.035863627064 -0.000000000000  0.080892925353  0.021340827253  0.065732072262  0.000000000000  0.035863627064 -0.000000000000
  0.483840304183 -0.002730023482 -0.101786643253  0.368753915266  0.000000000000  0.037129743682  0.000000000000  0.012956127729 -0.007177785675  0.052917362876  0.000000000000  0.037129743682 -0.000000000000
  0.486692015209  0.028358500466  0.170657137176 -0.250283422094  0.000000000000  0.057221182068 -0.000000000000  0.031753251889  0.020831819776  0.040489086417 -0.000000000000  0.057221182068 -0.000000000000
  0.489543726236  0.005467035328  0.035089569683  0.244201266761 -0.000000000000  0.076317172608  0.000000000000  0.035444481530  0.022626008998  0.054208048426  0.000000000000  0.076317172608 -0.000000000000
  0.492395437262  0.037097931428 -0.116527136072 -0.101421587526 -0.000000000000  0.028183687233  0.000000000000  0.001536668369 -0.004983838076 -0.009878589092  0.000000000000  0.028183687233 -0.000000000000
  0.495247148289  0.002570062274 -0.012273310253 -0.516047563115  0.000000000000  0.034218273353 -0.000000000000  0.057163436366 -0.023974039297 -0.105735423352  0.000000000000  0.034218273353 -0.000000000000
  0.498098859316  0.019722037479  0.082289916056  0.216614453308 -0.000000000000  0.012473108994  0.000000000000  0.073724840268  0.005427456581 -0.075416625331  0.000000000000  0.012473108994 -0.000000000000
  0.500950570342 -0.009438670316 -0.299543679881  0.349914522518 -0.000000000000  0.041460200447  0.000000000000  0.026556199441 -0.014523321762  0.063387290574  0.000000000000  0.041460200447 -0.000000000000
  0.503802281369  0.027663831272 -0.268876597520  0.259786292369 -0.000000000000  0.090468783344  0.000000000000  0.020139579703  0.000474170388  0.026417881052  0.000000000000  0.090468783344  0.000000000000
  0.506653992395 -0.004861037480 -0.137632349539 -0.157363216390 -0.000000000000  0.037124611031  0.000000000000 -0.011486895255 -0.001465585449 -0.020171906962  0.000000000000  0.037124611031  0.000000000000
  0.509505703422  0.028023272178 -0.046782835723  0.556822447181 -0.000000000000  0.109663073445  0.000000000000  0.030555595847  0.014111338556  0.154962559889  0.000000000000  0.109663073445 -0.000000000000
  0.512357414449  0.016316289274 -0.170107638719 -0.064568237749  0.000000000000  0.066808418569 -0.000000000000 -0.088985276670  0.005925749503 -0.055326189774  0.000000000000  0.066808418569 -0.000000000000
  0.515209125475  0.020305676139 -0.067279238147  0.181886989502 -0.000000000000  0.022334817556  0.000000000000  0.031079193373 -0.028866028352 -0.116179653906  0.000000000000  0.022334817556 -0.000000000000
  0.518060836502 -0.003193878701 -0.280377126232 -0.146057734419  0.000000000000  0.007523220357 -0.000000000000 -0.109616553568 -0.010268741483 -0.050107621352  0.000000000000  0.007523220357 -0.000000000000
  0.520912547529  0.009649566467  0.262657669353 -0.691437852867  0.000000000000  0.071397608051 -0.000000000000  0.066107871382 -0.005471279428 -0.026628660485 -0.000000000000  0.071397608051  0.000000000000
  0.523764258555 -0.010629972994 -0.012651404573  0.494369589751  0.000000000000  0.056978799380 -0.000000000000 -0.019643007647 -0.015032880462 -0.107071195869 -0.000000000000  0.056978799380 -0.000000000000
  0.526615969582 -0.007455412954 -0.087459321787  0.251371485069  0.000000000000  0.029689178684 -0.000000000000  0.001007800687  0.009461307232 -0.031009668142  0.000000000000  0.029689178684 -0.000000000000
  0.529467680608 -0.016629418270 -0.106357264746  0.414675971167  0.000000000000  0.116911728975 -0.000000000000 -0.069434003798  0.021724006070  0.017095368868 -0.000000000000  0.116911728975  0.000000000000
  0.532319391635 -0.004687846361  0.035012153739 -0.399824132789  0.000000000000  0.045888470780 -0.000000000000 -0.056785629126 -0.004752610642  0.036322402043 -0.000000000000  0.045888470780  0.000000000000
  0.535171102662 -0.011872782906 -0.145949597610  0.534358822249  0.000000000000  0.141844432697 -0.000000000000 -0.027211842220  0.000198148288 -0.041000035948 -0.000000000000  0.141844432697 -0.000000000000
  0.538022813688 -0.010525039419 -0.026516734121 -0.553828976794  0.000000000000  0.069692984484 -0.000000000000 -0.116437004071  0.001947851979 -0.038409824027  0.000000000000  0.069692984484 -0.000000000000
  0.540874524715 -0.017343384624 -0.191114990504  0.279894535283  0.000000000000  0.085294185213 -0.000000000000  0.042484806229  0.020082415983  0.033927923544 -0.000000000000  0.085294185213  0.000000000000
  0.543726235741 -0.005556393048  0.207868088172 -0.166791071569  0.000000000000  0.036246381904 -0.000000000000 -0.141735562169 -0.000397810020  0.024074691874 -0.000000000000  0.036246381904  0.000000000000
  0.546577946768 -0.014463146605  0.055507181899 -0.421231282963  0.000000000000  0.054898790189 -0.000000000000  0.068175724980 -0.007418409530 -0.077781951117 -0.000000000000  0.054898790189  0.000000000000
  0.549429657795 -0.015244390048 -0.031892554420  0.311833553023 -0.000000000000  0.095516805631 -0.000000000000 -0.083920835335  0.002228612371  0.055579946054 -0.000000000000  0.095516805631  0.000000000000
  0.552281368821 -0.006099306408 -0.102054417930 -0.171277066437  0.000000000000  0.076948057266 -0.000000000000  0.035729520882  0.011124830877  0.064465429277 -0.000000000000  0.076948057266  0.000000000000
  0.555133079848 -0.003271939679 -0.090584650873 -0.398671591852  0.000000000000  0.019683458394 -0.000000000000 -0.054801200488  0.006766282809  0.078431574230 -0.000000000000  0.019683458394  0.000000000000
  0.557984790875  0.006025183573 -0.003245370033  0.131983055764 -0.000000000000  0.132385253420  0.000000000000  0.095326582446 -0.005213999781 -0.037103226147 -0.000000000000  0.132385253420  0.000000000000
  0.560836501901 -0.008750038384  0.133189341943  0.460380405867 -0.000000000000  0.033725637928  0.000000000000 -0.076448939465 -0.003769291587 -0.087297086054 -0.000000000000  0.033725637928  0.000000000000
  0.563688212928 -0.006591970578 -0.068040087947  0.285874169205  0.000000000000  0.082045300725 -0.000000000000  0.018546818008  0.001455542357  0.040924943817 -0.000000000000  0.082045300725  0.000000000000
  0.566539923954 -0.004704667036  0.074465606519  0.352740244049  0.000000000000  0.056235971805 -0.000000000000 -0.132301630493 -0.001495939953 -0.017728232421 -0.000000000000  0.056235971805  0.000000000000
  0.569391634981 -0.008871205038  0.037511495324 -0.325518940650 -0.000000000000  0.096850616989  0.000000000000 -0.032537983571  0.011391410019 -0.009258416220  0.000000000000  0.096850616989 -0.000000000000
  0.572243346008 -0.006865052651  0.103904702493 -0.581851662314  0.000000000000  0.031092454221 -0.000000000000 -0.081757583276 -0.003452634126 -0.032388937855 -0.000000000000  0.031092454221  0.000000000000
  0.575095057034 -0.015216536642 -0.022480137572  0.094198584646 -0.000000000000  0.102553472104 -0.000000000000  0.054138170799 -0.009531187709 -0.087086044711 -0.000000000000  0.102553472104  0.000000000000
  0.577946768061 -0.018519358457 -0.151643855192  0.599542716870 -0.000000000000  0.076635294419  0.000000000000 -0.095063533353  0.015408783674  0.083972579597 -0.000000000000  0.076635294419  0.000000000000
  0.580798479087 -0.002539114601 -0.367331653399 -0.019161423778 -0.000000000000  0.125235659659  0.000000000000 -0.030988604463  0.003936607890  0.109701038638  0.000000000000  0.125235659659 -0.000000000000
  0.583650190114 -0.004153154134  0.138843157105  0.256204024499  0.000000000000  0.053664166696 -0.000000000000 -0.102469341519 -0.012705048380 -0.152458566269 -0.000000000000  0.053664166696 -0.000000000000
  0.586501901141 -0.026034659125 -0.087966611635  0.192431755511  0.000000000000  0.049365855508 -0.000000000000 -0.072077492152 -0.015077378046 -0.150439579932  0.000000000000  0.049365855508 -0.000000000000
  0.589353612167 -0.031330269444 -0.039834529162 -0.611988707125  0.000000000000  0.048653273675 -0.000000000000 -0.121253390331 -0.001850288847 -0.142933484971  0.000000000000  0.048653273675 -0.000000000000
  0.592205323194 -0.048111558873  0.420068159536 -0.486998059419  0.000000000000  0.091333414611 -0.000000000000  0.023772267244  0.007347069702  0.092419339471  0.000000000000  0.091333414611 -0.000000000000
  0.595057034221 -0.019330658734  0.243161646273  0.127371888092  0.000000000000  0.090307328657 -0.000000000000 -0.045423708820 -0.002565197829  0.042208983189 -0.000000000000  0.090307328657 -0.000000000000
  0.597908745247 -0.039088294947  0.064254923266 -0.920546748542 -0.000000000000  0.074789195382  0.000000000000  0.028969746934  0.006130022432  0.079453251458  0.000000000000  0.074789195382 -0.000000000000
  0.600760456274 -0.008107915695  0.048364596002 -0.226994885237  0.000000000000  0.032784308077 -0.000000000000  0.090972821917 -0.002867541669 -0.075774250611 -0.000000000000  0.032784308077 -0.000000000000
  0.603612167300 -0.051899555575 -0.029284153494  0.166434091955  0.000000000000  0.046141672007  0.000000000000  0.073904328292 -0.018277010079 -0.203519109482  0.000000000000  0.046141672007 -0.000000000000
  0.606463878327 -0.035521398693  0.218175521081  0.324377619785  0.000000000000  0.046477645092 -0.000000000000  0.065815302026  0.008788690540  0.170765333452  0.000000000000  0.046477645092 -0.000000000000
  0.609315589354 -0.027115066586  0.493686241298 -0.012516196085 -0.000000000000  0.007947826427  0.000000000000  0.018427805624  0.010730679462  0.150956002604  0.000000000000  0.007947826427  0.000000000000
  0.612167300380 -0.007617526922  0.241567882642  0.370496369272  0.000000000000  0.039686945768 -0.000000000000  0.045508539629  0.001048462026  0.126406920072  0.000000000000  0.039686945768 -0.000000000000
  0.615019011407 -0.003589901458 -0.283015144604  0.299446972082 -0.000000000000  0.054433065047  0.000000000000 -0.046338796929  0.001444163840  0.080293841581  0.000000000000  0.054433065047 -0.000000000000
  0.617870722433  0.007946475365 -0.125412765881 -0.031685767195  0.000000000000  0.023044236893 -0.000000000000 -0.000146540776  0.002776342036  0.041840572526 -0.000000000000  0.023044236893  0.000000000000
  0.620722433460  0.005446560466  0.222625144521 -0.324396043187  0.000000000000  0.048367188073 -0.000000000000 -0.039311431461  0.003262907973  0.051892313181  0.000000000000  0.048367188073 -0.000000000000
  0.623574144487  0.017079858865 -0.016038680930 -0.430829472605  0.000000000000  0.037341299321 -0.000000000000  0.051684010986  0.010370751133 -0.001027499957  0.000000000000  0.037341299321 -0.000000000000
  0.626425855513  0.010224914330 -0.133331447325  0.512516917121 -0.000000000000  0.064855979926  0.000000000000  0.020651585433  0.024444130984  0.196820516852 -0.000000000000  0.064855979926  0.000000000000
  0.629277566540  0.047144415615  0.304360167060 -0.177701823960  0.000000000000  0.049970230915 -0.000000000000 -0.010806894023  0.007192568159  0.029257377569 -0.000000000000  0.049970230915  0.000000000000
  0.632129277567  0.019340809159  0.071139816922  0.136011006924  0.000000000000  0.058913900363 -0.000000000000  0.031942224970  0.008885821343  0.071524075139  0.000000000000  0.058913900363 -0.000000000000
  0.634980988593  0.058415054393 -0.096085966709 -0.124088616169  0.000000000000  0.098695465786 -0.000000000000 -0.028177642777 -0.000853721400  0.013215373831 -0.000000000000  0.098695465786  0.000000000000
  0.637832699620  0.018888574417  0.079344048817  0.195881554694  0.000000000000  0.053209272930 -0.000000000000  0.046262789952 -0.002201776535 -0.194351903756 -0.000000000000  0.053209272930  0.000000000000
  0.640684410646  0.031692101345 -0.281187951054 -0.248808288917  0.000000000000  0.069938252637  0.000000000000 -0.049663451031  0.012218503296  0.089385760446  0.000000000000  0.069938252637 -0.000000000000
  0.643536121673  0.028501023717  0.296645873755 -0.652317687137  0.000000000000  0.037788363287 -0.000000000000  0.094490669454  0.003194191951  0.009777692102  0.000000000000  0.037788363287 -0.000000000000
  0.646387832700  0.033741217800  0.103564074137  0.240583355137  0.000000000000  0.041998205154 -0.000000000000  0.041143127581 -0.000063791748 -0.026044057045 -0.000000000000  0.041998205154 -0.000000000000
  0.649239543726  0.025304101872  0.124608504718  0.183124689070  0.000000000000  0.032628486141 -0.000000000000  0.065200165724  0.004954082300  0.020273107661 -0.000000000000  0.032628486141  0.000000000000
  0.652091254753  0.037617830634 -0.134277456146  0.294701374360 -0.000000000000  0.037561260065  0.000000000000  0.003585975221 -0.002542511567  0.086439796907 -0.000000000000  0.037561260065  0.000000000000
  0.654942965779  0.037200207415 -0.056995622249  0.002021062873  0.000000000000  0.034079482186 -0.000000000000  0.019493429777  0.004814233350 -0.041948623342 -0.000000000000  0.034079482186  0.000000000000
  0.657794676806  0.032550499435  0.175063675269  0.027570746187 -0.000000000000  0.088645929870  0.000000000000 -0.002254571877 -0.011470225860 -0.007808291136  0.000000000000  0.088645929870  0.000000000000
  0.660646387833  0.034056206423 -0.025355772922 -0.133552792277  0.000000000000  0.034192409307 -0.000000000000  0.015843707322 -0.009015493265 -0.064787422417  0.000000000000  0.034192409307 -0.000000000000
  0.663498098859  0.024259431160  0.154471400177 -0.410634598928  0.000000000000  0.082823436673 -0.000000000000  0.023935143741 -0.000442780243  0.098646431177  0.000000000000  0.082823436673 -0.000000000000
  0.666349809886  0.047471705620 -0.160037581280  0.096688818582 -0.000000000000  0.080348905560 -0.000000000000  0.074863462705  0.011460608300  0.024936882075 -0.000000000000  0.080348905560  0.000000000000
  0.669201520913  0.028646923159  0.351747214943  0.038286722723 -0.000000000000  0.066089262224  0.000000000000  0.018667475666  0.000573032214 -0.036671374283 -0.000000000000  0.066089262224  0.000000000000
  0.672053231939  0.041971825221  0.249647787154 -0.472360847102  0.000000000000  0.091326873212 -0.000000000000  0.071400893201  0.005634942748 -0.044547562016 -0.000000000000  0.091326873212 -0.000000000000
  0.674904942966  0.023497146842  0.024717166082  0.336769217923  0.000000000000  0.067893519732 -0.000000000000  0.076836389263  0.002175876358  0.107143211201 -0.000000000000  0.067893519732  0.000000000000
  0.677756653992  0.058651528271 -0.205700161187 -0.085581770751 -0.000000000000  0.077098800132  0.000000000000  0.030459625946  0.008393282506  0.101036636180 -0.000000000000  0.077098800132  0.000000000000
  0.680608365019  0.040838709220 -0.160296851324  0.263455246517 -0.000000000000  0.071651510513  0.000000000000  0.081687193610  0.008748071103  0.053101156316  0.000000000000  0.071651510513 -0.000000000000
  0.683460076046  0.067567207438  0.058098373701  0.056502020533  0.000000000000  0.029342360623 -0.000000000000 -0.006648496117 -0.012772085122 -0.045110461615  0.000000000000  0.029342360623 -0.000000000000
  0.686311787072  0.035424567597  0.179720362357 -0.108198723703 -0.000000000000  0.074817762566 -0.000000000000  0.068478646251  0.013953740848  0.039042092110 -0.000000000000  0.074817762566  0.000000000000
  0.689163498099  0.071457239553 -0.147240559572  0.523063532891  0.000000000000  0.021305057189 -0.000000000000 -0.005272748270 -0.007553710825 -0.040909435328  0.000000000000  0.021305057189 -0.000000000000
  0.692015209125  0.027799073456 -0.257259059646  0.275502988139  0.000000000000  0.042962390285 -0.000000000000 -0.009390721055 -0.006772852313 -0.076863967629 -0.000000000000  0.042962390285 -0.000000000000
  0.694866920152  0.057526392616  0.122462708606 -0.209705618638  0.000000000000  0.011608827463 -0.000000000000 -0.047837346791 -0.006539347737 -0.060883073034 -0.000000000000  0.011608827463 -0.000000000000
  0.697718631179  0.013699843715 -0.115925907321 -0.106701825145  0.000000000000  0.057705388042 -0.000000000000  0.016316241725 -0.011189469763 -0.148673003456 -0.000000000000  0.057705388042  0.000000000000
  0.700570342205  0.031588905467  0.195644263902  0.047868398540  0.000000000000  0.041578788183 -0.000000000000 -0.029118860390 -0.007519041602 -0.137319477489 -0.000000000000  0.041578788183 -0.000000000000
  0.703422053232 -0.008342314809 -0.115013284691  0.048033889415  0.000000000000  0.044738888776 -0.000000000000  0.008072834613  0.005246523578  0.084331199896  0.000000000000  0.044738888776 -0.000000000000
  0.706273764259  0.040104885068 -0.061755791386  0.332440830032  0.000000000000  0.032110489417 -0.000000000000 -0.041491083413 -0.000412156766 -0.046815316868 -0.000000000000  0.032110489417 -0.000000000000
  0.709125475285 -0.015283919437  0.141494503284 -0.104043089765 -0.000000000000  0.040655236350  0.000000000000 -0.038667782887 -0.001572315669 -0.047696141643  0.000000000000  0.040655236350 -0.000000000000
  0.711977186312  0.031440681138  0.122993503924 -0.099122521196  0.000000000000  0.029956300634 -0.000000000000 -0.031828473708 -0.004945047593 -0.058175601007  0.000000000000  0.029956300634 -0.000000000000
  0.714828897338 -0.023835511181  0.107765655126 -0.146192462117  0.000000000000  0.022127193157 -0.000000000000 -0.021516317932  0.010985661675  0.071178805735  0.000000000000  0.022127193157 -0.000000000000
  0.717680608365  0.040038678232  0.041323637113 -0.147970270373  0.000000000000  0.057161036360 -0.000000000000 -0.007053544363  0.007532452405 -0.031768943086 -0.000000000000  0.057161036360 -0.000000000000
  0.720532319392 -0.029885377130 -0.108738030425  0.023523421370  0.000000000000  0.045497718483 -0.000000000000  0.002060141137 -0.012041250680 -0.110184786211  0.000000000000  0.045497718483 -0.000000000000
  0.723384030418  0.020470894110  0.049655305922  0.086975208213  0.000000000000  0.042026613290 -0.000000000000 -0.008399712574 -0.013609965604 -0.139442142400  0.000000000000  0.042026613290 -0.000000000000
  0.726235741445 -0.054967314553 -0.029729358861  0.241111745568 -0.000000000000  0.038342006760 -0.000000000000 -0.015683698815 -0.004644712154 -0.136028178149 -0.000000000000  0.038342006760  0.000000000000
  0.729087452471  0.000698727448 -0.054837159887  0.099762698582 -0.000000000000  0.075574803950  0.000000000000 -0.045492352843  0.008049388720  0.153005048148 -0.000000000000  0.075574803950  0.000000000000
  0.731939163498 -0.035049849529  0.021034388244 -0.630797197653  0.000000000000  0.121885501178 -0.000000000000 -0.023189313758 -0.002358513078  0.010155733950  0.000000000000  0.121885501178 -0.000000000000
  0.734790874525  0.004557322617 -0.101629146130  0.451090729018  0.000000000000  0.050908758880 -0.000000000000  0.038070202166  0.013715178360 -0.032663649748 -0.000000000000  0.050908758880  0.000000000000
  0.737642585551 -0.037101198572 -0.210528458104 -0.563860790521 -0.000000000000  0.088195502331  0.000000000000 -0.065841112206  0.008425532338  0.113252267283 -0.000000000000  0.088195502331  0.000000000000
  0.740494296578  0.020481612840  0.064302765171 -0.201317924518 -0.000000000000  0.102243526822  0.000000000000  0.120152315554 -0.007576124590 -0.010825572175 -0.000000000000  0.102243526822  0.000000000000
  0.743346007605 -0.039343563553 -0.014063973846  0.202554437056  0.000000000000  0.051021228074 -0.000000000000 -0.032307673046 -0.007709665514 -0.136060660275  0.000000000000  0.051021228074 -0.000000000000
  0.746197718631  0.000613715189 -0.298128616710  0.386629471433  0.000000000000  0.154724876299 -0.000000000000  0.088193367013 -0.012195705629 -0.006328841253 -0.000000000000  0.154724876299  0.000000000000
  0.749049429658 -0.041943477016  0.050999985992  0.160490002885 -0.000000000000  0.083086378950  0.000000000000 -0.093244214367  0.011773820224  0.043299223977 -0.000000000000  0.083086378950  0.000000000000
  0.751901140684  0.008048247606  0.058563827930  0.396063262577  0.000000000000  0.106758457506 -0.000000000000  0.050382451555  0.003233291175  0.064287074951  0.000000000000  0.106758457506 -0.000000000000
  0.754752851711 -0.032250033987  0.314504599521 -0.253612544224 -0.000000000000  0.063588173813  0.000000000000 -0.151326543123 -0.004169784560 -0.027980069196  0.000000000000  0.063588173813  0.000000000000
  0.757604562738  0.004901979978  0.325265197702 -0.375329359743 -0.000000000000  0.033577424756  0.000000000000  0.082941647917  0.007578007926 -0.030601269273 -0.000000000000  0.033577424756  0.000000000000
  0.760456273764 -0.036281290980  0.054789814148  0.268544603475 -0.000000000000  0.031438979446  0.000000000000 -0.100404363321  0.008110613248  0.036056629778  0.000000000000  0.031438979446 -0.000000000000
  0.763307984791  0.010241413976  0.333028300751 -0.789773106932  0.000000000000  0.030902834050 -0.000000000000  0.062758021707 -0.001487730389  0.020942548891  0.000000000000  0.030902834050 -0.000000000000
  0.766159695817 -0.033026410779 -0.302769523091  0.759857243424 -0.000000000000  0.104970537535  0.000000000000 -0.006058023134 -0.018314394580 -0.023487923503 -0.000000000000  0.104970537535  0.000000000000
  0.769011406844  0.007644719897 -0.019050189433 -0.135713023874 -0.000000000000  0.031527121286  0.000000000000 -0.030495371556 -0.007040574872  0.010752436604 -0.000000000000  0.031527121286  0.000000000000
  0.771863117871 -0.030101635164 -0.060711189004  0.520984004628  0.000000000000  0.077362041569  0.000000000000 -0.006991188222  0.005730981796  0.099642583927  0.000000000000  0.077362041569 -0.000000000000
  0.774714828897  0.022341269858 -0.084614124958 -0.118335352935  0.000000000000  0.030001660484 -0.000000000000 -0.102565498153 -0.015612387214 -0.017495763159  0.000000000000  0.030001660484 -0.000000000000
  0.777566539924 -0.030957474340 -0.003717113671 -0.191338431427 -0.000000000000  0.046727050360  0.000000000000  0.005966084064 -0.009467193491  0.004607450520 -0.000000000000  0.046727050360  0.000000000000
  0.780418250951  0.023121258253  0.148039729451  0.054708543750 -0.000000000000  0.049519727185  0.000000000000 -0.073826098993  0.008499939077  0.009891265248 -0.000000000000  0.049519727185  0.000000000000
  0.783269961977 -0.029646508411  0.004861602412 -0.193067131258  0.000000000000  0.075118748176 -0.000000000000  0.004602626509 -0.005972037396 -0.021799654925  0.000000000000  0.075118748176 -0.000000000000
  0.786121673004  0.021814601395 -0.245508852317 -0.273905050764 -0.000000000000  0.021679727314  0.000000000000 -0.041322395880  0.003357069192  0.106761439320 -0.000000000000  0.021679727314  0.000000000000
  0.788973384030 -0.017317609964 -0.027322522582  0.241926983571 -0.000000000000  0.094817214132  0.000000000000  0.046392927970 -0.008436285107 -0.157663288958 -0.000000000000  0.094817214132  0.000000000000
  0.791825095057  0.000628672100  0.156655879867  0.200344016285  0.000000000000  0.080380199913 -0.000000000000 -0.075116117438 -0.004569038685  0.007719972836  0.000000000000  0.080380199913 -0.000000000000
  0.794676806084 -0.019309189860  0.008534242111  0.162692148468  0.000000000000  0.062925469361 -0.000000000000  0.009857269569  0.004096792299 -0.014699957634  0.000000000000  0.062925469361 -0.000000000000
  0.797528517110 -0.002501998028 -0.076885493773 -0.439348458392 -0.000000000000  0.069749607904  0.000000000000 -0.094784197532 -0.004893979023 -0.033591835124 -0.000000000000  0.069749607904  0.000000000000
  0.800380228137 -0.026779288476  0.129555726515 -0.217336471728 -0.000000000000  0.124436774676  0.000000000000  0.075788166931 -0.001401398849 -0.110903888316 -0.000000000000  0.124436774676  0.000000000000
  0.803231939163 -0.020501806569  0.143241388819  0.089286361299  0.000000000000  0.027898416233 -0.000000000000 -0.059491937451 -0.002192690515 -0.053940364559  0.000000000000  0.027898416233 -0.000000000000
  0.806083650190 -0.037826444830 -0.062827006295  0.375620437190 -0.000000000000  0.048575225113  0.000000000000  0.058601773645  0.000361199900 -0.069416488453 -0.000000000000  0.048575225113  0.000000000000
  0.808935361217 -0.030036932848  0.122209893449  0.347048429346 -0.000000000000  0.038950813835  0.000000000000 -0.120757167725 -0.002278790096  0.095094061607 -0.000000000000  0.038950813835  0.000000000000
  0.811787072243 -0.025514500041 -0.048066626750 -0.609546601681  0.000000000000  0.032633079456 -0.000000000000  0.011284144451 -0.003174327251 -0.023123952437  0.000000000000  0.032633079456 -0.000000000000
  0.814638783270 -0.031556419335  0.199119030366 -0.045661382253  0.000000000000  0.041137184724 -0.000000000000 -0.036928916766  0.020257939051  0.006990020717  0.000000000000  0.041137184724 -0.000000000000
  0.817490494297 -0.024413132585 -0.027970364877 -0.263977561434 -0.000000000000  0.020905521540  0.000000000000  0.030350697782  0.003866125957 -0.011667438119 -0.000000000000  0.020905521540  0.000000000000
  0.820342205323 -0.032226941944 -0.106468967757  0.491093969235 -0.000000000000  0.041363115120  0.000000000000 -0.005132454355  0.004218908337  0.008739439455  0.000000000000  0.041363115120  0.000000000000
  0.823193916350 -0.018915436887 -0.128075609249  0.059058894819  0.000000000000  0.027942342346 -0.000000000000 -0.036530455984  0.015612500835  0.215390749200  0.000000000000  0.027942342346 -0.000000000000
  0.826045627376  0.000759875616  0.324055205545  0.032839590988 -0.000000000000  0.054540903890  0.000000000000 -0.020891706965  0.005640716215  0.053937830044 -0.000000000000  0.054540903890  0.000000000000
  0.828897338403 -0.008295821941 -0.002845472315 -0.250972832765 -0.000000000000  0.040660581449  0.000000000000 -0.040522668110  0.004232248225 -0.077536917503 -0.000000000000  0.040660581449  0.000000000000
  0.831749049430 -0.009231940022 -0.129832812935 -0.667431223078  0.000000000000  0.078397076454  0.000000000000  0.026373201915 -0.005477048463 -0.015175454817  0.000000000000  0.078397076454 -0.000000000000
  0.834600760456 -0.011096748695 -0.152519655689  0.579362480663  0.000000000000  0.081171719979 -0.000000000000  0.053400115782 -0.002816656492  0.045695967050  0.000000000000  0.081171719979 -0.000000000000
  0.837452471483 -0.004266279226  0.087685979516 -0.254490959616 -0.000000000000  0.040971745334  0.000000000000 -0.040436144046 -0.016413792698 -0.076128406764 -0.000000000000  0.040971745334  0.000000000000
  0.840304182510 -0.020919226128 -0.334067779434  0.294352599314 -0.000000000000  0.044304805801  0.000000000000  0.075554533780 -0.006322958565  0.031852233749  0.000000000000  0.044304805801  0.000000000000
  0.843155893536  0.000193818148  0.006961319972  0.255958853529  0.000000000000  0.062891464601 -0.000000000000 -0.081171488584 -0.003386377940  0.047322150331  0.000000000000  0.062891464601 -0.000000000000
  0.846007604563 -0.012086238276  0.073206669919 -0.398625914176  0.000000000000  0.050548052169 -0.000000000000  0.039148521812  0.014668325222  0.077961880817 -0.000000000000  0.050548052169  0.000000000000
  0.848859315589  0.012700731517 -0.182502265331  0.752962854606 -0.000000000000  0.084328107083  0.000000000000 -0.042445344103  0.000367628899 -0.012277116193 -0.000000000000  0.084328107083  0.000000000000
  0.851711026616 -0.011469353826 -0.246029132514 -0.059526602034  0.000000000000  0.022966346956 -0.000000000000 -0.061836803301  0.002901252073  0.032347990525  0.000000000000  0.022966346956 -0.000000000000
  0.854562737643  0.019615579519  0.187458758208  0.166223553670  0.000000000000  0.043643375880 -0.000000000000 -0.046586850271  0.006595791598  0.118968542230  0.000000000000  0.043643375880 -0.000000000000
  0.857414448669  0.005639738657  0.325856822557 -0.127440722146 -0.000000000000  0.038948029138  0.000000000000 -0.084139307057  0.007552039091 -0.043895486954 -0.000000000000  0.038948029138  0.000000000000
  0.860266159696  0.014125155579  0.020938149310 -0.819514471133 -0.000000000000  0.052874540734  0.000000000000 -0.018108922451 -0.006134573583 -0.064148414217 -0.000000000000  0.052874540734  0.000000000000
  0.863117870722 -0.005699581848  0.133748199482 -0.380960296789  0.000000000000  0.015994577679 -0.000000000000  0.043269608560 -0.004505740667 -0.059614784240  0.000000000000  0.015994577679 -0.000000000000
  0.865969581749  0.003124050659  0.084182792045  0.683148468768  0.000000000000  0.104154256513 -0.000000000000  0.038822535739  0.000498119474 -0.045246523421 -0.000000000000  0.104154256513  0.000000000000
  0.868821292776 -0.014236136890 -0.051297609657  0.038095618163 -0.000000000000  0.080584496776  0.000000000000 -0.050921993915  0.000330847799 -0.034395314878 -0.000000000000  0.080584496776  0.000000000000
  0.871673003802 -0.002471196085 -0.190893173357  0.417649580019  0.000000000000  0.066944814368 -0.000000000000  0.015802522110  0.002300526361  0.014457716722  0.000000000000  0.066944814368 -0.000000000000
  0.874524714829 -0.011814141844 -0.037194854789 -0.460743700079  0.000000000000  0.129199601487 -0.000000000000 -0.103482052562  0.000834873714  0.048136623324  0.000000000000  0.129199601487 -0.000000000000
  0.877376425856  0.005730673411 -0.119880513070 -0.152687659368 -0.000000000000  0.072946244635 -0.000000000000  0.080380473393  0.006162998973  0.042059189247 -0.000000000000  0.072946244635  0.000000000000
  0.880228136882 -0.004057507177  0.142054493804 -0.318062591707 -0.000000000000  0.111305916618  0.000000000000 -0.066821739025 -0.006006887454  0.042880879966  0.000000000000  0.111305916618  0.000000000000
  0.883079847909  0.011348380656  0.084632583480  0.048288558180  0.000000000000  0.022991678181 -0.000000000000  0.128700238077 -0.004501463824 -0.075477186716  0.000000000000  0.022991678181 -0.000000000000
  0.885931558935 -0.015476720236  0.170055236117  0.187041082974  0.000000000000  0.048248971354 -0.000000000000 -0.071285522633  0.006576675214 -0.062412138787 -0.000000000000  0.048248971354  0.000000000000
  0.888783269962  0.001261259766  0.074969381707 -0.703682993122 -0.000000000000  0.042833844257  0.000000000000  0.111298770424 -0.000852292243  0.011463815018 -0.000000000000  0.042833844257  0.000000000000
  0.891634980989 -0.014667803103 -0.039555466697  0.476636073074  0.000000000000  0.055233458173 -0.000000000000  0.017705163590  0.011223911093  0.030323503000  0.000000000000  0.055233458173 -0.000000000000
  0.894486692015  0.004857315581 -0.106258702136  0.331771935141  0.000000000000  0.058980511631 -0.000000000000  0.048003851117 -0.002982832059 -0.072903097501  0.000000000000  0.058980511631 -0.000000000000
  0.897338403042 -0.022722301151 -0.147084393955  0.021022124691 -0.000000000000  0.033551112544  0.000000000000 -0.036310263621  0.004090077378  0.112160194969 -0.000000000000  0.033551112544  0.000000000000
  0.900190114068  0.020398758791 -0.011278213970 -0.658961733170 -0.000000000000  0.018052912175  0.000000000000  0.051328603541 -0.005415035629  0.025008726679 -0.000000000000  0.018052912175  0.000000000000
  0.903041825095 -0.019454126807  0.080726475023  0.141574423924  0.000000000000  0.036588169727 -0.000000000000  0.055679778219 -0.005975770581 -0.124616627357  0.000000000000  0.036588169727 -0.000000000000
  0.905893536122  0.003662802899  0.100200278505  0.439679258774  0.000000000000  0.037096878259 -0.000000000000  0.033350577625 -0.007696422372  0.037570204045 -0.000000000000  0.037096878259  0.000000000000
  0.908745247148 -0.014746012667  0.039548439230 -0.079390839396 -0.000000000000  0.030651913213  0.000000000000 -0.010414545042  0.000497116855  0.059249856191 -0.000000000000  0.030651913213  0.000000000000
  0.911596958175  0.015927761440 -0.124404850901  0.127623527530  0.000000000000  0.114880896698 -0.000000000000  0.032939346980  0.011557327780  0.177523891142 -0.000000000000  0.114880896698  0.000000000000
  0.914448669202  0.010487425289  0.111901604974  0.347357772345  0.000000000000  0.083377385202 -0.000000000000 -0.035583595762 -0.005001599834 -0.105297920089  0.000000000000  0.083377385202 -0.000000000000
  0.917300380228  0.002761781843 -0.030890083040  0.457666361237 -0.000000000000  0.172112196390  0.000000000000 -0.030527239388 -0.004951790327 -0.062064514488 -0.000000000000  0.172112196390  0.000000000000
  0.920152091255  0.000804647409 -0.061300945946  0.255481129566 -0.000000000000  0.054191696157  0.000000000000 -0.114878078713  0.007554130370  0.042386706992 -0.000000000000  0.054191696157  0.000000000000
  0.923003802281  0.009734052738  0.111836374543  0.370303494696  0.000000000000  0.104982339477 -0.000000000000 -0.082807225412  0.003258312281  0.112658777753  0.000000000000  0.104982339477 -0.000000000000
  0.925855513308  0.017383784000  0.221811762085 -0.204023135210  0.000000000000  0.029784414135 -0.000000000000 -0.171232041979  0.002734910832 -0.016859235623 -0.000000000000  0.029784414135 -0.000000000000
  0.928707224335  0.007006049799  0.215744429272 -0.424350364453 -0.000000000000  0.024044765489  0.000000000000 -0.053736907230 -0.008700670669 -0.105323606049 -0.000000000000  0.024044765489  0.000000000000
  0.931558935361 -0.001347957058 -0.041031183789 -0.074016142309 -0.000000000000  0.032285556969  0.000000000000 -0.104973685340 -0.014441803773 -0.150783132511  0.000000000000  0.032285556969 -0.000000000000
  0.934410646388 -0.019079529079  0.143488491932 -0.566558821044  0.000000000000  0.022240993691 -0.000000000000 -0.022871005563 -0.001132032824 -0.094935199653  0.000000000000  0.022240993691 -0.000000000000
  0.937262357414 -0.018293364692  0.125725513647 -0.237010128622 -0.000000000000  0.109917851364  0.000000000000 -0.015604600465 -0.007463696411  0.001738184007 -0.000000000000  0.109917851364  0.000000000000
  0.940114068441 -0.020881934731  0.049313742919 -0.091713712238 -0.000000000000  0.095686150041 -0.000000000000  0.024623200252  0.003654320647  0.004438142888 -0.000000000000  0.095686150041  0.000000000000
  0.942965779468 -0.017872817198  0.189251431996 -0.499078623527  0.000000000000  0.086181043894 -0.000000000000  0.013237228024 -0.006425569926 -0.007953825869  0.000000000000  0.086181043894 -0.000000000000
  0.945817490494 -0.021803817897  0.147730510731 -0.527436929534  0.000000000000  0.046508128642 -0.000000000000  0.107733595380  0.008476015123 -0.001105713976 -0.000000000000  0.046508128642 -0.000000000000
  0.948669201521 -0.016777863137  0.040621251755  0.180922695470 -0.000000000000  0.102476529047  0.000000000000  0.094203729323  0.001758807054  0.050165119265 -0.000000000000  0.102476529047  0.000000000000
  0.951520912548 -0.012263253188  0.068196533749  0.322392218003  0.000000000000  0.021740416296 -0.000000000000  0.085304073455  0.004926296150  0.111114966798 -0.000000000000  0.021740416296 -0.000000000000
  0.954372623574  0.000497029587  0.008647145973 -0.219576398789  0.000000000000  0.111685741817 -0.000000000000  0.046505472703 -0.001361950235 -0.003734205078  0.000000000000  0.111685741817 -0.000000000000
  0.957224334601 -0.011147161584 -0.211065713434  0.509820437726  0.000000000000  0.018556431734 -0.000000000000  0.101868443564  0.000320595411 -0.037169936227 -0.000000000000  0.018556431734  0.000000000000
  0.960076045627 -0.003474089265 -0.130243918019 -0.084684025152 -0.000000000000  0.058313769760  0.000000000000 -0.021461043882 -0.009460203918  0.067655111017 -0.000000000000  0.058313769760  0.000000000000
  0.962927756654 -0.002054467880  0.108016337351 -0.327333810982  0.000000000000  0.014098188933 -0.000000000000  0.111666844170 -0.000997556292 -0.002242159965 -0.000000000000  0.014098188933  0.000000000000
  0.965779467681 -0.003383989372  0.198091370026  0.371536195688  0.000000000000  0.063896556556 -0.000000000000  0.018245267184  0.001820663240 -0.044908392468  0.000000000000  0.063896556556 -0.000000000000
  0.968631178707 -0.007870874889  0.071443291999  0.066838813526 -0.000000000000  0.012173378768 -0.000000000000  0.057780144272 -0.002844580118  0.035058861682 -0.000000000000  0.012173378768  0.000000000000
  0.971482889734  0.000972029344 -0.217237421703  0.837656002023  0.000000000000  0.064136930921 -0.000000000000 -0.014064639709 -0.000151025619  0.000507746222 -0.000000000000  0.064136930921  0.000000000000
  0.974334600760 -0.007274492392 -0.439164685651 -0.090172398073  0.000000000000  0.008146390053 -0.000000000000 -0.063481112940  0.003325147314  0.003310012324 -0.000000000000  0.008146390053 -0.000000000000
  0.977186311787  0.000852771959 -0.016001154704  0.005020136713 -0.000000000000  0.020010928648  0.000000000000 -0.012143472758 -0.007277339138 -0.045507307717 -0.000000000000  0.020010928648  0.000000000000
  0.980038022814 -0.013089679112  0.133858208328 -0.022142292458 -0.000000000000  0.014667781197  0.000000000000 -0.062786990760  0.011964812557  0.040172543461 -0.000000000000  0.014667781197  0.000000000000
  0.982889733840  0.006899572581 -0.085969138804 -0.297890047256  0.000000000000  0.118036053968 -0.000000000000 -0.004331231821 -0.005673579777  0.040405417794 -0.000000000000  0.118036053968  0.000000000000
  0.985741444867 -0.006016905099 -0.283221018005 -0.001641324346 -0.000000000000  0.044220040914  0.000000000000 -0.019084918611 -0.000101131955  0.024063563778  0.000000000000  0.044220040914 -0.000000000000
  0.988593155894  0.011980416619 -0.089737074133  0.665222115690 -0.000000000000  0.014142741899  0.000000000000 -0.008462471440  0.000347511433  0.041658081903  0.000000000000  0.014142741899 -0.000000000000
  0.991444866920 -0.000093717195  0.121715381741  0.250721638231 -0.000000000000  0.000000000000  0.000000000000 -0.118036016763 -0.000712803298 -0.047688604576 -0.000000000000  0.000000000000  0.000000000000
  0.994296577947  0.007156999453  0.127483389394 -0.755535475932 -0.000000000000  0.071743649610  0.000000000000 -0.043637018428 -0.000563620907  0.080416882741 -0.000000000000  0.071743649610  0.000000000000
  0.997148288973  0.009839376628 -0.000768182475  0.014270327503 -0.000000000000  0.027942993355  0.000000000000 -0.010158927896  0.023669656156 -0.038802916026 -0.000000000000  0.027942993355  0.000000000000
  1.000000000000  0.000000000000 -0.012418109494 -0.682953859630 -0.000000000000  0.042105068206  0.000000000000  0.000000000000 -0.043032222257 -0.152761096872  0.000000000000  0.042105068206 -0.000000000000
