             Rad         v_r[Re]         v_t[Re]         v_x[Re]         p[Re]          p_mg[Re]  p_no_phase[Re]         v_r[Im]         v_t[Im]         v_x[Im]         p[Im]          p_mg[Im]  p_no_phase[Im]
  0.000000000000  0.015087297627  0.000000000000  0.003239753402  0.002873192297  0.435329890763  0.016179617421 -0.173556397787  0.000000000000 -0.051960682194  0.015922461679  0.435329890763  0.000000000000
  0.032258064516  0.019496225632  0.159433466657 -0.002166656412 -0.001921510603  0.454314444247 -0.010820475353 -0.224274404527  0.013859587971  0.034749850157 -0.010648496789  0.454314444247 -0.000000000000
  0.064516129032  0.029130887437  0.329350141225 -0.008951553401 -0.007938732084  0.392367723637 -0.044704856016 -0.335106525567  0.028630483620  0.143569205347 -0.043994325592  0.392367723637 -0.000000000000
  0.096774193548  0.037701144534  0.499953189641 -0.020382673854 -0.018076481213  0.253067964570 -0.101792891030 -0.433694290362  0.043461045906  0.326906868238 -0.100175014306  0.253067964570 -0.000000000000
  0.129032258065  0.039345275594  0.598369360974 -0.032526691917 -0.028846467327  0.060871722731 -0.162441200281 -0.452607516000  0.052016386344  0.521678316820 -0.159859390939  0.060871722731 -0.000000000000
  0.161290322581  0.033980465328  0.662057926585 -0.044985914248 -0.039895993999  0.161845033552 -0.224663667761 -0.390893538611  0.057552848019  0.721505159071 -0.221092906432  0.161845033552 -0.000000000000
  0.193548387097  0.021916601895  0.659508599723 -0.053775229245 -0.047690844103  0.365875296840 -0.268558290719 -0.252117149859  0.057331234447  0.862472308923 -0.264289876656  0.365875296840 -0.000000000000
  0.225806451613  0.005271711558  0.616965461766 -0.058690721671 -0.052050174343  0.537623101537 -0.293106698280 -0.060643018439  0.053632949668  0.941309278329 -0.288448116526  0.537623101537 -0.000000000000
  0.258064516129 -0.014016365822  0.524952959012 -0.057071716174 -0.050614350827  0.625275229851 -0.285021240439  0.161236957223  0.045634281615  0.915342910009 -0.280491167405  0.625275229851 -0.000000000000
  0.290322580645 -0.031686125258  0.408201155941 -0.049926060285 -0.044277188422  0.639562425045 -0.249335197649  0.364500647879  0.035485020488  0.800737534621 -0.245372311747  0.639562425045 -0.000000000000
  0.322580645161 -0.046560106911  0.274162108058 -0.037257866987 -0.033042334752  0.555195192885 -0.186069110524  0.535603170034  0.023832975188  0.597559118146 -0.183111763700  0.555195192885 -0.000000000000
  0.354838709677 -0.054151098544  0.139217974848 -0.020811268590 -0.018456582703  0.401329974355 -0.103933331362  0.622925976013  0.012102250613  0.333780871312 -0.102281434889  0.401329974355 -0.000000000000
  0.387096774194 -0.055388421371  0.020826431377 -0.003396304831 -0.003012030753  0.196614349475 -0.016961449221  0.637159492048  0.001810446476  0.054471527329 -0.016691867194  0.196614349475 -0.000000000000
  0.419354838710 -0.048081913637 -0.078249249605  0.013824011642  0.012259897231  0.033432468550  0.069038347017  0.553109240371 -0.006802225288 -0.221715972338  0.067941064745  0.033432468550  0.000000000000
  0.451612903226 -0.034756628685 -0.140179984640  0.026670097347  0.023652515715  0.233906913094  0.133192844685  0.399822116795 -0.012185878346 -0.427747510532  0.131075903109  0.233906913094  0.000000000000
  0.483870967742 -0.017027514453 -0.174435247470  0.035557896534  0.031534707040  0.403472448226  0.177579306476  0.195875639555 -0.015163696232 -0.570294195958  0.174756894972  0.403472448226  0.000000000000
  0.516129032258  0.002895372810 -0.171626396448  0.037317678920  0.033095379279  0.482192710565  0.186367816651 -0.033306857697 -0.014919522166 -0.598518409935  0.183405722249  0.482192710565  0.000000000000
  0.548387096774  0.020257185470 -0.146076545956  0.033747372852  0.029929034616  0.495298369372  0.168537389736 -0.233028089358 -0.012698467779 -0.541256169289  0.165858688726  0.495298369372  0.000000000000
  0.580645161290  0.034942174679 -0.100772776986  0.024650531561  0.021861453205  0.415019742256  0.123106953039 -0.401956541067 -0.008760200710 -0.395356768720  0.121150314693  0.415019742256  0.000000000000
  0.612903225806  0.041759634382 -0.046077637736  0.011897463034  0.010551327493  0.274687782363  0.059416991450 -0.480381039445 -0.004005539659 -0.190817083576  0.058472629162  0.274687782363  0.000000000000
  0.645161290323  0.042894631881  0.005380708602 -0.001462446629 -0.001296978464  0.098192289679 -0.007303588892 -0.493437458305  0.000467746238  0.023455403885 -0.007187507049  0.098192289679 -0.000000000000
  0.677419354839  0.035942212146  0.052298796011 -0.014925247541 -0.013236534064  0.098739615086 -0.074538017309 -0.413460450163  0.004546346381  0.239378109382 -0.073353324331  0.098739615086  0.000000000000
  0.709677419355  0.023788956385  0.080066180577 -0.023937696131 -0.021229271365  0.253121088505 -0.119546989329 -0.273655738719  0.006960171515  0.383923980286 -0.117646932366  0.253121088505 -0.000000000000
  0.741935483871  0.008503807765  0.095343377005 -0.029800868663 -0.026429056677  0.380004156577 -0.148828195852 -0.097823366360  0.008288221719  0.477960287003 -0.146462748997  0.380004156577 -0.000000000000
  0.774193548387 -0.008551208126  0.089697893255 -0.029255265357 -0.025945185524  0.416146547568 -0.146103404285  0.098368635382  0.007797458517  0.469209645690 -0.143781264746  0.416146547568 -0.000000000000
  0.806451612903 -0.021921202621  0.071976925183 -0.024453659220 -0.021686855937  0.397214524721 -0.122123755010  0.252170074199  0.006256970681  0.392199237924 -0.120182743426  0.397214524721 -0.000000000000
  0.838709677419 -0.032909735661  0.044002659282 -0.015547581025 -0.013788453778  0.300933346951 -0.077646006231  0.378576423348  0.003825161304  0.249359385232 -0.076411915472  0.300933346951 -0.000000000000
  0.870967741935 -0.036039797565  0.010559905044 -0.003874666557 -0.003436268358  0.156862628808 -0.019350430343  0.414583021896  0.000917974977  0.062143716702 -0.019042878307  0.156862628808 -0.000000000000
  0.903225806452 -0.034400215848 -0.018366533795  0.006988690225  0.006197956582  0.000000000000  0.034902142262  0.395722129529 -0.001596607012 -0.112087886555  0.034347414295  0.000000000000  0.000000000000
  0.935483870968 -0.026061917293 -0.044750726963  0.017636347595  0.015640887366  0.000000000000  0.088077492761  0.299802694741 -0.003890191000 -0.282860001612  0.086677605951  0.000000000000 -0.000000000000
  0.967741935484 -0.013584871533 -0.057115790840  0.023285630750  0.020650983762  0.160034741444  0.116290516664  0.156273272130 -0.004965088851 -0.373465850353  0.114442217453  0.160034741444  0.000000000000
  1.000000000000  0.000000000000 -0.062027876466  0.026131188589  0.023174581656  0.330592226341  0.130501486288  0.000000000000 -0.005392097585 -0.419104239512  0.128427320646  0.330592226341  0.000000000000
