             Rad         v_r[Re]         v_t[Re]         v_x[Re]         p[Re]          p_mg[Re]  p_no_phase[Re]         v_r[Im]         v_t[Im]         v_x[Im]         p[Im]          p_mg[Im]  p_no_phase[Im]
  0.000000000000  0.028187531711  0.000000000000 -0.068412758901 -0.000000000000  0.152292841969 -0.000000000000 -0.058383003782  0.000000000000  0.931587241099  0.000000000000  0.152292841969 -0.000000000000
  0.032258064516 -0.050423550637 -0.007841561349 -0.117709377716 -0.000000000000  0.164291786588 -0.000000000000 -0.040365339278 -0.089519364169 -0.665542262033  0.000000000000  0.164291786588 -0.000000000000
  0.064516129032 -0.085915455511 -0.032550549481  0.030684454340 -0.000000000000  0.198253613479 -0.000000000000  0.028400075501  0.039222138341 -0.178226994000  0.000000000000  0.198253613479 -0.000000000000
  0.096774193548  0.152264567363  0.020643170574 -0.015260742474  0.000000000000  0.202662616009  0.000000000000  0.002934491567  0.014849221471 -0.015774402177 -0.000000000000  0.202662616009  0.000000000000
  0.129032258065 -0.164233860570 -0.004859290770 -0.017187033892  0.000000000000  0.134776175827 -0.000000000000 -0.004362359744 -0.002309028320  0.157720132766  0.000000000000  0.134776175827  0.000000000000
  0.161290322581  0.198154161206 -0.018696394789 -0.045964244625  0.000000000000  0.080487715015  0.000000000000  0.006278825888 -0.008709015117 -0.222307798549 -0.000000000000  0.080487715015  0.000000000000
  0.193548387097 -0.202654608425  0.006425889178 -0.048062027069 -0.000000000000  0.260081448091 -0.000000000000 -0.001801558058 -0.056977167584  0.433227498417  0.000000000000  0.260081448091 -0.000000000000
  0.225806451613  0.134553714998  0.000815502028 -0.049216857075 -0.000000000000  0.017619020971  0.000000000000 -0.007740500678  0.245069193569 -0.098941209001 -0.000000000000  0.017619020971 -0.000000000000
  0.258064516129 -0.079781308459  0.003625103918 -0.006495115947 -0.000000000000  0.199398421205  0.000000000000 -0.010640257933 -0.062978712580 -0.636769210374 -0.000000000000  0.199398421205 -0.000000000000
  0.290322580645  0.259949300957 -0.000618012173 -0.012688618703 -0.000000000000  0.060225284093  0.000000000000 -0.008289787282  0.180193502538 -0.204152800664 -0.000000000000  0.060225284093 -0.000000000000
  0.322580645161 -0.013557990555 -0.003560604652  0.022933549165 -0.000000000000  0.010661373546 -0.000000000000 -0.011252146110 -0.035016522488  0.229040960684  0.000000000000  0.010661373546 -0.000000000000
  0.354838709677  0.199398169495  0.030318194825  0.009327411897  0.000000000000  0.017693637572 -0.000000000000  0.000316829857 -0.162615446556 -0.770206239012  0.000000000000  0.017693637572  0.000000000000
  0.387096774194  0.056690657478  0.018963655543 -0.017477142200 -0.000000000000  0.090123448335 -0.000000000000 -0.020328654625 -0.242327827561  0.467921199857  0.000000000000  0.090123448335 -0.000000000000
  0.419354838710  0.008545569039 -0.014489490432  0.029605285007 -0.000000000000  0.104164069801  0.000000000000 -0.006374804757 -0.471636506643 -0.345203525865 -0.000000000000  0.104164069801 -0.000000000000
  0.451612903226 -0.015505653182 -0.011869467482 -0.013696745020  0.000000000000  0.115563878697 -0.000000000000 -0.008522882725 -0.560791381955 -0.276513355904  0.000000000000  0.115563878697 -0.000000000000
  0.483870967742 -0.090000208951  0.004030250421 -0.099143370753  0.000000000000  0.006664360996  0.000000000000 -0.004711510222 -0.265775186560  0.117568723771 -0.000000000000  0.006664360996  0.000000000000
  0.516129032258 -0.099662604914  0.012726977901 -0.022147079854 -0.000000000000  0.017052307758 -0.000000000000 -0.030290569808  0.250093144657  0.465948106385  0.000000000000  0.017052307758 -0.000000000000
  0.548387096774 -0.115222991019 -0.017161536250  0.148100220596  0.000000000000  0.027147380382  0.000000000000 -0.008869746343  0.363971364509 -0.004792715636 -0.000000000000  0.027147380382  0.000000000000
  0.580645161290  0.000564053684 -0.004040587090 -0.030270118975  0.000000000000  0.125768375274 -0.000000000000  0.006640448097  0.233859907757 -0.330186410016  0.000000000000  0.125768375274 -0.000000000000
  0.612903225806  0.007691034851  0.003318218825 -0.049532057693 -0.000000000000  0.006568684800  0.000000000000 -0.015219368673  0.027998774751  0.151672843232 -0.000000000000  0.006568684800  0.000000000000
  0.645161290323 -0.026968865786 -0.020600491125  0.065578993288 -0.000000000000  0.110936642358  0.000000000000 -0.003108140898 -0.069107255324 -0.600585726524 -0.000000000000  0.110936642358 -0.000000000000
  0.677419354839  0.125724691123  0.001616464880  0.035014448576 -0.000000000000  0.040312178367  0.000000000000  0.003314552952 -0.089788762734 -0.285530633390 -0.000000000000  0.040312178367 -0.000000000000
  0.709677419355  0.005359169922  0.031079615085 -0.091270841683  0.000000000000  0.033540646282 -0.000000000000  0.003798278262  0.291620104363  0.323589404738  0.000000000000  0.033540646282 -0.000000000000
  0.741935483871  0.108670211715  0.001615671056 -0.041350237098  0.000000000000  0.079074597519 -0.000000000000 -0.022309722175 -0.045094441327  0.131281666476  0.000000000000  0.079074597519  0.000000000000
  0.774193548387 -0.040165541687  0.003586273678 -0.021893213256 -0.000000000000  0.040962564273 -0.000000000000 -0.003435256275  0.269396511846  0.639247043027  0.000000000000  0.040962564273 -0.000000000000
  0.806451612903  0.019444276459  0.013447855729 -0.054074044942  0.000000000000  0.099765271612  0.000000000000 -0.027329381003 -0.100114441572  0.092506066386 -0.000000000000  0.099765271612  0.000000000000
  0.838709677419 -0.077633172173  0.000531436283  0.014941442762 -0.000000000000  0.011448971189 -0.000000000000 -0.015029389581  0.008542162431 -0.033188176332  0.000000000000  0.011448971189 -0.000000000000
  0.870967741935  0.033867479991 -0.011801144618  0.021300203803 -0.000000000000  0.044630500045  0.000000000000 -0.023041820043  0.055670630781  0.128458435065 -0.000000000000  0.044630500045  0.000000000000
  0.903225806452 -0.099519843444 -0.035741873706  0.055034577371 -0.000000000000  0.000000000000 -0.000000000000 -0.006993581385 -0.003433271273  0.141825662645  0.000000000000  0.000000000000 -0.000000000000
  0.935483870968  0.009985430408  0.015183280148  0.008925219422 -0.000000000000  0.000000000000  0.000000000000 -0.005600903575  0.025262261392 -0.654888413749 -0.000000000000  0.000000000000  0.000000000000
  0.967741935484  0.044112174040 -0.004129611692  0.021381374111  0.000000000000  0.089862153578 -0.000000000000 -0.006782155684  0.097493702120  0.093203572760  0.000000000000  0.089862153578 -0.000000000000
  1.000000000000  0.000000000000 -0.028106027476  0.083240277615 -0.000000000000  0.050969740117  0.000000000000  0.000000000000  0.050114537883  0.804122908485 -0.000000000000  0.050969740117  0.000000000000
