             Rad         v_r[Re]         v_t[Re]         v_x[Re]         p[Re]          p_mg[Re]  p_no_phase[Re]         v_r[Im]         v_t[Im]         v_x[Im]         p[Im]          p_mg[Im]  p_no_phase[Im]
  0.000000000000 -0.097518381054  0.000000000000  0.049211188063  0.000333434363  0.080795962458 -0.033013154939  0.089071752042  0.000000000000 -0.054943530866  0.033011471044  0.080795962458 -0.000000000000
  0.032258064516 -0.231225962175 -0.222655346979 -0.117063270448 -0.000793171604  0.437703830633  0.078531489221  0.211198148963 -0.243769640461  0.130699332129 -0.078527483584  0.437703830633  0.000000000000
  0.064516129032 -0.221661627164 -0.331975476585 -0.349078838884 -0.002365211749  0.414969750951  0.234178329105  0.202462236130 -0.363456542441  0.389741128264 -0.234166384428  0.414969750951  0.000000000000
  0.096774193548  0.059656522896 -0.299554687517 -0.472481598233 -0.003201337071  0.112379239212  0.316962642482 -0.054489327629 -0.327961306409  0.527518401767 -0.316946475244  0.112379239212  0.000000000000
  0.129032258065  0.323183087367 -0.113843988652 -0.239418452117 -0.001622198979  0.330578090621  0.160613038742 -0.295190337564 -0.124639756281  0.267307001346 -0.160604846392  0.330578090621  0.000000000000
  0.161290322581  0.306397147775  0.027640155687  0.072660438304  0.000492316644  0.338465828284 -0.048744003184 -0.279858324943  0.030261257615 -0.081124256329  0.048741516911  0.338465828284 -0.000000000000
  0.193548387097  0.082976357397  0.091066612199  0.287275080449  0.001946455413  0.029916979032 -0.192717491980 -0.075789296864  0.099702412787 -0.320738187208  0.192707662086  0.029916979032 -0.000000000000
  0.225806451613 -0.244085704683  0.056991594465  0.209747296376  0.001421159677  0.217116459197 -0.140708246758  0.222944035058  0.062396078426 -0.234179614557  0.140701069686  0.217116459197 -0.000000000000
  0.258064516129 -0.249909696232 -0.023549502100 -0.099051085748 -0.000671128598  0.322019862032  0.066448077548  0.228263577133 -0.025782689425  0.110589006308 -0.066444688247  0.322019862032  0.000000000000
  0.290322580645 -0.022089506583 -0.043278655573 -0.204787665224 -0.001387555297  0.010931342427  0.137381095390  0.020176207109 -0.047382748503  0.228642263031 -0.137374088026  0.010931342427  0.000000000000
  0.322580645161  0.160310151958 -0.028286696691 -0.148720130447 -0.001007665205  0.257219223836  0.099768384024 -0.146424765779 -0.030969109773  0.166043727031 -0.099763295162  0.257219223836  0.000000000000
  0.354838709677  0.237766649322  0.011582048276  0.066983151985  0.000453849734  0.176380167261 -0.044935415335 -0.217172309500  0.012680368033 -0.074785653902  0.044933123325  0.176380167261 -0.000000000000
  0.387096774194 -0.008071268166  0.036057754507  0.227492690826  0.001541395024  0.027602050428 -0.152612683117  0.007372169113  0.039477093056 -0.253992073188  0.152604898838  0.027602050428 -0.000000000000
  0.419354838710 -0.189920437226  0.009448987675  0.064582694244  0.000437585239  0.265763289307 -0.043325076580  0.173470333587  0.010345030378 -0.072105579936  0.043322866709  0.265763289307 -0.000000000000
  0.451612903226 -0.130232095349 -0.010175745593 -0.074899996980 -0.000507490954  0.179090055030  0.050246403359  0.118951943002 -0.011140706379  0.083624688976 -0.050243840453  0.179090055030  0.000000000000
  0.483870967742 -0.020380255439 -0.020702493462 -0.163268137768 -0.001106236399  0.106118680236  0.109527864310  0.018615004058 -0.022665700403  0.182286352351 -0.109522277648  0.106118680236  0.000000000000
  0.516129032258  0.196229035105 -0.011215890467 -0.094349861295 -0.000639275074  0.153647180874  0.063294277419 -0.179232507445 -0.012279487664  0.105340161867 -0.063291048983  0.153647180874  0.000000000000
  0.548387096774  0.132232968621  0.016096850812  0.143872358931  0.000974818740  0.181154735506 -0.096516273306 -0.120779509108  0.017623307000 -0.160631265061  0.096511350323  0.181154735506 -0.000000000000
  0.580645161290 -0.078353809827  0.012746128266  0.120625274222  0.000817306247  0.098454043057 -0.080921047106  0.071567134780  0.013954837136 -0.134676254289  0.080916919586  0.098454043057 -0.000000000000
  0.612903225806 -0.113446963003  0.003254254184  0.032508175591  0.000220261758  0.240900128222 -0.021807996917  0.103620667706  0.003562853456 -0.036294875603  0.021806884562  0.240900128222  0.000000000000
  0.645161290323 -0.133757446507 -0.007818404356 -0.082212082126 -0.000557034575  0.023291204271  0.055151690334  0.122171943179 -0.008559819670  0.091788519026 -0.055148877225  0.023291204271  0.000000000000
  0.677419354839  0.072694546797 -0.015516413261 -0.171316091162 -0.001160765955  0.049593312956  0.114926805948 -0.066398053137 -0.016987826851  0.191271767927 -0.114920943904  0.049593312956  0.000000000000
  0.709677419355  0.177871066546  0.002734221874  0.031625977544  0.000214284355  0.207850596724 -0.021216177415 -0.162464628345  0.002993506746 -0.035309915118  0.021215095246  0.207850596724 -0.000000000000
  0.741935483871  0.017197298214  0.008715013086  0.105386117145  0.000714052113  0.083372930971 -0.070697911402 -0.015707741102  0.009541453352 -0.117661970948  0.070694305331  0.083372930971 -0.000000000000
  0.774193548387 -0.036617728409  0.006450027848  0.081387996065  0.000551450913  0.197647354197 -0.054598855057  0.033446055912  0.007061680713 -0.090868439677  0.054596070147  0.197647354197  0.000000000000
  0.806451612903 -0.153468607901  0.002174073279  0.028576018018  0.000193619108  0.090956479451 -0.019170122639  0.140175807283  0.002380239544 -0.031904682447  0.019169144833  0.090956479451  0.000000000000
  0.838709677419 -0.061559253880 -0.011764981881 -0.160824472148 -0.001089679146  0.063202583091  0.107888539699  0.056227252116 -0.012880649138  0.179558037456 -0.107883036654  0.063202583091  0.000000000000
  0.870967741935  0.145934939721 -0.004476181563 -0.063541722307 -0.000430532050  0.091325478606  0.042626744164 -0.133294673523 -0.004900655587  0.070943350857 -0.042624569912  0.091325478606 -0.000000000000
  0.903225806452  0.067158644243  0.003663744487  0.053935006236  0.000365440973  0.000000000000 -0.036182111986 -0.061341647008  0.004011175516 -0.060217600844  0.036180266454  0.000000000000 -0.000000000000
  0.935483870968  0.046666271811  0.004243953920  0.064707732540  0.000438432446  0.000000000000 -0.043408958087 -0.042624237057  0.004646405915 -0.072245183260  0.043406743937  0.000000000000 -0.000000000000
  0.967741935484 -0.067431098532  0.005778782334  0.091147574283  0.000617577721  0.330150028243 -0.061146034277  0.061590502461  0.006326781329 -0.101764857914  0.061142915416  0.330150028243  0.000000000000
  1.000000000000  0.000000000000 -0.018632567623 -0.303684008961 -0.002057635428  0.492248286230  0.203725364797  0.000000000000 -0.020399484549  0.339058502275 -0.203714973426  0.492248286230  0.000000000000
