             Rad         v_r[Re]         v_t[Re]         v_x[Re]         p[Re]          p_mg[Re]  p_no_phase[Re]         v_r[Im]         v_t[Im]         v_x[Im]         p[Im]          p_mg[Im]  p_no_phase[Im]
  0.000000000000 -0.009435145330  0.000000000000 -0.111322568801 -0.000000000000  0.042782061359  0.000000000000 -0.231140914260  0.000000000000  0.103515970064 -0.000000000000  0.042782061359 -0.000000000000
  0.003802281369  0.011686587421  0.027201622950 -0.058947438257 -0.000000000000  0.040351295259  0.000000000000 -0.165034863968  0.080040856099 -0.941052561743 -0.000000000000  0.040351295259 -0.000000000000
  0.007604562738  0.048811996052 -0.080727751527  0.008904782121 -0.000000000000  0.012428169305 -0.000000000000  0.005064638291 -0.015145627020  0.102754512304  0.000000000000  0.012428169305 -0.000000000000
  0.011406844106 -0.041369891491  0.007595122134 -0.012456846222  0.000000000000  0.040838668979  0.000000000000 -0.010901231681 -0.063949413758 -0.122765890512 -0.000000000000  0.040838668979  0.000000000000
  0.015209125475 -0.039993325180 -0.010994301923  0.006110185891  0.000000000000  0.014771135932  0.000000000000  0.005362925520  0.108217160436 -0.296366556698 -0.000000000000  0.014771135932  0.000000000000
  0.019011406844  0.011719329076  0.004221791032  0.010871689950 -0.000000000000  0.085549227175 -0.000000000000 -0.004137235583  0.045550074475 -0.128560017578  0.000000000000  0.085549227175 -0.000000000000
  0.022813688213 -0.040829087871 -0.002357253632  0.017093935040  0.000000000000  0.017981811183 -0.000000000000  0.000884571985 -0.047933479497 -0.024752703423  0.000000000000  0.017981811183  0.000000000000
  0.026615969582 -0.012901077502  0.004505919137  0.011840745380  0.000000000000  0.036763188610  0.000000000000 -0.007193653871 -0.100075489335  0.034796732342 -0.000000000000  0.036763188610  0.000000000000
  0.030418250951 -0.085508595161 -0.003721166283 -0.010448985833 -0.000000000000  0.005662431024  0.000000000000 -0.002636365643 -0.093947962236  0.081387399360 -0.000000000000  0.005662431024 -0.000000000000
  0.034220532319 -0.017867390347 -0.004721931935 -0.002867617269 -0.000000000000  0.027532783916 -0.000000000000 -0.002025313709 -0.007275161823  0.189414593275  0.000000000000  0.027532783916 -0.000000000000
  0.038022813688 -0.036757630628 -0.002299695051 -0.002638242109  0.000000000000  0.015003579276 -0.000000000000  0.000639239667  0.045304778660 -0.052232853773  0.000000000000  0.015003579276  0.000000000000
  0.041825095057 -0.005634219873  0.002698453124 -0.000568969291  0.000000000000  0.023877031569  0.000000000000 -0.000564527700  0.056080326269 -0.048098380510 -0.000000000000  0.023877031569  0.000000000000
  0.045627376426 -0.027532619505  0.001545164632  0.000500050505 -0.000000000000  0.035982744029  0.000000000000 -0.000095149192  0.016319578761  0.041666557143 -0.000000000000  0.035982744029 -0.000000000000
  0.049429657795  0.014956274560  0.000269412424  0.008092330178 -0.000000000000  0.018387182687 -0.000000000000 -0.001190479894  0.031019540561  0.173888914378  0.000000000000  0.018387182687 -0.000000000000
  0.053231939163  0.023789194489 -0.002172684646  0.000018245687  0.000000000000  0.003754511001 -0.000000000000 -0.002046182321  0.003838443557  0.092025497925  0.000000000000  0.003754511001  0.000000000000
  0.057034220532  0.035981638778 -0.001292407727 -0.005776593306  0.000000000000  0.003210540371 -0.000000000000 -0.000282026107  0.027293018029 -0.031101125876  0.000000000000  0.003210540371  0.000000000000
  0.060836501901  0.018386098695  0.001505702543 -0.003856447980 -0.000000000000  0.024242400528  0.000000000000 -0.000199654573 -0.019040117567 -0.099353380398 -0.000000000000  0.024242400528 -0.000000000000
  0.064638783270  0.003738713235  0.001952508111  0.000437367243  0.000000000000  0.003507264552 -0.000000000000  0.000344058432 -0.063650442714 -0.023970803553  0.000000000000  0.003507264552  0.000000000000
  0.068441064639 -0.003106573993  0.000324960625  0.000657829911 -0.000000000000  0.053838691083 -0.000000000000 -0.000810411930 -0.091143072526 -0.031842016710  0.000000000000  0.053838691083 -0.000000000000
  0.072243346008 -0.024241615119 -0.001152906955 -0.001401844929  0.000000000000  0.003793093327  0.000000000000  0.000195140436 -0.036480247948  0.018680968870 -0.000000000000  0.003793093327  0.000000000000
  0.076045627376 -0.003499523907  0.000335409504 -0.002773174524 -0.000000000000  0.044387993194 -0.000000000000 -0.000232888518 -0.039153975882 -0.087221798896  0.000000000000  0.044387993194 -0.000000000000
  0.079847908745 -0.053831912631  0.001281472922 -0.002588330785  0.000000000000  0.008174193450  0.000000000000  0.000854306708  0.029133300916 -0.013352609311 -0.000000000000  0.008174193450  0.000000000000
  0.083650190114  0.003791833249  0.001575825231  0.001455616651 -0.000000000000  0.035903789440 -0.000000000000  0.000097762986 -0.012729855041  0.047748532303  0.000000000000  0.035903789440 -0.000000000000
  0.087452471483 -0.044387586859 -0.000534716006  0.000884336279  0.000000000000  0.011758179004  0.000000000000  0.000189927881 -0.019891829698  0.015708462241 -0.000000000000  0.011758179004  0.000000000000
  0.091254752852  0.008174040988 -0.000562735075 -0.001164410126 -0.000000000000  0.035859051794 -0.000000000000 -0.000049924751  0.001469056856  0.035208568592  0.000000000000  0.035859051794 -0.000000000000
  0.095057034221 -0.035899055173 -0.000199302779  0.001589688831  0.000000000000  0.026015603521 -0.000000000000  0.000583038451 -0.021428482732 -0.076399990506  0.000000000000  0.026015603521  0.000000000000
  0.098859315589 -0.011748875867  0.001381565776  0.002567824726 -0.000000000000  0.015506491467 -0.000000000000 -0.000467642331  0.023983240360 -0.017960213788  0.000000000000  0.015506491467 -0.000000000000
  0.102661596958 -0.035858218622  0.000105176853 -0.000065818583  0.000000000000  0.024187442689  0.000000000000 -0.000244443783 -0.010762735603 -0.060455339973 -0.000000000000  0.024187442689  0.000000000000
  0.106463878327 -0.026011738395 -0.000249133908 -0.002396878516 -0.000000000000  0.008857038111 -0.000000000000 -0.000448433088  0.046180138346  0.046955627808  0.000000000000  0.008857038111 -0.000000000000
  0.110266159696 -0.015500507436 -0.000693175667 -0.002720429913  0.000000000000  0.024300934634  0.000000000000  0.000430751478  0.006267174415 -0.000422878425 -0.000000000000  0.024300934634  0.000000000000
  0.114068441065 -0.024185493549  0.000697752294  0.002679359310 -0.000000000000  0.010323227461 -0.000000000000  0.000307059682  0.012303472846  0.013405260140  0.000000000000  0.010323227461 -0.000000000000
  0.117870722433 -0.008849640095  0.000635948009  0.000841820835 -0.000000000000  0.002343810698 -0.000000000000 -0.000361931339 -0.009168064248  0.001959148449  0.000000000000  0.002343810698 -0.000000000000
  0.121673003802 -0.024300909482 -0.000035727868 -0.001450200576  0.000000000000  0.006740863923 -0.000000000000  0.000034962971  0.002133557207 -0.012857093464  0.000000000000  0.006740863923  0.000000000000
  0.125475285171 -0.010323224397 -0.000689582600 -0.001711093110 -0.000000000000  0.007995603238  0.000000000000  0.000007954168  0.021373269509  0.074192159511 -0.000000000000  0.007995603238 -0.000000000000
  0.129277566540 -0.002277929130 -0.000155314779  0.001251064608 -0.000000000000  0.004225830870 -0.000000000000  0.000551803834  0.036518946185  0.049809513361  0.000000000000  0.004225830870 -0.000000000000
  0.133079847909  0.006733103687  0.000641541412  0.002079160124 -0.000000000000  0.016601010999  0.000000000000 -0.000323359198 -0.002746772587 -0.019799765242 -0.000000000000  0.016601010999 -0.000000000000
  0.136882129278 -0.007995546678  0.000378454834  0.000802102130 -0.000000000000  0.003794672274 -0.000000000000 -0.000030074303  0.002265598094 -0.012787411503  0.000000000000  0.003794672274 -0.000000000000
  0.140684410646  0.004187611412 -0.000512362320 -0.001387375876  0.000000000000  0.004752127048 -0.000000000000 -0.000567060139 -0.009646193643 -0.028921857911  0.000000000000  0.004752127048  0.000000000000
  0.144486692015 -0.016596005229 -0.000628559845 -0.001329325874 -0.000000000000  0.003586494965 -0.000000000000  0.000407647680  0.002049752997 -0.005865062050  0.000000000000  0.003586494965 -0.000000000000
  0.148288973384  0.003790141101  0.000468836317  0.001462288678 -0.000000000000  0.009602193136  0.000000000000 -0.000185386352  0.011863774304  0.042690609585 -0.000000000000  0.009602193136 -0.000000000000
  0.152091254753 -0.004752126778  0.000523488160  0.001047558283 -0.000000000000  0.003731062190 -0.000000000000 -0.000001599970 -0.002355191002 -0.000951568591  0.000000000000  0.003731062190 -0.000000000000
  0.155893536122  0.003551019571 -0.000334992484 -0.002018296066 -0.000000000000  0.006408008289  0.000000000000 -0.000503195926 -0.004837460415 -0.016522170872 -0.000000000000  0.006408008289  0.000000000000
  0.159695817490 -0.009585424102 -0.000698802938 -0.003264081262 -0.000000000000  0.015787896436 -0.000000000000  0.000567237002 -0.002403503940 -0.000257506041  0.000000000000  0.015787896436 -0.000000000000
  0.163498098859  0.003713289173  0.000103473107  0.000558863198 -0.000000000000  0.002624668756 -0.000000000000  0.000363742474  0.014183606990  0.058521322432  0.000000000000  0.002624668756 -0.000000000000
  0.167300380228  0.006395572340  0.000515180207  0.001855039996 -0.000000000000  0.004105375984 -0.000000000000  0.000399029667  0.001898427681  0.048096649968  0.000000000000  0.004105375984 -0.000000000000
  0.171102661597  0.015786965412  0.000127623022 -0.000417953002  0.000000000000  0.001867047167  0.000000000000 -0.000171455404 -0.005819019197 -0.030585758070 -0.000000000000  0.001867047167  0.000000000000
  0.174904942966 -0.002576360589 -0.000767932327 -0.004199186455 -0.000000000000  0.003401434918 -0.000000000000  0.000501250632 -0.020878131549 -0.071326716007  0.000000000000  0.003401434918 -0.000000000000
  0.178707224335 -0.003996791502 -0.000155951034  0.000332420043  0.000000000000  0.010714177381  0.000000000000  0.000937960376  0.004994257264  0.000613270227 -0.000000000000  0.010714177381  0.000000000000
  0.182509505703 -0.001825786120  0.000442197557  0.003380355968  0.000000000000  0.009774222801 -0.000000000000  0.000390346218  0.004699504511  0.027340473677  0.000000000000  0.009774222801  0.000000000000
  0.186311787072  0.003401319875  0.000119717722  0.000408590601 -0.000000000000  0.012822149690  0.000000000000  0.000027975186 -0.005990222939 -0.032573913112 -0.000000000000  0.012822149690 -0.000000000000
  0.190114068441 -0.010710625489 -0.000428812006 -0.000911588986  0.000000000000  0.004612185214 -0.000000000000  0.000275859736 -0.008923265668 -0.050835381636  0.000000000000  0.004612185214  0.000000000000
  0.193916349810 -0.009770144658 -0.000387715807  0.001392538017  0.000000000000  0.009975804966 -0.000000000000  0.000282320278 -0.006047593411 -0.007969751499  0.000000000000  0.009975804966  0.000000000000
  0.197718631179 -0.012822019456  0.000021167196  0.003696294730  0.000000000000  0.012662434807 -0.000000000000 -0.000057790655 -0.000737919056  0.018810459748  0.000000000000  0.012662434807  0.000000000000
  0.201520912548 -0.004565575691  0.000496505880  0.002196661905  0.000000000000  0.015340298637 -0.000000000000 -0.000654042089  0.002806135649  0.009791071233  0.000000000000  0.015340298637  0.000000000000
  0.205323193916 -0.009956055909 -0.000083317981 -0.001690619905  0.000000000000  0.013908476691  0.000000000000 -0.000627403739 -0.011042512270 -0.030163942253 -0.000000000000  0.013908476691  0.000000000000
  0.209125475285 -0.012660916461 -0.000496684808 -0.002116275681 -0.000000000000  0.012115266721 -0.000000000000 -0.000196085707 -0.003482920448 -0.022057529401  0.000000000000  0.012115266721 -0.000000000000
  0.212927756654 -0.015340224458  0.000019784388  0.001227177310  0.000000000000  0.019613589792  0.000000000000 -0.000047705778 -0.004771364009 -0.005702003327 -0.000000000000  0.019613589792  0.000000000000
  0.216730038023 -0.013899237751  0.000544310135  0.002422603758  0.000000000000  0.007539176550 -0.000000000000 -0.000506866661 -0.002300849752  0.011511318052  0.000000000000  0.007539176550  0.000000000000
  0.220532319392 -0.012096043702  0.000106996094  0.000410773990 -0.000000000000  0.017533599628  0.000000000000 -0.000682212928 -0.006044812222 -0.022508398645 -0.000000000000  0.017533599628 -0.000000000000
  0.224334600760 -0.019604567385 -0.000399199394 -0.000945430760 -0.000000000000  0.014293779599 -0.000000000000 -0.000594846338  0.008730822865  0.013060938218  0.000000000000  0.014293779599 -0.000000000000
  0.228136882129 -0.007528804432 -0.000017969272  0.000574528552 -0.000000000000  0.023661290590 -0.000000000000 -0.000395331362  0.002112784489  0.006683605500  0.000000000000  0.023661290590 -0.000000000000
  0.231939163498 -0.017518558360  0.000510290774  0.000526564247  0.000000000000  0.008404244940 -0.000000000000 -0.000726105288 -0.010835508111 -0.026110705072  0.000000000000  0.008404244940  0.000000000000
  0.235741444867 -0.014283633752  0.000333317202 -0.002207360317  0.000000000000  0.014379039342  0.000000000000 -0.000538462683 -0.000309117249 -0.025969681597 -0.000000000000  0.014379039342  0.000000000000
  0.239543726236 -0.023660674795 -0.000079641507 -0.003102874630  0.000000000000  0.002176141214 -0.000000000000 -0.000170706193 -0.004963065697  0.021489793558  0.000000000000  0.002176141214  0.000000000000
  0.243346007605 -0.008400267057 -0.000174366460 -0.001662408541  0.000000000000  0.006598011338 -0.000000000000  0.000258546658 -0.001646510001  0.035995240759  0.000000000000  0.006598011338  0.000000000000
  0.247148288973 -0.014376804438  0.000533081510  0.001585445184 -0.000000000000  0.005300452098 -0.000000000000  0.000253508463 -0.006522885718  0.024423334237  0.000000000000  0.005300452098 -0.000000000000
  0.250950570342 -0.002168352947  0.000561797560  0.001235206107  0.000000000000  0.007900265329 -0.000000000000 -0.000183945864  0.009773913719  0.028093587140  0.000000000000  0.007900265329  0.000000000000
  0.254752851711 -0.006597423501 -0.000283999182 -0.001688367148  0.000000000000  0.000118428064 -0.000000000000 -0.000088072501 -0.000052208686  0.028673934833  0.000000000000  0.000118428064  0.000000000000
  0.258555133080  0.005293892678 -0.000041990353  0.000827987606 -0.000000000000  0.003745140362  0.000000000000  0.000263614804  0.009727629345  0.055527280454 -0.000000000000  0.003745140362 -0.000000000000
  0.262357414449  0.007894443526  0.000255749196  0.001182780046  0.000000000000  0.010395013612 -0.000000000000 -0.000303238647 -0.003916451577 -0.018649546662  0.000000000000  0.010395013612  0.000000000000
  0.266159695817  0.000110639302  0.000535476297  0.000568879985 -0.000000000000  0.011772781850  0.000000000000 -0.000042239212 -0.010931741099 -0.043321119968 -0.000000000000  0.011772781850 -0.000000000000
  0.269961977186 -0.003714661006 -0.000058443064 -0.003288288253  0.000000000000  0.011127538709  0.000000000000 -0.000476833242  0.010240184655  0.037759064110 -0.000000000000  0.011127538709  0.000000000000
  0.273764258555  0.010363561850 -0.000293502926 -0.002746445111 -0.000000000000  0.004816940192 -0.000000000000  0.000808018421 -0.006772237884 -0.029161747099  0.000000000000  0.004816940192 -0.000000000000
  0.277566539924 -0.011770851007  0.000313277467  0.001339503461  0.000000000000  0.013532828579 -0.000000000000  0.000213211325 -0.012907147010 -0.083229355370  0.000000000000  0.013532828579  0.000000000000
  0.281368821293 -0.011118618497  0.000329464791  0.002102603596 -0.000000000000  0.003563348875 -0.000000000000  0.000445466523  0.012833237756  0.023561210848  0.000000000000  0.003563348875 -0.000000000000
  0.285171102662 -0.004804235741 -0.000078255696  0.000089865028 -0.000000000000  0.027684984594  0.000000000000 -0.000349616584 -0.005483242437 -0.008848051833 -0.000000000000  0.027684984594 -0.000000000000
  0.288973384030 -0.013525797317 -0.000151758138 -0.000846133585  0.000000000000  0.000687116778 -0.000000000000  0.000436183794  0.004729921773  0.030613207230  0.000000000000  0.000687116778  0.000000000000
  0.292775665399  0.003560651377  0.000120898632 -0.000718477158  0.000000000000  0.025941727728  0.000000000000 -0.000138625303 -0.008236480933 -0.053778192760 -0.000000000000  0.025941727728  0.000000000000
  0.296577946768 -0.027678138933  0.000179107680 -0.001352035782 -0.000000000000  0.007956508555 -0.000000000000  0.000615627490  0.003758552450 -0.014989957836  0.000000000000  0.007956508555 -0.000000000000
  0.300380228137  0.000663357700  0.000065436602 -0.001453329869 -0.000000000000  0.010104430385  0.000000000000  0.000179125731  0.003675383739  0.006254729603 -0.000000000000  0.010104430385 -0.000000000000
  0.304182509506 -0.025923354630 -0.000160713917 -0.000740181633 -0.000000000000  0.015024995890  0.000000000000  0.000976177355 -0.005047228734  0.027179904995 -0.000000000000  0.015024995890 -0.000000000000
  0.307984790875  0.007948789887  0.000110308641  0.002321072949  0.000000000000  0.024191034968 -0.000000000000  0.000350382249  0.007965137661  0.061655474256  0.000000000000  0.024191034968  0.000000000000
  0.311787072243 -0.010097516846 -0.000068595668  0.000953091975 -0.000000000000  0.016648895078  0.000000000000  0.000373720439  0.014394270906  0.024172641810 -0.000000000000  0.016648895078 -0.000000000000
  0.315589353612  0.015024642715  0.000053819637 -0.000029407652 -0.000000000000  0.011882925518  0.000000000000  0.000103018323 -0.001294845938 -0.053912971764 -0.000000000000  0.011882925518  0.000000000000
  0.319391634981 -0.024188111181 -0.000018360450 -0.001548978551 -0.000000000000  0.026324595669  0.000000000000  0.000376098764 -0.002769547934  0.004627828121 -0.000000000000  0.026324595669 -0.000000000000
  0.323193916350  0.016641753865 -0.000090670094 -0.000461883340  0.000000000000  0.008487296960 -0.000000000000  0.000487581383 -0.000212621161  0.050167395670  0.000000000000  0.008487296960  0.000000000000
  0.326996197719 -0.011872983970 -0.000276153456  0.000262663088 -0.000000000000  0.019966336997  0.000000000000  0.000485973783  0.003263634005  0.036497315748 -0.000000000000  0.019966336997 -0.000000000000
  0.330798479087  0.026321204281  0.000143802889  0.002205005041  0.000000000000  0.009635379131 -0.000000000000  0.000422542749  0.002939249698  0.015212329990  0.000000000000  0.009635379131  0.000000000000
  0.334600760456 -0.008486827283  0.000041180089  0.000270513258 -0.000000000000  0.024621417676  0.000000000000 -0.000089288109 -0.001282299394 -0.025613323186 -0.000000000000  0.024621417676 -0.000000000000
  0.338403041825  0.019963196280 -0.000293167828 -0.002897649363  0.000000000000  0.035242874246 -0.000000000000  0.000354129034  0.002714849971 -0.003155909763 -0.000000000000  0.035242874246  0.000000000000
  0.342205323194 -0.009613399832 -0.000261828971 -0.001706646335 -0.000000000000  0.048240667984  0.000000000000  0.000650441896  0.007107242959  0.016238527411 -0.000000000000  0.048240667984 -0.000000000000
  0.346007604563  0.024608934868  0.000117095440  0.001754996425  0.000000000000  0.015359913625 -0.000000000000  0.000783921584 -0.012830835746 -0.096747770818  0.000000000000  0.015359913625  0.000000000000
  0.349809885932 -0.035242398087 -0.000067744940  0.001113967773 -0.000000000000  0.037881515106 -0.000000000000  0.000183199784  0.007514736507  0.088905584448  0.000000000000  0.037881515106 -0.000000000000
  0.353612167300  0.048238071453 -0.000368713405 -0.000586477217  0.000000000000  0.022434994568 -0.000000000000  0.000500509819  0.002924599791  0.082047200916  0.000000000000  0.022434994568 -0.000000000000
  0.357414448669 -0.015356217169 -0.000217408042  0.000278914236 -0.000000000000  0.040038567473 -0.000000000000  0.000336958200 -0.002886971170 -0.041670627221  0.000000000000  0.040038567473 -0.000000000000
  0.361216730038  0.037879053007  0.000078771029  0.002636074931  0.000000000000  0.038004761494 -0.000000000000  0.000431891208  0.004125234327 -0.025454660855  0.000000000000  0.038004761494  0.000000000000
  0.365019011407 -0.022432362354 -0.000144690975  0.000549765311 -0.000000000000  0.011387846654  0.000000000000 -0.000343657495  0.000215166571  0.006635652117 -0.000000000000  0.011387846654 -0.000000000000
  0.368821292776  0.040037400257 -0.000058763611  0.000922865110 -0.000000000000  0.027271273596 -0.000000000000  0.000305722036 -0.008044943073 -0.056850160248  0.000000000000  0.027271273596 -0.000000000000
  0.372623574144 -0.038000313000 -0.000216489942 -0.001245479800  0.000000000000  0.007414215254 -0.000000000000 -0.000581470655 -0.012389641142 -0.114158395306  0.000000000000  0.007414215254  0.000000000000
  0.376425855513  0.011369727906 -0.000153808622 -0.002656122135 -0.000000000000  0.015751888566  0.000000000000  0.000642136084  0.003469247737  0.042679739557 -0.000000000000  0.015751888566 -0.000000000000
  0.380228136882 -0.027271140944  0.000261254941  0.000256105862 -0.000000000000  0.009364553317 -0.000000000000  0.000085059636 -0.010882876732 -0.016123943492  0.000000000000  0.009364553317 -0.000000000000
  0.384030418251  0.007392650994 -0.000208352232  0.000759804990 -0.000000000000  0.001736238964  0.000000000000  0.000565065591 -0.003076950545  0.046503219594 -0.000000000000  0.001736238964 -0.000000000000
  0.387832699620 -0.015751501137 -0.000250560136  0.002337062604  0.000000000000  0.012645250451 -0.000000000000 -0.000110477699 -0.006538662144  0.007572249569  0.000000000000  0.012645250451  0.000000000000
  0.391634980989  0.009364540731 -0.000020022736  0.001620130561 -0.000000000000  0.015822782138  0.000000000000 -0.000015353599  0.006585586170  0.055313126057 -0.000000000000  0.015822782138 -0.000000000000
  0.395437262357 -0.001656514716  0.000088746582  0.000357804283 -0.000000000000  0.026911784709 -0.000000000000 -0.000520081472 -0.014310829804 -0.084781361918  0.000000000000  0.026911784709 -0.000000000000
  0.399239543726 -0.012644859271 -0.000070866206 -0.000159188146  0.000000000000  0.017000367879  0.000000000000 -0.000099463533  0.008127985117  0.066755985934 -0.000000000000  0.017000367879  0.000000000000
  0.403041825095  0.015815646713 -0.000250981495 -0.000540717665 -0.000000000000  0.016852628904  0.000000000000 -0.000475135389 -0.005927293711 -0.054223185539 -0.000000000000  0.016852628904 -0.000000000000
  0.406844106464 -0.026911726369 -0.000013719505 -0.000470740083  0.000000000000  0.004810885775 -0.000000000000  0.000056036333  0.001677282303  0.002427204768  0.000000000000  0.004810885775  0.000000000000
  0.410646387833  0.016996632809  0.000129706760 -0.001839494185 -0.000000000000  0.002376089591 -0.000000000000 -0.000356344168  0.004692054320  0.040271436216  0.000000000000  0.002376089591 -0.000000000000
  0.414448669202 -0.016844476931 -0.000032622367 -0.002973993855 -0.000000000000  0.004133131764  0.000000000000  0.000524116309 -0.009476532876 -0.047982317772 -0.000000000000  0.004133131764 -0.000000000000
  0.418250950570  0.004795124913 -0.000182917781 -0.001345318878  0.000000000000  0.003221787513 -0.000000000000  0.000389100265  0.013418609849  0.073601356247  0.000000000000  0.003221787513  0.000000000000
  0.422053231939  0.002213159467 -0.000079668765  0.000397109096 -0.000000000000  0.018823290504  0.000000000000  0.000864712041  0.004393757718 -0.003115198835 -0.000000000000  0.018823290504 -0.000000000000
  0.425855513308  0.004123924278  0.000110789828  0.001891917163  0.000000000000  0.020794515518 -0.000000000000  0.000275729446  0.000989246929 -0.021202755761  0.000000000000  0.020794515518  0.000000000000
  0.429657794677 -0.003199741337  0.000003780339  0.001372890699  0.000000000000  0.001129020769  0.000000000000  0.000376258097  0.007634946670  0.056698739113 -0.000000000000  0.001129020769  0.000000000000
  0.433460076046  0.018823124424 -0.000164316112  0.000585989661 -0.000000000000  0.009805637430 -0.000000000000 -0.000079071588  0.010150256191  0.094549859613  0.000000000000  0.009805637430 -0.000000000000
  0.437262357414  0.020793189059 -0.000227479682 -0.000497505472  0.000000000000  0.016284560059 -0.000000000000  0.000234870957 -0.007749882954 -0.076216677785  0.000000000000  0.016284560059  0.000000000000
  0.441064638783 -0.001127874330  0.000113957383  0.001172531560  0.000000000000  0.032488227982 -0.000000000000  0.000050866422  0.001804506470 -0.043668988387  0.000000000000  0.032488227982 -0.000000000000
  0.444866920152  0.009805407467  0.000115335576  0.001373898638  0.000000000000  0.018441116755  0.000000000000 -0.000067155275  0.013307115082  0.067547619305 -0.000000000000  0.018441116755  0.000000000000
  0.448669201521  0.016281792932 -0.000339942948 -0.000566235451 -0.000000000000  0.049651126349 -0.000000000000 -0.000300192001  0.005893297751  0.089783770651  0.000000000000  0.049651126349 -0.000000000000
  0.452471482890  0.032488094904 -0.000205253949  0.000298067075  0.000000000000  0.008410302139  0.000000000000  0.000092988648 -0.018786843957 -0.132321928736 -0.000000000000  0.008410302139  0.000000000000
  0.456273764259 -0.018437396311  0.000070825077  0.001285766427 -0.000000000000  0.018874871237  0.000000000000 -0.000370411202  0.010300534032  0.065139294457 -0.000000000000  0.018874871237 -0.000000000000
  0.460076045627  0.049650597690  0.000169885886  0.001071896874  0.000000000000  0.004260772256  0.000000000000 -0.000229121717  0.015655475191  0.107012639073 -0.000000000000  0.004260772256  0.000000000000
  0.463878326996  0.008385613275 -0.000378943020 -0.002440259841 -0.000000000000  0.025933766016 -0.000000000000 -0.000643950362 -0.014619923131 -0.118994700264  0.000000000000  0.025933766016 -0.000000000000
  0.467680608365  0.018870364758 -0.000136682969 -0.001211125316  0.000000000000  0.002559453627 -0.000000000000  0.000412429510 -0.006960197338 -0.047733231377  0.000000000000  0.002559453627  0.000000000000
  0.471482889734 -0.004247248228  0.000241775536  0.001840168073 -0.000000000000  0.003875963184 -0.000000000000 -0.000339208944  0.008841041190  0.026469534331  0.000000000000  0.003875963184 -0.000000000000
  0.475285171103  0.025933704787  0.000044316981  0.001654484963  0.000000000000  0.028395624074  0.000000000000 -0.000056354374  0.002715024659  0.027692306102 -0.000000000000  0.028395624074  0.000000000000
  0.479087452471  0.002444289254 -0.000068446288  0.001930156653  0.000000000000  0.008530057675 -0.000000000000 -0.000759113240 -0.013678400270 -0.115588635453  0.000000000000  0.008530057675  0.000000000000
  0.482889733840 -0.003839362720 -0.000168839589 -0.000227364200  0.000000000000  0.022413203581  0.000000000000 -0.000531398638  0.012034912929  0.100611264165 -0.000000000000  0.022413203581  0.000000000000
  0.486692015209  0.028387293050  0.000093731002 -0.001257822738 -0.000000000000  0.019471563948 -0.000000000000 -0.000687793465 -0.000555015877 -0.016676863276  0.000000000000  0.019471563948 -0.000000000000
  0.490494296578 -0.008527600188  0.000322663259  0.000197487666 -0.000000000000  0.016208627986 -0.000000000000 -0.000204741228 -0.003390461784 -0.023723432304  0.000000000000  0.016208627986 -0.000000000000
  0.494296577947  0.022400828998 -0.000158529840 -0.002084310820  0.000000000000  0.013216885985 -0.000000000000 -0.000744684489 -0.002750611510 -0.041468790181  0.000000000000  0.013216885985  0.000000000000
  0.498098859316 -0.019468596413 -0.000213247305 -0.002798131301 -0.000000000000  0.020723976889 -0.000000000000  0.000339935711 -0.003123341056 -0.025224717089  0.000000000000  0.020723976889 -0.000000000000
  0.501901140684  0.016208592163  0.000223321533 -0.000663500857 -0.000000000000  0.013497661548 -0.000000000000 -0.000034077479  0.003852917318  0.025208834409  0.000000000000  0.013497661548 -0.000000000000
  0.505703422053 -0.013207353979  0.000189905360 -0.001208677387 -0.000000000000  0.011882944160 -0.000000000000  0.000501872513 -0.004781274359  0.017590583566  0.000000000000  0.011882944160 -0.000000000000
  0.509505703422  0.020722357809 -0.000057665143 -0.001218385689 -0.000000000000  0.037278043756 -0.000000000000  0.000259046228  0.006271321443  0.105737284895  0.000000000000  0.037278043756 -0.000000000000
  0.513307984791  0.013473421280 -0.000339259590 -0.002359833832  0.000000000000  0.027048642828  0.000000000000  0.000808570513 -0.012631370083 -0.032729163044 -0.000000000000  0.027048642828  0.000000000000
  0.517110266160  0.011852122960  0.000154320015  0.001295658548  0.000000000000  0.025034092987  0.000000000000  0.000855303022  0.004171337745  0.094101490714 -0.000000000000  0.025034092987  0.000000000000
  0.520912547529  0.037275168086  0.000229073963  0.001721533116 -0.000000000000  0.028526766780 -0.000000000000  0.000463023146  0.004380268913  0.061580473876  0.000000000000  0.028526766780 -0.000000000000
  0.524714828897  0.027045603552 -0.000020860540  0.000630015940  0.000000000000  0.053557514738  0.000000000000  0.000405471716 -0.005307530174 -0.046144833507 -0.000000000000  0.053557514738  0.000000000000
  0.528517110266  0.025032318649 -0.000305664042 -0.001267484141  0.000000000000  0.008803704994  0.000000000000  0.000298051540  0.000193252935  0.007205167217 -0.000000000000  0.008803704994  0.000000000000
  0.532319391635  0.028517392412 -0.000069228346 -0.000566319171  0.000000000000  0.038653409960  0.000000000000  0.000731268048  0.014911794953  0.112451375408 -0.000000000000  0.038653409960  0.000000000000
  0.536121673004  0.053555763254  0.000460830404  0.003462375445 -0.000000000000  0.025627469700 -0.000000000000  0.000433136462 -0.002489047993 -0.074501237179  0.000000000000  0.025627469700 -0.000000000000
  0.539923954373  0.008802147166 -0.000225975629 -0.002531358348  0.000000000000  0.020326387492  0.000000000000 -0.000165610644 -0.003152186271 -0.058010334189 -0.000000000000  0.020326387492  0.000000000000
  0.543726235741  0.038638221178 -0.000443953684 -0.003892991797  0.000000000000  0.038576761483  0.000000000000  0.001083496962  0.011815295266  0.067152367111 -0.000000000000  0.038576761483  0.000000000000
  0.547528517110  0.025614396523  0.000065283207  0.000113411239 -0.000000000000  0.031763438453  0.000000000000  0.000818470515 -0.008681096913 -0.069990770690 -0.000000000000  0.031763438453 -0.000000000000
  0.551330798479  0.020299683865  0.000465304560  0.002968399080 -0.000000000000  0.046028107276  0.000000000000  0.001041567798  0.002129562533  0.052009280351 -0.000000000000  0.046028107276 -0.000000000000
  0.555133079848  0.038576741949 -0.000262662778 -0.002507853273  0.000000000000  0.039652860567 -0.000000000000  0.000038822174  0.004814213784  0.046612694059  0.000000000000  0.039652860567  0.000000000000
  0.558935361217  0.031718770158 -0.000681121593 -0.004588599430  0.000000000000  0.040645698322  0.000000000000  0.001683936479  0.006566251933  0.030331752861 -0.000000000000  0.040645698322  0.000000000000
  0.562737642586  0.046012524830  0.000353320604  0.005142369287  0.000000000000  0.020960530004 -0.000000000000  0.001197588469  0.000380374611  0.033706137392  0.000000000000  0.020960530004  0.000000000000
  0.566539923954  0.039651274224  0.000230223113  0.004019252110 -0.000000000000  0.037343571392  0.000000000000  0.000354687984 -0.001418291843 -0.018923637022 -0.000000000000  0.037343571392 -0.000000000000
  0.570342205323  0.040645351847 -0.000468866308 -0.001903139295  0.000000000000  0.008090570589  0.000000000000  0.000167825243 -0.001923686200 -0.071462267613 -0.000000000000  0.008090570589  0.000000000000
  0.574144486692  0.020943394653 -0.000373269853 -0.001656757319 -0.000000000000  0.026961205095  0.000000000000  0.000847371487  0.004269930102 -0.012395586187 -0.000000000000  0.026961205095  0.000000000000
  0.577946768061  0.037338966195  0.000400816314  0.004184530943 -0.000000000000  0.025557987300 -0.000000000000  0.000586453555 -0.003102089563 -0.048457238993  0.000000000000  0.025557987300 -0.000000000000
  0.581749049430  0.008087254730  0.000066387203  0.000705715222 -0.000000000000  0.039325194011  0.000000000000 -0.000231610407 -0.003473368502 -0.040177215762 -0.000000000000  0.039325194011 -0.000000000000
  0.585551330798  0.026958104831 -0.000359164070 -0.002504902793  0.000000000000  0.010698101009  0.000000000000  0.000408857006  0.001106307589  0.070177036498 -0.000000000000  0.010698101009  0.000000000000
  0.589353612167  0.025554740628 -0.000293398907 -0.002314949830 -0.000000000000  0.064721995675 -0.000000000000  0.000407365047  0.003135766481  0.049719780162  0.000000000000  0.064721995675 -0.000000000000
  0.593155893536  0.039312528833  0.000306085052  0.002255854828 -0.000000000000  0.006518867096 -0.000000000000  0.000997978308 -0.006744431106 -0.055945229341  0.000000000000  0.006518867096 -0.000000000000
  0.596958174905  0.010696499504  0.000133260364  0.001007478842  0.000000000000  0.088915219511 -0.000000000000 -0.000185104201  0.010668404919  0.099688860349  0.000000000000  0.088915219511  0.000000000000
  0.600760456274  0.064717747280 -0.000428672105 -0.002084753459 -0.000000000000  0.005991091833  0.000000000000  0.000741559953 -0.004300921395 -0.012855422598 -0.000000000000  0.005991091833 -0.000000000000
  0.604562737643  0.006509741171 -0.000175770492  0.002776141365  0.000000000000  0.061271224212  0.000000000000  0.000344816038  0.009471768403  0.094841998247 -0.000000000000  0.061271224212  0.000000000000
  0.608365019011  0.088915211420  0.000214402035  0.005586564304 -0.000000000000  0.007014472338  0.000000000000  0.000037933171  0.002318665466  0.001724757170  0.000000000000  0.007014472338 -0.000000000000
  0.612167300380  0.005893468469  0.000101259076  0.002826152096  0.000000000000  0.064984537010  0.000000000000 -0.001077130801 -0.004067940358 -0.108382352359 -0.000000000000  0.064984537010  0.000000000000
  0.615969581749  0.061267587185 -0.000266117721 -0.002882843794 -0.000000000000  0.024125790961  0.000000000000 -0.000667590440 -0.001721249097 -0.047739275149 -0.000000000000  0.024125790961 -0.000000000000
  0.619771863118 -0.007006631905 -0.000135128440 -0.003099392707  0.000000000000  0.042882021262 -0.000000000000 -0.000331559253  0.000483768530  0.014276900492  0.000000000000  0.042882021262  0.000000000000
  0.623574144487  0.064984415932  0.000282280612  0.000936098304  0.000000000000  0.008112112990 -0.000000000000  0.000125444684 -0.004429512449 -0.063955244059  0.000000000000  0.008112112990 -0.000000000000
  0.627376425856 -0.024118883866  0.000172797419  0.000592104739 -0.000000000000  0.039060587655  0.000000000000 -0.000577261235 -0.007535314449 -0.087626640009 -0.000000000000  0.039060587655 -0.000000000000
  0.631178707224  0.042882015702 -0.000192059980 -0.001844141970 -0.000000000000  0.011923012599  0.000000000000 -0.000021837160  0.004311731378  0.064777700406 -0.000000000000  0.011923012599  0.000000000000
  0.634980988593 -0.008111434625 -0.000046688742  0.000646515466 -0.000000000000  0.029521974794 -0.000000000000 -0.000104907076 -0.007623408570 -0.014740116397  0.000000000000  0.029521974794 -0.000000000000
  0.638783269962  0.039060157355  0.000323010597  0.005306444264  0.000000000000  0.025157493005  0.000000000000 -0.000183344742  0.003213914421  0.080216648679 -0.000000000000  0.025157493005  0.000000000000
  0.642585551331  0.011833836523  0.000163557718  0.004463691898 -0.000000000000  0.064085176930 -0.000000000000 -0.001455521406 -0.005679118896 -0.036658603540  0.000000000000  0.064085176930 -0.000000000000
  0.646387832700  0.029493273254 -0.000275858630 -0.001380638730  0.000000000000  0.028143305779  0.000000000000 -0.001301471661 -0.001186785453  0.053948689948 -0.000000000000  0.028143305779  0.000000000000
  0.650190114068  0.025134139052  0.000161119586 -0.000316967005 -0.000000000000  0.019217523111 -0.000000000000 -0.001083747389  0.006898015929  0.136942970745  0.000000000000  0.019217523111 -0.000000000000
  0.653992395437  0.064073710897  0.000365244464 -0.001598630298 -0.000000000000  0.002244208987  0.000000000000 -0.001212218617 -0.021222404762 -0.205261550970 -0.000000000000  0.002244208987 -0.000000000000
  0.657794676806 -0.028135259794  0.000036610871 -0.005549012052 -0.000000000000  0.013768519947  0.000000000000 -0.000672916401 -0.015678374292 -0.176814898199 -0.000000000000  0.013768519947 -0.000000000000
  0.661596958175  0.019216468709 -0.000098518137 -0.004397816428 -0.000000000000  0.013974303981  0.000000000000  0.000201307946  0.006256666140  0.119977692694 -0.000000000000  0.013974303981 -0.000000000000
  0.665399239544  0.002200289035  0.000242503501  0.001747021084  0.000000000000  0.006001974592 -0.000000000000  0.000441816864 -0.010200213627 -0.129097703068  0.000000000000  0.006001974592  0.000000000000
  0.669201520913 -0.013766211267  0.000101864571  0.000224742157 -0.000000000000  0.027960929137  0.000000000000 -0.000252128708 -0.002464483659 -0.064183969562 -0.000000000000  0.027960929137 -0.000000000000
  0.673003802281 -0.013968988515  0.000101548161 -0.002281740095  0.000000000000  0.004477260294 -0.000000000000  0.000385397998  0.001357484387  0.029919799751  0.000000000000  0.004477260294  0.000000000000
  0.676806083650 -0.005993458832 -0.000005027811 -0.004006127678 -0.000000000000  0.049565765357 -0.000000000000  0.000319609495 -0.007660805134 -0.054646883678  0.000000000000  0.049565765357 -0.000000000000
  0.680608365019 -0.027925987717  0.000028849735 -0.000632291871  0.000000000000  0.014786883943  0.000000000000  0.001397414840  0.003570360036  0.039666355236 -0.000000000000  0.014786883943  0.000000000000
  0.684410646388  0.004453190857  0.000101243560  0.004846953431 -0.000000000000  0.037931203293  0.000000000000  0.000463628008 -0.005741321202 -0.084669365662 -0.000000000000  0.037931203293 -0.000000000000
  0.688212927757 -0.049565502635  0.000034581166  0.005796216881  0.000000000000  0.009531078709  0.000000000000  0.000161381512  0.006469841915  0.037906002266 -0.000000000000  0.009531078709  0.000000000000
  0.692015209125  0.014752474980 -0.000084112248 -0.000114082567 -0.000000000000  0.018347774962  0.000000000000 -0.001008175935  0.002742986992  0.046301176766 -0.000000000000  0.018347774962 -0.000000000000
  0.695817490494 -0.037930658865 -0.000113207494 -0.004313923066  0.000000000000  0.027619660741  0.000000000000  0.000203227258 -0.004508561521 -0.021846524528 -0.000000000000  0.027619660741  0.000000000000
  0.699619771863  0.009530694361  0.000241123939  0.000035513198  0.000000000000  0.006208387634 -0.000000000000  0.000085594103  0.000464969922  0.077627083031  0.000000000000  0.006208387634  0.000000000000
  0.703422053232 -0.018346811225 -0.000005343804 -0.000221746767  0.000000000000  0.032501145735  0.000000000000  0.000188052984  0.001956196062  0.070410249926 -0.000000000000  0.032501145735  0.000000000000
  0.707224334601  0.027619306495 -0.000134589358  0.000196506469  0.000000000000  0.011603788437 -0.000000000000  0.000139886213 -0.002618551163  0.098257811882  0.000000000000  0.011603788437  0.000000000000
  0.711026615970  0.006206817220 -0.000098837540 -0.000622482405  0.000000000000  0.029058866462 -0.000000000000  0.000139631700 -0.003859327932  0.019841006109  0.000000000000  0.029058866462  0.000000000000
  0.714828897338  0.032499776812  0.000021799289  0.000466602936  0.000000000000  0.024517547535  0.000000000000  0.000298297214 -0.004467300630 -0.068523864453 -0.000000000000  0.024517547535  0.000000000000
  0.718631178707 -0.011603774911 -0.000071502364  0.000031654448  0.000000000000  0.011850002354 -0.000000000000  0.000017717468 -0.000145405692 -0.014052434603  0.000000000000  0.011850002354  0.000000000000
  0.722433460076  0.029057403360 -0.000190565824 -0.000147157030  0.000000000000  0.006823382125  0.000000000000  0.000291599064 -0.004498857881 -0.049364292148 -0.000000000000  0.006823382125  0.000000000000
  0.726235741445 -0.024517483667 -0.000269920691 -0.000583214055 -0.000000000000  0.008343290254  0.000000000000  0.000055962078 -0.008869308353 -0.068196124753 -0.000000000000  0.008343290254 -0.000000000000
  0.730038022814  0.011841662622  0.000036556803  0.002403198405  0.000000000000  0.001211492764  0.000000000000  0.000444502126  0.003258583782  0.070112390111 -0.000000000000  0.001211492764  0.000000000000
  0.733840304183 -0.006800478181  0.000045486409  0.002378473538 -0.000000000000  0.018757072071 -0.000000000000 -0.000558605520 -0.007758806228 -0.079267700039  0.000000000000  0.018757072071 -0.000000000000
  0.737642585551 -0.008341876976 -0.000425794769 -0.004400874852 -0.000000000000  0.013907564689  0.000000000000 -0.000153560314  0.001859296625  0.022114449926 -0.000000000000  0.013907564689 -0.000000000000
  0.741444866920 -0.001070452708  0.000005622637  0.000708333306  0.000000000000  0.010075165634 -0.000000000000  0.000567314480  0.000424103287 -0.041153487124  0.000000000000  0.010075165634  0.000000000000
  0.745247148289 -0.018754007576  0.000030013018  0.003678792796 -0.000000000000  0.010339835112  0.000000000000 -0.000339046429  0.005915976426  0.057838411781 -0.000000000000  0.010339835112 -0.000000000000
  0.749049429658  0.013902843297 -0.000081244605  0.003925080647  0.000000000000  0.004015318611  0.000000000000 -0.000362358727 -0.001746206399  0.035281860129 -0.000000000000  0.004015318611  0.000000000000
  0.752851711027 -0.009987171866 -0.000162277896 -0.000505766199 -0.000000000000  0.001453963620  0.000000000000 -0.001328668758  0.001441783814 -0.014577968508 -0.000000000000  0.001453963620 -0.000000000000
  0.756653992395  0.010337548230 -0.000100648500 -0.004356205768 -0.000000000000  0.001593267116  0.000000000000 -0.000217455130  0.001754176757  0.023853569564 -0.000000000000  0.001593267116 -0.000000000000
  0.760456273764 -0.004009274780  0.000305847642  0.001818934856  0.000000000000  0.001819339580  0.000000000000 -0.000220225525 -0.006043859502 -0.045527737563 -0.000000000000  0.001819339580  0.000000000000
  0.764258555133 -0.001283854099 -0.000268855155 -0.001437920826  0.000000000000  0.019513976572  0.000000000000 -0.000682443302  0.002223484485  0.021846712242 -0.000000000000  0.019513976572  0.000000000000
  0.768060836502  0.001585571463 -0.000104643612  0.001182040188 -0.000000000000  0.034611974767  0.000000000000  0.000156407278 -0.003141492400 -0.000670992753 -0.000000000000  0.034611974767  0.000000000000
  0.771863117871 -0.001531847480  0.000244812459  0.003280723747 -0.000000000000  0.024201131823 -0.000000000000 -0.000981549697  0.003921143193  0.070317775869  0.000000000000  0.024201131823 -0.000000000000
  0.775665399240  0.019502458734 -0.000186198544 -0.003498600938 -0.000000000000  0.015535373278 -0.000000000000 -0.000670361825 -0.004561105064 -0.129393594238  0.000000000000  0.015535373278 -0.000000000000
  0.779467680608 -0.034611871663 -0.000116664245 -0.001090436923  0.000000000000  0.034616530339 -0.000000000000 -0.000084482226  0.003899598125  0.016891504605  0.000000000000  0.034616530339  0.000000000000
  0.783269961977  0.024197975467  0.000118269590  0.002689473657 -0.000000000000  0.012856132115 -0.000000000000 -0.000390851366  0.004819247765  0.075888725267  0.000000000000  0.012856132115 -0.000000000000
  0.787072243346 -0.015516540091 -0.000261275027 -0.001818940501  0.000000000000  0.036345826887  0.000000000000 -0.000764726422  0.003999009788  0.040204530032 -0.000000000000  0.036345826887  0.000000000000
  0.790874524715  0.034616431646  0.000246001491  0.005747459831 -0.000000000000  0.006276801993  0.000000000000  0.000082660993  0.012005914672  0.111565619535 -0.000000000000  0.006276801993 -0.000000000000
  0.794676806084  0.012661751017  0.000001608470  0.002689362454  0.000000000000  0.076877678623 -0.000000000000 -0.002227149332  0.000161013206  0.007270185926  0.000000000000  0.076877678623  0.000000000000
  0.798479087452  0.036341234323 -0.000232481315 -0.002148684141  0.000000000000  0.001255224877 -0.000000000000 -0.000577771541 -0.007133720110 -0.024182474564  0.000000000000  0.001255224877  0.000000000000
  0.802281368821  0.006049858808  0.000230989948  0.001566637097  0.000000000000  0.064299333507 -0.000000000000 -0.001672558419  0.006544943667  0.159629206781  0.000000000000  0.064299333507  0.000000000000
  0.806083650190  0.076871641709 -0.000149811708 -0.005203198762  0.000000000000  0.031873637886  0.000000000000 -0.000963416532 -0.007252540336 -0.025230770694 -0.000000000000  0.031873637886  0.000000000000
  0.809885931559 -0.001207818365 -0.000160773710 -0.004810123201 -0.000000000000  0.032411178214 -0.000000000000 -0.000341707901 -0.008234133952 -0.049034581929  0.000000000000  0.032411178214 -0.000000000000
  0.813688212928  0.064298799283  0.000127558829 -0.000400448198 -0.000000000000  0.032047663070  0.000000000000  0.000262107339  0.011680218997  0.132011992125 -0.000000000000  0.032047663070 -0.000000000000
  0.817490494297  0.031872696002 -0.000155742106 -0.000999010671 -0.000000000000  0.036664602946 -0.000000000000 -0.000245033998 -0.010988189548 -0.123837019386  0.000000000000  0.036664602946 -0.000000000000
  0.821292775665  0.032406998215  0.000061208900  0.003914117200  0.000000000000  0.035217110900  0.000000000000  0.000520518897  0.004769456693  0.001430409156 -0.000000000000  0.035217110900  0.000000000000
  0.825095057034  0.032023542348 -0.000068452058 -0.000358225340 -0.000000000000  0.036455424532 -0.000000000000 -0.001243158775  0.003011356089  0.017720674209  0.000000000000  0.036455424532 -0.000000000000
  0.828897338403  0.036659291853 -0.000176808544 -0.008711666043 -0.000000000000  0.042006105890  0.000000000000  0.000624043273  0.005210232912  0.013496368259 -0.000000000000  0.042006105890 -0.000000000000
  0.832699619772  0.035203951812  0.000207725265 -0.005851298351  0.000000000000  0.056115149198  0.000000000000  0.000962640616  0.001610238759  0.000110424005 -0.000000000000  0.056115149198  0.000000000000
  0.836501901141  0.036395196206 -0.000090390047  0.000349904160  0.000000000000  0.044518810683  0.000000000000  0.002094676812  0.000634030168  0.028059829759 -0.000000000000  0.044518810683  0.000000000000
  0.840304182510  0.041997372074 -0.000195316540  0.007939668826  0.000000000000  0.015691609604 -0.000000000000  0.000856545950  0.004232369756  0.078992161909  0.000000000000  0.015691609604  0.000000000000
  0.844106463878  0.056115095168 -0.000203224082  0.003768730789  0.000000000000  0.045401284633  0.000000000000  0.000077870083  0.002353797819  0.011773718896 -0.000000000000  0.045401284633  0.000000000000
  0.847908745247  0.044518707581  0.000389184278  0.004639094438  0.000000000000  0.045151976504  0.000000000000 -0.000095812211 -0.004325393372 -0.157742906189 -0.000000000000  0.045151976504  0.000000000000
  0.851711026616  0.015652711166 -0.000230008754  0.003021802785 -0.000000000000  0.010799609362 -0.000000000000 -0.001104194322 -0.000075233756  0.004007172971  0.000000000000  0.010799609362 -0.000000000000
  0.855513307985  0.045393367713 -0.000291619278 -0.000495035881  0.000000000000  0.053732049913 -0.000000000000 -0.000847828996 -0.000255723633  0.117943561175  0.000000000000  0.053732049913  0.000000000000
  0.859315589354  0.045141642048  0.000316339695 -0.000557693549 -0.000000000000  0.023773284587 -0.000000000000 -0.000965989341 -0.014555109586 -0.218998557657  0.000000000000  0.023773284587 -0.000000000000
  0.863117870722 -0.010776670776  0.000070879554 -0.002230783075  0.000000000000  0.035363296221  0.000000000000 -0.000703512164  0.003899544864  0.033237763887 -0.000000000000  0.035363296221  0.000000000000
  0.866920152091  0.053730593828 -0.000362381274  0.001214493722 -0.000000000000  0.014922527423  0.000000000000 -0.000395568980 -0.000410105481 -0.049300632344 -0.000000000000  0.014922527423 -0.000000000000
  0.870722433460 -0.023752178329  0.000110199205 -0.000974993902  0.000000000000  0.025545582033 -0.000000000000 -0.001001541151 -0.011012090948 -0.072519644093  0.000000000000  0.025545582033  0.000000000000
  0.874524714829  0.035363012726  0.000409643819 -0.000293803161 -0.000000000000  0.028587176538 -0.000000000000 -0.000141600030 -0.000353856643  0.036185521747  0.000000000000  0.028587176538 -0.000000000000
  0.878326996198 -0.014893334472 -0.000426047293 -0.002012186159  0.000000000000  0.059493368711  0.000000000000 -0.000932959268 -0.004310052217 -0.038955412947 -0.000000000000  0.059493368711  0.000000000000
  0.882129277567  0.025542697015 -0.000165438509  0.002477303089 -0.000000000000  0.037774273053 -0.000000000000  0.000383914845 -0.005638935100 -0.052601650990  0.000000000000  0.037774273053 -0.000000000000
  0.885931558935 -0.028544504990  0.000378772820  0.005025849907  0.000000000000  0.064136709656  0.000000000000 -0.001561376716  0.006422733861  0.132507963586 -0.000000000000  0.064136709656  0.000000000000
  0.889733840304  0.059486813161 -0.000193989745  0.000840269128  0.000000000000  0.063689442176 -0.000000000000 -0.000883165015  0.001575595075 -0.034349428575  0.000000000000  0.063689442176  0.000000000000
  0.893536121673 -0.037733085528 -0.000126035203  0.000063979176 -0.000000000000  0.074882044727 -0.000000000000 -0.001763508210  0.003696017368  0.016804851450  0.000000000000  0.074882044727 -0.000000000000
  0.897338403042  0.064130641643  0.000091784405 -0.000214213415 -0.000000000000  0.102403193995 -0.000000000000 -0.000882228943 -0.007343014369 -0.099672944429  0.000000000000  0.102403193995 -0.000000000000
  0.901140684411 -0.063666662051 -0.000095480475 -0.002592663761 -0.000000000000  0.099644700067 -0.000000000000 -0.001703287383  0.000576316377  0.040255225919  0.000000000000  0.099644700067 -0.000000000000
  0.904942965779  0.074881752946 -0.000304605977 -0.014044890292  0.000000000000  0.059652827638 -0.000000000000 -0.000209041251 -0.004203067237 -0.149987605421  0.000000000000  0.059652827638 -0.000000000000
  0.908745247148 -0.102386232108  0.000206267760  0.010567842742 -0.000000000000  0.047253887835  0.000000000000  0.001863763674  0.004102254371  0.093871638130 -0.000000000000  0.047253887835 -0.000000000000
  0.912547528517  0.099602290524 -0.000288269176  0.001207018792 -0.000000000000  0.051597959720 -0.000000000000 -0.002906883884  0.010994789171  0.171218075328  0.000000000000  0.051597959720 -0.000000000000
  0.916349809886 -0.059631718188  0.000324249863 -0.007099250091  0.000000000000  0.053209624870  0.000000000000  0.001586830521 -0.012917908671 -0.207673799195 -0.000000000000  0.053209624870  0.000000000000
  0.920152091255  0.047240473267 -0.000265236039  0.001254739974  0.000000000000  0.133860231491 -0.000000000000 -0.001125877919 -0.000658178894  0.033339174339  0.000000000000  0.133860231491 -0.000000000000
  0.923954372624 -0.051582019550  0.000240251848 -0.004124920026  0.000000000000  0.068286555834  0.000000000000  0.001282461069  0.002446489565  0.021714275656 -0.000000000000  0.068286555834  0.000000000000
  0.927756653992  0.053209540455  0.000074510664 -0.004132138349 -0.000000000000  0.147383461840 -0.000000000000 -0.000094780813 -0.018607408680 -0.321583611964  0.000000000000  0.147383461840 -0.000000000000
  0.931558935361 -0.133839961230  0.000224856152  0.005536542793  0.000000000000  0.044097711193  0.000000000000  0.002329453318  0.005322639251  0.054758986453 -0.000000000000  0.044097711193  0.000000000000
  0.935361216730  0.068269616730 -0.000030006347 -0.006699571297 -0.000000000000  0.122278496743 -0.000000000000 -0.001520900780  0.002481183672 -0.051180105738  0.000000000000  0.122278496743 -0.000000000000
  0.939163498099 -0.147328065148 -0.000017851621 -0.001893619333 -0.000000000000  0.119650646039  0.000000000000  0.004040549948  0.009628688875 -0.100730997340 -0.000000000000  0.119650646039 -0.000000000000
  0.942965779468  0.044084647084  0.000703383822  0.022977857759  0.000000000000  0.098335612741 -0.000000000000 -0.001073323787 -0.005730831843  0.100639224205  0.000000000000  0.098335612741  0.000000000000
  0.946768060837 -0.122265442789 -0.000674138949 -0.024763324080 -0.000000000000  0.118764585772 -0.000000000000 -0.001786691145  0.015379664423  0.292808039860  0.000000000000  0.118764585772 -0.000000000000
  0.950570342205  0.119536332022  0.000669991878  0.018968202121 -0.000000000000  0.094215182069  0.000000000000  0.005228998406  0.003035596768  0.098871515066 -0.000000000000  0.094215182069  0.000000000000
  0.954372623574 -0.098110675921 -0.000074499921  0.000143194659  0.000000000000  0.065138483395 -0.000000000000 -0.006647405771  0.000786749420 -0.006635483996  0.000000000000  0.065138483395 -0.000000000000
  0.958174904943  0.118648629757 -0.000050078223 -0.011430899408 -0.000000000000  0.016251429172  0.000000000000  0.005246855273  0.009527208723  0.018786929830 -0.000000000000  0.016251429172 -0.000000000000
  0.961977186312 -0.094138893293  0.000334101802  0.009748666372  0.000000000000  0.019891887393 -0.000000000000 -0.003790686197 -0.002011611326 -0.214145438753  0.000000000000  0.019891887393  0.000000000000
  0.965779467681  0.065078259134  0.000044967045 -0.012500996223  0.000000000000  0.083524781429  0.000000000000  0.002800394096  0.028333639863  0.435700636660 -0.000000000000  0.083524781429  0.000000000000
  0.969581749049  0.016238639400  0.000335288301  0.004353980573 -0.000000000000  0.056285483142  0.000000000000 -0.000644624351 -0.017845404153 -0.333314545675 -0.000000000000  0.056285483142  0.000000000000
  0.973384030418 -0.019819409783 -0.000176943010 -0.004305040339  0.000000000000  0.055082208258 -0.000000000000  0.001696519934  0.011762296974  0.264103462158  0.000000000000  0.055082208258  0.000000000000
  0.977186311787  0.083523642670  0.000382645290  0.001958935906  0.000000000000  0.028902194314 -0.000000000000  0.000436151300 -0.011612325396 -0.140531762330  0.000000000000  0.028902194314  0.000000000000
  0.980988593156 -0.056272889245 -0.000290928320  0.000135839461  0.000000000000  0.003052881779  0.000000000000  0.001190608492 -0.010951907685 -0.113258157028 -0.000000000000  0.003052881779  0.000000000000
  0.984790874525  0.055080777576 -0.000138476218 -0.003289232674 -0.000000000000  0.004927314362  0.000000000000  0.000396998969  0.002105619405  0.109806819713 -0.000000000000  0.004927314362  0.000000000000
  0.988593155894 -0.028831275899 -0.000038728615  0.000179379759 -0.000000000000  0.000000000000 -0.000000000000  0.002023454033 -0.012040256730 -0.229408043286  0.000000000000  0.000000000000 -0.000000000000
  0.992395437262 -0.003034273353  0.000126330624  0.008626589456 -0.000000000000  0.000000000000  0.000000000000  0.000336559609  0.005572194281  0.132737747515 -0.000000000000  0.000000000000 -0.000000000000
  0.996197718631  0.004924457140 -0.000365947037  0.001354820768  0.000000000000  0.084536778601 -0.000000000000 -0.000167775761  0.093628909748  0.006479329643  0.000000000000  0.084536778601  0.000000000000
  1.000000000000  0.000000000000 -0.001206380980 -0.003902846303 -0.000000000000  0.082136227600  0.000000000000  0.000000000000  0.008325470861 -0.090177670293 -0.000000000000  0.082136227600 -0.000000000000
