             Rad         v_r[Re]         v_t[Re]         v_x[Re]         p[Re]          p_mg[Re]  p_no_phase[Re]         v_r[Im]         v_t[Im]         v_x[Im]         p[Im]          p_mg[Im]  p_no_phase[Im]
  0.000000000000 -0.009644982296  0.000000000000 -0.002346734326  0.002855204938  0.233479992632  0.004883724886  0.083170549466  0.000000000000  0.014038691674 -0.003962142542  0.233479992632 -0.000000000000
  0.003802281369 -0.012456904223 -0.077436533984  0.001606003174 -0.001953978404  0.319080967213 -0.003342209463  0.107418296589 -0.008980029639 -0.009607471602  0.002711518484  0.319080967213  0.000000000000
  0.007604562738 -0.020127953833 -0.158260437143  0.006564518098 -0.007986862545  0.314083154139 -0.013661239814  0.173567242386 -0.018352880006 -0.039270421268  0.011083298243  0.314083154139  0.000000000000
  0.011406844106 -0.026895570455 -0.257235167843  0.016004867785 -0.019472667627  0.402303330965 -0.033307294419  0.231925710626 -0.029830614991 -0.095744712846  0.027022047980  0.402303330965  0.000000000000
  0.015209125475 -0.036756317052 -0.311055929197  0.025804709169 -0.031395856036  0.312534640888 -0.053701477402  0.316956837431 -0.036072010458 -0.154369564472  0.043567750676  0.312534640888  0.000000000000
  0.019011406844 -0.036180597342 -0.407906570651  0.042299106992 -0.051464120943  0.398541970575 -0.088027519449  0.311992294920 -0.047303422636 -0.253042755924  0.071416303713  0.398541970575  0.000000000000
  0.022813688213 -0.046343061177 -0.415365482745  0.051687097761 -0.062886222417  0.228769616099 -0.107564611335  0.399625187878 -0.048168405200 -0.309203824695  0.087266652519  0.228769616099  0.000000000000
  0.026615969582 -0.036002217401 -0.519719086395  0.075451382136 -0.091799551613  0.300945247853 -0.157019816273  0.310454090160 -0.060269908270 -0.451367109887  0.127389422740  0.300945247853  0.000000000000
  0.030418250951 -0.045909773801 -0.466751157139  0.077441879313 -0.094221332941  0.083146940972 -0.161162185733  0.395888866956 -0.054127412601 -0.463274710951  0.130750107186  0.083146940972  0.000000000000
  0.034220532319 -0.026352961804 -0.580176563621  0.108293697990 -0.131757863629  0.122896006800 -0.225367065263  0.227246691184 -0.067280939233 -0.647837217784  0.182839217558  0.122896006800  0.000000000000
  0.038022813688 -0.034667185079 -0.464299602185  0.096293906313 -0.117158058241  0.090041400031 -0.200394625644  0.298941847997 -0.053843114802 -0.576051769521  0.162579197244  0.090041400031  0.000000000000
  0.041825095057 -0.009578055849 -0.583396042234  0.133093442094 -0.161931007240  0.103854238318 -0.276977137239  0.082593429757 -0.067654290310 -0.796194855578  0.224710221057  0.103854238318  0.000000000000
  0.045627376426 -0.014156922708 -0.414447478406  0.103145726947 -0.125494473614  0.251168769677 -0.214653762942  0.122077885085 -0.048061947618 -0.617040899073  0.174147566843  0.251168769677  0.000000000000
  0.049429657795  0.010372258415 -0.531205231147  0.143220830852 -0.174252713227  0.335096296533 -0.298052970142 -0.089441992234 -0.061601914172 -0.856779169148  0.241808943059  0.335096296533  0.000000000000
  0.053231939163  0.011963419016 -0.329685840853  0.095725760374 -0.116466811229  0.364618100402 -0.199212272606 -0.103162878120 -0.038232452697 -0.572652992942  0.161619959903  0.364618100402  0.000000000000
  0.057034220532  0.028933217210 -0.432867766162  0.134662601232 -0.163840158553  0.523102268006 -0.280242671581 -0.249496733050 -0.050198080545 -0.805581917881  0.227359533384  0.523102268006  0.000000000000
  0.060836501901  0.038601192123 -0.226100927484  0.075027905002 -0.091284319024  0.406783729273 -0.156138529545 -0.332865552313 -0.026220091807 -0.448833774587  0.126674439051  0.406783729273  0.000000000000
  0.064638783270  0.042001936431 -0.303620840187  0.107048600135 -0.130242988466  0.626772172433 -0.222775926030 -0.362190828814 -0.035209790570 -0.640388762841  0.180737038744  0.626772172433  0.000000000000
  0.068441064639  0.060258413347 -0.120491751360  0.044981125231 -0.054727256286  0.370961245422 -0.093608994555 -0.519619963449 -0.013972984622 -0.269087191251  0.075944527657  0.370961245422  0.000000000000
  0.072243346008  0.046859177642 -0.162267075231  0.063941747712 -0.077796106621  0.620802205776 -0.133067429566 -0.404075760065 -0.018817515068 -0.382513892378  0.107956966453  0.620802205776  0.000000000000
  0.076045627376  0.072200598145 -0.027627424211  0.011459637640 -0.013942615327  0.268132406293 -0.023848339763 -0.622599734793 -0.003203850631 -0.068554125523  0.019348043501  0.268132406293  0.000000000000
  0.079847908745  0.042732630748 -0.028222642391  0.012291855918 -0.014955151646  0.501806346238 -0.025580246554 -0.368491747363 -0.003272875891 -0.073532642131  0.020753131162  0.501806346238  0.000000000000
  0.083650190114  0.071512891858  0.041882659328 -0.019109856394  0.023250418995  0.123641687594  0.039769001642 -0.616669510349  0.004856977744  0.114319451903 -0.032264400012  0.123641687594 -0.000000000000
  0.087452471483  0.030887331901  0.081478371791 -0.038866073812  0.047287247071  0.289912961931  0.080883127604 -0.266347442324  0.009448746683  0.232505580581 -0.065620092925  0.289912961931 -0.000000000000
  0.091254752852  0.057805243986  0.082783678105 -0.041205620024  0.050133706435  0.029283481552  0.085751893503 -0.498465809151  0.009600118249  0.246501271345 -0.069570099313  0.029283481552 -0.000000000000
  0.095057034221  0.014242820904  0.154714631511 -0.080218010967  0.097598973400  0.025305639331  0.166939517703 -0.122818601863  0.017941685986  0.479882153859 -0.135437228864  0.025305639331 -0.000000000000
  0.098859315589  0.033396328334  0.095310872384 -0.051394457478  0.062530175304  0.157519954101  0.106955605612 -0.287983004272  0.011052850831  0.307453184809 -0.086772569101  0.157519954101 -0.000000000000
  0.102661596958 -0.003373290929  0.185918437218 -0.104108626684  0.126666006349  0.239717677117  0.216657627356  0.029088540701  0.021560276407  0.622801181506 -0.175773292418  0.239717677117 -0.000000000000
  0.106463878327  0.002915066074  0.084347447113 -0.048981318031  0.059594177142  0.235611709315  0.101933686836 -0.025137179072  0.009781462781  0.293017242788 -0.082698310519  0.235611709315 -0.000000000000
  0.110266159696 -0.018145404991  0.176563673144 -0.106193967403  0.129203181118  0.451575123213  0.220997373129  0.156471339925  0.020475438872  0.635276157937 -0.179294107319  0.451575123213 -0.000000000000
  0.114068441065 -0.027614116317  0.057861438649 -0.036000702517  0.043801031277  0.251159153199  0.074920081448  0.238121870693  0.006709977930  0.215364286103 -0.060782302220  0.251159153199 -0.000000000000
  0.117870722433 -0.027141132122  0.134447065755 -0.086439752668  0.105168789648  0.566831341537  0.179887414895  0.234043236419  0.015591331033  0.517102009754 -0.145941795663  0.566831341537 -0.000000000000
  0.121673003802 -0.052018892091  0.024989694181 -0.016584844847  0.020178309230  0.206874092570  0.034514268886  0.448568976603  0.002897962795  0.099214265858 -0.028001260567  0.206874092570 -0.000000000000
  0.125475285171 -0.028932109446  0.071926761575 -0.049227178025  0.059893308008  0.561730577359  0.102445339374  0.249487180590  0.008341081626  0.294488032479 -0.083113411765  0.561730577359 -0.000000000000
  0.129277566540 -0.065295754512 -0.005831720840  0.004112218067 -0.005003218815  0.118979317100 -0.008557825014  0.563057931470 -0.000676283187 -0.024600211842  0.006942922329  0.118979317100 -0.000000000000
  0.133079847909 -0.023830721722  0.003467183031 -0.002516780302  0.003062095043  0.437680743740  0.005237602936  0.205496926689  0.000402076446  0.015055944887 -0.004249242105  0.437680743740  0.000000000000
  0.136882129278 -0.064708175419 -0.028340728203  0.021159918917 -0.025744671784  0.012513859010 -0.044035330919  0.557991123203 -0.003286569868 -0.126583386234  0.035725652463  0.012513859010  0.000000000000
  0.140684410646 -0.013705742276 -0.057043596938  0.043773283001 -0.053257708982  0.221375499778 -0.091095386988  0.118187268884 -0.006615135839 -0.261861607818  0.073905249911  0.221375499778  0.000000000000
  0.144486692015 -0.050418338408 -0.039289876075  0.030964548293 -0.037673685607  0.085182480390 -0.064439478062  0.434767092352 -0.004556302220 -0.185236880707  0.052279439034  0.085182480390  0.000000000000
  0.148288973384 -0.001441525558 -0.098709780926  0.079840875100 -0.097140122913  0.040601089040 -0.166154670523  0.012430553946 -0.011447009736 -0.477626042421  0.134800486116  0.040601089040  0.000000000000
  0.152091254753 -0.025501201555 -0.038568437666  0.031995767438 -0.038928340624  0.151153191798 -0.066585520137  0.219901797676 -0.004472639665 -0.191405865184  0.054020512662  0.151153191798  0.000000000000
  0.155893536122  0.009812538441 -0.115348503581  0.098083581321 -0.119335504944  0.291618611498 -0.204119069559 -0.084615418540 -0.013376541120 -0.586758007278  0.165600820702  0.291618611498  0.000000000000
  0.159695817490  0.004677015099 -0.028673234107  0.024976205804 -0.030387839545  0.172059683520 -0.051977301614 -0.040330806600 -0.003325129353 -0.149413271307  0.042168935141  0.172059683520  0.000000000000
  0.163498098859  0.017411990097 -0.106231753963  0.094737801231 -0.115264789427  0.477208352291 -0.197156257743 -0.150146961313 -0.012319305245 -0.566742799513  0.159951924920  0.477208352291  0.000000000000
  0.167300380228  0.033592809487 -0.013720181528  0.012520250763 -0.015233033161  0.146772000858 -0.026055552845 -0.289677299288 -0.001591078919 -0.074898951376  0.021138744872  0.146772000858  0.000000000000
  0.171102661597  0.019820299326 -0.075761249406  0.070706629473 -0.086026745938  0.556977658814 -0.147145640740 -0.170914278010 -0.008785753057 -0.422982934064  0.119378551558  0.556977658814  0.000000000000
  0.174904942966  0.054971694645  0.001738459235 -0.001658528109  0.002017884000  0.085817595947  0.003451517674 -0.474031564649  0.000201602715  0.009921687557 -0.002800199711  0.085817595947  0.000000000000
  0.178707224335  0.016907301758 -0.032194254568  0.031381718695 -0.038181244975  0.513583756210 -0.065307640023 -0.145794936068 -0.003733449127 -0.187732487723  0.052983774663  0.513583756210  0.000000000000
  0.182509505703  0.064160666169  0.013815601439 -0.013753446001  0.016733426749  0.007980482029  0.028621921867 -0.553269844953  0.001602144415  0.082276202197 -0.023220827733  0.007980482029 -0.000000000000
  0.186311787072  0.009885700149  0.014284681942 -0.014516674812  0.017662025545  0.356726056972  0.030210256558 -0.085246306118  0.001656541953  0.086842008321 -0.024509436038  0.356726056972 -0.000000000000
  0.190114068441  0.059161934793  0.020082681871 -0.020825345074  0.025337605301  0.064968661774  0.043339058407 -0.510164816617  0.002328914650  0.124581890380 -0.035160769918  0.064968661774 -0.000000000000
  0.193916349810  0.000919306251  0.053737425129 -0.056839143171  0.069154569598  0.121193499260  0.118286392709 -0.007927355765  0.006231731272  0.340024517181 -0.095965182248  0.121193499260 -0.000000000000
  0.197718631179  0.041092817805  0.019920067627 -0.021482986002  0.026137738322  0.114009864568  0.044707657031 -0.354351322909  0.002310056875  0.128516046081 -0.036271107408  0.114009864568 -0.000000000000
  0.201520912548 -0.007484021223  0.078453093835 -0.086235569900  0.104920366279  0.140681171614  0.179462495697  0.064536163808  0.009097916341  0.515880542587 -0.145597060759  0.140681171614 -0.000000000000
  0.205323193916  0.013960803499  0.014401830766 -0.016129167664  0.019623899755  0.127618027430  0.033565971510 -0.120386711179  0.001670127271  0.096488302628 -0.027231911461  0.127618027430 -0.000000000000
  0.209125475285 -0.013133289540  0.084355651236 -0.096222661539  0.117071376750  0.370547937638  0.200246360086  0.113250898119  0.009782414183  0.575625567286 -0.162458910108  0.370547937638 -0.000000000000
  0.212927756654 -0.016205672787  0.005798129802 -0.006734051819  0.008193129403  0.104358926173  0.014014051823  0.139744653623  0.000672387758  0.040284610052 -0.011369532931  0.104358926173 -0.000000000000
  0.216730038023 -0.014700872693  0.071589161464 -0.084629665533  0.102966508091  0.517015947386  0.176120491861  0.126768471109  0.008301931385  0.506273662075 -0.142885709099  0.517015947386 -0.000000000000
  0.220532319392 -0.042685020037 -0.003144458888  0.003782460557 -0.004602012226  0.052765644016 -0.007871575640  0.368081190979 -0.000364651316 -0.022627528367  0.006386171508  0.052765644016 -0.000000000000
  0.224334600760 -0.012021556193  0.044207753213 -0.054094230609  0.065814912520  0.547186545461  0.112574029942  0.103664206256  0.005126610318  0.323603833893 -0.091330769773  0.547186545461 -0.000000000000
  0.228136882129 -0.059557303744 -0.009950590676  0.012382279568 -0.015065167531  0.011368028559 -0.025768424750  0.513574159613 -0.001153933352 -0.074073576711  0.020905799228  0.011368028559 -0.000000000000
  0.231939163498 -0.006078302814  0.009081324608 -0.011488928535  0.013978252726  0.454135505193  0.023909296246  0.052414381837  0.001053127767  0.068729350233 -0.019397497203  0.454135505193 -0.000000000000
  0.235741444867 -0.063032785463 -0.013011176901  0.016730493997 -0.020355516410  0.069488627982 -0.034817375365  0.543543911281 -0.001508858264 -0.100085571779  0.028247169398  0.069488627982  0.000000000000
  0.239543726236  0.001309532391 -0.025717695937  0.033602616858 -0.040883348632  0.258617370178 -0.069929490700 -0.011292351316 -0.002982386477 -0.201018399222  0.056733459918  0.258617370178  0.000000000000
  0.243346007605 -0.052313833568 -0.011898805666  0.015793698347 -0.019215743775  0.105355661336 -0.032867835452  0.451112314058 -0.001379860669 -0.094481449848  0.026665517031  0.105355661336  0.000000000000
  0.247148288973  0.008004695686 -0.052687140004  0.071026182765 -0.086415537344  0.004549032952 -0.147810654392 -0.069026040491 -0.006109933574 -0.424894573608  0.119918073940  0.004549032952  0.000000000000
  0.250950570342 -0.029791253726 -0.007354839404  0.010067406922 -0.012248727793  0.109350472201 -0.020951006337  0.256895748037 -0.000852913637 -0.060225488757  0.016997450809  0.109350472201  0.000000000000
  0.254752851711  0.012136374429 -0.066451449140  0.092337848747 -0.112344835468  0.250767989190 -0.192161781996 -0.104654306129 -0.007706129809 -0.552385744863  0.155899930736  0.250767989190  0.000000000000
  0.258555133080 -0.000524022786 -0.000982384943  0.001385450787 -0.001685638585  0.080916100718 -0.002883223897  0.004518749929 -0.000113923564 -0.008288077698  0.002339145698  0.080916100718  0.000000000000
  0.262357414449  0.012596553975 -0.064787276697  0.092712717112 -0.112800927151  0.449524132740 -0.192941910341 -0.108622523440 -0.007513141860 -0.554628291598  0.156532845115  0.449524132740  0.000000000000
  0.266159695817  0.028887049571  0.005252684537 -0.007625702397  0.009277975312  0.028530405977  0.015869641554 -0.249098620569  0.000609134480  0.045618664021 -0.012874963967  0.028530405977  0.000000000000
  0.269961977186  0.009321075709 -0.048928557885  0.072047888524 -0.087658617695  0.546488038440 -0.149936898420 -0.080377440262 -0.005674064649 -0.431006646877  0.121643085506  0.546488038440  0.000000000000
  0.273764258555  0.051782629625  0.009572189981 -0.014293688038  0.017390723876  0.032734425056  0.029746204856 -0.446531639624  0.001110051617  0.085508051368 -0.024132953121  0.032734425056  0.000000000000
  0.277566539924  0.003286540895 -0.023120562347  0.035004328143 -0.042588770902  0.519335066043 -0.072846553875 -0.028340478369 -0.002681206460 -0.209403750865  0.059100059260  0.519335066043  0.000000000000
  0.281368821293  0.062952321417  0.010845399894 -0.016644769414  0.020251217747  0.085386557911  0.034638976270 -0.542850054238  0.001257701081  0.099572748074 -0.028102435069  0.085386557911 -0.000000000000
  0.285171102662 -0.003770820041  0.006447988875 -0.010029655965  0.012202797276  0.373847405148  0.020872443848  0.032516511189  0.000747749521  0.059999654054 -0.016933713439  0.373847405148 -0.000000000000
  0.288973384030  0.059824453055  0.008848599308 -0.013947250944  0.016969223712  0.114301451035  0.029025244054 -0.515877839841  0.001026139471  0.083435586878 -0.023548041086  0.114301451035 -0.000000000000
  0.292775665399 -0.009836047013  0.033079357467 -0.052826067717  0.064271974782  0.142759182222  0.109934890688  0.084818137512  0.003836091251  0.316017398716 -0.089189648772  0.142759182222 -0.000000000000
  0.296577946768  0.043065099974  0.004272064068 -0.006910872063  0.008408261568  0.110851075432  0.014382027618 -0.371358693853  0.000495415536  0.041342388459 -0.011668069926  0.110851075432 -0.000000000000
  0.300380228137 -0.013166878647  0.051044877220 -0.083633399109  0.101754379056  0.121543350273  0.174047188940  0.113540543487  0.005919486408  0.500313772621 -0.141203648399  0.121543350273 -0.000000000000
  0.304182509506  0.016445047819 -0.001511764708  0.002508272305 -0.003051743604  0.075286619762 -0.005219897174 -0.141808830864 -0.000175313785 -0.015005048136  0.004234877505  0.075286619762 -0.000000000000
  0.307984790875 -0.012769414954  0.056787415109 -0.095397636002  0.116067591634  0.358852279417  0.198529421913  0.110113137119  0.006585427376  0.570690079272 -0.161065966415  0.358852279417 -0.000000000000
  0.311787072243 -0.014001104350 -0.006846264940  0.011643084447 -0.014165809842  0.016747204917 -0.024230105917  0.120734233225 -0.000793936130 -0.069651545515  0.019657768547  0.016747204917 -0.000000000000
  0.315589353612 -0.008672591443  0.049600526397 -0.085381714482  0.103881504667  0.514835055001  0.177685560444  0.074785434898  0.005751990362  0.510772587752 -0.144155441724  0.514835055001 -0.000000000000
  0.319391634981 -0.041337746567 -0.010244469818  0.017847166146 -0.021714139667  0.049111340318 -0.037141251358  0.356463391040 -0.001188013433 -0.106765755309  0.030132518829  0.049111340318 -0.000000000000
  0.323193916350 -0.001929182988  0.031658707374 -0.055810073913  0.067902530287  0.553483022455  0.116144824706  0.016635718365  0.003671343692  0.333868393812 -0.094227738414  0.553483022455 -0.000000000000
  0.326996197719 -0.059306077315 -0.010779980676  0.019227239097 -0.023393235192  0.104251837610 -0.040013283587  0.511407785482 -0.001250114655 -0.115021661588  0.032462584781  0.104251837610 -0.000000000000
  0.330798479087  0.005657347762  0.007417919366 -0.013384490819  0.016284529467  0.465454360741  0.027854099285 -0.048784404928  0.000860228788  0.080069029447 -0.022597896961  0.465454360741 -0.000000000000
  0.334600760456 -0.063758103888 -0.008317508164  0.015180161826 -0.018469271332  0.133076889519 -0.031591021309  0.549798472474 -0.000964550788 -0.090811136615  0.025629643849  0.133076889519  0.000000000000
  0.338403041825  0.012009220199 -0.017458819158  0.032225923104 -0.039208364480  0.270369626242 -0.067064490826 -0.103557830584 -0.002024634955 -0.192782708059  0.054409099281  0.270369626242  0.000000000000
  0.342205323194 -0.053617701507 -0.003530104401  0.006589167572 -0.008016852859  0.126672623400 -0.013712537163  0.462355819708 -0.000409373206 -0.039417879955  0.011124915536  0.126672623400  0.000000000000
  0.346007604563  0.015329702634 -0.037398441581  0.070582232501 -0.085875395680  0.012487564199 -0.146886761591 -0.132190993419 -0.004336959528 -0.422238763448  0.119168524148  0.012487564199  0.000000000000
  0.349809885932 -0.031145046946  0.002294071495 -0.004377188700  0.005325601050  0.085352666171  0.009109248180  0.268569769045  0.000266035022  0.026185325661 -0.007390289295  0.085352666171  0.000000000000
  0.353612167300  0.014591967513 -0.048145561936  0.092862356850 -0.112982989566  0.249297457737 -0.193253321523 -0.125829360656 -0.005583263493 -0.555523470108  0.156785491511  0.249297457737  0.000000000000
  0.357414448669 -0.001438496545  0.007599702342 -0.014815793953  0.018025955300  0.018811330914  0.030832745254  0.012404434180  0.000881309490  0.088631406185 -0.025014458128  0.018811330914  0.000000000000
  0.361216730038  0.009832142877 -0.047654263124  0.093891409140 -0.114235008232  0.454883609291 -0.195394854216 -0.084784471390 -0.005526289379 -0.561679491975  0.158522906699  0.454883609291  0.000000000000
  0.365019011407  0.028717652691  0.010974061518 -0.021849379945  0.026583519416  0.056192054222  0.045470149486 -0.247637878480  0.001272621496  0.130707896919 -0.036889713874  0.056192054222  0.000000000000
  0.368821292776  0.002166958591 -0.036459829720  0.073347761411 -0.089240136082  0.556757034042 -0.152642028480 -0.018686103425 -0.004228112167 -0.438782778363  0.123837744531  0.556757034042  0.000000000000
  0.372623574144  0.052400010916  0.011512799178 -0.023399549606  0.028469566773  0.120056829174  0.048696165346 -0.451855438008  0.001335096918  0.139981359909 -0.039506965046  0.120056829174  0.000000000000
  0.376425855513 -0.006473005829 -0.017466482130  0.035862547115 -0.043632941527  0.530986898673 -0.074632570002  0.055817982346 -0.002025523602 -0.214537809462  0.060549045565  0.530986898673  0.000000000000
  0.380228136882  0.064135251447  0.009049823901 -0.018768977848  0.022835681759  0.155410044555  0.039059608585 -0.553050688886  0.001049474746  0.112280239900 -0.031688872832  0.155410044555 -0.000000000000
  0.384030418251 -0.013829865554  0.004782386383 -0.010017665551  0.012188208880  0.382871033809  0.020847490924  0.119257607933  0.000554595735  0.059927924705 -0.016913469251  0.382871033809 -0.000000000000
  0.387832699620  0.061166678065  0.004195607435 -0.008875554833  0.010798635240  0.151722888006  0.018470675418 -0.527452105936  0.000486549141  0.053095561941 -0.014985170247  0.151722888006 -0.000000000000
  0.391634980989 -0.017902355382  0.025173101441 -0.053774260159  0.065425613570  0.145894062293  0.111908148152  0.154375476098  0.002919231859  0.321689698811 -0.090790543075  0.145894062293 -0.000000000000
  0.395437262357  0.044104570798 -0.001822595635  0.003931191123 -0.004782968479  0.108270506375 -0.008181094772 -0.380322251998 -0.000211359703 -0.023517268015  0.006637282893  0.108270506375 -0.000000000000
  0.399239543726 -0.017477615868  0.039182080538 -0.085325194194  0.103812738039  0.125810566072  0.177567937611  0.150712865040  0.004543801568  0.510434470696 -0.144060014884  0.125810566072 -0.000000000000
  0.403041825095  0.016806168216 -0.007475484964  0.016434092645 -0.019994893311  0.034634506036 -0.034200542583 -0.144922841961 -0.000866904458 -0.098312432333  0.027746735925  0.034634506036 -0.000000000000
  0.406844106464 -0.012472148040  0.043867381535 -0.097347764535  0.118440257579  0.369804926165  0.202587781286  0.107549746974  0.005087138669  0.582356186040 -0.164358493882  0.369804926165 -0.000000000000
  0.410646387833 -0.014492663400 -0.011320374020  0.025356249985 -0.030850228496  0.051438531435 -0.052768201208  0.124973042065 -0.001312782081 -0.151686780934  0.042810588182  0.051438531435 -0.000000000000
  0.414448669202 -0.003989698589  0.038476308771 -0.086980198121  0.105826334266  0.529686557795  0.181012121206  0.034403943284  0.004461955816  0.520335075804 -0.146854264491  0.529686557795 -0.000000000000
  0.418250950570 -0.042599429331 -0.012365601520  0.028210346845 -0.034322727005  0.128337216107 -0.058707784445  0.367343125751 -0.001433993265 -0.168760629211  0.047629343533  0.128337216107 -0.000000000000
  0.422053231939  0.005925426974  0.024545451829 -0.056505991923  0.068749233946  0.568131392249  0.117593080723 -0.051096103876  0.002846445645  0.338031531614 -0.095402701564  0.568131392249 -0.000000000000
  0.425855513308 -0.061016886173 -0.010319926355  0.023971494675 -0.029165436078  0.175998368074 -0.049886424651  0.526160421460 -0.001196763850 -0.143402863738  0.040472616703  0.175998368074 -0.000000000000
  0.429657794677  0.014783719148  0.005485871391 -0.012856553422  0.015642203045  0.475621347480  0.026755423149 -0.127482872129  0.000636176300  0.076910789397 -0.021706546288  0.475621347480 -0.000000000000
  0.433460076046 -0.065445512978 -0.005665791783  0.013395716719 -0.016298187700  0.181081421535 -0.027877461200  0.564349327713 -0.000657041005 -0.080136185302  0.022616850370  0.181081421535  0.000000000000
  0.437262357414  0.020274013440 -0.014239076901  0.033960976496 -0.041319354615  0.272811756994 -0.070675263182 -0.174826742645 -0.001651253304 -0.203162187041  0.057338501550  0.272811756994  0.000000000000
  0.441064638783 -0.054788880695  0.000460402650 -0.001107634047  0.001347626856  0.140583292428  0.002305067047  0.472455124568  0.000053391200  0.006626115580 -0.001870089823  0.140583292428  0.000000000000
  0.444866920152  0.020859552359 -0.030147985828  0.073155108292 -0.089005740509  0.005947413846 -0.152241103321 -0.179875958095 -0.003496150878 -0.437630284145  0.123512475875  0.005947413846  0.000000000000
  0.448669201521 -0.031426366553  0.006550089320 -0.016029859761  0.019503074653  0.062937495753  0.033359304539  0.270995642473  0.000759589734  0.095894220456 -0.027064243540  0.062937495753  0.000000000000
  0.452471482890  0.016194397660 -0.038750394217  0.095636479273 -0.116358185452  0.263662288986 -0.199026472138 -0.139647426021 -0.004493740496 -0.572118893349  0.161469220876  0.263662288986  0.000000000000
  0.456273764259 -0.000685108331  0.011095835365 -0.027614789918  0.033598129824  0.033745705278  0.057468387147  0.005907821766  0.001286743160  0.165197873951 -0.046623826459  0.033745705278  0.000000000000
  0.460076045627  0.007250042422 -0.038305191726  0.096126582847 -0.116954480536  0.473718061070 -0.200046413336 -0.062518519309 -0.004442112003 -0.575050802975  0.162296694271  0.473718061070  0.000000000000
  0.463878326996  0.030372399750  0.012963723943 -0.032801227652  0.039908321167  0.125929459364  0.068261741450 -0.261907082697  0.001503355319  0.196224309042 -0.055380422961  0.125929459364  0.000000000000
  0.467680608365 -0.003887313785 -0.029165039578  0.074399184447 -0.090519372598  0.575325940143 -0.154830116321  0.033521059295 -0.003382162222 -0.445072627049  0.125612929687  0.575325940143  0.000000000000
  0.471482889734  0.054569632899  0.011673307128 -0.030020373455  0.036524934924  0.190387918238  0.062474581524 -0.470564508382  0.001353710434  0.179588614820 -0.050685327911  0.190387918238  0.000000000000
  0.475285171103 -0.014506359232 -0.013640334677  0.035361895187 -0.043023812559  0.544386153257 -0.073590676912  0.125091143881 -0.001581819374 -0.211542797214  0.059703762706  0.544386153257  0.000000000000
  0.479087452471  0.066274284076  0.007516869114 -0.019643009500  0.023899091222  0.210031884286  0.040878532049 -0.571495981326  0.000871703626  0.117508893498 -0.033164556703  0.210031884286 -0.000000000000
  0.482889733840 -0.021931607976  0.004574347171 -0.012048509840  0.014659079392  0.387320350306  0.025073825660  0.189120501222  0.000530470194  0.072076891253 -0.020342274323  0.387320350306 -0.000000000000
  0.486692015209  0.062710196170  0.001489402371 -0.003953871073  0.004810562528  0.178367877983  0.008228293397 -0.540762161356  0.000172720507  0.023652944564 -0.006675574910  0.178367877983 -0.000000000000
  0.490494296578 -0.024194481411  0.021271246017 -0.056909285648  0.069239909956  0.139773317988  0.118432364309  0.208633696909  0.002466748056  0.340444125231 -0.096083608306  0.139773317988 -0.000000000000
  0.494296577947  0.044617106814 -0.004953009878  0.013354051286 -0.016247494552  0.101442326082 -0.027790752402 -0.384741949286 -0.000574382313 -0.079886933325  0.022546503939  0.101442326082 -0.000000000000
  0.498098859316 -0.020546967537  0.032694339949 -0.088826870798  0.108073128412  0.141457873275  0.184855181416  0.177180478668  0.003791442187  0.531382286412 -0.149972120780  0.141457873275 -0.000000000000
  0.501901140684  0.016101093200 -0.010247069688  0.028052664279 -0.034130879110  0.003278626563 -0.058379635552 -0.138842843601 -0.001188314931 -0.167817336695  0.047363117912  0.003278626563 -0.000000000000
  0.505703422053 -0.011685580411  0.036378420359 -0.100345054067  0.122086974541  0.391444112794  0.208825358892  0.100767022042  0.004218671424  0.600286645033 -0.169419010633  0.391444112794 -0.000000000000
  0.509505703422 -0.016295144411 -0.013102099157  0.036412137459 -0.044301612474  0.110894842230 -0.075776307498  0.140516184762 -0.001519402183 -0.217825582305  0.061476954302  0.110894842230 -0.000000000000
  0.513307984791  0.000377679178  0.031676038286 -0.088688053055  0.107904232811  0.552111371199  0.184566291592 -0.003256800666  0.003673353494  0.530551847503 -0.149737745854  0.552111371199 -0.000000000000
  0.517110266160 -0.045092140856 -0.012813632973  0.036141958413 -0.043972893310  0.195009289028 -0.075214045245  0.388838259787 -0.001485949822 -0.216209310590  0.061020793637  0.195009289028 -0.000000000000
  0.520912547529  0.012774456641  0.019860672478 -0.056430644448  0.068657560816  0.585735619154  0.117436277145 -0.110156612561  0.002303169038  0.337580786099 -0.095275487574  0.585735619154 -0.000000000000
  0.524714828897 -0.063600097446 -0.009434982856  0.027003539617 -0.032854438959  0.234197733782 -0.056196330793  0.548435952334 -0.001094140212 -0.161541237396  0.045591813249  0.234197733782 -0.000000000000
  0.528517110266  0.022463963671  0.003792577843 -0.010933263047  0.013302190324  0.483808311902  0.022752915935 -0.193711107434  0.000439811284  0.065405234516 -0.018459331411  0.483808311902 -0.000000000000
  0.532319391635 -0.067473420036 -0.003765594317  0.010933571740 -0.013302565902  0.217427247643 -0.022753558347  0.581836362850 -0.000436682104 -0.065407081185  0.018459852596  0.217427247643  0.000000000000
  0.536121673004  0.026978250163 -0.012767213697  0.037334963719 -0.045424388949  0.269186801015 -0.077696776092 -0.232638673756 -0.001480566749 -0.223346136205  0.063035021248  0.269186801015  0.000000000000
  0.539923954373 -0.055731972546  0.002840644300 -0.008365765628  0.010178389206  0.147061871362  0.017409766988  0.480587588169  0.000329419057  0.050045888446 -0.014124460334  0.147061871362  0.000000000000
  0.543726235741  0.025046385311 -0.026031660727  0.077203751865 -0.093931610045  0.009013164626 -0.160666625187 -0.215979829152 -0.003018795817 -0.461850179088  0.130348061296  0.009013164626  0.000000000000
  0.547528517110 -0.031008792191  0.008800630606 -0.026283111528  0.031977914585  0.038656097672  0.054697067520  0.267394817915  0.001020576718  0.157231474803 -0.044375468156  0.038656097672  0.000000000000
  0.551330798479  0.016940693195 -0.033049012107  0.099386404121 -0.120920612407  0.286646036180 -0.206830338603 -0.146082876897 -0.003832572211 -0.594551785805  0.167800460255  0.286646036180  0.000000000000
  0.555133079848  0.001038265427  0.012682344622 -0.038401916537  0.046722520110  0.082492163513  0.079917182542 -0.008953163769  0.001470724795  0.229728887540 -0.064836426335  0.082492163513  0.000000000000
  0.558935361217  0.004452963129 -0.032355742180  0.098643663780 -0.120016941349  0.499321652419 -0.205284641907 -0.038398763087 -0.003752176251 -0.590108546304  0.166546443950  0.499321652419  0.000000000000
  0.562737642586  0.033019997023  0.013548765995 -0.041587417345  0.050598228382  0.187262949338  0.086546441510 -0.284737826525  0.001571200491  0.248785268652 -0.070214712294  0.187262949338  0.000000000000
  0.566539923954 -0.009502629201 -0.024277468419  0.075022262889 -0.091277454426  0.597339986789 -0.156126787897  0.081943011168 -0.002815368596 -0.448800022198  0.126664913108  0.597339986789  0.000000000000
  0.570342205323  0.057519021356  0.011182968817 -0.034789554411  0.042327461808  0.249720106985  0.072399594112 -0.495997655999  0.001296847706  0.208118926177 -0.058737442951  0.249720106985  0.000000000000
  0.574144486692 -0.021571629289 -0.010816901791  0.033875079826 -0.041214846579  0.557310877705 -0.070496505961  0.186016335317 -0.001254396261 -0.202648333873  0.057193476675  0.557310877705  0.000000000000
  0.577946768061  0.068810177348  0.006140657771 -0.019357932690  0.023552246371  0.253515204368  0.040285266463 -0.593363479926  0.000712109465  0.115803500004 -0.032683243182  0.253515204368  0.000000000000
  0.581749049430 -0.028766339487  0.004837266335 -0.015349418387  0.018675200978  0.387740552706  0.031943256530  0.248057714141  0.000560959961  0.091823667371 -0.025915410592  0.387740552706 -0.000000000000
  0.585551330798  0.064199051095 -0.000382148541  0.001220543943 -0.001485001117  0.196112470656 -0.002540040756 -0.553600845598 -0.000044316359 -0.007301567932  0.002060722865  0.196112470656 -0.000000000000
  0.589353612167 -0.029203513173  0.019061323430 -0.061275271186  0.074551880438  0.127249417167  0.127518297893  0.251827547469  0.002210471473  0.366562431061 -0.103454982581  0.127249417167 -0.000000000000
  0.593155893536  0.044665511747 -0.006834365802  0.022111760002 -0.026902749772  0.089754505558 -0.046016181476 -0.385159354388 -0.000792556230 -0.132277513336  0.037332707005  0.089754505558 -0.000000000000
  0.596958174905 -0.022591043936  0.028631481205 -0.093227483604  0.113427228907  0.164212191811  0.194013176866  0.194806945156  0.003320287423  0.557707740339 -0.157401958502  0.164212191811 -0.000000000000
  0.600760456274  0.014658410882 -0.011679676239  0.038272636848 -0.046565229188  0.041141031297 -0.079648142102 -0.126402314693 -0.001354449036 -0.228955507410  0.064618155119  0.041141031297 -0.000000000000
  0.604562737643 -0.010339209800  0.031451269233 -0.103713620221  0.126185413215  0.419155023024  0.215835590165  0.089157007625  0.003647287855  0.620438164149 -0.175106377593  0.419155023024 -0.000000000000
  0.608365019011 -0.018916312805 -0.013762605477  0.045668961548 -0.055564127177  0.165601775323 -0.095040431979  0.163119027245 -0.001595998668 -0.273201982544  0.077105845963  0.165601775323 -0.000000000000
  0.612167300380  0.004739213383  0.027007923597 -0.090181523055  0.109721295301  0.578177459904  0.187674311330 -0.040867154448  0.003132009427  0.539486120387 -0.152259267339  0.578177459904 -0.000000000000
  0.615969581749 -0.048284280491 -0.012583631225  0.042278686886 -0.051439276380  0.253441015857 -0.087985023722  0.416364697811 -0.001459277366 -0.252920598262  0.071381827133  0.253441015857 -0.000000000000
  0.619771863118  0.019076384942  0.016458999434 -0.055640564575  0.067696293095  0.603809366087  0.115792063440 -0.164499360265  0.001908689544  0.332854350890 -0.093941544893  0.603809366087 -0.000000000000
  0.623574144487 -0.066602762973 -0.008417992789  0.028632079470 -0.034835837101  0.282576042813 -0.059585440725  0.574328518450 -0.000976203619 -0.171283528473  0.048341381858  0.282576042813 -0.000000000000
  0.627376425856  0.029194967078  0.002336380812 -0.007995176736  0.009727504238  0.489345850444  0.016638544539 -0.251753852832  0.000270941478  0.047828942484 -0.013498771266  0.489345850444 -0.000000000000
  0.631178707224 -0.069555413138 -0.002250213290  0.007746977002 -0.009425526677  0.244551368637 -0.016122022833  0.599789792409 -0.000260948947 -0.046344155943  0.013079719686  0.244551368637  0.000000000000
  0.634980988593  0.032551156879 -0.012057822369  0.041762438223 -0.050811171308  0.260587103866 -0.086910672690 -0.280694927203 -0.001398301250 -0.249832282839  0.070510211301  0.260587103866  0.000000000000
  0.638783269962 -0.056369865568  0.004459787516 -0.015539031339  0.018905897665  0.146891867586  0.032337854878  0.486088263181  0.000517185132  0.092957974621 -0.026235546336  0.146891867586  0.000000000000
  0.642585551331  0.028170930155 -0.023420173896  0.082087553691 -0.099873592882  0.029964126382 -0.170830172144 -0.242923384211 -0.002715951308 -0.491066178221  0.138593698124  0.029964126382  0.000000000000
  0.646387832700 -0.030018155871  0.010123163762 -0.035691572060  0.043424921039  0.011649832047  0.074276758474  0.258852369160  0.001173946017  0.213514998296 -0.060260377381  0.011649832047  0.000000000000
  0.650190114068  0.016921109725 -0.029201279912  0.103561537874 -0.126000378948  0.315145533429 -0.215519095737 -0.145914004841 -0.003386364880 -0.619528373405  0.174849607183  0.315145533429  0.000000000000
  0.653992395437  0.003451697352  0.013398801505 -0.047796367710  0.058152481775  0.129582876810  0.099467718999 -0.029764654462  0.001553809661  0.285928603900 -0.080697682657  0.129582876810  0.000000000000
  0.657794676806  0.001341994554 -0.028175492758  0.101092309097 -0.122996138492  0.528657857057 -0.210380450982 -0.011572278831 -0.003267408122 -0.604756892412  0.170680649376  0.528657857057  0.000000000000
  0.661596958175  0.036302977409  0.013510821691 -0.048756385706  0.059320508377  0.243067350959  0.101465586301 -0.313047601926  0.001566800230  0.291671647113 -0.082318542804  0.243067350959  0.000000000000
  0.665399239544 -0.014927212194 -0.020698113368  0.075122373900 -0.091399256646  0.620479863645 -0.156335126195  0.128720240439 -0.002400283974 -0.449398908743  0.126833936968  0.620479863645  0.000000000000
  0.669201520913  0.060898385685  0.010431829616 -0.038077957626  0.046328368513  0.300982152078  0.079243000476 -0.525138568807  0.001209740859  0.227790892592 -0.064289465664  0.300982152078  0.000000000000
  0.673003802281 -0.027999979739 -0.008596698103  0.031557706682 -0.038395364556  0.568591050029 -0.065673883831  0.241449245675 -0.000996927416 -0.188785287382  0.053280906505  0.568591050029  0.000000000000
  0.676806083650  0.071475759873  0.004888792302 -0.018047709112  0.021958134592  0.288231418854  0.037558595862 -0.616349314058  0.000566935237  0.107965448361 -0.030471108420  0.288231418854  0.000000000000
  0.680608365019 -0.034671436236  0.005272523419 -0.019573660068  0.023814715739  0.384253769815  0.040734210835  0.298978506550  0.000611435122  0.117094029624 -0.033047469595  0.384253769815 -0.000000000000
  0.684410646388  0.065498462946 -0.001809494425  0.006755076128 -0.008218709083  0.206333662027 -0.014057804940 -0.564805925539 -0.000209840404 -0.040410382190  0.011405029625  0.206333662027 -0.000000000000
  0.688212927757 -0.033202624112  0.017696162399 -0.066429068622  0.080822359259  0.109587416370  0.138243725362  0.286312655268  0.002052158777  0.397393604564 -0.112156470370  0.109587416370 -0.000000000000
  0.692015209125  0.044263854141 -0.008082195701  0.030507122326 -0.037117148438  0.073399258718 -0.063487541342 -0.381695783096 -0.000937262468 -0.182500455864  0.051507137346  0.073399258718 -0.000000000000
  0.695817490494 -0.023768467190  0.025845838943 -0.098093948630  0.119348118554  0.192047604672  0.204140644682  0.204960093806  0.002997246749  0.586820026845 -0.165618324496  0.192047604672 -0.000000000000
  0.699619771863  0.012623848599 -0.012449999961  0.047510288367 -0.057804417170  0.079873483682 -0.098872367069 -0.108857890266 -0.001443780641 -0.284217213029  0.080214676496  0.079873483682 -0.000000000000
  0.703422053232 -0.008455178159  0.027920108582 -0.107124627474  0.130335488767  0.450662557957  0.222934144453  0.072910638062  0.003237792160  0.640843575450 -0.180865400591  0.450662557957 -0.000000000000
  0.707224334601 -0.022122794437 -0.013884099704  0.053558839877 -0.065163517838  0.217298518182 -0.111459842872  0.190769139083 -0.001610087906 -0.320401006317  0.090426835155  0.217298518182 -0.000000000000
  0.711026615970  0.009200972142  0.023540874499 -0.091298720650  0.111080557854  0.605880303285  0.189999280817 -0.079341763953  0.002729948512  0.546169447260 -0.154145503916  0.605880303285 -0.000000000000
  0.714828897338 -0.051913769751 -0.012048273879  0.046976772308 -0.057155303350  0.305753739896 -0.097762081331  0.447662486316 -0.001397193947 -0.281025600172  0.079313907010  0.305753739896 -0.000000000000
  0.718631178707  0.025031556407  0.013817426381 -0.054161347011  0.065896571138  0.621033986771  0.112713704057 -0.215851956646  0.001602356046  0.324005339277 -0.091444086711  0.621033986771 -0.000000000000
  0.722433460076 -0.069793973353 -0.007377198224  0.029070034510 -0.035368684547  0.323161402912 -0.060496857030  0.601846943327 -0.000855506507 -0.173903473860  0.049080809528  0.323161402912 -0.000000000000
  0.726235741445  0.035221096080  0.001068616821 -0.004233074057  0.005150260862  0.491831520401  0.008809335123 -0.303718329792  0.000123923557  0.025323199510 -0.007146971272  0.491831520401 -0.000000000000
  0.730038022814 -0.071539591713 -0.000972887205  0.003874041012 -0.004713435563  0.263975332865 -0.008062161231  0.616899748373 -0.000112822146 -0.023175383214  0.006540792682  0.263975332865  0.000000000000
  0.733840304183  0.037226360094 -0.011727943942  0.046943955856 -0.057115376505  0.247537709077 -0.097693787907 -0.321010109570 -0.001360046464 -0.280829284787  0.079258500883  0.247537709077  0.000000000000
  0.737642585551 -0.056656200644  0.005655907705 -0.022756451258  0.027687127295  0.140816424342  0.047357830888  0.488557385973  0.000655894785  0.136134201186 -0.038421180729  0.140816424342  0.000000000000
  0.741444866920  0.030408460628 -0.021629347306  0.087473905856 -0.106427014431  0.055644957839 -0.182039562925 -0.262218042635 -0.002508275744 -0.523288546331  0.147687823023  0.055644957839  0.000000000000
  0.745247148289 -0.028514939630  0.010949582987 -0.044509646403  0.054153621400  0.018203524740  0.092627812809  0.245889844510  0.001269782811  0.266266699038 -0.075148499619  0.018203524740  0.000000000000
  0.749049429658  0.016221253134 -0.026402447222  0.107872539444 -0.131245451999  0.347501941247 -0.224490603683 -0.139879005970 -0.003061794561 -0.645317752792  0.182128148488  0.347501941247  0.000000000000
  0.752851711027  0.006409983430  0.013664819643 -0.056113788068  0.068272050665  0.175905771352  0.116776875961 -0.055274527997  0.001584658805  0.335685280082 -0.094740518561  0.175905771352  0.000000000000
  0.756653992395 -0.002096942769 -0.025026050205  0.103287051802 -0.125666419547  0.560066994027 -0.214947870247  0.018082343432 -0.002902178869 -0.617886336084  0.174386174687  0.560066994027  0.000000000000
  0.760456273764  0.040030252009  0.013166524578 -0.054613705383  0.066446942709  0.294746637553  0.113655094744 -0.345188612348  0.001526873362  0.326711448632 -0.092207832454  0.294746637553  0.000000000000
  0.764258555133 -0.020263346823 -0.017907609658  0.074650749086 -0.090825444143  0.643451698239 -0.155353640639  0.174734762341 -0.002076679537 -0.446577543205  0.126037662451  0.643451698239  0.000000000000
  0.768060836502  0.064516540058  0.009576068644 -0.040117985158  0.048810412015  0.345758649554  0.083488446208 -0.556338614386  0.001110501411  0.239994795359 -0.067733775394  0.345758649554  0.000000000000
  0.771863117871 -0.033953140341 -0.006768842777  0.028497775308 -0.034672433044  0.577556906579 -0.059305943991  0.292784501997 -0.000784957767 -0.170480090817  0.048114627500  0.577556906579  0.000000000000
  0.775665399240  0.074121984883  0.003741313030 -0.015829044765  0.019258748756  0.315600898459  0.032941393920 -0.639168224589  0.000433866292  0.094692900057 -0.026725194662  0.315600898459  0.000000000000
  0.779467680608 -0.039829434697  0.005768769827 -0.024526612262  0.029840831864  0.376916076603  0.051041664741  0.343456925790  0.000668982990  0.146723701789 -0.041409857439  0.376916076603  0.000000000000
  0.783269961977  0.066531278751 -0.002964076917  0.012663599966 -0.015407442061  0.210005185338 -0.026353872968 -0.573712096164 -0.000343733083 -0.075756498499  0.021380770555  0.210005185338 -0.000000000000
  0.787072243346 -0.036355432877  0.016799257001 -0.072120862680  0.087747403276  0.087503689506  0.150088762948  0.313499935580  0.001948147961  0.431443194664 -0.121766292469  0.087503689506 -0.000000000000
  0.790874524715  0.043418593515 -0.008964421093  0.038671060049 -0.047049979370  0.052736783210 -0.080477289774 -0.374406937087 -0.001039570897 -0.231338964464  0.065290838643  0.052736783210 -0.000000000000
  0.794676806084 -0.024191405844  0.023804181567 -0.103181071522  0.125537476354  0.223793823954  0.214727317574  0.208607175697  0.002760483263  0.617252338256 -0.174207241363  0.223793823954 -0.000000000000
  0.798479087452  0.010079928561 -0.012852515667  0.055976782250 -0.068105359581  0.119755690307 -0.116491756884 -0.086921175310 -0.001490458905 -0.334865680514  0.094509202824  0.119755690307 -0.000000000000
  0.802281368821 -0.006074978213  0.025226344307 -0.110391915100  0.134310704736  0.484634534673  0.229733607741  0.052385713158  0.002925406238  0.660389223673 -0.186381772497  0.484634534673 -0.000000000000
  0.806083650190 -0.025779778780 -0.013719675201  0.060322618370 -0.073392814840  0.266796373756 -0.125535758066  0.222304023009 -0.001591020202 -0.360863448008  0.101846557542  0.266796373756 -0.000000000000
  0.809885931559  0.013795176065  0.020814753788 -0.091949924055  0.111872858524  0.634033427034  0.191354482486 -0.118958473755  0.002413810334  0.550065092251 -0.155244972521  0.634033427034 -0.000000000000
  0.813688212928 -0.055827148722 -0.011367931064  0.050454011055 -0.061385960877  0.353080394586 -0.104998468176  0.481408310754 -0.001318297096 -0.301827223136  0.085184752899  0.353080394586 -0.000000000000
  0.817490494297  0.030733428533  0.011664694483 -0.052013050057  0.063282799309  0.636623216395  0.108242941781 -0.265020303788  0.001352711657  0.311153744521 -0.087816978751  0.636623216395 -0.000000000000
  0.821292775665 -0.073037053477 -0.006354889039  0.028468344744 -0.034636625715  0.357148010621 -0.059244696847  0.629812651044 -0.000736953076 -0.170304030579  0.048064937986  0.357148010621 -0.000000000000
  0.825095057034  0.040672858183 -0.000052264011  0.000235213890 -0.000286178053  0.491028170210 -0.000489497220 -0.350729929786 -0.000006060865 -0.001407102306  0.000397126744  0.491028170210 -0.000000000000
  0.828897338403 -0.073335382517  0.000138824251 -0.000627656925  0.000763652336  0.276701406360  0.001306199730  0.632385200114  0.000016098937  0.003754784658 -0.001059713567  0.276701406360  0.000000000000
  0.832699619772  0.041141424472 -0.011602201328  0.052696892450 -0.064114810908  0.230367949551 -0.109666067559 -0.354770467603 -0.001345464556 -0.315244643265  0.088971553859  0.230367949551  0.000000000000
  0.836501901141 -0.056563659260  0.006587934350 -0.030058855236  0.036571754613  0.129451496089  0.062554664911  0.487759383704  0.000763978483  0.179818821478 -0.050750299178  0.129451496089  0.000000000000
  0.840304182510  0.031874432091 -0.020325428171  0.093160641440 -0.113345903947  0.085269425235 -0.193874073460 -0.274859398349 -0.002357065044 -0.557307875507  0.157289104576  0.085269425235  0.000000000000
  0.844106463878 -0.026537080749  0.011481005182 -0.052860757309  0.064314180623  0.050774278901  0.110007082254  0.228834384492  0.001331409885  0.316224919646 -0.089248217443  0.050774278901  0.000000000000
  0.847908745247  0.014912077880 -0.024247789972  0.112144380972 -0.136442880141  0.382676483989 -0.233380616734 -0.128589734322 -0.002811926896 -0.670872868019  0.189340573376  0.382676483989  0.000000000000
  0.851711026616  0.009822553994  0.013674741463 -0.063528358807  0.077293148093  0.221809371557  0.132207137175 -0.084701784591  0.001585809402  0.380040907125 -0.107259015369  0.221809371557  0.000000000000
  0.855513307985 -0.005848908851 -0.022526444557  0.105117654547 -0.127893661864  0.592505829074 -0.218757487759  0.050436273288 -0.002612308808 -0.628837412752  0.177476899076  0.592505829074  0.000000000000
  0.859315589354  0.044082159763  0.012661048648 -0.059344245143  0.072202455949  0.343021110177  0.123499692192 -0.380128997301  0.001468255180  0.355010599678 -0.100194707078  0.343021110177  0.000000000000
  0.863117870722 -0.025551181123 -0.015629665357  0.073582752617 -0.089526043201  0.665441995982 -0.153131062277  0.220332781160 -0.001812514726 -0.440188548518  0.124234495301  0.665441995982  0.000000000000
  0.866920152091  0.068253309807  0.008684499429 -0.041065785212  0.049963573395  0.384965887319  0.085460887084 -0.588561503317  0.001007109413  0.245664748100 -0.069334007203  0.384965887319  0.000000000000
  0.870722433460 -0.039514085692 -0.005212611453  0.024756618807 -0.030120674289  0.583793857464 -0.051520325097  0.340737610280 -0.000604487352 -0.148099652587  0.041798192287  0.583793857464  0.000000000000
  0.874524714829  0.076655142417  0.002683110560 -0.012798730605  0.015571851668  0.336531923616  0.026635089660 -0.661012132384  0.000311150449  0.076564880324 -0.021608920307  0.336531923616  0.000000000000
  0.878326996198 -0.044345886037  0.006278616912 -0.030079904893  0.036597365132  0.365782091660  0.062598470777  0.382403160017  0.000728108079  0.179944745248 -0.050785838667  0.365782091660 -0.000000000000
  0.882129277567  0.067249740107 -0.003933177635  0.018924832276 -0.023025305410  0.207839080557 -0.039383952989 -0.579907527515 -0.000456116124 -0.113212596082  0.031952011890  0.207839080557 -0.000000000000
  0.885931558935 -0.038766568218  0.016180217239 -0.078188118522  0.095129260971  0.061483458091  0.162715163825  0.334291622392  0.001876360200  0.467738881458 -0.132010030853  0.061483458091  0.000000000000
  0.889733840304  0.042136021620 -0.009613947439  0.046657137896 -0.056766413248  0.028148034136 -0.097096898863 -0.363347071353 -0.001114894075 -0.279113475349  0.078774247669  0.028148034136 -0.000000000000
  0.893536121673 -0.023941882863  0.022227144265 -0.108330818350  0.131803026916  0.258667912810  0.225444315433  0.206455490728  0.002577600056  0.648059280113 -0.182901890250  0.258667912810 -0.000000000000
  0.897338403042  0.007082545533 -0.013031718914  0.063784359706 -0.077604617109  0.160795158647 -0.132739893672 -0.061074161211 -0.001511240445 -0.381572361984  0.107691238156  0.160795158647 -0.000000000000
  0.901140684411 -0.003242493829  0.023070360958 -0.113397434415  0.137967434641  0.520182732295  0.235988312124  0.027960651986  0.002675384790  0.678368915074 -0.191456184120  0.520182732295 -0.000000000000
  0.904942965779 -0.029797075951 -0.013392135595  0.066103931285 -0.080426773904  0.314464643429 -0.137567090905  0.256945954205 -0.001553036640 -0.395448560005  0.111607520085  0.314464643429 -0.000000000000
  0.908745247148  0.018522689972  0.018576952846 -0.092081603408  0.112033069049  0.661849191189  0.191628516801 -0.159724741353  0.002154300801  0.550852827708 -0.155467295244  0.661849191189 -0.000000000000
  0.912547528517 -0.059922099398 -0.010618455443  0.052853418721 -0.064305251971  0.396052407200 -0.109991810118  0.516719863158 -0.001231383169 -0.316181018564  0.089235827232  0.396052407200 -0.000000000000
  0.916349809886  0.036224542744  0.009846523973 -0.049215338730  0.059878903474  0.650062599522  0.102420700939 -0.312371244627  0.001141865119  0.294417207158 -0.083093422722  0.650062599522 -0.000000000000
  0.920152091255 -0.076241271689 -0.005367538544  0.026939593059 -0.032776637001  0.385281979579 -0.056063253354  0.657443244979 -0.000622453676 -0.161158694730  0.045483848162  0.385281979579 -0.000000000000
  0.923954372624  0.045622990226 -0.001056628405  0.005325115701 -0.006478916884  0.486796958790 -0.011081953244 -0.393415876664 -0.000122533304 -0.031856037832  0.008990735437  0.486796958790 -0.000000000000
  0.927756653992 -0.074883523202  0.001125898274 -0.005697567422  0.006932068304  0.283428511052  0.011857052376  0.645735116940  0.000130566276  0.034084127657 -0.009619569640  0.283428511052  0.000000000000
  0.931558935361  0.044382298072 -0.011590617021  0.058894282300 -0.071654998951  0.209327418826 -0.122563286776 -0.382717148043 -0.001344121166 -0.352318820918  0.099435005861  0.209327418826 -0.000000000000
  0.935361216730 -0.056076247711  0.007339787687 -0.037447178255  0.045560917185  0.113306632221  0.077930302707  0.483556339562  0.000851168145  0.224017428758 -0.063224480269  0.113306632221  0.000000000000
  0.939163498099  0.032649356384 -0.019327637767  0.099009353379 -0.120461865488  0.118274788976 -0.206045668573 -0.281541720541 -0.002241354966 -0.592296183601  0.167163861228  0.118274788976 -0.000000000000
  0.942965779468 -0.024113330987  0.011821591344 -0.060803435235  0.073977811050  0.085836777866  0.126536372948  0.207933921093  0.001370906408  0.363739802456 -0.102658351589  0.085836777866  0.000000000000
  0.946768060837  0.013052281164 -0.022512699649  0.116259223440 -0.141449291988  0.419935570956 -0.241943903316 -0.112552347206 -0.002610714862 -0.695488779611  0.196287926648  0.419935570956  0.000000000000
  0.950570342205  0.013624584634  0.013527856168 -0.070140600398  0.085338074455  0.267382284849  0.145967693050 -0.117487430821  0.001568775655  0.419596821042 -0.118422888255  0.267382284849  0.000000000000
  0.954372623574 -0.009887909798 -0.020461005934  0.106512651525 -0.129590915028  0.625244129964 -0.221660577975  0.085265360342 -0.002372787498 -0.637182597910  0.179832162224  0.625244129964  0.000000000000
  0.958174904943  0.048374195184  0.012067073812 -0.063067120618  0.076731972700  0.388257419872  0.131247266941 -0.417140049617  0.001399374106  0.377281676707 -0.106480277258  0.388257419872  0.000000000000
  0.961977186312 -0.030800922167 -0.013704159253  0.071907371083 -0.087487654119  0.685889383348 -0.149644471400  0.265602314456 -0.001589220875 -0.430166039990  0.121405840870  0.685889383348  0.000000000000
  0.965779467681  0.072024576322  0.007789343870 -0.041033171621  0.049923893366  0.419157060878  0.085393015828 -0.621081864539  0.000903301520  0.245469646275 -0.069278943579  0.419157060878  0.000000000000
  0.969581749049 -0.044725051912 -0.003854215031  0.020383399410 -0.024799902576  0.587029329274 -0.042419337324  0.385672780757 -0.000446959122 -0.121938072185  0.034414604621  0.587029329274  0.000000000000
  0.973384030418  0.079010565429  0.001702352421 -0.009038366161  0.010996723153  0.351639355630  0.018809497636 -0.681323400993  0.000197415540  0.054069535859 -0.015260055086  0.351639355630  0.000000000000
  0.977186311787 -0.048284515240  0.006780034129 -0.036138115091  0.043968217249  0.350917409390  0.075206047012  0.416366722100  0.000786255586  0.216186318972 -0.061014304709  0.350917409390  0.000000000000
  0.980988593156  0.067622448102 -0.004766142126  0.025502760251 -0.031028483371  0.200381071070 -0.053073099733 -0.583121460710 -0.000552711948 -0.152563238244  0.043057950891  0.200381071070 -0.000000000000
  0.984790874525 -0.040506858671  0.015733415498 -0.084512951548  0.102824505502  0.031901179638  0.175877601564  0.349298483862  0.001824546248  0.505575452804 -0.142688653368  0.031901179638  0.000000000000
  0.988593155894  0.040423694560 -0.010103302323  0.054480011424 -0.066284281070  0.000000000000 -0.113376867888 -0.348581343636 -0.001171642759 -0.325911661351  0.091982108342  0.000000000000 -0.000000000000
  0.992395437262 -0.023082762485  0.020955095742 -0.113430709899  0.138007919976  0.000000000000  0.236057560828  0.199047129392  0.002430085273  0.678567976493 -0.191512365261  0.000000000000  0.000000000000
  0.996197718631  0.003674834896 -0.013065065350  0.070992647265 -0.086374735654  0.077955485553 -0.147740864577 -0.031688812707 -0.001515107509 -0.424693956718  0.119861453798  0.077955485553 -0.000000000000
  1.000000000000  0.000000000000  0.021277700530 -0.116059563809  0.141206371793  0.159321041201  0.241528397098  0.000000000000  0.002467496562  0.694294370871 -0.195950828449  0.159321041201  0.000000000000
