             Rad         v_r[Re]         v_t[Re]         v_x[Re]         p[Re]          p_mg[Re]  p_no_phase[Re]         v_r[Im]         v_t[Im]         v_x[Im]         p[Im]          p_mg[Im]  p_no_phase[Im]
  0.000000000000  0.179854747469  0.000000000000  0.117381858771 -0.035436306028  0.050072493202  0.031593128201 -0.004970159707  0.000000000000 -0.003579885144 -0.003402283742  0.050072493202 -0.016406753792
  0.003802281369  0.261822656042 -0.003467286616 -0.102682906193  0.030738953861  0.371935699343 -0.028532236652 -0.003226519337  0.206226691136 -0.003679829902  0.005024608498  0.371935699343  0.012491655082
  0.007604562738  0.294614722864  0.000621055844 -0.404366487971  0.121333560682  0.420041001887 -0.111384704792  0.009821309320  0.405919955897 -0.007069088027  0.017554945264  0.420041001887  0.051219689470
  0.011406844106  0.044686070048 -0.014250841299 -0.689268266058  0.205967694192  0.129799567457 -0.192800850894 -0.022592249094  0.461561860865 -0.034406167986  0.036646671358  0.129799567457  0.081200378490
  0.015209125475 -0.371776982435  0.022902777016 -0.494249761143  0.150016584390  0.168774512154 -0.130243199998 -0.010864611255  0.247646047997  0.036248552631  0.007957833298  0.168774512154  0.074866625121
  0.019011406844 -0.418872995455  0.000141184225  0.051007018187 -0.015288684902  0.332707154222  0.014106622630  0.031302666737 -0.020484469429  0.001321491874 -0.002343640474  0.332707154222 -0.006343479698
  0.022813688213 -0.127977729456 -0.005599926481  0.341451562643 -0.103074243677  0.132408664618  0.091922701297 -0.021670913117 -0.114151298306 -0.010249238882 -0.009946288979  0.132408664618 -0.047680660232
  0.026615969582  0.167606773213  0.012484224799  0.305154656923 -0.089884998340  0.293433557558  0.089840958060  0.019819322040 -0.087761894996  0.049343751731 -0.026482465158  0.293433557558 -0.026631487795
  0.030418250951  0.328663640558 -0.014109605881  0.008281321276 -0.004630344045  0.213635264431 -0.005109638082  0.051713265662 -0.001810087123 -0.056083671058  0.016549802896  0.213635264431 -0.016408158353
  0.034220532319  0.098944845689 -0.013273721006 -0.347679162678  0.102032579810  0.146081810190 -0.103663651062 -0.087988476390  0.077813477474 -0.066133137802  0.033154034444  0.146081810190  0.027634847406
  0.038022813688 -0.290826831451  0.023907705851 -0.192178147049  0.062198635341  0.122268328515 -0.037317630461 -0.039025719842  0.038129868577  0.115466865384 -0.027391035171  0.122268328515  0.056800823082
  0.041825095057 -0.175316222562  0.003330853665  0.230253417504 -0.068379458896  0.109084832654  0.065870293704  0.122082956693 -0.042089638958  0.022633318180 -0.015592011206  0.109084832654 -0.024082475364
  0.045627376426  0.144110742221 -0.020771230688  0.161726533846 -0.053256643961  0.064953560490  0.028256910435 -0.023916296637 -0.026663850373 -0.121116887873  0.030252058672  0.064953560490 -0.054341551253
  0.049429657795  0.084095808709  0.010177275143 -0.057762588046  0.019844072552  0.236281098074 -0.007257826132 -0.088754938542  0.008727456949  0.064822819917 -0.017289869923  0.236281098074  0.025299224835
  0.053231939163  0.029695041676  0.007554641851 -0.009178408666  0.004764263777  0.208345264712  0.004396586618  0.104965257180  0.001172645026  0.052523116000 -0.015444823957  0.208345264712  0.015553482648
  0.057034220532  0.064110742792 -0.019170430124 -0.112947772766  0.028417479133  0.298794006473 -0.049967133753 -0.010429653829  0.015482473803 -0.145422994261  0.048042052405  0.298794006473 -0.024877247919
  0.060836501901 -0.181455104617  0.009217725076 -0.137300527340  0.043994028948  0.265320138910 -0.028188845317 -0.151336718332  0.017053750096  0.070873593505 -0.016074625551  0.265320138910  0.037406646059
  0.064638783270 -0.157470982812  0.018693554204  0.242830696842 -0.066807566059  0.274253130343  0.087750199510  0.136420815494 -0.029034312437  0.162956515738 -0.058270667866  0.274253130343  0.012594606081
  0.068441064639  0.273018890318 -0.022122203375  0.181594388399 -0.062048652276  0.231277435196  0.023979032246  0.121402404565 -0.019834662762 -0.194951248309  0.051697847312  0.231277435196 -0.077121389241
  0.072243346008  0.135354097384 -0.008832589305 -0.296503059502  0.085760438824  0.221196116161 -0.092723521429 -0.228197380425  0.031499592097 -0.089253487642  0.038154225947  0.221196116161  0.014592683056
  0.076045627376 -0.274013320343  0.025729493047 -0.096713648968  0.038797171895  0.199651917124  0.007041381173 -0.011466463167  0.009219622991  0.254556687998 -0.072861446327  0.199651917124  0.082246154068
  0.079847908745 -0.008166930734 -0.005807302101  0.248976058231 -0.077011322110  0.253606022941  0.060644882218  0.231133193794 -0.023693382454 -0.056029872387  0.007349626516  0.253606022941 -0.048030813067
  0.083650190114  0.173734731497 -0.018633768829 -0.071687872530  0.013712770234  0.270653922939 -0.046608823992 -0.136908600446  0.006896578949 -0.205617848958  0.064569855389  0.270653922939 -0.046743168682
  0.087452471483 -0.155189591667  0.018507872072 -0.102339405017  0.038794617278  0.341429309956 -0.000332131688 -0.125606841571  0.008581647585  0.210150736767 -0.059292789576  0.341429309956  0.070855817786
  0.091254752852  0.005241992947  0.003853518836  0.232736731383 -0.068062759870  0.354077709659  0.070212191178  0.253551841606 -0.019543067908  0.050505447569 -0.024068623430  0.354077709659 -0.016795419759
  0.095057034221  0.264305568848 -0.023541052350 -0.103178889166  0.019764953656  0.387530100121 -0.066985143082 -0.058276172474  0.008733834650 -0.295196108154  0.092709894542  0.387530100121 -0.067072859975
  0.098859315589 -0.205176059063  0.012522659306 -0.296043471890  0.095002949209  0.375910930596 -0.060282955872 -0.272904302796  0.022622640216  0.156596959124 -0.035796794094  0.375910930596  0.081688041090
  0.102661596958 -0.252255772285  0.018632996386  0.295253797455 -0.079011673411  0.372601379505  0.114336483008  0.248471426579 -0.022309569259  0.256279545824 -0.088335543785  0.372601379505  0.031195856846
  0.106463878327  0.349224755761 -0.023867734442  0.215934311369 -0.077485551288  0.349711278765  0.015756082644  0.167993001233 -0.015029801555 -0.328874696254  0.090661754056  0.349711278765 -0.118217216034
  0.110266159696  0.109076268389 -0.005823486294 -0.394139223347  0.115031099656  0.349606006461 -0.119707062078 -0.359737953816  0.027397953553 -0.091638880992  0.042596999907  0.349606006461  0.026774569611
  0.114068441065 -0.371257286370  0.025688508363 -0.015003236939  0.019152211593  0.349828864287  0.046335363016  0.031619856511  0.000515687667  0.383695299742 -0.114814471481  0.349828864287  0.106781104155
  0.117870722433  0.110953917436 -0.009527758986  0.346709909837 -0.109628192125  0.385102247692  0.076229170457  0.331643191851 -0.022273822337 -0.140572200989  0.029044502646  0.385102247692 -0.083970454411
  0.121673003802  0.246718926075 -0.017372422391 -0.223493362141  0.056479234564  0.409996691473 -0.098014963317 -0.247697661010  0.014352696868 -0.281236176536  0.093102531664  0.409996691473 -0.047445255875
  0.125475285171 -0.311663497693  0.021073639863 -0.154207572426  0.059483376585  0.452371246956  0.003036271194 -0.158890208931  0.008981430663  0.343567616049 -0.097435546946  0.452371246956  0.114117215861
  0.129277566540 -0.009474163623  0.002342450565  0.391411612423 -0.115909352183  0.469081006911  0.113110895057  0.384985689866 -0.023157873265  0.047124115457 -0.029106202147  0.469081006911 -0.038575566702
  0.133079847909  0.397455732214 -0.024128932685 -0.120749763238  0.020169555512  0.486110862398 -0.088593498510 -0.100629160529  0.007385444496 -0.423075884912  0.131837034625  0.486110862398 -0.099694567004
  0.136882129278 -0.255353522609  0.013393332259 -0.404246314641  0.130440433581  0.479715678228 -0.079855717264 -0.373409056617  0.022290423274  0.232551494048 -0.054509645214  0.479715678228  0.116657929668
  0.140684410646 -0.317337834257  0.017543880608  0.373843946752 -0.099812431507  0.473029797371  0.145564177431  0.345447087111 -0.020619554948  0.330534812295 -0.113664693366  0.473029797371  0.041149170713
  0.144486692015  0.442134281491 -0.023674431240  0.241066937698 -0.089423282585  0.458704830829  0.007533855964  0.202042192800 -0.012286739452 -0.443658416467  0.124221173245  0.458704830829 -0.152874668814
  0.148288973384  0.090873187477 -0.004078081762 -0.499361885482  0.146784892855  0.458300072992 -0.148068155877 -0.471029930828  0.025784963921 -0.088738651040  0.045739724455  0.458300072992  0.041397444110
  0.152091254753 -0.467659432653  0.024612283405  0.042179634282  0.006062675042  0.463869250615  0.076102535308  0.071076326947 -0.002585083732  0.491326747373 -0.149363867354  0.463869250615  0.128665166301
  0.155893536122  0.196100415340 -0.010813426744  0.435042623805 -0.138941503805  0.489353236312  0.090886581250  0.414674268468 -0.021098149700 -0.212629087829  0.047343400537  0.489353236312 -0.115263907632
  0.159695817490  0.308318837940 -0.016052517564 -0.332801771947  0.087022932008  0.513117275729 -0.135893314421 -0.339084725513  0.016214245526 -0.342251737396  0.115622257190  0.513117275729 -0.049744388114
  0.163498098859 -0.425204340384  0.021232288501 -0.192061196018  0.074975552827  0.543106167685  0.006849834104 -0.185407525697  0.008563981722  0.451246789033 -0.128373063059  0.543106167685  0.148506082749
  0.167300380228 -0.014808336424  0.001532371934  0.507304832474 -0.150909617706  0.558105098130  0.144257324222  0.489129127186 -0.023177705669  0.043239403616 -0.032360015941  0.558105098130 -0.054869916678
  0.171102661597  0.495053129501 -0.023189513404 -0.144031417401  0.023370487897  0.567567148314 -0.108044976835 -0.134950871145  0.006867063741 -0.522678382329  0.162678379116  0.567567148314 -0.123841502402
  0.174904942966 -0.303605606589  0.013200605428 -0.484095259692  0.156772833605  0.561816732350 -0.093675719436 -0.450319825263  0.020878118882  0.293348704796 -0.069746180478  0.561816732350  0.143760601821
  0.178707224335 -0.365702376403  0.016122365912  0.443781101958 -0.118728414278  0.552857026446  0.171956921492  0.421595863892 -0.019263926766  0.385988415075 -0.133009538933  0.552857026446  0.047104043937
  0.182509505703  0.520499825780 -0.022482408456  0.260458463933 -0.098653805451  0.541167705317  0.001121803422  0.226301566959 -0.010467000772 -0.532739539342  0.150270226117  0.541167705317 -0.179756657024
  0.186311787072  0.078726320492 -0.003009287142 -0.584632562411  0.172586440397  0.539018674101 -0.170814480179 -0.556273500367  0.024012137656 -0.084585050018  0.047744236395  0.539018674101  0.053740160765
  0.190114068441 -0.543326535818  0.022918767912  0.082542348722 -0.002976803560  0.545020546846  0.097802112981  0.102211384721 -0.003750215102  0.572535464876 -0.175325482715  0.545020546846  0.145542546856
  0.193916349810  0.256466751523 -0.010907855076  0.501701945942 -0.161086640985  0.564618237753  0.101864391649  0.476536767355 -0.019543360748 -0.267639358257  0.061342921581  0.564618237753 -0.139052168792
  0.197718631179  0.353114354194 -0.014619397574 -0.410362946664  0.108656247615  0.585621007862 -0.162905949105 -0.407248552965  0.016122235596 -0.386577498535  0.131911581329  0.585621007862 -0.051657498784
  0.201520912548 -0.505380632900  0.020239501943 -0.217229362629  0.085562223294  0.608654561851  0.010371354128 -0.204053454696  0.007844264502  0.530341721716 -0.151198599811  0.608654561851  0.173419565371
  0.205323193916 -0.015738966451  0.001037132314  0.588771648767 -0.175566758034  0.620923346027  0.165966283826  0.564398830029 -0.021910486678  0.039098632681 -0.034223245329  0.620923346027 -0.066709142405
  0.209125475285  0.563158550552 -0.021543667584 -0.164494423676  0.026821678488  0.625762821687 -0.122944447437 -0.160637516754  0.006414366415 -0.593507123799  0.184759174266  0.625762821687 -0.140499173508
  0.212927756654 -0.341108946182  0.012474200214 -0.539287018244  0.175066622811  0.619009019377 -0.102908525708 -0.504088347908  0.019097641457  0.337803421763 -0.081008936764  0.619009019377  0.163158222578
  0.216730038023 -0.398789432146  0.014586871483  0.495998896275 -0.132992602827  0.607947824626  0.191177798919  0.475933598783 -0.017748168981  0.423702612538 -0.146343590452  0.607947824626  0.050542339414
  0.220532319392  0.577065637966 -0.020778951434  0.273243862065 -0.104885310391  0.596443227313 -0.003607253239  0.242021400883 -0.009063617362 -0.595287962238  0.168592285877  0.596443227313 -0.198522731487
  0.224334600760  0.070190529225 -0.002315829305 -0.644514717867  0.190756812147  0.592308364315 -0.186612667221 -0.615016630407  0.021976557965 -0.080331897307  0.048750080978  0.592308364315  0.062772957621
  0.228136882129 -0.595088319184  0.020914788974  0.110108419988 -0.009175352261  0.597267896958  0.112536057268  0.124380263054 -0.004082128168  0.627343594238 -0.192859498235  0.597267896958  0.156890436175
  0.231939163498  0.296733417179 -0.010395983299  0.545783885792 -0.175791344088  0.612932316055  0.108917071188  0.517391343701 -0.017766169783 -0.305592354772  0.071074353641  0.612932316055 -0.155213504586
  0.235741444867  0.381671035986 -0.013139968328 -0.461472173741  0.122953476527  0.631202502999 -0.180561775610 -0.452941959556  0.015193644817 -0.414688677727  0.142315462228  0.631202502999 -0.052618374810
  0.239543726236 -0.557228185565  0.018692267571 -0.231771338679  0.091919478733  0.649832702071  0.013234053217 -0.215001604524  0.007030917256  0.582341475843 -0.166281382160  0.649832702071  0.189535085035
  0.243346007605 -0.014532522488  0.000708255965  0.640542982284 -0.191301138378  0.659444838937  0.179538129531  0.612760010000 -0.020107918181  0.034763210389 -0.034894871170  0.659444838937 -0.074698310712
  0.247148288973  0.605510573357 -0.019591187431 -0.179608151373  0.029672803149  0.661033808316 -0.132908271487 -0.178251354397  0.005920272265 -0.637902465395  0.198686665421  0.661033808316 -0.150639495595
  0.250950570342 -0.366099874216  0.011489906051 -0.572560290588  0.186185079559  0.652723074115 -0.108165534973 -0.536892375415  0.017199023179  0.366955620204 -0.088506162681  0.652723074115  0.175494848150
  0.254752851711 -0.417941184599  0.013046900278  0.529431738295 -0.142210846229  0.639629501246  0.203189621910  0.510090836829 -0.016113161189  0.445608951037 -0.154207054126  0.639629501246  0.052131735780
  0.258555133080  0.611797257564 -0.018853375705  0.279420209132 -0.108199248062  0.627346496590 -0.006937724507  0.250339392374 -0.007891606009 -0.633461385791  0.179836339528  0.627346496590 -0.209761899007
  0.262357414449  0.063891892891 -0.001843699288 -0.679962194160  0.201570117358  0.621280737467 -0.195767137027 -0.649588513988  0.019820394646 -0.076312962923  0.048894026341  0.621280737467  0.068530037820
  0.266159695817 -0.624493653967  0.018804635828  0.127523945460 -0.013232002878  0.624892214368  0.121360342137  0.138324166432 -0.004015166243  0.658285899714 -0.202829147044  0.624892214368  0.163053415012
  0.269961977186  0.320455420844 -0.009584674881  0.569448474022 -0.183772031115  0.637852157761  0.112404388313  0.539325458361 -0.015920667398 -0.328239871803  0.076982087296  0.637852157761 -0.164510348223
  0.273764258555  0.395953991521 -0.011680240631 -0.490486887431  0.131157904148  0.653857343741 -0.190282226357 -0.478759011764  0.013899445088 -0.428343991056  0.147529053711  0.653857343741 -0.052534672762
  0.277566539924 -0.585241446626  0.016911289459 -0.237540413420  0.094732164529  0.669621530817  0.015370957612 -0.219049603352  0.006211624395  0.610587949792 -0.174555689485  0.669621530817  0.198009104311
  0.281368821293 -0.012170611834  0.000475960648  0.667185421341 -0.199486023970  0.676946866770  0.186220339690  0.637736035808 -0.018110888380  0.030233767078 -0.034549326704  0.676946866770 -0.079437490022
  0.285171102662  0.625978664082 -0.017552266837 -0.189136786609  0.031714039543  0.676120350793 -0.138350546727 -0.188891868745  0.005396881780 -0.659504892421  0.205546641366  0.676120350793 -0.155287888458
  0.288973384030 -0.379421254514  0.010405112670 -0.587099225811  0.191163770841  0.666153843940 -0.110047780172 -0.551754026860  0.015311959424  0.382849852323 -0.092731212043  0.666153843940  0.181747492550
  0.292775665399 -0.425041518475  0.011566183048  0.545880197081 -0.146832574434  0.651102512144  0.208801315054  0.526874527760 -0.014453492008  0.454119802919 -0.157394094575  0.651102512144  0.052294519349
  0.296577946768  0.627215133128 -0.016880891643  0.279662919001 -0.108931376615  0.637725972582 -0.009142053021  0.252467632641 -0.006877655868 -0.650736151947  0.185022040304  0.637725972582 -0.214512524287
  0.300380228137  0.059061692121 -0.001509802986 -0.694149969825  0.205977416121  0.629875525877 -0.199158029567 -0.663530451689  0.017670147442 -0.072626179204  0.048326668361  0.629875525877  0.071401975363
  0.304182509506 -0.634695398382  0.016717653233  0.136861711445 -0.015632424866  0.632271091958  0.125315414392  0.145245421934 -0.003752629865  0.668970447628 -0.206398556137  0.632271091958  0.164744601121
  0.307984790875  0.330767843009 -0.008645137329  0.575847675567 -0.186067156731  0.643436540723  0.112875295927  0.545240359967 -0.014109135131 -0.337955799035  0.079659744547  0.643436540723 -0.168005444212
  0.311787072243  0.398323501570 -0.010287185137 -0.501470390686  0.134404060529  0.657739289915 -0.193478328806 -0.487936026746  0.012473914424 -0.429834246054  0.148396300105  0.657739289915 -0.051498054855
  0.315589353612 -0.593770692763  0.015078168474 -0.236209566654  0.094655417209  0.671739006703  0.016848795683 -0.217262739883  0.005427157358  0.619065526593 -0.177155892565  0.671739006703  0.200149884741
  0.319391634981 -0.009094474129  0.000303592599  0.673262315786 -0.201493870053  0.677204099553  0.187258943432  0.643372265860 -0.016097878431  0.025506637548 -0.033359629824  0.677204099553 -0.081527496439
  0.323193916350  0.628531345027 -0.015552953883 -0.193721002053  0.032983200234  0.674564279554 -0.139979723752 -0.193828072830  0.004871484284 -0.662372827454  0.206584018658  0.674564279554 -0.155468727404
  0.326996197719 -0.382856474015  0.009311791507 -0.586294981239  0.191113096456  0.663029665333 -0.109169503401 -0.551954901629  0.013510506882  0.387860372052 -0.094268689717  0.663029665333  0.183010439661
  0.330798479087 -0.422230865713  0.010181822143  0.548132319413 -0.147599039428  0.646087118882  0.209109237688  0.529458674961 -0.012843100367  0.451782188043 -0.156777046753  0.646087118882  0.051359960495
  0.334600760456  0.626670053772 -0.014966143525  0.274965416564 -0.107528039992  0.631590979883 -0.010457320916  0.249642966967 -0.005988862170 -0.650980459975  0.185274748810  0.631590979883 -0.213961810542
  0.338403041825  0.055259904725 -0.001266891477 -0.690918885558  0.205132066021  0.622110141195 -0.197840287827 -0.660722846617  0.015610454867 -0.069315599995  0.047207807055  0.622110141195  0.071881583660
  0.342205323194 -0.629275742054  0.014731897292  0.139844811259 -0.016746775008  0.623585795180  0.125381857564  0.146426109858 -0.003399780579  0.663276586429 -0.204800090987  0.623585795180  0.162797179138
  0.346007604563  0.330472220755 -0.007675360229  0.568325965920 -0.183776454811  0.633699067510  0.110919666995  0.538233478315 -0.012393104231 -0.337202776763  0.079720291489  0.633699067510 -0.166811083840
  0.349809885932  0.391149029145 -0.008989816924 -0.498163733941  0.133725486019  0.646841468166 -0.191487140390 -0.483759718017  0.011042485119 -0.421557183493  0.145781007347  0.646841468166 -0.049671750316
  0.353612167300 -0.586885404779  0.013296570873 -0.229279470221  0.092292987287  0.659960067077  0.017782848957 -0.210771833051  0.004697028296  0.611769894921 -0.175226336698  0.659960067077  0.197246127612
  0.357414448669 -0.005512569618  0.000170469949  0.663097359559 -0.198624565754  0.663960103237  0.183836213083  0.633675090042 -0.014166308385  0.020591142417 -0.031493559231  0.663960103237 -0.081534098100
  0.361216730038  0.616967632983 -0.013664413357 -0.194294402055  0.033609247062  0.659980077293 -0.138573737734 -0.194306008114  0.004366035296 -0.650484568169  0.203030795414  0.659980077293 -0.152145997598
  0.365019011407 -0.378427721822  0.008263002163 -0.573439796192  0.187112703262  0.647029211241 -0.106121391370 -0.540684519376  0.011835807747  0.384335073698 -0.093699047894  0.647029211241  0.180357771088
  0.368821292776 -0.411645552763  0.008913595964  0.539162470885 -0.145311121331  0.628224432188  0.205248251228  0.520951972433 -0.011329252930  0.441048847215 -0.153207002723  0.628224432188  0.049607086527
  0.372623574144  0.613594629084 -0.013168976348  0.266409391611 -0.104458172656  0.612709901867 -0.011082882791  0.243054178288 -0.005207598646 -0.637958909182  0.181685302654  0.612709901867 -0.209280263628
  0.376425855513  0.052234315580 -0.001086847521 -0.674088293709  0.200180900573  0.601716162389 -0.192863198589 -0.644917340808  0.013691323052 -0.066426903357  0.045696910972  0.601716162389  0.070458407989
  0.380228136882 -0.611718229294  0.012891096812  0.137915314576 -0.016866805758  0.602619484338  0.122442455280  0.143062032516 -0.003014074050  0.644923621611 -0.199207265285  0.602619484338  0.158037555106
  0.384030418251  0.322018088103 -0.006731148858  0.550049510994 -0.177939682854  0.612322926694  0.107100556961  0.521265551116 -0.010806256783 -0.328276915405  0.077733418062  0.612322926694 -0.161970632265
  0.387832699620  0.376622026338 -0.007803456111 -0.483892877448  0.130035685985  0.624783925398 -0.185515822000 -0.469274108978  0.009673185759 -0.405784923872  0.140493365896  0.624783925398 -0.047239234523
  0.391634980989 -0.568230734275  0.011623790303 -0.218065263867  0.088180993632  0.637785469715  0.018298300368 -0.200659102782  0.004029671556  0.592386507450 -0.169825150518  0.637785469715  0.190477404408
  0.395437262357 -0.001526347894  0.000064268152  0.640585791663 -0.192048667388  0.640648017350  0.177019058006  0.612321024314 -0.012367865285  0.015509326553 -0.029106371914  0.640648017350 -0.079963270533
  0.399239543726  0.594726128814 -0.011924130438 -0.191830749918  0.033746302998  0.635713766872 -0.134876420240 -0.191457005985  0.003894769321 -0.627475497751  0.196017378959  0.635713766872 -0.146184736150
  0.403041825095 -0.368084569296  0.007287848224 -0.551531967599  0.180146128526  0.621505473450 -0.101440410561 -0.520849359436  0.010307986090  0.374419692215 -0.091553160030  0.621505473450  0.174769710876
  0.406844106464 -0.395259270948  0.007769754596  0.521770903726 -0.140725876788  0.600804493900  0.198276248810  0.504182497578 -0.009938200920  0.424148787267 -0.147461128546  0.600804493900  0.047276696032
  0.410646387833  0.591163361844 -0.011520537764  0.255035831073 -0.100165085416  0.584425964262 -0.011183108378  0.233790232909 -0.004522134798 -0.615085349465  0.175240613239  0.584425964262 -0.201537229691
  0.414448669202  0.049843963629 -0.000952267797 -0.647141217771  0.192169034725  0.571972491522 -0.185186162031 -0.619503537373  0.011938219715 -0.064020861252  0.043945154743  0.571972491522  0.067573662952
  0.418250950570 -0.585164175548  0.011216327918  0.132266651444 -0.016223796366  0.572656103811  0.117262815633  0.136194447557 -0.002627406397  0.617256108178 -0.190671408569  0.572656103811  0.151222450992
  0.422053231939  0.307490178373 -0.005843017839  0.523833133237 -0.169480262787  0.582531340149  0.101921832101  0.496994464666 -0.009363880660 -0.313194484798  0.074198064959  0.582531340149 -0.154404833018
  0.425855513308  0.356666078909 -0.006733765962 -0.461517104484  0.124117074545  0.594710117336 -0.176612192397 -0.447148565037  0.008401303659 -0.384547152973  0.133252853303  0.594710117336 -0.044379100975
  0.429657794677 -0.540952280492  0.010088666195 -0.203685572570  0.082779042114  0.608295352845  0.018514016970 -0.187897960242  0.003427199667  0.564144377103 -0.161880697877  0.608295352845  0.180872776652
  0.433460076046  0.002818455305 -0.000022718831  0.609098397382 -0.182778757746  0.610264242392  0.167732014523  0.582524521858 -0.010726869405  0.010289969036 -0.026335338851  0.610264242392 -0.077250214625
  0.437262357414  0.564789116644 -0.010348511369 -0.187235794312  0.033545665909  0.604696499111 -0.129552296474 -0.186261583217  0.003465629423 -0.596518987343  0.186532642659  0.604696499111 -0.138332718318
  0.441064638783 -0.353570863943  0.006400486087 -0.523179419172  0.171068966172  0.589371081560 -0.095593231039 -0.494985737637  0.008933563400  0.359983515059 -0.088293659947  0.589371081560  0.167099658149
  0.444866920152 -0.374803101309  0.006750975582  0.498430044742 -0.134512584846  0.566657331182  0.189124344520  0.481606769877 -0.008681504890  0.403027762334 -0.140218900415  0.566657331182  0.044575305108
  0.448669201521  0.562149528094 -0.010033649944  0.241778671619 -0.095042550029  0.549590851872 -0.010891853751  0.222813294265 -0.003923042804 -0.585319017465  0.166794962828  0.549590851872 -0.191663803215
  0.452471482890  0.048014469804 -0.000852008688 -0.613093950501  0.182000636977  0.535647391269 -0.175643115335 -0.587412021046  0.010360185212 -0.062173672769  0.042090543660  0.535647391269  0.063603001194
  0.456273764259 -0.552313675033  0.009713978257  0.123869937922 -0.014999814251  0.536452096626  0.110487040681  0.126689128793 -0.002257176430  0.583156195586 -0.180096310607  0.536452096626  0.143011500808
  0.460076045627  0.288617034830 -0.005025996274  0.492072699071 -0.159183512176  0.547050384165  0.095814647349  0.467707506534 -0.008069360826 -0.293654280217  0.069533685968  0.547050384165 -0.144892640897
  0.463878326996  0.332902953434 -0.005779939634 -0.433422416742  0.116620781385  0.559258665892 -0.165656747541 -0.419635259920  0.007242680063 -0.359584130909  0.124673850826  0.559258665892 -0.041253093517
  0.467680608365 -0.507679788103  0.008702402362 -0.187060864161  0.076467983404  0.574104882756  0.018536975988 -0.173326526320  0.002887960600  0.529770257739 -0.152177861470  0.574104882756  0.169298064161
  0.471482889734  0.007511594819 -0.000095536533  0.571456637268 -0.171662210383  0.575331827201  0.156749612923  0.546998810564 -0.009250904715  0.004962197801 -0.023296875780  0.575331827201 -0.073757831741
  0.475285171103  0.529655065530 -0.008940798013 -0.181306819698  0.033144902341  0.569401551300 -0.123171202586 -0.179543217455  0.003082124265 -0.560293426351  0.175412467698  0.569401551300 -0.129216768372
  0.479087452471 -0.336379160901  0.005605764601 -0.490569552059  0.160599123028  0.553071750758 -0.088970323363 -0.465237011119  0.007710381567  0.342601637388 -0.084310755904  0.553071750758  0.158065377104
  0.482889733840 -0.351736314798  0.005853136164  0.471235022736 -0.127238409999  0.528130144533  0.178581496960  0.455289222630 -0.007561032366  0.379334102925 -0.132055955412  0.528130144533  0.041677779240
  0.486692015209  0.528883472228 -0.008709613678  0.227435997008 -0.089425296265  0.510564329983 -0.010317431024  0.210951177828 -0.003401852983 -0.551142489194  0.157064473341  0.510564329983 -0.180443018748
  0.490494296578  0.046710693905 -0.000778731926 -0.574462724118  0.170428999393  0.495001196049 -0.164933107608 -0.551095701818  0.008955680453 -0.060974523360  0.040255907928  0.495001196049  0.058852799185
  0.494296577947 -0.515404247728  0.008381171204  0.113500355463 -0.013336185412  0.496253560901  0.102643080698  0.115238496125 -0.001912264663  0.545029541978 -0.168234991988  0.496253560901  0.133959935635
  0.498098859316  0.266796241551 -0.004285575595  0.456735988042 -0.147693997991  0.508125268737  0.089134608896  0.435311038850 -0.006918581775 -0.271040233842  0.064081381702  0.508125268737 -0.134070735137
  0.501901140684  0.306651410528 -0.004937059840 -0.401545813258  0.108074164151  0.520580855505 -0.153368565368 -0.388575728155  0.006201443637 -0.332341159812  0.115264906119  0.520580855505 -0.038001403876
  0.505703422053 -0.470549240771  0.007465357215 -0.168920463946  0.069552422637  0.537376144614  0.018461727277 -0.157642027126  0.002408055862  0.491499132077 -0.141360929175  0.537376144614  0.156459631911
  0.509505703422  0.012571236100 -0.000157640227  0.529952597241 -0.159387372145  0.537914351368  0.144701196497  0.507969736059 -0.007937361217 -0.000449306963 -0.020085861961  0.537914351368 -0.069780656220
  0.513307984791  0.491353426916 -0.007696195812 -0.174725031274  0.032664915568  0.531856694479 -0.116208416848 -0.171977431590  0.002744862030 -0.520999045630  0.163344511674  0.531856694479 -0.119348355903
  0.517110266160 -0.317749260599  0.004902837765 -0.455479119631  0.149320274596  0.514607481995 -0.081886981169 -0.433368813124  0.006630936063  0.323567703662 -0.079925685535  0.514607481995  0.148253775428
  0.520912547529 -0.327247560411  0.005069261444  0.441907793080 -0.119369128459  0.487110140250  0.167297406890  0.426920230972 -0.006572559623  0.354432189425 -0.123448300714  0.487110140250  0.038730471544
  0.524714828897  0.493263724393 -0.007542717304  0.212663213271 -0.083587842078  0.469249951099 -0.009547512897  0.198903096156 -0.002950600993 -0.514584810442  0.146634322657  0.469249951099 -0.168515272073
  0.528517110266  0.045919566007 -0.000727507674 -0.533281517170  0.158061953882  0.451821295283 -0.153624952772 -0.512554635119  0.007716649131 -0.060523978233  0.038549098967  0.451821295283  0.053562936643
  0.532319391635 -0.476230811837  0.007209453947  0.101763590749 -0.011340416530  0.453838613868  0.094153501232  0.102374325843 -0.001596461950  0.504832283036 -0.155698823180  0.453838613868  0.124522475050
  0.536121673004  0.243128992158 -0.003621424611  0.419385158278 -0.135523168589  0.467566233735  0.082164892948  0.401352475735 -0.005902900838 -0.246444374202  0.058109946896  0.467566233735 -0.122442743841
  0.539923954373  0.278944271117 -0.004197791200 -0.367416888984  0.098892626574  0.480383194392 -0.140319051236 -0.355432942314  0.005274727434 -0.303986709741  0.105435771395  0.480383194392 -0.034742155094
  0.543726235741 -0.431246280813  0.006371404889 -0.149815305219  0.062266091549  0.499859644715  0.018372207697 -0.141407682684  0.001982294170  0.451114512921 -0.129945227141  0.499859644715  0.142917074550
  0.547528517110  0.018042506909 -0.000211497359  0.486393633550 -0.146497094241  0.499656335280  0.132082754234  0.467217990743 -0.006777596025 -0.005927069814 -0.016776514562  0.499656335280 -0.065551476686
  0.551330798479  0.451482660728 -0.006605248716 -0.168063820489  0.032210760903  0.493685140483 -0.109052671466 -0.164107953848  0.002452676510 -0.480401693808  0.150881688635  0.493685140483 -0.109134467193
  0.555133079848 -0.298688476742  0.004287508190 -0.419305953564  0.137692474201  0.475578191240 -0.074588307239 -0.400805262286  0.005684635721  0.303921905827 -0.075397925069  0.475578191240  0.138132722335
  0.558935361217 -0.302272805704  0.004390884254  0.411827880337 -0.111277261719  0.445070468751  0.155794743779  0.397853747396 -0.005708270837  0.329431582840 -0.114782246963  0.445070468751  0.035855139165
  0.562737642586  0.456794334189 -0.006523235093  0.197978490869 -0.077747896953  0.427149124192 -0.008653732252  0.187253716083 -0.002561718970 -0.477267799826  0.135972461478  0.427149124192 -0.156391683536
  0.566539923954  0.045639166656 -0.000694999188 -0.491145158945  0.145374823748  0.407472294378 -0.142169041871 -0.473383230005  0.006631285394 -0.060934271714  0.037064721129  0.407472294378  0.047912383215
  0.570342205323 -0.436186011446  0.006187294175  0.089121245078 -0.009091998501  0.410571372157  0.085348754475  0.088484380390 -0.001310518273  0.464119194850 -0.142972977863  0.410571372157  0.115063143297
  0.574144486692  0.218458212728 -0.003029750997  0.381214616297 -0.123061959045  0.426809893491  0.075122398044  0.367059100949 -0.005011142530 -0.220698719301  0.051824016511  0.426809893491 -0.110392933485
  0.577946768061  0.250554368817 -0.003553567616 -0.332206906881  0.089393207471  0.439981696901 -0.126949366676 -0.321334994908  0.004455625724 -0.275443035778  0.095508483167  0.439981696901 -0.031573314675
  0.581749049430 -0.391059062077  0.005410768491 -0.130133418653  0.054778572726  0.462949700771  0.018344627752 -0.125066628652  0.001604803616  0.410002593911 -0.118332813284  0.462949700771  0.129100044005
  0.585551330798  0.023998589354 -0.000258933526  0.442158071507 -0.133405515806  0.461835689257  0.119272019778  0.426134665207 -0.005759617781 -0.011461699097 -0.013424249554  0.461835689257 -0.061248897308
  0.589353612167  0.411258768609 -0.005656071495 -0.161804325908  0.031874166940  0.456159859168 -0.102017838155 -0.156365337750  0.002203414907 -0.439889402321  0.138459773369  0.456159859168 -0.098891011006
  0.593155893536 -0.280001614179  0.003753753769 -0.383110662583  0.126066004631  0.437240078773 -0.067256084977 -0.368675360583  0.004859320104  0.284485362245 -0.070933936883  0.437240078773  0.128065920364
  0.596958174905 -0.277521214018  0.003808983188  0.382074784462 -0.103253417077  0.403126770192  0.144485593830  0.369153328091 -0.004958453160  0.305224033329 -0.106367155742  0.403126770192  0.033153478467
  0.600760456274  0.420633330001 -0.005639415977  0.183774364224 -0.072071999844  0.385423309928 -0.007695918906  0.176491979446 -0.002228043797 -0.440462387402  0.125446113180  0.385423309928 -0.144471011991
  0.604562737643  0.045871684621 -0.000678978347 -0.449262755313  0.132726401551  0.362951166523 -0.130912242094 -0.434827178354  0.005685887886 -0.062331630567  0.035886868902  0.362951166523  0.042025586236
  0.608365019011 -0.396308487515  0.005301756182  0.075914307704 -0.006647277310  0.367458886066  0.076481129028  0.073829367932 -0.001053401134  0.424101041423 -0.130434574431  0.367458886066  0.105867848780
  0.612167300380  0.193406382869 -0.002504813844  0.343094403279 -0.110595146629  0.386988297075  0.068165090066  0.333384311121 -0.004230917864 -0.194409559845  0.045372720118  0.386988297075 -0.098201276392
  0.615969581749  0.222023363563 -0.002995408984 -0.296778923432  0.079808272934  0.400359796507 -0.113588881681 -0.287122230614  0.003735070062 -0.247422392952  0.085730165605  0.400359796507 -0.028575998354
  0.619771863118 -0.350932878156  0.004571864377 -0.110115736353  0.047202285421  0.427744485903  0.018450847406 -0.108959386828  0.001269421338  0.369210775868 -0.106829474622  0.427744485903  0.115326313680
  0.623574144487  0.030543188268 -0.000301333586  0.398253253368 -0.120415495176  0.425419665421  0.106544414438  0.385781098193 -0.004869818065 -0.017051226378 -0.010068095254  0.425419665421 -0.057004787278
  0.627376425856  0.371566248555 -0.004835821208 -0.156353887979  0.031736765267  0.420262847371 -0.095355961573 -0.149085511012  0.001994475340 -0.400533190920  0.126416391329  0.420262847371 -0.088857002305
  0.631178707224 -0.262324116064  0.003294718891 -0.347660803487  0.114696023098  0.400564742943 -0.060016153500 -0.337862994943  0.004142258022  0.265895802955 -0.066696215570  0.400564742943  0.118328458981
  0.634980988593 -0.253503383360  0.003314619644  0.353473670767 -0.095518498939  0.362098128940  0.133689207076  0.341640053787 -0.004312622953  0.282523547861 -0.098449232288  0.362098128940  0.030712064226
  0.638783269962  0.385643682594 -0.004878790948  0.170331635834 -0.066681940925  0.344959031030 -0.006726019509  0.167032364996 -0.001942849415 -0.405147331896  0.115338901056  0.344959031030 -0.133057521410
  0.642585551331  0.046618711031 -0.000678035382 -0.408512727559  0.120375339570  0.318941650191 -0.120113486041 -0.397842693877  0.004866075132 -0.064860496598  0.035092496836  0.318941650191  0.035978551692
  0.646387832700 -0.357331748040  0.004539611155  0.062384191529 -0.004043510381  0.325205743081  0.067738314390  0.058558319857 -0.000823081516  0.385704056848 -0.118371366440  0.325205743081  0.097157867065
  0.650190114068  0.168410745694 -0.002039890403  0.305613102142 -0.098315513512  0.349002460693  0.061399383991  0.301055732090 -0.003549475409 -0.167990467155  0.038857971042  0.349002460693 -0.086058106859
  0.653992395437  0.193689603229 -0.002514471117 -0.261735078815  0.070298298700  0.362225457012 -0.100473049425 -0.253393200042  0.003103018169 -0.220464749346  0.076286176231  0.362225457012 -0.025818555796
  0.657794676806 -0.311521918569  0.003842494458 -0.089870433796  0.039598992140  0.395105436919  0.018762015058 -0.093342753247  0.000969931318  0.329505156669 -0.095661468711  0.395105436919  0.101819367339
  0.661596958175  0.037814065798 -0.000339758730  0.355370645910 -0.107735110486  0.391119577724  0.094088347037  0.346947854868 -0.004094072122 -0.022699228591 -0.006733359734  0.391119577724 -0.052911011298
  0.665399239544  0.333006540582 -0.004131656447 -0.152065198902  0.031873554381  0.386745148343 -0.089270395897 -0.142526929514  0.001823167893 -0.363147213388  0.115009836663  0.386745148343 -0.079208474387
  0.669201520913 -0.246154887445  0.002903350562 -0.313472941046  0.103756515374  0.366296449128 -0.052945398854 -0.309056754772  0.003520781893  0.248641788131 -0.062811973452  0.366296449128  0.109121690015
  0.673003802281 -0.230558499019  0.002899362378  0.326639727089 -0.088235508604  0.322570911586  0.123649417324  0.315938764018 -0.003760255190  0.261906738660 -0.091225351799  0.322570911586  0.028607540701
  0.676806083650  0.352441936754 -0.004229018860  0.157833163474 -0.061661077504  0.306433932211 -0.005791805907  0.159237216076 -0.001699867320 -0.372066085721  0.105867422999  0.306433932211 -0.122378326169
  0.680608365019  0.047877810939 -0.000691406276 -0.369494497723  0.108495464841  0.275865293960 -0.109958675542 -0.363153967160  0.004157556304 -0.068689503450  0.034755189029  0.275865293960  0.029804005242
  0.684410646388 -0.319729377350  0.003888058397  0.048691174444 -0.001302209528  0.284263264170  0.059256026720  0.042721402843 -0.000617028551  0.349627677149 -0.106999807692  0.284263264170  0.089103186773
  0.688212927757  0.143754680207 -0.001627885828  0.269116707436 -0.086336672588  0.313600373869  0.054886845861  0.270622147521 -0.002954226138 -0.141692082848  0.032341941757  0.313600373869 -0.074077367540
  0.692015209125  0.165712670042 -0.002102407025 -0.227458880812  0.060963176058  0.326065684138 -0.087759813424 -0.220546982295  0.002549195504 -0.194974737913  0.067312831672  0.326065684138 -0.023361106364
  0.695817490494 -0.273235515790  0.003210604341 -0.069384566565  0.031985343247  0.365713145473  0.019352434070 -0.078408904261  0.000700195351  0.291424130518 -0.084991198296  0.365713145473  0.088724569686
  0.699619771863  0.045987715594 -0.000375013378  0.313934970236 -0.095492324940  0.359442053191  0.082019010604  0.310210129598 -0.003418415660 -0.028411963299 -0.003434366932  0.359442053191 -0.049025104774
  0.703422053232  0.295941097997 -0.003531350941 -0.149255153138  0.032356395295  0.356186160609 -0.083928440386 -0.136885707395  0.001686954657 -0.328345713600  0.104436919624  0.356186160609 -0.070071559076
  0.707224334601 -0.231887049337  0.002572797678 -0.280849901680  0.093352696133  0.335004952114 -0.046077805894 -0.282797632808  0.002982666185  0.233094084869 -0.059381154919  0.335004952114  0.100586695138
  0.711026615970 -0.208878319723  0.002555564744  0.302018777438 -0.081520260471  0.284968545849  0.114550894180  0.292520831996 -0.003291238426  0.243852065878 -0.084856410367  0.284968545849  0.026912002714
  0.714828897338  0.321441928147 -0.003678420000  0.146376014081 -0.057060008785  0.270385052617 -0.004940513036  0.153439459848 -0.001493283875 -0.341779729500  0.097196706523  0.270385052617 -0.112599448011
  0.718631178707  0.049639607432 -0.000718874244 -0.332574110951  0.097189206058  0.233929489120 -0.100574152725 -0.331306847673  0.003546593264 -0.074019153087  0.034949208414  0.233929489120  0.023495292006
  0.722433460076 -0.283754207133  0.003335181215  0.034930329124  0.001568133787  0.244871591310  0.051129474580  0.026279689066 -0.000432520730  0.316398666225 -0.096481937105  0.244871591310  0.081835200618
  0.726235741445  0.119594715076 -0.001261706746  0.233741413035 -0.074703906581  0.281461509877  0.048649776461  0.242497795464 -0.002433040323 -0.115627776652  0.025853528781  0.281461509877 -0.062307927739
  0.730038022814  0.138093172460 -0.001751597662 -0.194151416363  0.051851760440  0.292198774976 -0.075544118991 -0.188820765807  0.002063541258 -0.171256805260  0.058909359480  0.292198774976 -0.021260380545
  0.733840304183 -0.236277528599  0.002664751683 -0.048532137269  0.024337152108  0.340118327540  0.020303729478 -0.064304165574  0.000454207193  0.255326852311 -0.074931477972  0.340118327540  0.076123465062
  0.737642585551  0.055285430080 -0.000407680870  0.274145742258 -0.083747336532  0.330736309702  0.070390220563  0.275978446193 -0.002829433983 -0.034194632372 -0.000177165284  0.330736309702 -0.045374713364
  0.741444866920  0.260527520069 -0.003023675436 -0.148223081649  0.033257481339  0.329052564185 -0.079473257021 -0.132308485684  0.001583608761 -0.296595800463  0.094849533076  0.329052564185 -0.061534505833
  0.745247148289 -0.219835892164  0.002296652316 -0.249911707100  0.083531380076  0.307132349910 -0.039409226908 -0.259523904959  0.002516325957  0.219533672890 -0.056483678150  0.307132349910  0.092816001795
  0.749049429658 -0.188526769184  0.002276542690  0.279923039094 -0.075450696712  0.249636538379  0.106533865379  0.271742826688 -0.002896141422  0.228777535053 -0.079480025919  0.249636538379  0.025698592994
  0.752851711027  0.292892338106 -0.003216300267  0.135981026559 -0.052901293762  0.237283238646 -0.004222572550  0.149965556963 -0.001317713077 -0.314715250270  0.089454362358  0.237283238646 -0.103840260533
  0.756653992395  0.051884793300 -0.000760720191 -0.297922429071  0.086498718873  0.193177563257 -0.092038374644 -0.302718100856  0.003020248705 -0.081091263192  0.035753795160  0.193177563257  0.017008816181
  0.760456273764 -0.249470196148  0.002870224753  0.021145173695  0.004569849995  0.207093755230  0.043423655763  0.009111669854 -0.000266840080  0.286421085138 -0.086940926607  0.207093755230  0.075458560604
  0.764258555133  0.095983095318 -0.000934477599  0.199439178854 -0.063402666155  0.253289432013  0.042675406259  0.217003642264 -0.001974384539 -0.089794863345  0.019393757628  0.253289432013 -0.050742739491
  0.768060836502  0.110686899111 -0.001455295141 -0.161861096846  0.042969553038  0.260826805370 -0.063870391066 -0.158322396745  0.001636457254 -0.149548326666  0.051148991635  0.260826805370 -0.019574855777
  0.771863117871 -0.200678282446  0.002194382215 -0.027077960424  0.016592201617  0.318787445996  0.021709456452 -0.051147340203  0.000226090168  0.221436330348 -0.065558345795  0.318787445996  0.064046056541
  0.775665399240  0.065981113037 -0.000438138518  0.236010467591 -0.072502384719  0.305238278426  0.059204088011  0.244544533965 -0.002314454728 -0.040046772589  0.003037819523  0.305238278426 -0.041960697088
  0.779467680608  0.226747957403 -0.002598627055 -0.149268443998  0.034652804182  0.305758152348 -0.076035091498 -0.128903010876  0.001511320762 -0.268266049448  0.086369943280  0.305758152348 -0.053658632119
  0.783269961977 -0.210263885291  0.002069086339 -0.220619371792  0.074289077429  0.283033007286 -0.032900647410 -0.239613301524  0.002110888665  0.208176353567 -0.054185927647  0.283033007286  0.085863433312
  0.787072243346 -0.169454404558  0.002056689178  0.260561659329 -0.070074682974  0.216962465151  0.099707237713  0.253881096958 -0.002566351618  0.217077060106 -0.075222638658  0.216962465151  0.025047421186
  0.790874524715  0.266907605895 -0.002833137509  0.126599149624 -0.049183026293  0.207619955714 -0.003695631450  0.149158900647 -0.001168146890 -0.291209285983  0.082743497712  0.207619955714 -0.096186271355
  0.794676806084  0.054580588334 -0.000817707860 -0.265545293678  0.076414520750  0.153558957362 -0.084391654342 -0.277720439634  0.002566486309 -0.090200392792  0.037257753554  0.153558957362  0.010264884742
  0.798479087452 -0.216776397359  0.002483757889  0.007339361933  0.007714335082  0.170841193378  0.036182610739 -0.008983586843 -0.000117391428  0.260022397553 -0.078475392266  0.170841193378  0.070062235457
  0.802281368821  0.072886058342 -0.000639652111  0.165995436796 -0.052364535895  0.229907447292  0.036918522579  0.194405937435 -0.001567345738 -0.064091411130  0.012940161917  0.229907447292 -0.039325756198
  0.806083650190  0.083212747285 -0.001207710345 -0.130506918641  0.034284497776  0.232093668874 -0.052743015174 -0.129058095737  0.001258924686 -0.130051005307  0.044089294625  0.232093668874 -0.018370275954
  0.809885931559 -0.166318915016  0.001789980223 -0.004676802202  0.008651439663  0.302143427066  0.023680344666 -0.039047815079  0.000010051823  0.189877537365 -0.056922557058  0.302143427066  0.052481103140
  0.813688212928  0.078411264524 -0.000466557630  0.199369198514 -0.061708921775  0.283113530577  0.048418463240  0.216122900027 -0.001861605731 -0.045956659146  0.006213164540  0.283113530577 -0.038758829416
  0.817490494297  0.194429415435 -0.002247561919 -0.152708286245  0.036625683353  0.286725721035 -0.073741968840 -0.126746493225  0.001468772542 -0.243671593767  0.079105016086  0.286725721035 -0.046488345664
  0.821292775665 -0.203402932862  0.001884919630 -0.192791113071  0.065577688295  0.263006078945 -0.026479790716 -0.223423135379  0.001756176089  0.199194229475 -0.052546595169  0.263006078945  0.079752106866
  0.825095057034 -0.151507288840  0.001891551746  0.244066077572 -0.065416273292  0.187567891318  0.094160217199  0.239162732515 -0.002294127350  0.209156162077 -0.072211214307  0.187567891318  0.025051981562
  0.828897338403  0.243492123425 -0.002520680229  0.118114080856 -0.045881149922  0.182011920343 -0.003429071464  0.151404177396 -0.001039885872 -0.271547993010  0.077154604744  0.182011920343 -0.089700359087
  0.832699619772  0.057676207048 -0.000891095802 -0.235305444082  0.066881557547  0.115087264562 -0.077643955374 -0.256604077721  0.002174168305 -0.101707593489  0.039564423650  0.115087264562  0.003146832128
  0.836501901141 -0.185422695171  0.002167763731 -0.006513222024  0.011020659020  0.135890282493  0.029437843961 -0.028286710110  0.000018225946  0.237496560054 -0.071172737825  0.135890282493  0.065729954189
  0.840304182510  0.050198095315 -0.000371054933  0.133038515546 -0.041470549725  0.212333054097  0.031302386579  0.174952823280 -0.001201574308 -0.038328851571  0.006450215890  0.212333054097 -0.027956615925
  0.844106463878  0.055253947004 -0.001004068794 -0.099895394460  0.025730913543  0.206158179223 -0.042134956430 -0.100955830960  0.000922531934 -0.112961259049  0.037781953557  0.206158179223 -0.017725726304
  0.847908745247 -0.132948164781  0.001443139837  0.019132720339  0.000378438340  0.290603010192  0.026350421903 -0.028123910776 -0.000199695668  0.160711320135 -0.049060014557  0.290603010192  0.041384580575
  0.851711026616  0.092987644014 -0.000492891201  0.163910355229 -0.051272110925  0.264502026042  0.037952152160  0.190889035628 -0.001459779330 -0.051894498572  0.009351798814  0.264502026042 -0.035720017444
  0.855513307985  0.163255744942 -0.001963270928 -0.158894921618  0.039270454454  0.272450331399 -0.072730133995 -0.125891844867  0.001455193076 -0.223116812441  0.073159728943  0.272450331399 -0.040060481040
  0.859315589354 -0.199474246458  0.001739644913 -0.166110654646  0.057307716362  0.247321229742 -0.020040917508 -0.211329445494  0.001442621283  0.192734485450 -0.051622010845  0.247321229742  0.074480655098
  0.863117870722 -0.134429876483  0.001777893494  0.230510454109 -0.061480477999  0.162625889221  0.089972627768  0.227793612924 -0.002072592704  0.205468018952 -0.070584864692  0.162625889221  0.025826315090
  0.866920152091  0.222557807959 -0.002271994304  0.110340774556 -0.042950420605  0.161315298530 -0.003509278846  0.157153444748 -0.000928452175 -0.256004037498  0.072776741744  0.161315298530 -0.084432681652
  0.870722433460  0.061096903376 -0.000982672296 -0.206936110715  0.057802659148  0.078410231082 -0.071780782969 -0.239655918097  0.001832981171 -0.116056979686  0.042797183033  0.078410231082 -0.004501719284
  0.874524714829 -0.155017074668  0.001915691178 -0.020459575541  0.014514469070  0.101889349322  0.023216181447 -0.049161838920  0.000142176163  0.219145331102 -0.065121916488  0.101889349322  0.062550321650
  0.878326996198  0.027752510731 -0.000122877057  0.100040385152 -0.030551746729  0.201775086974  0.025717793283  0.158910111975 -0.000867167145 -0.012240678170 -0.000136078119  0.201775086974 -0.016493115353
  0.882129277567  0.026252070798 -0.000840652918 -0.069731347740  0.017211581568  0.183297617921 -0.031994699891 -0.073884999270  0.000619442071 -0.098500589717  0.032282316847  0.183297617921 -0.017740510139
  0.885931558935 -0.100191665398  0.001146589686  0.044940072590 -0.008403021837  0.284613748072  0.029884314096 -0.018522140536 -0.000409044324  0.133965138284 -0.042001467861  0.284613748072  0.030686509242
  0.889733840304  0.110213215147 -0.000516850063  0.129177719080 -0.041052610681  0.249568571290  0.027687924383  0.169015481333 -0.001098530347 -0.057804076427  0.012454224807  0.249568571290 -0.032768939601
  0.893536121673  0.132771093299 -0.001740027781 -0.168234397626  0.042696430914  0.263559273013 -0.073154579659 -0.126371885796  0.001470406524 -0.206937047672  0.068650421017  0.263559273013 -0.034413267695
  0.897338403042 -0.198706293303  0.001629426392 -0.140127268625  0.049348914969  0.236240526216 -0.013442655229 -0.203766519805  0.001161136746  0.188935989667 -0.051471133934  0.236240526216  0.070027766332
  0.901140684411 -0.117861475661  0.001713753379  0.219927463913 -0.058256574711  0.144306163407  0.087224181268  0.219984418382 -0.001895694684  0.206551169083 -0.070506788748  0.144306163407  0.027513232428
  0.904942965779  0.203935161773 -0.002081483383  0.103019336802 -0.040323919768  0.146694426332 -0.004045958964  0.166954904641 -0.000829485843 -0.244871949232  0.069708397876  0.146694426332 -0.080429530994
  0.908745247148  0.064736122007 -0.001094811999 -0.180046165448  0.049039323630  0.047885715198 -0.066767225003 -0.227197756886  0.001533309653 -0.133795768908  0.047105669971  0.047885715198 -0.012881656373
  0.912547528517 -0.125024103164  0.001722491594 -0.034559492717  0.018227125048  0.068355403883  0.017547375737 -0.072064154928  0.000256361906  0.205319327577 -0.060426086155  0.068355403883  0.060626970733
  0.916349809886  0.005328576069  0.000110359136  0.066308196193 -0.019386820989  0.199488593057  0.020020091363  0.146597615922 -0.000554503758  0.014512463285 -0.006894336049  0.199488593057 -0.004751488130
  0.920152091255 -0.004506821375 -0.000714844964 -0.039622703893  0.008597980727  0.164061475790 -0.022251712223 -0.047673161014  0.000342318850 -0.086947178049  0.027659080443  0.164061475790 -0.018542149462
  0.923954372624 -0.067553716230  0.000894194222  0.073481310993 -0.017913419991  0.284695158569  0.034486083321 -0.010438230859 -0.000624126301  0.109661839308 -0.035781872915  0.284695158569  0.020296381507
  0.927756653992  0.130702100710 -0.000537867040  0.094568372471 -0.030865560368  0.238563103053  0.017473311083  0.150707198334 -0.000767925013 -0.063592406120  0.015515484132  0.238563103053 -0.029800947376
  0.931558935361  0.102374441749 -0.001573631010 -0.181206403722  0.047032270976  0.260859093371 -0.075200063992 -0.128201565961  0.001514880456 -0.195541055522  0.065718318781  0.260859093371 -0.029595308957
  0.935361216730 -0.201351312247  0.001551084171 -0.114247036437  0.041528230818  0.230043334000 -0.006503641271 -0.201268433612  0.000902943349  0.187944278800 -0.052160392694  0.230043334000  0.066355129199
  0.939163498099 -0.101325703796  0.001698518774  0.212319720174 -0.055719981887  0.135994921224  0.086002977977  0.215975590955 -0.001758135778  0.213070442555 -0.072177017504  0.135994921224  0.030293993075
  0.942965779468  0.187377830955 -0.001944901846  0.095803702385 -0.037910990140  0.139510040752 -0.005179848690  0.181485578107 -0.000738623998 -0.238503265872  0.068068493994  0.139510040752 -0.077741444645
  0.946768060837  0.068445212801 -0.001230554921 -0.154116542843  0.040409712371  0.043895940062 -0.062550173567 -0.219625108680  0.001266071432 -0.155598620505  0.052672966125  0.043895940062 -0.022245493949
  0.950570342205 -0.094754099547  0.001584659108 -0.048877866237  0.022195009623  0.034659576088  0.012471807666 -0.097551418328  0.000362408399  0.196460621383 -0.057215713035  0.034659576088  0.060089186080
  0.954372623574 -0.017344479258  0.000333854574  0.030965843789 -0.007696644811  0.206516784241  0.014023915063  0.138427672486 -0.000254042277  0.042341008537 -0.013914557534  0.206516784241  0.007495535940
  0.958174904943 -0.037914786958 -0.000625182194 -0.009079284042 -0.000271384235  0.149481019409 -0.012820621563 -0.022120634797  0.000084222947 -0.078670190631  0.024004558763  0.149481019409 -0.020295914701
  0.961977186312 -0.034411317290  0.000680948763  0.105665129557 -0.028424252990  0.291489020465  0.040410044906 -0.004140948802 -0.000851477310  0.087847825588 -0.030449856410  0.291489020465  0.010107432126
  0.965779467681  0.155204436387 -0.000555047708  0.059321118492 -0.020476603946  0.231893539700  0.007119142318  0.136237898909 -0.000458350734 -0.069116790944  0.018521708645  0.231893539700 -0.026677009070
  0.969581749049  0.071304597487 -0.001461457092 -0.198386364497  0.052430898731  0.265358976428 -0.079093080797 -0.131378192790  0.001589780338 -0.189456161045  0.064543958316  0.265358976428 -0.025675012501
  0.973384030418 -0.207700891492  0.001502072865 -0.087714537716  0.033624830011  0.229064910021  0.001004313733 -0.204514519595  0.000659364467  0.189925517755 -0.053768581114  0.229064910021  0.063408838991
  0.977186311787 -0.084212118929  0.001733021478  0.207666994103 -0.053832673899  0.141293659545  0.086413528253  0.216062335404 -0.001655290194  0.225862985472 -0.075846530239  0.141293659545  0.034399928245
  0.980988593156  0.172560495327 -0.001859374761  0.088244297293 -0.035593416340  0.140919001496 -0.007092255793  0.201589339558 -0.000651361132 -0.237343077824  0.068008034143  0.140919001496 -0.076430909340
  0.984790874525  0.072020054961 -0.001393709801 -0.128487375805  0.031683649275  0.075133928783 -0.059058710995 -0.217448487431  0.001022518925 -0.182297306702  0.059724028541  0.075133928783 -0.032907170527
  0.988593155894 -0.063342158077  0.001500289467 -0.063476940025  0.026458961504  0.000000000000  0.008048675910 -0.126299917806  0.000461650183  0.193148944650 -0.055662762336  0.000000000000  0.061103507026
  0.992395437262 -0.040586473818  0.000552600892 -0.007075562845  0.004864661874  0.000000000000  0.007495290115  0.134947779255  0.000043922487  0.071727786150 -0.021300393465  0.000000000000  0.020522970619
  0.996197718631 -0.075074562500 -0.000571434563  0.022494576780 -0.009594682074  0.206255836798 -0.003604297676  0.002986188172 -0.000161514685 -0.074168554063  0.021446063413  0.206255836798 -0.023216386418
  1.000000000000  0.000000000000  0.000502981293  0.142607697386 -0.040267402748  0.405920431004  0.047974104653  0.000000000000 -0.001098229965  0.068622125087 -0.026077787352  0.405920431004 -0.000000000000
