             Rad         v_r[Re]         v_t[Re]         v_x[Re]         p[Re]          p_mg[Re]  p_no_phase[Re]         v_r[Im]         v_t[Im]         v_x[Im]         p[Im]          p_mg[Im]  p_no_phase[Im]
  0.000000000000 -0.157074494142  0.000000000000 -0.071851217806 -0.000000000000  0.091103243326 -0.000000000000 -0.497337097751  0.000000000000  0.212126701279 -0.000000000000  0.091103243326  0.000000000000
  0.007874015748 -0.056668059617 -0.087093345598  0.305955087554 -0.000000000000  0.151320132869 -0.000000000000 -0.245161914674  0.027677580031 -0.033518818659 -0.000000000000  0.151320132869 -0.000000000000
  0.015748031496 -0.000054909887 -0.101724555044  0.115957637181  0.000000000000  0.072697086298  0.000000000000 -0.013051855172 -0.006693003423  0.034844293185  0.000000000000  0.072697086298 -0.000000000000
  0.023622047244 -0.032359453053 -0.092706849625  0.750241953293 -0.000000000000  0.069055266830 -0.000000000000 -0.085162590042 -0.045482113298  0.068802533301 -0.000000000000  0.069055266830  0.000000000000
  0.031496062992  0.007635134817  0.169285229516 -0.215206034283 -0.000000000000  0.126974977685 -0.000000000000 -0.151127387749  0.009709847768  0.106354817435 -0.000000000000  0.126974977685  0.000000000000
  0.039370078740  0.022570499903  0.024869790159 -0.301596168779 -0.000000000000  0.100815159194 -0.000000000000 -0.069104550432  0.056898555080  0.074748294735  0.000000000000  0.100815159194  0.000000000000
  0.047244094488  0.069055228660  0.252767819223 -0.799968913823 -0.000000000000  0.081645320691 -0.000000000000 -0.000072605651  0.019530632123 -0.037310325416  0.000000000000  0.081645320691  0.000000000000
  0.055118110236  0.004629733120  0.097826526946  0.053635929992 -0.000000000000  0.249800151131 -0.000000000000  0.126890545469  0.035087591003 -0.095775453772 -0.000000000000  0.249800151131 -0.000000000000
  0.062992125984  0.041609765338  0.146016192058  0.355322600255  0.000000000000  0.087090827085  0.000000000000 -0.091827685106  0.001454317179 -0.004722965919  0.000000000000  0.087090827085 -0.000000000000
  0.070866141732 -0.007701860829  0.213286207775  0.177528699116  0.000000000000  0.093028283478  0.000000000000 -0.081281238490  0.034494203565 -0.027332790239 -0.000000000000  0.093028283478 -0.000000000000
  0.078740157480  0.043329656751  0.064405745795  0.108514773054 -0.000000000000  0.118400623240 -0.000000000000 -0.246013528796  0.008875884523  0.026449350159 -0.000000000000  0.118400623240 -0.000000000000
  0.086614173228  0.002222702125  0.278872592365 -0.884703790212 -0.000000000000  0.051992426971 -0.000000000000 -0.087062458945 -0.000106880875  0.060528020211 -0.000000000000  0.051992426971 -0.000000000000
  0.094488188976  0.068394694343  0.035686026838 -0.476384827890 -0.000000000000  0.161017334300 -0.000000000000  0.063058919375  0.009390226012  0.022875580004  0.000000000000  0.161017334300  0.000000000000
  0.102362204724  0.004836966762  0.076671093579  0.080660055683 -0.000000000000  0.094506065281 -0.000000000000  0.118301780782 -0.021877899021 -0.056613585462  0.000000000000  0.094506065281  0.000000000000
  0.110236220472  0.041808945287  0.024927287569 -0.178980581939  0.000000000000  0.190366040976  0.000000000000  0.030906707302  0.034410295020  0.030492897136  0.000000000000  0.190366040976  0.000000000000
  0.118110236220  0.012702074894 -0.109318937590  0.349132188928 -0.000000000000  0.025946866415 -0.000000000000  0.160515542046  0.035725622257 -0.064543931936 -0.000000000000  0.025946866415 -0.000000000000
  0.125984251969  0.012122100137 -0.130718658893  0.047558472524  0.000000000000  0.113829664284  0.000000000000 -0.093725402443 -0.017575049366 -0.203661044816 -0.000000000000  0.113829664284 -0.000000000000
  0.133858267717 -0.076369155532 -0.065439339484 -0.327826387011 -0.000000000000  0.076540021477 -0.000000000000  0.174375977818  0.035918933318 -0.035270414652  0.000000000000  0.076540021477  0.000000000000
  0.141732283465  0.006145360688  0.040901126925  0.145949157764  0.000000000000  0.074959901290  0.000000000000  0.025208617947  0.030402312437  0.111887156561  0.000000000000  0.074959901290 -0.000000000000
  0.149606299213 -0.028640642064  0.030921001777  0.186003588641  0.000000000000  0.037711017913  0.000000000000  0.110167627247 -0.045338652401  0.001302333333  0.000000000000  0.037711017913  0.000000000000
  0.157480314961  0.005110205322  0.076461022914  0.108675814299  0.000000000000  0.026385034401 -0.000000000000 -0.076369239156  0.013505320721 -0.044877677339 -0.000000000000  0.026385034401 -0.000000000000
  0.165354330709 -0.049571185581  0.212706726678 -0.264104626009 -0.000000000000  0.107989162891 -0.000000000000  0.056228857018 -0.010084663904 -0.105942838366  0.000000000000  0.107989162891  0.000000000000
  0.173228346457 -0.033092233880  0.040205253625  0.071571811966 -0.000000000000  0.212119776230 -0.000000000000 -0.018083830592  0.033075060519  0.066499569640  0.000000000000  0.212119776230  0.000000000000
  0.181102362205 -0.017382986185 -0.058327282349  0.160160214017  0.000000000000  0.130974854472 -0.000000000000  0.019849479380  0.028393257679  0.065006843893 -0.000000000000  0.130974854472 -0.000000000000
  0.188976377953 -0.000963856535 -0.090696857755  0.674656041440  0.000000000000  0.101409151277 -0.000000000000 -0.107984861358 -0.019544203978 -0.051542058066 -0.000000000000  0.101409151277 -0.000000000000
  0.196850393701 -0.035987263081  0.010557835362 -0.616812581684 -0.000000000000  0.201792394330 -0.000000000000 -0.209044771194 -0.007462281906 -0.007942774534 -0.000000000000  0.201792394330 -0.000000000000
  0.204724409449 -0.000526982583  0.113534236951 -0.227546202199 -0.000000000000  0.026204085696 -0.000000000000  0.130973794300  0.044461272122  0.078754004175 -0.000000000000  0.026204085696  0.000000000000
  0.212598425197  0.001018522485 -0.006795003294 -0.089756649524 -0.000000000000  0.075632122383 -0.000000000000 -0.101404036284  0.009824619613 -0.002064029342 -0.000000000000  0.075632122383  0.000000000000
  0.220472440945  0.005753923364  0.055752641606 -0.380581124498 -0.000000000000  0.246264831559 -0.000000000000  0.201710343749  0.034545714888  0.034039850393  0.000000000000  0.246264831559  0.000000000000
  0.228346456693  0.012480545761 -0.052539928668  0.319844380642  0.000000000000  0.094701735862  0.000000000000  0.023041052160 -0.011144924963 -0.127526981939  0.000000000000  0.094701735862  0.000000000000
  0.236220472441 -0.043187569202 -0.122599889863  0.610452249583  0.000000000000  0.085021572496  0.000000000000  0.062089063469 -0.012222396484  0.026419952701 -0.000000000000  0.085021572496 -0.000000000000
  0.244094488189  0.025534117532 -0.086300695948  0.434878285124  0.000000000000  0.157089648108  0.000000000000 -0.244937494281  0.031553286872  0.131600532208 -0.000000000000  0.157089648108 -0.000000000000
  0.251968503937  0.019472937582 -0.129395949297 -0.532328763205  0.000000000000  0.083056024192  0.000000000000 -0.092678063625  0.027459257738  0.134650072153 -0.000000000000  0.083056024192 -0.000000000000
  0.259842519685  0.084730558213 -0.035253448716 -0.522826424501  0.000000000000  0.036333758263  0.000000000000 -0.007028534315 -0.001842607386 -0.058768917227  0.000000000000  0.036333758263  0.000000000000
  0.267716535433 -0.007002850900 -0.039519463372 -0.186243129689  0.000000000000  0.139941713676 -0.000000000000  0.156933481520 -0.002519499001 -0.121144272353 -0.000000000000  0.139941713676 -0.000000000000
  0.275590551181  0.030977951747  0.070467602622  0.366925308958  0.000000000000  0.151783865637  0.000000000000  0.077062764420  0.023101846480 -0.043432328645  0.000000000000  0.151783865637 -0.000000000000
  0.283464566929 -0.029684275380 -0.010873372448 -0.150273154334  0.000000000000  0.169229615392  0.000000000000  0.020951987607  0.009690188526  0.006928153424  0.000000000000  0.169229615392  0.000000000000
  0.291338582677  0.034853644133  0.014840597287 -0.318432317915  0.000000000000  0.030353048815  0.000000000000  0.135531939841  0.004562438258  0.049468231167 -0.000000000000  0.030353048815 -0.000000000000
  0.299212598425 -0.014173151623  0.005252041753 -0.103812118795  0.000000000000  0.172993354263  0.000000000000  0.151120692298  0.003192905668 -0.072022862189 -0.000000000000  0.172993354263 -0.000000000000
  0.307086614173  0.007605954481  0.024753143613  0.339659120867  0.000000000000  0.103768959292  0.000000000000  0.169058605762  0.027181713410 -0.015912382644  0.000000000000  0.103768959292 -0.000000000000
  0.314960629921 -0.027314436256 -0.149818110886 -0.054642316891 -0.000000000000  0.022999132931 -0.000000000000  0.013237414567  0.009013818498 -0.112748544527  0.000000000000  0.022999132931  0.000000000000
  0.322834645669 -0.034545806879 -0.056910942989  0.229878354943 -0.000000000000  0.111207870600 -0.000000000000  0.169508960962  0.018448226977  0.039387723722  0.000000000000  0.111207870600  0.000000000000
  0.330708661417 -0.009876338409 -0.008904008298  0.461431636968  0.000000000000  0.055422736713  0.000000000000 -0.103297893745 -0.010334773203  0.094780285595 -0.000000000000  0.055422736713 -0.000000000000
  0.338582677165  0.002144984512 -0.146161593163 -0.002626657907  0.000000000000  0.059203746139  0.000000000000 -0.022898889864  0.006376804423 -0.049304015428  0.000000000000  0.059203746139  0.000000000000
  0.346456692913 -0.029224915964 -0.078231277391 -0.123929316362 -0.000000000000  0.059953430405  0.000000000000 -0.107299090259 -0.004311866672 -0.095562082856  0.000000000000  0.059953430405  0.000000000000
  0.354330708661 -0.037006736077 -0.111904717319 -0.135378472196  0.000000000000  0.119532161917  0.000000000000  0.041257499072  0.045749045271 -0.001642701109 -0.000000000000  0.119532161917 -0.000000000000
  0.362204724409 -0.027725669347  0.028820997222  0.323629402554 -0.000000000000  0.026477124074 -0.000000000000 -0.052310331830  0.010812807804  0.046630217944 -0.000000000000  0.026477124074 -0.000000000000
  0.370078740157 -0.014955134556 -0.064452333422 -0.427408347737 -0.000000000000  0.269024532384  0.000000000000 -0.058058227391 -0.003044901319  0.019573970029  0.000000000000  0.269024532384  0.000000000000
  0.377952755906 -0.012553180207 -0.004996841520 -0.096911552379 -0.000000000000  0.081301674144 -0.000000000000  0.118871171439  0.005889902225  0.084060308406  0.000000000000  0.081301674144  0.000000000000
  0.385826771654  0.020459388735 -0.107490812152 -0.322901784574  0.000000000000  0.173515645392  0.000000000000  0.016806293815 -0.009019622655 -0.019181586003 -0.000000000000  0.173515645392 -0.000000000000
  0.393700787402 -0.015249606052 -0.086893704933 -0.138642045737  0.000000000000  0.052408521368  0.000000000000  0.268591974079  0.008172725999  0.044437334470  0.000000000000  0.052408521368 -0.000000000000
  0.401574803150  0.033316139702  0.013302868233  0.266843501378 -0.000000000000  0.115820078256 -0.000000000000  0.074161965009 -0.015570214182 -0.105021342435 -0.000000000000  0.115820078256 -0.000000000000
  0.409448818898 -0.057242094968 -0.007729002528 -0.049183337099 -0.000000000000  0.028852557079 -0.000000000000  0.163801775813  0.001483346965 -0.000453049987 -0.000000000000  0.028852557079  0.000000000000
  0.417322834646  0.030461610398  0.080761501803  0.637528185656  0.000000000000  0.094667973227  0.000000000000  0.042646727940  0.008376434892  0.020867600625  0.000000000000  0.094667973227  0.000000000000
  0.425196850394 -0.050553247290  0.062502019593  0.064691422520  0.000000000000  0.003584424821  0.000000000000 -0.104204892955 -0.010552055490 -0.035084064982  0.000000000000  0.003584424821 -0.000000000000
  0.433070866142  0.024206060551 -0.056131401731 -0.029413243775 -0.000000000000  0.161871873635 -0.000000000000 -0.015701486636  0.022340336944  0.127122892597 -0.000000000000  0.161871873635 -0.000000000000
  0.440944881890 -0.003329754191  0.056745460414 -0.056471369814 -0.000000000000  0.103350924247 -0.000000000000 -0.094609396425 -0.020335509994 -0.063396879506  0.000000000000  0.103350924247  0.000000000000
  0.448818897638  0.003395303525 -0.002759313822  0.142814319121  0.000000000000  0.042933641612  0.000000000000 -0.001148919176  0.009865412866 -0.007131289816  0.000000000000  0.042933641612  0.000000000000
  0.456692913386 -0.009362392645 -0.008935002699  0.287687911150  0.000000000000  0.033585665354  0.000000000000 -0.161600894423 -0.003966850445 -0.020176955933 -0.000000000000  0.033585665354 -0.000000000000
  0.464566929134 -0.005033349060 -0.093742106008 -0.274520601799 -0.000000000000  0.109602697968 -0.000000000000 -0.103228285561  0.005140987621  0.009774655764  0.000000000000  0.109602697968  0.000000000000
  0.472440944882 -0.007505098761 -0.128497368205 -0.302095578930  0.000000000000  0.034812299336  0.000000000000 -0.042272580648 -0.003166129471 -0.032284693935  0.000000000000  0.034812299336 -0.000000000000
  0.480314960630 -0.015647643985  0.107334769251  0.198707732350 -0.000000000000  0.070651343011 -0.000000000000  0.029717808718  0.010593828774  0.035844877292  0.000000000000  0.070651343011  0.000000000000
  0.488188976378  0.007172755376 -0.013722814002 -0.010811581957 -0.000000000000  0.177628503737 -0.000000000000 -0.109367741963 -0.000114204594  0.013365938433  0.000000000000  0.177628503737  0.000000000000
  0.496062992126 -0.007754056100  0.032636268320 -0.172831604860 -0.000000000000  0.074563989905 -0.000000000000  0.033937748880  0.005687269698  0.026276642265 -0.000000000000  0.074563989905  0.000000000000
  0.503937007874  0.014978643904  0.085815062273  0.577036850980  0.000000000000  0.123962988175  0.000000000000 -0.069045293077 -0.011662685934 -0.084008323672  0.000000000000  0.123962988175 -0.000000000000
  0.511811023622 -0.039605155765  0.004716109338 -0.394281293862  0.000000000000  0.062417449491  0.000000000000 -0.173156914319  0.008958797644  0.025443771360 -0.000000000000  0.062417449491 -0.000000000000
  0.519685039370  0.024139106429  0.008664374070 -0.134506431921 -0.000000000000  0.125316547854 -0.000000000000  0.070548509066 -0.003400080433  0.042661721726  0.000000000000  0.125316547854  0.000000000000
  0.527559055118 -0.025227803260  0.031000303438  0.356517455228 -0.000000000000  0.072862834180 -0.000000000000 -0.121368778440 -0.011528636445 -0.075282331581  0.000000000000  0.072862834180  0.000000000000
  0.535433070866  0.001255157792 -0.006648183206  0.012724323278 -0.000000000000  0.071237836597 -0.000000000000 -0.062404828178  0.001058330913  0.103816239816 -0.000000000000  0.071237836597 -0.000000000000
  0.543307086614  0.014044209200 -0.008294889408 -0.317665059577 -0.000000000000  0.017778568463 -0.000000000000 -0.124527094859  0.012097785521  0.017424152360  0.000000000000  0.017778568463  0.000000000000
  0.551181102362  0.011182893094 -0.033462200898 -0.111230099699 -0.000000000000  0.086862021656 -0.000000000000  0.071999552129 -0.003284014527 -0.043666634262  0.000000000000  0.086862021656  0.000000000000
  0.559055118110 -0.002450595109  0.050482954939  0.210814646800 -0.000000000000  0.084240653918 -0.000000000000 -0.071195673651  0.010417534816 -0.001349165454 -0.000000000000  0.084240653918 -0.000000000000
  0.566929133858  0.009872444889 -0.019449393839 -0.448846376885  0.000000000000  0.028257344310  0.000000000000  0.014785544579 -0.007478669222  0.014720044560 -0.000000000000  0.028257344310 -0.000000000000
  0.574803149606  0.003874358261  0.080529418423  0.262481334256 -0.000000000000  0.044425233435 -0.000000000000  0.086775573488 -0.004600168832  0.029949831885  0.000000000000  0.044425233435  0.000000000000
  0.582677165354  0.019558472203  0.027849935425  0.149926575895  0.000000000000  0.040249478037 -0.000000000000 -0.081938720625 -0.005029204444 -0.058587756177 -0.000000000000  0.040249478037 -0.000000000000
  0.590551181102 -0.017143290673  0.054518672917 -0.174455041075 -0.000000000000  0.023541186486  0.000000000000  0.022462971583 -0.001973925785  0.030238194465  0.000000000000  0.023541186486  0.000000000000
  0.598425196850  0.031062356802  0.080264027713  0.178431219139 -0.000000000000  0.032182846023 -0.000000000000 -0.031760531413  0.009851534662  0.039188858997 -0.000000000000  0.032182846023  0.000000000000
  0.606299212598 -0.001444242967  0.039419488944 -0.092556270814 -0.000000000000  0.024595144228 -0.000000000000 -0.040223558327 -0.006325182285 -0.032563400105  0.000000000000  0.024595144228  0.000000000000
  0.614173228346  0.023514948403  0.115308828307 -0.065635035884 -0.000000000000  0.026731933368 -0.000000000000 -0.001111153815 -0.004862269413  0.081641320347  0.000000000000  0.026731933368  0.000000000000
  0.622047244094  0.026785740787 -0.089967528893  0.072944266759  0.000000000000  0.007547639400  0.000000000000 -0.017839833761 -0.006025911690 -0.049330946413 -0.000000000000  0.007547639400 -0.000000000000
  0.629921259843  0.004877977258 -0.098828949822  0.029729206765  0.000000000000  0.071910985627  0.000000000000 -0.024106564614 -0.005361211092 -0.031161823407  0.000000000000  0.071910985627 -0.000000000000
  0.637795275591  0.010732424277  0.041888994440 -0.051096285177 -0.000000000000  0.075279786000 -0.000000000000 -0.024482878318 -0.018198348676 -0.014257313969  0.000000000000  0.075279786000  0.000000000000
  0.645669291339 -0.004424048458  0.015511116244 -0.216265360327 -0.000000000000  0.069981055325 -0.000000000000  0.006115116986 -0.000736239254 -0.006504703713 -0.000000000000  0.069981055325 -0.000000000000
  0.653543307087  0.004256553042  0.039888410129 -0.140311352863  0.000000000000  0.043607815430  0.000000000000  0.071784898203 -0.007604873138 -0.049287179816  0.000000000000  0.043607815430 -0.000000000000
  0.661417322835 -0.026873673901 -0.210976383679  0.030634525841  0.000000000000  0.166499008587  0.000000000000  0.070319640437  0.010617617165 -0.032199166420  0.000000000000  0.166499008587  0.000000000000
  0.669291338583 -0.010814962533  0.002882693955  0.125942892025 -0.000000000000  0.026509814830 -0.000000000000  0.069140326075  0.010349296654 -0.012483875392 -0.000000000000  0.026509814830 -0.000000000000
  0.677165354331 -0.030454176846 -0.000789272463 -0.277243807401 -0.000000000000  0.154061843152  0.000000000000  0.031211931681  0.007681859516  0.047971067568  0.000000000000  0.154061843152  0.000000000000
  0.685039370079  0.010482849469  0.069900120096  0.149422270173  0.000000000000  0.099429261151  0.000000000000  0.166168678540  0.006531677204  0.030430644708  0.000000000000  0.099429261151 -0.000000000000
  0.692913385827 -0.013974349247 -0.005668151071 -0.004059124169  0.000000000000  0.040825289892 -0.000000000000 -0.022527490881  0.000317260374  0.028491740436 -0.000000000000  0.040825289892 -0.000000000000
  0.700787401575  0.024823176282  0.001320253435  0.139101325780 -0.000000000000  0.048767609692 -0.000000000000  0.152048878439  0.004486697745  0.008176764196 -0.000000000000  0.048767609692 -0.000000000000
  0.708661417323 -0.007461446133 -0.003810745665  0.380888328850 -0.000000000000  0.016602606515 -0.000000000000 -0.099148902135 -0.002533963119  0.038173341004  0.000000000000  0.016602606515  0.000000000000
  0.716535433071  0.038969535462 -0.045671519487 -0.404853570074 -0.000000000000  0.104996881536 -0.000000000000  0.012168796189 -0.000460271271 -0.021631460745 -0.000000000000  0.104996881536 -0.000000000000
  0.724409448819 -0.021353607085 -0.062894459587  0.008069019762 -0.000000000000  0.041221200816 -0.000000000000  0.043844078501 -0.006468240898 -0.122887575117 -0.000000000000  0.041221200816 -0.000000000000
  0.732283464567 -0.012923296242 -0.002395982319  0.344108298232  0.000000000000  0.112440633486  0.000000000000  0.010422809474  0.000059202762 -0.026438963482  0.000000000000  0.112440633486 -0.000000000000
  0.740157480315 -0.036654504990  0.019498074390  0.084263969529  0.000000000000  0.020787702636 -0.000000000000 -0.098391017864  0.001802718501  0.025091237008 -0.000000000000  0.020787702636 -0.000000000000
  0.748031496063 -0.001848122082  0.005185151161  0.036187893415  0.000000000000  0.042487484879  0.000000000000 -0.041179750382  0.001434412347  0.048934113818  0.000000000000  0.042487484879 -0.000000000000
  0.755905511811 -0.016919299005 -0.018655748041 -0.106915148048  0.000000000000  0.165006224540  0.000000000000 -0.111160394836  0.000582516042 -0.021025727839  0.000000000000  0.165006224540 -0.000000000000
  0.763779527559 -0.009760666345 -0.011745565562 -0.274132393510 -0.000000000000  0.104840453321 -0.000000000000  0.018353691002 -0.001570634686 -0.052616067577  0.000000000000  0.104840453321  0.000000000000
  0.771653543307 -0.035992635627 -0.004278689751 -0.306235593482 -0.000000000000  0.068429487805 -0.000000000000  0.022576903065  0.008235872782  0.056902777200 -0.000000000000  0.068429487805  0.000000000000
  0.779527559055  0.010466188354 -0.035093244775 -0.177339473283  0.000000000000  0.091530001414  0.000000000000  0.164673959806  0.001303559119 -0.006718146932  0.000000000000  0.091530001414  0.000000000000
  0.787401574803 -0.040750016869  0.007057087480  0.274592215881 -0.000000000000  0.108837282941 -0.000000000000  0.096596877681 -0.006248380176 -0.100397042678 -0.000000000000  0.108837282941 -0.000000000000
  0.795275590551 -0.025707583831  0.008278518956 -0.073649504874 -0.000000000000  0.020844449508 -0.000000000000  0.063416992477  0.001493597106  0.082630473210  0.000000000000  0.020844449508  0.000000000000
  0.803149606299 -0.012562045844 -0.019197131207  0.389908954692  0.000000000000  0.113104869872  0.000000000000  0.090663863601  0.002239292486 -0.021622040512 -0.000000000000  0.113104869872 -0.000000000000
  0.811023622047 -0.027692782931 -0.081744707362  0.232148703353 -0.000000000000  0.053212342394 -0.000000000000 -0.105255232323 -0.000325642977  0.054298165263 -0.000000000000  0.053212342394 -0.000000000000
  0.818897637795  0.009464525234 -0.024860728606 -0.029535976249  0.000000000000  0.167054105948  0.000000000000 -0.018571856056  0.000669124445  0.007996331807  0.000000000000  0.167054105948  0.000000000000
  0.826771653543 -0.023663324221 -0.047401820127  0.077328683833 -0.000000000000  0.003152155117 -0.000000000000 -0.110601802316 -0.000704352127 -0.030794992422  0.000000000000  0.003152155117  0.000000000000
  0.834645669291 -0.004574025925  0.139047214451  0.125033492452  0.000000000000  0.141330779718  0.000000000000 -0.053015390877  0.003089148627 -0.051982495852  0.000000000000  0.141330779718  0.000000000000
  0.842519685039 -0.045552475229  0.001600311572 -0.136008287870 -0.000000000000  0.126720198168 -0.000000000000 -0.160723508905  0.005429767596  0.007813413202 -0.000000000000  0.126720198168  0.000000000000
  0.850393700787 -0.003141530579  0.022567575975 -0.010918063956 -0.000000000000  0.085470616595 -0.000000000000 -0.000258587513 -0.000203087179  0.003605513194 -0.000000000000  0.085470616595 -0.000000000000
  0.858267716535 -0.043139117503 -0.011485428126 -0.291514599249  0.000000000000  0.099268320159 -0.000000000000 -0.134586053649 -0.003514616659  0.009005216806 -0.000000000000  0.099268320159 -0.000000000000
  0.866141732283  0.003072960351 -0.024019867953 -0.108040072519  0.000000000000  0.051914703193  0.000000000000  0.126682933099  0.000798239603  0.038398274392  0.000000000000  0.051914703193 -0.000000000000
  0.874015748031 -0.028174835457 -0.038764121902  0.132026252571 -0.000000000000  0.132209476993 -0.000000000000 -0.080693276970  0.001391002074 -0.024554884321 -0.000000000000  0.132209476993 -0.000000000000
  0.881889763780 -0.004205650451 -0.033325561677 -0.316586011296 -0.000000000000  0.080584280279 -0.000000000000  0.099179190819 -0.001335764459  0.007383098647  0.000000000000  0.080584280279  0.000000000000
  0.889763779528 -0.027376470950 -0.011644376511 -0.080761762727  0.000000000000  0.099630741412  0.000000000000  0.044109695599  0.003533978358 -0.025140449826  0.000000000000  0.099630741412  0.000000000000
  0.897637795276 -0.013958347765  0.023468197417  0.293701939137 -0.000000000000  0.028223330615 -0.000000000000  0.131470568320 -0.003839239615  0.000590928092 -0.000000000000  0.028223330615 -0.000000000000
  0.905511811024 -0.030671710160 -0.030000662754  0.079902739054 -0.000000000000  0.034359320649 -0.000000000000 -0.074518940035  0.000143127916 -0.051470067100  0.000000000000  0.034359320649  0.000000000000
  0.913385826772 -0.033089793765 -0.037412702548 -0.183936017178  0.000000000000  0.024076965829  0.000000000000  0.093975263675 -0.000106174355  0.028479525484 -0.000000000000  0.024076965829 -0.000000000000
  0.921259842520 -0.021547987844 -0.003242972753  0.246290588760  0.000000000000  0.086194683760  0.000000000000 -0.018227468581 -0.004867714336 -0.007352658515  0.000000000000  0.086194683760  0.000000000000
  0.929133858268 -0.034068977105 -0.047370627825 -0.055544486242  0.000000000000  0.090069022810  0.000000000000  0.004457321445  0.014773624327  0.006023672181 -0.000000000000  0.090069022810 -0.000000000000
  0.937007874016 -0.016558741835  0.057286802778  0.255404916912 -0.000000000000  0.144455342861 -0.000000000000 -0.017478797223  0.000866649343  0.039162092033 -0.000000000000  0.144455342861  0.000000000000
  0.944881889764 -0.018617468227  0.003416592119 -0.309370439072 -0.000000000000  0.043643908928 -0.000000000000 -0.084160046253  0.001725765809 -0.018880460527 -0.000000000000  0.043643908928  0.000000000000
  0.952755905512 -0.023125664091 -0.002961788110  0.155624699983  0.000000000000  0.110504719169  0.000000000000  0.087049598105 -0.004432729954 -0.021073253808  0.000000000000  0.110504719169  0.000000000000
  0.960629921260 -0.029345237730  0.021516357375  0.159035526550 -0.000000000000  0.026215626269 -0.000000000000 -0.141443285820  0.001565535244 -0.038956659787  0.000000000000  0.026215626269  0.000000000000
  0.968503937008 -0.037422680050 -0.164053116671 -0.096076241360  0.000000000000  0.025355226880  0.000000000000  0.022457377504 -0.005532585143  0.039960206548 -0.000000000000  0.025355226880 -0.000000000000
  0.976377952756 -0.013489845810 -0.017363843428  0.077631527009 -0.000000000000  0.000000000000  0.000000000000 -0.109678243142 -0.000109585199  0.027259094171  0.000000000000  0.000000000000  0.000000000000
  0.984251968504 -0.024712911361 -0.005882131719 -0.233340980108 -0.000000000000  0.000000000000  0.000000000000  0.008748203972  0.000280267753 -0.015997002282  0.000000000000  0.000000000000  0.000000000000
  0.992125984252 -0.014806761836  0.023081807524  0.330639794617 -0.000000000000  0.091385443500 -0.000000000000 -0.020582695015 -0.008146799908  0.080451323395 -0.000000000000  0.091385443500  0.000000000000
  1.000000000000  0.000000000000 -0.253054089285 -0.977045125297  0.000000000000  0.101944501538  0.000000000000  0.000000000000 -0.016255630152 -0.022954874703  0.000000000000  0.101944501538  0.000000000000
