             Rad         v_r[Re]         v_t[Re]         v_x[Re]         p[Re]          p_mg[Re]  p_no_phase[Re]         v_r[Im]         v_t[Im]         v_x[Im]         p[Im]          p_mg[Im]  p_no_phase[Im]
  0.000000000000  0.010120084150  0.000000000000 -0.184854567260 -0.000000000000  0.033941836187 -0.000000000000 -0.306268469378  0.000000000000  0.463785148202 -0.000000000000  0.033941836187 -0.000000000000
  0.007874015748  0.044233260823  0.006554749821 -0.185833444111  0.000000000000  0.032607730658 -0.000000000000 -0.156752458707  0.000290404026  0.087631133254 -0.000000000000  0.032607730658 -0.000000000000
  0.015748031496  0.016162974618 -0.038895072256 -0.220693128099 -0.000000000000  0.046879018421 -0.000000000000 -0.001084230351 -0.002688597976 -0.038942038004  0.000000000000  0.046879018421  0.000000000000
  0.023622047244  0.012893172214  0.000900191259 -0.084305574538  0.000000000000  0.032768055706  0.000000000000  0.031397680711 -0.007602634791  0.027861128249 -0.000000000000  0.032768055706 -0.000000000000
  0.031496062992  0.011292486899 -0.040591223522  0.212119031584  0.000000000000  0.024098008888  0.000000000000  0.030589930342  0.005275156073  0.042236760281  0.000000000000  0.024098008888 -0.000000000000
  0.039370078740  0.029911541220 -0.106172390102  0.314689404734  0.000000000000  0.064023196837  0.000000000000 -0.036096288867  0.006465856901  0.037316230247  0.000000000000  0.064023196837  0.000000000000
  0.047244094488  0.021507284688 -0.050969028761 -0.000046315812 -0.000000000000  0.055323144176 -0.000000000000 -0.024722099023 -0.019537794747  0.009606468876  0.000000000000  0.055323144176  0.000000000000
  0.055118110236  0.017831706477 -0.045419886221  0.186464764664 -0.000000000000  0.087191191994 -0.000000000000 -0.016209388529  0.029756350254 -0.052564235458 -0.000000000000  0.087191191994 -0.000000000000
  0.062992125984  0.005562962436  0.012523744510 -0.182663053237  0.000000000000  0.063960952207  0.000000000000 -0.063781056609 -0.011962370868 -0.036077769716 -0.000000000000  0.063960952207 -0.000000000000
  0.070866141732 -0.003539522309 -0.019503295129  0.075663792664 -0.000000000000  0.076492335539 -0.000000000000  0.055209800428  0.049809089759 -0.023489678584 -0.000000000000  0.076492335539 -0.000000000000
  0.078740157480  0.008399781417 -0.017507983556  0.031141347916  0.000000000000  0.080568382865  0.000000000000 -0.086785641862 -0.009012288675 -0.035502009349  0.000000000000  0.080568382865  0.000000000000
  0.086614173228 -0.023034104474 -0.005044579421 -0.036052396671 -0.000000000000  0.019549532077 -0.000000000000  0.059669367671 -0.028003738696 -0.028210161747  0.000000000000  0.019549532077  0.000000000000
  0.094488188976 -0.006867112085 -0.027179811709  0.009828335146  0.000000000000  0.098483168550 -0.000000000000 -0.076183463874 -0.007166794542  0.060238615894 -0.000000000000  0.098483168550 -0.000000000000
  0.102362204724 -0.000852814914  0.012975733821 -0.163908399342 -0.000000000000  0.041817318845 -0.000000000000  0.080563869223 -0.002038930318  0.015723239423 -0.000000000000  0.041817318845 -0.000000000000
  0.110236220472  0.003588650821  0.010080587786 -0.006672862790 -0.000000000000  0.088383182351 -0.000000000000 -0.019217330453  0.005664685411  0.038493853377  0.000000000000  0.088383182351  0.000000000000
  0.118110236220  0.014066950126  0.072900302173 -0.206901856937 -0.000000000000  0.057273706213 -0.000000000000  0.097473357394  0.011857455190 -0.051802255644 -0.000000000000  0.057273706213  0.000000000000
  0.125984251969 -0.015384377700 -0.029967299188  0.051429377180  0.000000000000  0.019040018153  0.000000000000  0.038884560923 -0.020327269361 -0.015309687144 -0.000000000000  0.019040018153 -0.000000000000
  0.133858267717  0.002801299409  0.060504641238 -0.121280031283 -0.000000000000  0.101273286963 -0.000000000000  0.088338777692 -0.031532257249  0.006161178922 -0.000000000000  0.101273286963  0.000000000000
  0.141732283465 -0.019364447082 -0.106488290583  0.320001130293  0.000000000000  0.109156144195  0.000000000000  0.053900794174  0.002614635317  0.004888127288  0.000000000000  0.109156144195  0.000000000000
  0.149606299213  0.009314622823  0.026659545962 -0.188836692968  0.000000000000  0.096099797479  0.000000000000 -0.016606025802 -0.022868620926  0.064411152412  0.000000000000  0.096099797479  0.000000000000
  0.157480314961  0.004930721303 -0.161116825859  0.279936821965  0.000000000000  0.171969267218  0.000000000000  0.101153184032  0.013028699699  0.033737168362 -0.000000000000  0.171969267218 -0.000000000000
  0.165354330709  0.029062473854  0.050045684331 -0.030248468102  0.000000000000  0.016970716008  0.000000000000 -0.105216141485  0.018044823604  0.035262496173  0.000000000000  0.016970716008 -0.000000000000
  0.173228346457  0.019683556323 -0.185808244460  0.189065693077  0.000000000000  0.174117390567  0.000000000000  0.094062365939  0.005422838228 -0.042268151900  0.000000000000  0.174117390567 -0.000000000000
  0.181102362205  0.012258795276 -0.049737926479  0.224719673319  0.000000000000  0.087955181529  0.000000000000 -0.171531777831 -0.000155382158 -0.012933995500 -0.000000000000  0.087955181529 -0.000000000000
  0.188976377953  0.008449991902 -0.057259973618 -0.035414231555 -0.000000000000  0.056961755230 -0.000000000000  0.014717433155 -0.009007579237 -0.063421669738  0.000000000000  0.056961755230  0.000000000000
  0.196850393701 -0.013511016715 -0.091805601844  0.341701494898 -0.000000000000  0.027596189647 -0.000000000000 -0.173592390747 -0.007530469578  0.054180753776  0.000000000000  0.027596189647  0.000000000000
  0.204724409449  0.026510926097  0.019426252229 -0.306988790200 -0.000000000000  0.054488257323 -0.000000000000 -0.083864681215  0.008250383687  0.005327650044  0.000000000000  0.054488257323  0.000000000000
  0.212598425197 -0.013157811785 -0.009876311008 -0.061620361729  0.000000000000  0.094661273645  0.000000000000 -0.055421237337  0.008966299655 -0.070811719891 -0.000000000000  0.094661273645 -0.000000000000
  0.220472440945 -0.000884295544  0.050251474098 -0.278581729151 -0.000000000000  0.077024724440 -0.000000000000 -0.027582017773 -0.010434936344 -0.020226940030 -0.000000000000  0.077024724440 -0.000000000000
  0.228346456693 -0.023461711303 -0.083657519973  0.221916901489  0.000000000000  0.069943434531  0.000000000000  0.049178433168  0.013334105802  0.043627860472 -0.000000000000  0.069943434531 -0.000000000000
  0.236220472441  0.016351875037  0.092608933313 -0.034933814539 -0.000000000000  0.045183458878  0.000000000000 -0.093238258837  0.001286828168 -0.034741929758  0.000000000000  0.045183458878  0.000000000000
  0.244094488189 -0.033422447679  0.090362687663 -0.431269423179  0.000000000000  0.055726237262  0.000000000000  0.069395591835 -0.006587564535  0.048528107537  0.000000000000  0.055726237262  0.000000000000
  0.251968503937  0.034364501736  0.036228301064  0.136711248003  0.000000000000  0.052544442759  0.000000000000  0.060919332354 -0.012770098927 -0.022184309090 -0.000000000000  0.052544442759 -0.000000000000
  0.259842519685 -0.040042802612  0.096894488284  0.110235358782  0.000000000000  0.062605275346  0.000000000000  0.020931290338  0.031940431531  0.048266995201  0.000000000000  0.062605275346  0.000000000000
  0.267716535433  0.055725137578 -0.056564819995  0.045169766013  0.000000000000  0.109048808460 -0.000000000000 -0.000350087499 -0.002044127105 -0.030762694406 -0.000000000000  0.109048808460 -0.000000000000
  0.275590551181 -0.052349816955 -0.067405447702 -0.039579136219  0.000000000000  0.021707818983  0.000000000000  0.004518310483 -0.004989173020 -0.022072491171 -0.000000000000  0.021707818983 -0.000000000000
  0.283464566929  0.053909371935 -0.131216176150 -0.237084477072  0.000000000000  0.088488394387  0.000000000000  0.031830804555  0.025496402090  0.146365643532 -0.000000000000  0.088488394387 -0.000000000000
  0.291338582677  0.000423368020  0.052724352605  0.044980865820  0.000000000000  0.021524695189  0.000000000000  0.109047986621 -0.028756848784 -0.122946309060  0.000000000000  0.021524695189  0.000000000000
  0.299212598425  0.017888653776  0.021363936076  0.103813503690  0.000000000000  0.110936979014  0.000000000000  0.012297376592 -0.005965567928  0.187700738092 -0.000000000000  0.110936979014 -0.000000000000
  0.307086614173  0.065507306903 -0.033578355628  0.080118656012  0.000000000000  0.034361659427  0.000000000000  0.059489399758 -0.025059382734 -0.068564740201 -0.000000000000  0.034361659427 -0.000000000000
  0.314960629921 -0.007185768391  0.093745171670 -0.129270013488  0.000000000000  0.062949498313  0.000000000000 -0.020289830842 -0.017758570626 -0.025859810006  0.000000000000  0.062949498313  0.000000000000
  0.322834645669  0.051357181359 -0.072871364181  0.036258610518  0.000000000000  0.078310575834  0.000000000000  0.098333378034  0.024123562015  0.037598118638  0.000000000000  0.078310575834 -0.000000000000
  0.330708661417 -0.005364718222 -0.155868792274  0.183880463844  0.000000000000  0.121583016487  0.000000000000 -0.033940292234 -0.015447402762 -0.225559497968 -0.000000000000  0.121583016487 -0.000000000000
  0.338582677165 -0.037433302365  0.006115542462 -0.283363934531 -0.000000000000  0.017370835038 -0.000000000000  0.050610149297 -0.034503923406  0.035431256656  0.000000000000  0.017370835038  0.000000000000
  0.346456692913  0.000208288118 -0.243113420213 -0.138613033529  0.000000000000  0.087359639883  0.000000000000  0.078310298835  0.005239259002  0.077583906782  0.000000000000  0.087359639883  0.000000000000
  0.354330708661 -0.006841776293 -0.089809356011  0.202574401759  0.000000000000  0.077985690510  0.000000000000  0.121390362036 -0.017984783256 -0.016982761470 -0.000000000000  0.077985690510 -0.000000000000
  0.362204724409 -0.007792242947 -0.202699292338  0.491167957108  0.000000000000  0.045274549531  0.000000000000 -0.015525039767  0.000814565081 -0.090668619396  0.000000000000  0.045274549531  0.000000000000
  0.370078740157 -0.040181127659  0.079756732009  0.097114036166 -0.000000000000  0.029559835754 -0.000000000000 -0.077570507673 -0.001494432904  0.064981013539 -0.000000000000  0.029559835754 -0.000000000000
  0.377952755906  0.016606182468  0.012428360763 -0.097746902429 -0.000000000000  0.063113257670 -0.000000000000 -0.076197130052  0.023499285520  0.023207985046 -0.000000000000  0.063113257670 -0.000000000000
  0.385826771654 -0.025814879185 -0.054071097738 -0.138962824143  0.000000000000  0.067459608526  0.000000000000 -0.037193774317  0.000793576209 -0.003293099331 -0.000000000000  0.067459608526 -0.000000000000
  0.393700787402  0.026443631814 -0.075513565538  0.040387985896 -0.000000000000  0.058760407282 -0.000000000000 -0.013210534672  0.034204718628  0.178481690383 -0.000000000000  0.058760407282 -0.000000000000
  0.401574803150  0.042179731883 -0.077845604510  0.146379728898  0.000000000000  0.039662364169  0.000000000000 -0.046948413306 -0.034382564336 -0.106627881204 -0.000000000000  0.039662364169 -0.000000000000
  0.409448818898 -0.011655778619 -0.001777370588  0.027573513107 -0.000000000000  0.063684950095 -0.000000000000 -0.066445026957 -0.000780512431 -0.014209429999  0.000000000000  0.063684950095  0.000000000000
  0.417322834646  0.031330356735  0.118132843209 -0.275461853618 -0.000000000000  0.038199005010 -0.000000000000 -0.049711107520 -0.028224482218 -0.004779007445  0.000000000000  0.038199005010  0.000000000000
  0.425196850394 -0.017926817698 -0.167556712644  0.072995571611  0.000000000000  0.021252475848  0.000000000000  0.035379829546  0.010155997975 -0.011385207326  0.000000000000  0.021252475848  0.000000000000
  0.433070866142  0.026937974491  0.044700517221  0.015287701214 -0.000000000000  0.070050379018 -0.000000000000 -0.057707178053 -0.025157282905  0.006567045266 -0.000000000000  0.070050379018  0.000000000000
  0.440944881890 -0.019433430003  0.097213160340 -0.155462159656  0.000000000000  0.108339775577  0.000000000000  0.032886255215 -0.017660665541 -0.022665631008 -0.000000000000  0.108339775577 -0.000000000000
  0.448818897638  0.015448950860  0.098085596957  0.211160930351  0.000000000000  0.020321346203  0.000000000000 -0.014594438907  0.030825617921 -0.023259160841  0.000000000000  0.020321346203  0.000000000000
  0.456692913386 -0.035046642315  0.022842405762  0.207943179206  0.000000000000  0.080512586389  0.000000000000 -0.060653016932 -0.026718464741 -0.131276732391 -0.000000000000  0.080512586389 -0.000000000000
  0.464566929134 -0.034437321344 -0.006395397254 -0.104395929097 -0.000000000000  0.089898827085  0.000000000000 -0.102720873588  0.011462886164  0.108469001588  0.000000000000  0.089898827085  0.000000000000
  0.472440944882 -0.001248697356 -0.083100950270 -0.145780807412  0.000000000000  0.049805309562  0.000000000000 -0.020282945211 -0.020984755726 -0.099865119142  0.000000000000  0.049805309562 -0.000000000000
  0.480314960630 -0.067469210036  0.084366117632  0.199620129898 -0.000000000000  0.109864459418 -0.000000000000 -0.043933839625 -0.022092530457  0.064862342899  0.000000000000  0.109864459418  0.000000000000
  0.488188976378  0.023378219288  0.017821177564 -0.181139563809 -0.000000000000  0.061635903156 -0.000000000000 -0.086805863709  0.000358875096  0.042034481844 -0.000000000000  0.061635903156  0.000000000000
  0.496062992126 -0.046293320321  0.053842059957  0.062804411747 -0.000000000000  0.063671492976 -0.000000000000  0.018371101062  0.003384605170  0.008667896876  0.000000000000  0.063671492976  0.000000000000
  0.503937007874  0.040152248812 -0.033187501380 -0.033660107614  0.000000000000  0.155724303237  0.000000000000 -0.102264345491 -0.001167304560  0.197875264506  0.000000000000  0.155724303237  0.000000000000
  0.511811023622  0.029315414853 -0.096639618966 -0.373715954813 -0.000000000000  0.314983515628  0.000000000000  0.054217995258 -0.008168116362 -0.107043333894  0.000000000000  0.314983515628  0.000000000000
  0.519685039370  0.012985206997 -0.025891379784 -0.066784385885  0.000000000000  0.076376958228  0.000000000000  0.062333325092  0.017875245852  0.146818356792  0.000000000000  0.076376958228  0.000000000000
  0.527559055118  0.081942700355  0.036487328221 -0.694748749449 -0.000000000000  0.257646978635 -0.000000000000  0.132421495526 -0.019640065519 -0.031148503491  0.000000000000  0.257646978635  0.000000000000
  0.535433070866 -0.005388631240  0.042617470920  0.569235150141  0.000000000000  0.100149870376  0.000000000000  0.314937418816  0.009069769030 -0.189778642710 -0.000000000000  0.100149870376 -0.000000000000
  0.543307086614  0.002141783657 -0.084769374321  0.148299585001  0.000000000000  0.044246265729  0.000000000000 -0.076346922079 -0.011098598245 -0.021867365538 -0.000000000000  0.044246265729 -0.000000000000
  0.551181102362 -0.031846147926  0.027413486489 -0.511899676147  0.000000000000  0.078298828742  0.000000000000  0.255671250754  0.006080893927 -0.142352182231  0.000000000000  0.078298828742  0.000000000000
  0.559055118110 -0.056610974776 -0.146801186745  0.639318203103 -0.000000000000  0.039105269390 -0.000000000000  0.082614732773 -0.003466825251 -0.004201101836  0.000000000000  0.039105269390  0.000000000000
  0.566929133858 -0.034601586409  0.058082867479 -0.084056322846 -0.000000000000  0.060014757016 -0.000000000000  0.027576479995 -0.007625671507  0.101811183902  0.000000000000  0.060014757016  0.000000000000
  0.574803149606 -0.015066074884 -0.162782786072  0.121361089775  0.000000000000  0.189183644284  0.000000000000  0.076835668605 -0.006928630217 -0.001200804405 -0.000000000000  0.189183644284 -0.000000000000
  0.582677165354 -0.023377135498 -0.256384591087  0.274874594781  0.000000000000  0.112374626070  0.000000000000 -0.031348550684  0.007739994324  0.120832970551 -0.000000000000  0.112374626070 -0.000000000000
  0.590551181102  0.036767984405 -0.095733104702  0.352723094213  0.000000000000  0.154106754516  0.000000000000 -0.047432967254 -0.000836081073  0.041512385030 -0.000000000000  0.154106754516 -0.000000000000
  0.598425196850 -0.006806552572  0.197360251413  0.115191222107  0.000000000000  0.059991329976  0.000000000000 -0.189061159698 -0.012545819428 -0.114875670688  0.000000000000  0.059991329976 -0.000000000000
  0.606299212598 -0.007098657412 -0.110969439900 -0.076621609807  0.000000000000  0.044914895197  0.000000000000 -0.112150192364  0.009034206575 -0.000481780562 -0.000000000000  0.044914895197 -0.000000000000
  0.614173228346 -0.009610015118  0.077940830213 -0.084299830447  0.000000000000  0.014685808028  0.000000000000 -0.153806824936  0.001741615994  0.056848800390  0.000000000000  0.014685808028  0.000000000000
  0.622047244094  0.011935562264 -0.071814863893 -0.271106086897 -0.000000000000  0.109741824647 -0.000000000000 -0.058792023487  0.003833010137 -0.067490308448  0.000000000000  0.109741824647  0.000000000000
  0.629921259843 -0.035598480687  0.008397820840 -0.171026708600 -0.000000000000  0.005254633825 -0.000000000000 -0.027387880227 -0.000196994311 -0.047167393308  0.000000000000  0.005254633825  0.000000000000
  0.637795275591 -0.001789943317  0.072680617073  0.214557862670  0.000000000000  0.079902815531  0.000000000000  0.014576318477 -0.000463631357  0.153382500225  0.000000000000  0.079902815531  0.000000000000
  0.645669291339  0.023863985507 -0.200225253879  0.042177039255 -0.000000000000  0.043042890483 -0.000000000000 -0.107115723741  0.015161804625 -0.011606683709 -0.000000000000  0.043042890483 -0.000000000000
  0.653543307087  0.004412998383 -0.026968226835 -0.102131475159 -0.000000000000  0.049193985191 -0.000000000000  0.002852476451  0.009446894120  0.060623425778  0.000000000000  0.049193985191  0.000000000000
  0.661417322835  0.049636226239 -0.087729695098 -0.039199917220 -0.000000000000  0.134941507178 -0.000000000000 -0.062615533012  0.003306508856  0.020662220976 -0.000000000000  0.134941507178 -0.000000000000
  0.669291338583  0.011354450662  0.218212387561 -0.253653538789  0.000000000000  0.202666221790  0.000000000000  0.041518271536 -0.016010133418 -0.059526729677  0.000000000000  0.202666221790  0.000000000000
  0.677165354331  0.020463915045 -0.005533585910 -0.142733301263  0.000000000000  0.076821949017  0.000000000000  0.044735627413 -0.003524996504 -0.106024969815  0.000000000000  0.076821949017 -0.000000000000
  0.685039370079 -0.035356238884 -0.054543967869 -0.389689694248 -0.000000000000  0.063895170909 -0.000000000000  0.130227288735 -0.009112704536 -0.013516628109 -0.000000000000  0.063895170909 -0.000000000000
  0.692913385827  0.013726772637  0.039933138738  0.124708150828 -0.000000000000  0.046146380149  0.000000000000  0.202200823855 -0.015771136090  0.079111019613  0.000000000000  0.046146380149  0.000000000000
  0.700787401575 -0.002333504643  0.138840954992  0.334919773497  0.000000000000  0.015052931846  0.000000000000  0.076786500160  0.000804899484  0.074153468490 -0.000000000000  0.015052931846 -0.000000000000
  0.708661417323  0.041650274829 -0.138958797302  0.128529411060 -0.000000000000  0.022740735189 -0.000000000000  0.048454591858  0.001986776231 -0.106336097169  0.000000000000  0.022740735189  0.000000000000
  0.716535433071 -0.046054134198 -0.059945486233  0.136366508521  0.000000000000  0.030148810006  0.000000000000  0.002916354600 -0.012914074671 -0.091562014311  0.000000000000  0.030148810006  0.000000000000
  0.724409448819  0.003902140664 -0.214390523640  0.037644218304  0.000000000000  0.066578820472  0.000000000000 -0.014538364949  0.012826406549  0.089539174106  0.000000000000  0.066578820472  0.000000000000
  0.732283464567 -0.018601443761  0.011740999758  0.024748387868 -0.000000000000  0.037218257708 -0.000000000000 -0.013081564393  0.007291694646 -0.071201178163  0.000000000000  0.037218257708  0.000000000000
  0.740157480315 -0.023578392695 -0.092330742919 -0.132229077016 -0.000000000000  0.026260508489 -0.000000000000 -0.018788564146  0.010898929498 -0.064728420607 -0.000000000000  0.026260508489 -0.000000000000
  0.748031496063 -0.045924635760 -0.158606971936 -0.123589622211 -0.000000000000  0.177695513888 -0.000000000000  0.048204430977 -0.003580887897  0.015813352827  0.000000000000  0.177695513888  0.000000000000
  0.755905511811 -0.016607067031  0.078410536230  0.114146523203 -0.000000000000  0.029901336726 -0.000000000000  0.033307717296  0.003706074798  0.061332302999  0.000000000000  0.029901336726  0.000000000000
  0.763779527559 -0.017533035380 -0.237922018320  0.534262471349 -0.000000000000  0.063417204186  0.000000000000 -0.019550114488  0.004654882046  0.037516521384  0.000000000000  0.063417204186  0.000000000000
  0.771653543307  0.007379400391 -0.142914179604  0.020005345603 -0.000000000000  0.042043419803 -0.000000000000 -0.177542220629 -0.005695471901  0.094530926143  0.000000000000  0.042043419803  0.000000000000
  0.779527559055  0.024484072844  0.011492351776 -0.600154004060  0.000000000000  0.121848523278  0.000000000000 -0.017164501594  0.011248560816  0.025128988026  0.000000000000  0.121848523278 -0.000000000000
  0.787401574803  0.024093007809  0.006557531408  0.020836151460 -0.000000000000  0.112074835488 -0.000000000000  0.058662328299 -0.006706103898  0.038490163935  0.000000000000  0.112074835488  0.000000000000
  0.795275590551  0.037270247554  0.040581598626  0.426796678768  0.000000000000  0.095370250305  0.000000000000 -0.019457075731  0.010139791313 -0.080173373191  0.000000000000  0.095370250305  0.000000000000
  0.803149606299 -0.007059438841 -0.138737723199  0.191051425148  0.000000000000  0.071085836083 -0.000000000000 -0.121643852899 -0.005673523538 -0.009515424187 -0.000000000000  0.071085836083 -0.000000000000
  0.811023622047  0.029797753734  0.151081989527 -0.046519145476  0.000000000000  0.009817548773  0.000000000000 -0.108041022867  0.028023673261  0.022160371793 -0.000000000000  0.009817548773 -0.000000000000
  0.818897637795 -0.005212678297  0.083025353665 -0.411591565645  0.000000000000  0.030176733200  0.000000000000 -0.095227688349 -0.004346756805 -0.127589670784  0.000000000000  0.030176733200  0.000000000000
  0.826771653543 -0.020810319670  0.003710303320 -0.212554617542 -0.000000000000  0.022240997057 -0.000000000000  0.067971513790  0.006120196561  0.003878270263 -0.000000000000  0.022240997057  0.000000000000
  0.834645669291 -0.009665160409  0.077163838887  0.243517193380 -0.000000000000  0.026322876919 -0.000000000000 -0.001723060704 -0.008908722444 -0.002165091689  0.000000000000  0.026322876919  0.000000000000
  0.842519685039 -0.021814351928 -0.113461437841  0.038809369683  0.000000000000  0.015471367394  0.000000000000 -0.020851121711 -0.014299168162  0.012476217805 -0.000000000000  0.015471367394 -0.000000000000
  0.850393700787 -0.005502849810  0.067408684992 -0.061271367337  0.000000000000  0.117350036139  0.000000000000 -0.021549491735  0.000327444318 -0.013028192119  0.000000000000  0.117350036139 -0.000000000000
  0.858267716535 -0.026046188386 -0.255913770029 -0.105925008986 -0.000000000000  0.141795474458 -0.000000000000  0.003806562735  0.009498270022 -0.005971247193  0.000000000000  0.141795474458  0.000000000000
  0.866141732283 -0.003170369272  0.025399129727  0.268107232308  0.000000000000  0.141292314843  0.000000000000  0.015143050146  0.000157038564  0.104951403564  0.000000000000  0.141292314843 -0.000000000000
  0.874015748031  0.010693737665  0.079946203633  0.423611716661 -0.000000000000  0.068082923656 -0.000000000000 -0.116861777141 -0.010392716465 -0.099743535501 -0.000000000000  0.068082923656 -0.000000000000
  0.881889763780 -0.042519164609  0.293500295440 -0.690197446667  0.000000000000  0.083534549583  0.000000000000 -0.135270385590  0.002501104628 -0.079018443573 -0.000000000000  0.083534549583 -0.000000000000
  0.889763779528 -0.023280529784  0.025004273013 -0.185652241350 -0.000000000000  0.204156979942 -0.000000000000  0.139361168073  0.004638495906  0.030480933044 -0.000000000000  0.204156979942  0.000000000000
  0.897637795276 -0.031179096999 -0.261368129795  0.563769594827 -0.000000000000  0.114362387938 -0.000000000000 -0.060523949011 -0.013637849981  0.047898259229  0.000000000000  0.114362387938  0.000000000000
  0.905511811024  0.001953903903 -0.202288231955  0.300231688489 -0.000000000000  0.046813718879 -0.000000000000 -0.083511695191  0.004972545963  0.088294643144  0.000000000000  0.046813718879  0.000000000000
  0.913385826772  0.008084762004 -0.204345321049  0.120726819171 -0.000000000000  0.307246964749 -0.000000000000 -0.203996835962  0.013567328707  0.000613550023 -0.000000000000  0.307246964749 -0.000000000000
  0.921259842520  0.011903114905  0.114773221131 -0.434817056326 -0.000000000000  0.229194028314 -0.000000000000 -0.113741248588  0.015424243035  0.097553920999  0.000000000000  0.229194028314  0.000000000000
  0.929133858268  0.044511471159 -0.030122646402 -0.929411571232 -0.000000000000  0.154234447116 -0.000000000000  0.014500110707 -0.008934173256 -0.070588428768  0.000000000000  0.154234447116  0.000000000000
  0.937007874016 -0.015831981936 -0.155380424021 -0.459792941670 -0.000000000000  0.108239449338 -0.000000000000  0.306838794313  0.004843182912 -0.081691140282  0.000000000000  0.108239449338  0.000000000000
  0.944881889764  0.014873457453  0.041177001942  0.413445945222  0.000000000000  0.037068569984  0.000000000000  0.228710915520  0.017830492424  0.119312922141 -0.000000000000  0.037068569984 -0.000000000000
  0.952755905512  0.029520656514  0.027711661305  0.221190161722 -0.000000000000  0.090196543786 -0.000000000000  0.151382943280  0.015519420341  0.024109517627 -0.000000000000  0.090196543786  0.000000000000
  0.960629921260  0.029465094862 -0.123915352540  0.217817630020 -0.000000000000  0.140886781852  0.000000000000  0.104151747838 -0.000128277496 -0.005366845733  0.000000000000  0.140886781852  0.000000000000
  0.968503937008  0.024815065027  0.046872340604  0.397151337953 -0.000000000000  0.054981371794  0.000000000000  0.027537091865  0.013847341230 -0.069014371123  0.000000000000  0.054981371794  0.000000000000
  0.976377952756 -0.002944382343 -0.019250183180  0.380050655312 -0.000000000000  0.000000000000 -0.000000000000 -0.090148472663 -0.009549790097 -0.082266416697 -0.000000000000  0.000000000000 -0.000000000000
  0.984251968504 -0.012668001388 -0.102011208696 -0.089775881565 -0.000000000000  0.000000000000 -0.000000000000 -0.140316096872  0.002412727307 -0.009887869415 -0.000000000000  0.000000000000 -0.000000000000
  0.992125984252 -0.009729205974 -0.091411935137 -0.442455050672 -0.000000000000  0.006561179750 -0.000000000000 -0.054113711714  0.002771964310  0.027557736958 -0.000000000000  0.006561179750  0.000000000000
  1.000000000000  0.000000000000 -0.026429111113  0.296522446264  0.000000000000  0.038987885360  0.000000000000  0.000000000000  0.015660592243  0.041132019381  0.000000000000  0.038987885360 -0.000000000000
