             Rad         v_r[Re]         v_t[Re]         v_x[Re]         p[Re]          p_mg[Re]  p_no_phase[Re]         v_r[Im]         v_t[Im]         v_x[Im]         p[Im]          p_mg[Im]  p_no_phase[Im]
  0.000000000000  0.158837646880  0.000000000000 -0.071601094322  0.024879229674  0.330178289977 -0.024350285551  0.066640318225  0.000000000000 -0.029459051884  0.001388196070  0.330178289977  0.005288359962
  0.007874015748  0.272291509789 -0.076723250412  0.088380890354 -0.029534867516  0.075177809660  0.028024342159  0.098499230315  0.234687397188  0.025246195658  0.001665802609  0.075177809660 -0.009472040123
  0.015748031496  0.368634936623 -0.152314392104  0.334814277919 -0.112437542597  0.226931483555  0.107116908008  0.125804079302  0.444270643294  0.100847386543  0.004727724454  0.226931483555 -0.034503918365
  0.023622047244  0.310364153268 -0.184719272081  0.609384065927 -0.204632456638  0.485916855247  0.194940312220  0.112657869401  0.539071519056  0.183442104501  0.008637233105  0.485916855247 -0.062827691163
  0.031496062992  0.070975901605 -0.178461632106  0.762861330084 -0.256962593058  0.546059834726  0.245407681666  0.024781534590  0.505940251422  0.237138669916  0.008534029171  0.546059834726 -0.076665987661
  0.039370078740 -0.216756994689 -0.129335267701  0.703865622571 -0.236619385138  0.404453686632  0.225614196776 -0.067188566602  0.373541094312  0.214342271976  0.009229029886  0.404453686632 -0.071917610004
  0.047244094488 -0.459639465008 -0.075003355356  0.448643634325 -0.152310418334  0.120075948564  0.146382914416 -0.157628526671  0.198174493866  0.150714076496  0.001598649618  0.120075948564 -0.042107737779
  0.055118110236 -0.515545021560 -0.008010320624  0.053488512023 -0.018254122283  0.208190347791  0.017616968808 -0.179985204518  0.020238584249  0.018869923298 -0.000083414401  0.208190347791 -0.004781458805
  0.062992125984 -0.381307266670  0.028487698070 -0.283380757475  0.093986730572  0.391017720409 -0.088623236709 -0.134861236145 -0.094146861079 -0.074205317160 -0.007390959523  0.391017720409  0.032156705700
  0.070866141732 -0.108355675709  0.050783609622 -0.488896751828  0.164663217934  0.422324970143 -0.157245577867 -0.051742448388 -0.144109869515 -0.151814677195 -0.005518149032  0.422324970143  0.049175741483
  0.078740157480  0.197331004664  0.041830804809 -0.440685128485  0.148674359336  0.229238253919 -0.142170030677  0.066360345929 -0.116884995977 -0.139200730151 -0.004257495907  0.229238253919  0.043702102613
  0.086614173228  0.372617230411  0.020487336595 -0.220112268763  0.074906149233  0.029587810414 -0.072129444357  0.118537999287 -0.053017660214 -0.075646530208 -0.000266444967  0.029587810414  0.020207559048
  0.094488188976  0.396212271319 -0.002748698795  0.082763462625 -0.026127636643  0.268215653148  0.023596219288  0.146199235504  0.018436458811  0.009164159967  0.005960890031  0.268215653148 -0.012704489043
  0.102362204724  0.214559110176 -0.023721153807  0.332023333888 -0.111747748178  0.373381118180  0.106652110890  0.080712857093  0.067761336045  0.102348294962  0.003976510275  0.373381118180 -0.033596117328
  0.110236220472 -0.029539722089 -0.024485422581  0.389754132303 -0.130422141901  0.279216259927  0.123888748683  0.001686221817  0.073913469718  0.112992344535  0.006842004358  0.279216259927 -0.041331901378
  0.118110236220 -0.256796830039 -0.021068198133  0.293032855080 -0.100351705815  0.095979452266  0.097115033884 -0.077427544679  0.051719710394  0.106668903985 -0.001457535136  0.095979452266 -0.025323101357
  0.125984251969 -0.351031732271 -0.003356177621  0.034002204375 -0.012314788948  0.167080623421  0.012428630524 -0.127240647405  0.005586070901  0.018721177602 -0.002097568461  0.167080623421 -0.001258158805
  0.133858267717 -0.263732765288  0.008596501278 -0.195220323279  0.064319660831  0.295203511309 -0.060312638260 -0.091688321617 -0.030545308444 -0.047074065239 -0.006321490804  0.295203511309  0.023224247706
  0.141732283465 -0.081978237268  0.016707583103 -0.339385736470  0.113655740463  0.309250442345 -0.108031057444 -0.049916168440 -0.050054280278 -0.099224864482 -0.005704077861  0.309250442345  0.035769462842
  0.149606299213  0.159462337211  0.016786316397 -0.308569755688  0.105127620075  0.160416957037 -0.101321610620  0.049876825620 -0.043023758556 -0.107169222374 -0.000032359767  0.160416957037  0.028031210662
  0.157480314961  0.281595057369  0.006535451707 -0.124072280776  0.042367709199  0.063106404501 -0.040908258537  0.088596482745 -0.016429726169 -0.044010517399  0.000266362960  0.063106404501  0.011027606971
  0.165354330709  0.290430595904 -0.000811207479  0.086801304852 -0.026711074804  0.223231651838  0.023551533177  0.106235140391  0.011080658878  0.003070279479  0.008240090819  0.223231651838 -0.015056755923
  0.173228346457  0.145650004824 -0.011852312144  0.279649008830 -0.094160484821  0.308009819323  0.089897958105  0.067228537094  0.033722889556  0.086583497050  0.003233752863  0.308009819323 -0.028195942754
  0.181102362205 -0.061728621217 -0.011438949111  0.292439848105 -0.098090057957  0.195424567672  0.093357196988 -0.013114709743  0.033747784115  0.086974336543  0.004466716149  0.195424567672 -0.030430984107
  0.188976377953 -0.215957825455 -0.009345410646  0.198020025091 -0.068236316799  0.043883141373  0.066357596056 -0.056520686542  0.021826956104  0.076081374096 -0.002200516698  0.043883141373 -0.016053244213
  0.196850393701 -0.287696347868 -0.001604011904 -0.010698295978  0.001630736920  0.166219373483 -0.000028502208 -0.110003910034 -0.001210889772  0.015342319559 -0.005794516509  0.166219373483  0.006019544177
  0.204724409449 -0.183404887320  0.006412188901 -0.198339605684  0.066065539636  0.265763634982 -0.062518744854 -0.067478951956 -0.020264571168 -0.054621664964 -0.004356762336  0.265763634982  0.021795491445
  0.212598425197 -0.030274909646  0.008328313524 -0.272817992557  0.090698329465  0.229648987299 -0.085691608885 -0.031767277861 -0.026847962644 -0.073472540358 -0.006497410781  0.229648987299  0.030419590422
  0.220472440945  0.160682864690  0.009854764265 -0.238761415996  0.082491944461  0.112398206918 -0.080384680223  0.042542885611 -0.022550633374 -0.093782553054  0.003275799992  0.112398206918  0.018813690550
  0.228346456693  0.251069297860  0.002455756472 -0.053074461054  0.018726154760  0.102611114050 -0.018541664523  0.087146528048 -0.004827085710 -0.024527402076  0.001846981033  0.102611114050  0.003207317847
  0.236220472441  0.216652582960 -0.001381135118  0.110696889717 -0.034840328866  0.207461558706  0.031377429786  0.076159803468  0.009866948110  0.011257700509  0.008276565568  0.207461558706 -0.017257084144
  0.244094488189  0.095343091808 -0.007179305985  0.251937350554 -0.084343350267  0.257463064481  0.080148180417  0.059523539569  0.021575847814  0.073401534202  0.004312267387  0.257463064481 -0.026620773094
  0.251968503937 -0.098923257545 -0.007701084474  0.241396439872 -0.082121085629  0.144259993006  0.079055256073 -0.027262242082  0.019987950537  0.082693957699  0.000373482658  0.144259993006 -0.022232379123
  0.259842519685 -0.200699361994 -0.004249191196  0.121242345359 -0.041893306342  0.023541110244  0.040826265469 -0.052536315404  0.009716003088  0.047661672687 -0.001675348188  0.023541110244 -0.009543162772
  0.267716535433 -0.240285255517 -0.001089601611 -0.042490107259  0.011288510337  0.162790764234 -0.008437511737 -0.092467429688 -0.003400553479  0.015404502034 -0.009173272589  0.162790764234  0.011848535408
  0.275590551181 -0.131048671966  0.005476455197 -0.209608614206  0.070428880794  0.250940160394 -0.067125654730 -0.060309129972 -0.015892283243 -0.063494353469 -0.002850509451  0.250940160394  0.021505792966
  0.283464566929  0.022354976047  0.005265025423 -0.228987248632  0.076158415346  0.168812229246 -0.071979149452 -0.007378273341 -0.016900099266 -0.061967641465 -0.005362604158  0.168812229246  0.025453168675
  0.291338582677  0.159263831524  0.006082608947 -0.180410952733  0.062983779168  0.067599319805 -0.061867379743  0.033702594681 -0.012877886849 -0.077031554294  0.004350339775  0.067599319805  0.012582099114
  0.299212598425  0.234028245350  0.001392625740 -0.006008043247  0.003885868805  0.125837875417 -0.005154197526  0.090563483131 -0.000372459025 -0.019487459249  0.005289015612  0.125837875417 -0.004062992786
  0.307086614173  0.158924987159 -0.002370022889  0.140961096557 -0.045927340489  0.207362898910  0.042657773570  0.056924662489  0.009626645518  0.029113373949  0.006047057705  0.207362898910 -0.018061059364
  0.314960629921  0.049517125730 -0.004420871982  0.222069290265 -0.073582790201  0.203925332275  0.069329186168  0.046018716817  0.014757161175  0.057495347460  0.005991019659  0.203925332275 -0.025372884653
  0.322834645669 -0.122225300712 -0.006019239714  0.206144427823 -0.071559423949  0.111732962913  0.069985770019 -0.029935710371  0.013288722296  0.084156299239 -0.003796590003  0.111732962913 -0.015399910597
  0.330708661417 -0.197982912281 -0.001845107221  0.057863770250 -0.020410095771  0.070294795973  0.020204678905 -0.061661481405  0.003633882169  0.026685233840 -0.001996788612  0.070294795973 -0.003511427701
  0.338582677165 -0.191449101223 -0.000375928688 -0.071368489100  0.020774132022  0.161018042856 -0.017309215530 -0.070233772393 -0.004475831971  0.008715386215 -0.010191811721  0.161018042856  0.015356713359
  0.346456692913 -0.094071934599  0.004279107381 -0.209665426074  0.070312254782  0.228347367591 -0.066909062535 -0.060288689836 -0.012647972032 -0.062227392908 -0.003241654940  0.228347367591  0.021851747069
  0.354330708661  0.068872676508  0.004306721305 -0.201166020114  0.067979824095  0.128616375298 -0.065092641633  0.014068147406 -0.011854544907 -0.064605173985 -0.001620594294  0.128616375298  0.019668015026
  0.362204724409  0.157907153419  0.003376436502 -0.120327965260  0.042213195842  0.023122096640 -0.041618359813  0.031498270180 -0.006904358415 -0.053318690882  0.003491651080  0.023122096640  0.007877668240
  0.370078740157  0.211674937834  0.001228796569  0.023695523123 -0.004834899506  0.132361835271  0.002178911109  0.085651859166  0.001401643570 -0.022409162435  0.009316341163  0.132361835271 -0.010267561165
  0.377952755906  0.117603677208 -0.003003186474  0.168818150133 -0.056320758062  0.212594681457  0.053366562966  0.052072517723  0.009341077030  0.047330059740  0.003453411110  0.212594681457 -0.018329315158
  0.385826771654  0.000571623706 -0.002985819595  0.193308397751 -0.063752565000  0.153182406280  0.059830651657  0.023115029729  0.010492335657  0.047207554511  0.006078853615  0.153182406280 -0.022839332909
  0.393700787402 -0.130269778348 -0.004548245734  0.169063441407 -0.059672272056  0.080572532560  0.059100627252 -0.023440142606  0.008917777104  0.078337401692 -0.005946541169  0.080572532560 -0.010161558081
  0.401574803150 -0.198944122997 -0.001050206574  0.012765902114 -0.005938453125  0.102819074436  0.006941096058 -0.074951547742  0.000633245905  0.019471117305 -0.004569857192  0.102819074436  0.002823119867
  0.409448818898 -0.144319369758  0.000677704342 -0.104574766512  0.032759856165  0.167982352516 -0.029376333458 -0.051349480098 -0.005380478277 -0.009181513324 -0.008260698380  0.167982352516  0.016687670486
  0.417322834646 -0.059084247584  0.002944924412 -0.194368933195  0.064455600975  0.190482178614 -0.060770058788 -0.054781243967 -0.009747290672 -0.050809320837 -0.005096038615  0.190482178614  0.022079267683
  0.425196850394  0.100154154550  0.004024674509 -0.182229483460  0.063225239664  0.105863191164 -0.061810399191  0.023257415900 -0.008919663791 -0.074085460836  0.003262573497  0.105863191164  0.013694884746
  0.433070866142  0.162741617878  0.001607708934 -0.062509212004  0.022234023104  0.047517669178 -0.022147423452  0.041632157849 -0.002994514758 -0.030581475820  0.002690257247  0.047517669178  0.003328798869
  0.440944881890  0.177355259187  0.000931474784  0.048289911934 -0.012433328386  0.133113500377  0.008904069738  0.069487929947  0.002353217353 -0.021254600927  0.011564576016  0.133113500377 -0.014458375265
  0.448818897638  0.089317369277 -0.002914138639  0.182800783226 -0.061379837425  0.207819418187  0.058468735976  0.056828010602  0.008511068374  0.054980484633  0.002605496236  0.207819418187 -0.018859479481
  0.456692913386 -0.047478088345 -0.002606834624  0.173408531720 -0.057975174011  0.116397178720  0.055030426853 -0.001939074814  0.007938717354  0.049780716742  0.003193564763  0.116397178720 -0.018519497237
  0.464566929134 -0.131808279251 -0.002958910558  0.121866066985 -0.043432880054  0.040737223961  0.043326901705 -0.018595201087  0.005440818713  0.060435437418 -0.005492509017  0.040737223961 -0.006273939252
  0.472440944882 -0.191733068940 -0.001035562862 -0.014649927264  0.001948766694  0.114883886667  0.000452834141 -0.080170698203 -0.000695440894  0.023699584886 -0.008752649232  0.114883886667  0.008955529099
  0.480314960630 -0.107435732589  0.001641153492 -0.138616577700  0.045526326183  0.181968429263 -0.042576030038 -0.044786901847 -0.006046670204 -0.032062689622 -0.004902723918  0.181968429263  0.016851253477
  0.488188976378 -0.017310685009  0.001970895521 -0.171646041272  0.056304659717  0.145437787011 -0.052600526189 -0.036876301341 -0.007367777921 -0.039043533932 -0.006271279626  0.145437787011  0.021041109728
  0.496062992126  0.113251964970  0.003574174367 -0.159825549379  0.056812742968  0.086832677417 -0.056565102837  0.019295073111 -0.006684767191 -0.077851834942  0.006775222409  0.086832677417  0.008601194295
  0.503937007874  0.171905069963  0.000833374580 -0.017346563827  0.007303810610  0.085834731158 -0.008107428180  0.059675423497 -0.000697150288 -0.019214585916  0.004007776624  0.085834731158 -0.001917689025
  0.511811023622  0.136507827651  0.000189472679  0.078163947626 -0.022964313259  0.139617808999  0.019324340783  0.050177314402  0.003239736301 -0.007537902487  0.010552034509  0.139617808999 -0.016287264013
  0.519685039370  0.063639940585 -0.002249278814  0.177393570106 -0.059062653778  0.183110423769  0.055871512823  0.059075137153  0.007140327740  0.048608095773  0.003971178781  0.183110423769 -0.019558665267
  0.527559055118 -0.084026288106 -0.002759380123  0.162446193485 -0.056012537897  0.097611650263  0.054496666510 -0.017526664831  0.006413519363  0.062742015372 -0.001905053536  0.097611650263 -0.013082315157
  0.535433070866 -0.137284563694 -0.001564915793  0.068828733752 -0.024838158470  0.031311440587  0.025002923844 -0.025418126623  0.002661872199  0.037044895289 -0.003987196557  0.031311440587 -0.002772300814
  0.543307086614 -0.168790971043 -0.001043756657 -0.034262244603  0.007443271438  0.115978122911 -0.003933060642 -0.070986163351 -0.001374214437  0.028122380342 -0.012169816313  0.115978122911  0.013712685834
  0.551181102362 -0.083355459972  0.002062666147 -0.162032387697  0.054294229314  0.189974071534 -0.051632024270 -0.050792731369 -0.006144594117 -0.047673208669 -0.002631958193  0.189974071534  0.016997782517
  0.559055118110  0.029318698570  0.001660011908 -0.153558002029  0.050707591375  0.108317876093 -0.047639302785 -0.010991825407 -0.005751296892 -0.038111383715 -0.004643044703  0.108317876093  0.017980948730
  0.566929133858  0.115389845103  0.002688897383 -0.124225149226  0.044889616090  0.056954757206 -0.045231234485  0.011666560813 -0.004536554401 -0.067433746610  0.007370599697  0.056954757206  0.004851680082
  0.574803149606  0.175221854715  0.000792997685  0.010141865920 -0.000763471941  0.103636074207 -0.001326610505  0.073399247172  0.000403394638 -0.021948081868  0.007743787103  0.103636074207 -0.007667413689
  0.582677165354  0.100751395981 -0.000748540888  0.113434649596 -0.036211183294  0.155708242969  0.033034338798  0.039773338926  0.004092449094  0.016354139993  0.007016641190  0.155708242969 -0.016407788068
  0.590551181102  0.030088241158 -0.001499977614  0.158607585411 -0.052011343381  0.143357921357  0.048576651555  0.048358475083  0.005628248082  0.035923110096  0.005841909734  0.143357921357 -0.019483754087
  0.598425196850 -0.102061814728 -0.002828111456  0.150590385050 -0.053639181289  0.087569990260  0.053485592312 -0.017995050750  0.005219749476  0.074386963640 -0.006697941054  0.087569990260 -0.007830427751
  0.606299212598 -0.149314393607 -0.000751471770  0.022465688655 -0.009017790308  0.070570282962  0.009736314891 -0.044161847678  0.000755945951  0.020707963733 -0.003920741947  0.070570282962  0.001377291466
  0.614173228346 -0.133370331225 -0.000643503659 -0.058428964449  0.015552575735  0.119433912204 -0.011653667800 -0.052572315572 -0.002037966119  0.020903626939 -0.012529409234  0.119433912204  0.016219147159
  0.622047244094 -0.064588318318  0.001842567298 -0.165587700140  0.055407129590  0.177988304845 -0.052629262291 -0.059134189189 -0.005564993501 -0.047977194959 -0.002915285867  0.177988304845  0.017567289254
  0.629921259843  0.069795432203  0.001884213723 -0.145391991551  0.049552128875  0.088927604327 -0.047771999352  0.010428925204 -0.004814371110 -0.050666960742  0.000036714647  0.088927604327  0.013162480843
  0.637795275591  0.118711476698  0.001609372828 -0.076668842061  0.028132904550  0.027814430890 -0.028656244984  0.013116580517 -0.002483693513 -0.045669210378  0.005780323169  0.027814430890  0.001921478019
  0.645669291339  0.162568371246  0.000956975365  0.026274077606 -0.004792775253  0.105670882169  0.001432936020  0.072466277206  0.000897448365 -0.030224755563  0.011964700919  0.105670882169 -0.012809038101
  0.653543307087  0.077427520844 -0.001418797520  0.143464832141 -0.047675677758  0.172223689532  0.045028814336  0.043738973781  0.004592936275  0.038454806711  0.003471971800  0.172223689532 -0.016044647623
  0.661417322835 -0.012879727871 -0.001131278511  0.139849300573 -0.045696026192  0.104670720283  0.042547822419  0.024652691044  0.004432767676  0.030122608334  0.005622764146  0.104670720283 -0.017590483044
  0.669291338583 -0.105258426301 -0.002445887398  0.125922153424 -0.045961702281  0.068978206597  0.046642953316 -0.009327327111  0.003890047952  0.072696812004 -0.008791166597  0.068978206597 -0.003767969301
  0.677165354331 -0.159812059549 -0.000592852474 -0.007383699358  0.000207814030  0.094947669888  0.001567908611 -0.064195832097 -0.000253172612  0.019272220444 -0.006638864742  0.094947669888  0.006454407356
  0.685039370079 -0.097560411386  0.000123225430 -0.091508794482  0.027874709698  0.133244033837 -0.024335779804 -0.037919992282 -0.002822835560 -0.000540185952 -0.009506711685  0.133244033837  0.016587550426
  0.692913385827 -0.039339740820  0.001286829144 -0.151165225935  0.049807873476  0.145029372003 -0.046707402668 -0.056660195707 -0.004569139129 -0.036480643527 -0.004885895262  0.145029372003  0.017975393425
  0.700787401575  0.093385355378  0.002200336806 -0.140533434339  0.049869871866  0.083839981981 -0.049589959953  0.017153291756 -0.004161654383 -0.067648773050  0.005712457110  0.083839981981  0.007776384635
  0.708661417323  0.130035069072  0.000778276634 -0.029264114874  0.011536907574  0.055719415784 -0.012319722380  0.029066361390 -0.000844704838 -0.024989389909  0.004503768336  0.055719415784 -0.001268308350
  0.716535433071  0.133221263587  0.000844297510  0.044175618125 -0.010227840027  0.105834706651  0.006162577674  0.057320272782  0.001336826821 -0.030289077078  0.013876142050  0.105834706651 -0.016099026872
  0.724409448819  0.062831875949 -0.001534321525  0.155759904418 -0.052285356377  0.172472694981  0.049794044686  0.055509440127  0.004493282014  0.046707015720  0.002262775021  0.172472694981 -0.016106885363
  0.732283464567 -0.055711100609 -0.001269927917  0.130945062330 -0.043933254771  0.081588061293  0.041822584435 -0.000962582091  0.003737048165  0.039055121617  0.001966356402  0.081588061293 -0.013596648979
  0.740157480315 -0.105712275068 -0.001672377631  0.085224616861 -0.031756499125  0.038128947242  0.032691655528 -0.005089207374  0.002374100538  0.055346619460 -0.007817944479  0.038128947242 -0.000922578635
  0.748031496063 -0.156661630866 -0.000785665606 -0.022393455290  0.003779523493  0.099678883379 -0.000693007406 -0.072138505171 -0.000663308451  0.028650114104 -0.011075912297  0.099678883379  0.011682481405
  0.755905511811 -0.072573216449  0.000879395333 -0.125433913524  0.040953872954  0.153838496363 -0.038106894463 -0.037279216727 -0.003479184485 -0.026715802958 -0.005134932758  0.153838496363  0.015857233011
  0.763779527559 -0.001957168869  0.000861610039 -0.131340917974  0.042692675937  0.105361957353 -0.039573058834 -0.038078683116 -0.003607347101 -0.026177793480 -0.005922751279  0.105361957353  0.017079712407
  0.771653543307  0.099165348259  0.002181740331 -0.125860124607  0.046175775668  0.075889623279 -0.047029490577  0.010105122278 -0.003370043698 -0.074900851259  0.009467724576  0.075889623279  0.003172866738
  0.779527559055  0.144617790707  0.000470527036  0.004500886701  0.000483677948  0.086437880098 -0.002011661302  0.052459294451  0.000139971472 -0.017523122140  0.005802494742  0.086437880098 -0.005464074340
  0.787401574803  0.097657556039  0.000309929085  0.072547097721 -0.020543936070  0.114991886658  0.016603316705  0.039549257967  0.001961886876 -0.014283732472  0.012009083821  0.114991886658 -0.017047031350
  0.795275590551  0.045120285707 -0.001187543678  0.147092853474 -0.048849978540  0.148509743091  0.046113295006  0.061019625852  0.003870139745  0.039130639443  0.003649946523  0.148509743091 -0.016528960543
  0.803149606299 -0.085142554809 -0.001658823140  0.129662704072 -0.045560226981  0.077103396486  0.044971978516 -0.014908134576  0.003354606674  0.058138557693 -0.003970312160  0.077103396486 -0.008307755985
  0.811023622047 -0.113933667804 -0.000878541291  0.038031422333 -0.014972015398  0.042612804338  0.015973834189 -0.015564489649  0.000959416153  0.032274831538 -0.005791903644  0.042612804338  0.001594996610
  0.818897637795 -0.134542984905 -0.000876779358 -0.034768120585  0.006840473450  0.097425266323 -0.002758171745 -0.062875504019 -0.000931769239  0.035281323792 -0.014399515280  0.097425266323  0.015701293129
  0.826771653543 -0.059320219349  0.001244091364 -0.145909205716  0.048915659087  0.164834219402 -0.046535898793 -0.049254901543 -0.003688561057 -0.043156792553 -0.002300950854  0.164834219402  0.015246186484
  0.834645669291  0.041193971549  0.000856063328 -0.119476523177  0.039415504700  0.077033927619 -0.037000633329 -0.010904485386 -0.002997629050 -0.029295309216 -0.003721197759  0.077033927619  0.014084830733
  0.842519685039  0.097415331132  0.001708548955 -0.093428493488  0.035225978682  0.052055757849 -0.036552306984  0.001391322615 -0.002282731774 -0.064577958421  0.009757155248  0.052055757849 -0.000022512445
  0.850393700787  0.149804178986  0.000598041265  0.020971874918 -0.003748709854  0.096081251273  0.001010786388  0.068767927439  0.000544570099 -0.024852620402  0.009771281031  0.096081251273 -0.010416768666
  0.858267716535  0.069664365627 -0.000414795537  0.107484782488 -0.034025462840  0.135315380375  0.030806199261  0.032880118098  0.002635148093  0.012786590367  0.007472335572  0.135315380375 -0.016264870348
  0.866141732283  0.014753017281 -0.000754969477  0.127206474038 -0.041431495064  0.109882738846  0.038470471736  0.049921442351  0.003080168736  0.026136562062  0.005498344805  0.109882738846 -0.016334729359
  0.874015748031 -0.095289866614 -0.001884173150  0.123405823325 -0.045255732025  0.077485283804  0.046078487474 -0.012306427873  0.002917503126  0.073254755753 -0.009226708341  0.077485283804 -0.003160129743
  0.881889763780 -0.129604972282 -0.000435187285 -0.000195563924 -0.001860266882  0.076675930733  0.003269297645 -0.038894772474 -0.000021117904  0.018164855732 -0.005542575038  0.076675930733  0.004846898373
  0.889763779528 -0.100545366002 -0.000585147347 -0.056836689122  0.014447792163  0.101353508187 -0.010158044533 -0.044326579744 -0.001374178665  0.026777327602 -0.014146670292  0.101353508187  0.017483738444
  0.897637795276 -0.047578020536  0.001119748897 -0.144514608116  0.048380027090  0.151807383937 -0.045973302196 -0.061158001669 -0.003365459586 -0.042099949110 -0.002474833879  0.151807383937  0.015271126650
  0.905511811024  0.076024615665  0.001201371024 -0.118541553318  0.041001744252  0.069205752334 -0.039988878675  0.009972771267 -0.002725616250 -0.046994087731  0.001757837786  0.069205752334  0.009226191399
  0.913385826772  0.101235444594  0.001014668338 -0.048450872631  0.019169180183  0.035959009352 -0.020515027053  0.004890642064 -0.001084501290 -0.042018800915  0.007652799739  0.035959009352 -0.002270787912
  0.921259842520  0.135948132534  0.000800222939  0.029564900474 -0.005183403847  0.092959537696  0.001249691137  0.067554326866  0.000709478463 -0.035994310145  0.014066363131  0.092959537696 -0.014938825899
  0.929133858268  0.055126867006 -0.000942592261  0.134858762019 -0.044836600527  0.154270369590  0.042363742021  0.041838555068  0.003036658717  0.036345376415  0.003203699225  0.154270369590 -0.015029896789
  0.937007874016 -0.026389018703 -0.000604687391  0.111428058276 -0.036261401716  0.076183511486  0.033645012680  0.024426830443  0.002494302320  0.022601116715  0.004905569554  0.076183511486 -0.014386347306
  0.944881889764 -0.092946842095 -0.001690368488  0.100184249005 -0.038041267559  0.063931689373  0.039659227854 -0.001536292022  0.002180475074  0.071784576679 -0.011233915959  0.063931689373  0.000696097154
  0.952755905512 -0.141351784648 -0.000438649914 -0.020460455203  0.004048505079  0.092940894081 -0.001662929853 -0.061798219313 -0.000471110152  0.020544822292 -0.008407711583  0.092940894081  0.009182302094
  0.960629921260 -0.069313338628  0.000024199868 -0.089901987384  0.027086831800  0.116480765976 -0.023392194372 -0.031616269711 -0.001980004067  0.002293070836 -0.010198177007  0.116480765976  0.017044192962
  0.968503937008 -0.024945098731  0.000741932978 -0.126450034807  0.041527835495  0.106436584823 -0.038834599281 -0.058864275715 -0.002735571004 -0.029223996405 -0.004479857516  0.106436584823  0.015378691197
  0.976377952756  0.091888304805  0.001556778034 -0.118249729230  0.043074937517  0.000000000000 -0.043651664949  0.013948090643 -0.002504758915 -0.067450593151  0.008007221038  0.000000000000  0.003754727422
  0.984251968504  0.114110678437  0.000439083855 -0.004698444996  0.003570379244  0.000000000000 -0.004950257676  0.023377808044 -0.000084470662 -0.020269167421  0.005665048152  0.000000000000 -0.004509470861
  0.992125984252  0.097796208556  0.000370860032  0.059031904052 -0.015869871844  0.246910168994  0.012045197652  0.042007715731  0.001273423771 -0.019635594905  0.012207662530  0.246910168994 -0.015993532141
  1.000000000000  0.000000000000 -0.004080092504  0.265145483575 -0.099944107590  0.469655276277  0.103689552776  0.000000000000  0.005458271562  0.183027860810 -0.027617000435  0.469655276277 -0.000000000000
