             radius   SpeedofSoundError            Expected              Actual 
      0.100000000000     -0.000000000124      0.994376265207      0.994376265331
      0.111111111111     -0.000000000122      0.994445684006      0.994445684128
      0.122222222222     -0.000000000121      0.994515103556      0.994515103677
      0.133333333333     -0.000000000119      0.994584523839      0.994584523958
      0.144444444444     -0.000000000117      0.994653944836      0.994653944954
      0.155555555556     -0.000000000116      0.994723366528      0.994723366644
      0.166666666667     -0.000000000114      0.994792788895      0.994792789010
      0.177777777778     -0.000000000113      0.994862211920      0.994862212032
      0.188888888889     -0.000000000111      0.994931635582      0.994931635693
      0.200000000000     -0.000000000110      0.995001059862      0.995001059972
      0.211111111111     -0.000000000108      0.995070484743      0.995070484851
      0.222222222222     -0.000000000107      0.995139910204      0.995139910310
      0.233333333333     -0.000000000105      0.995209336226      0.995209336331
      0.244444444444     -0.000000000104      0.995278762791      0.995278762895
      0.255555555556     -0.000000000102      0.995348189880      0.995348189982
      0.266666666667     -0.000000000101      0.995417617473      0.995417617574
      0.277777777778     -0.000000000099      0.995487045552      0.995487045651
      0.288888888889     -0.000000000098      0.995556474097      0.995556474195
      0.300000000000     -0.000000000096      0.995625903090      0.995625903186
      0.311111111111     -0.000000000094      0.995695332511      0.995695332605
      0.322222222222     -0.000000000093      0.995764762341      0.995764762434
      0.333333333333     -0.000000000091      0.995834192562      0.995834192653
      0.344444444444     -0.000000000090      0.995903623154      0.995903623243
      0.355555555556     -0.000000000088      0.995973054098      0.995973054186
      0.366666666667     -0.000000000087      0.996042485375      0.996042485462
      0.377777777778     -0.000000000085      0.996111916966      0.996111917052
      0.388888888889     -0.000000000084      0.996181348853      0.996181348937
      0.400000000000     -0.000000000082      0.996250781015      0.996250781098
      0.411111111111     -0.000000000081      0.996320213435      0.996320213516
      0.422222222222     -0.000000000079      0.996389646093      0.996389646172
      0.433333333333     -0.000000000078      0.996459078969      0.996459079047
      0.444444444444     -0.000000000076      0.996528512046      0.996528512122
      0.455555555556     -0.000000000075      0.996597945303      0.996597945378
      0.466666666667     -0.000000000073      0.996667378722      0.996667378796
      0.477777777778     -0.000000000072      0.996736812285      0.996736812356
      0.488888888889     -0.000000000070      0.996806245970      0.996806246040
      0.500000000000     -0.000000000068      0.996875679761      0.996875679829
      0.511111111111     -0.000000000067      0.996945113637      0.996945113704
      0.522222222222     -0.000000000065      0.997014547580      0.997014547645
      0.533333333333     -0.000000000064      0.997083981570      0.997083981634
      0.544444444444     -0.000000000062      0.997153415589      0.997153415652
      0.555555555556     -0.000000000061      0.997222849618      0.997222849679
      0.566666666667     -0.000000000059      0.997292283637      0.997292283696
      0.577777777778     -0.000000000058      0.997361717628      0.997361717685
      0.588888888889     -0.000000000056      0.997431151570      0.997431151627
      0.600000000000     -0.000000000055      0.997500585447      0.997500585501
      0.611111111111     -0.000000000053      0.997570019237      0.997570019290
      0.622222222222     -0.000000000052      0.997639452923      0.997639452975
      0.633333333333     -0.000000000050      0.997708886485      0.997708886535
      0.644444444444     -0.000000000049      0.997778319904      0.997778319953
      0.655555555556     -0.000000000047      0.997847753162      0.997847753209
      0.666666666667     -0.000000000046      0.997917186238      0.997917186284
      0.677777777778     -0.000000000044      0.997986619115      0.997986619159
      0.688888888889     -0.000000000043      0.998056051772      0.998056051815
      0.700000000000     -0.000000000041      0.998125484192      0.998125484233
      0.711111111111     -0.000000000040      0.998194916355      0.998194916394
      0.722222222222     -0.000000000038      0.998264348241      0.998264348279
      0.733333333333     -0.000000000036      0.998333779833      0.998333779869
      0.744444444444     -0.000000000035      0.998403211110      0.998403211145
      0.755555555556     -0.000000000033      0.998472642054      0.998472642087
      0.766666666667     -0.000000000032      0.998542072646      0.998542072678
      0.777777777778     -0.000000000030      0.998611502866      0.998611502897
      0.788888888889     -0.000000000029      0.998680932697      0.998680932726
      0.800000000000     -0.000000000027      0.998750362118      0.998750362145
      0.811111111111     -0.000000000026      0.998819791110      0.998819791136
      0.822222222222     -0.000000000024      0.998889219655      0.998889219680
      0.833333333333     -0.000000000023      0.998958647734      0.998958647757
      0.844444444444     -0.000000000021      0.999028075327      0.999028075349
      0.855555555556     -0.000000000020      0.999097502416      0.999097502436
      0.866666666667     -0.000000000018      0.999166928981      0.999166928999
      0.877777777778     -0.000000000017      0.999236355004      0.999236355021
      0.888888888889     -0.000000000015      0.999305780465      0.999305780480
      0.900000000000     -0.000000000014      0.999375205345      0.999375205359
      0.911111111111     -0.000000000012      0.999444629626      0.999444629638
      0.922222222222     -0.000000000011      0.999514053288      0.999514053299
      0.933333333333     -0.000000000009      0.999583476312      0.999583476321
      0.944444444444     -0.000000000008      0.999652898680      0.999652898687
      0.955555555556     -0.000000000006      0.999722320371      0.999722320377
      0.966666666667     -0.000000000005      0.999791741368      0.999791741373
      0.977777777778     -0.000000000003      0.999861161651      0.999861161654
      0.988888888889     -0.000000000002      0.999930581202      0.999930581203
      1.000000000000     -0.000000000000      1.000000000000      1.000000000000
