             Rad         v_r[Re]         v_t[Re]         v_x[Re]         p[Re]          p_mg[Re]  p_no_phase[Re]         v_r[Im]         v_t[Im]         v_x[Im]         p[Im]          p_mg[Im]  p_no_phase[Im]
  0.250000000000  0.000000000000 -0.046756832267 -0.424646472218  0.068947901332  0.668393089328  0.229530014305  0.000000000000 -0.037058914843  0.575353527782 -0.218929701888  0.668393089328 -0.000000000000
  0.255905511811  0.218415452957 -0.039715811231 -0.369220247642  0.059948599293  0.548239350368  0.199571017935 -0.275572416023 -0.031478284455  0.500256533157 -0.190354292419  0.548239350368 -0.000000000000
  0.261811023622  0.370740913295 -0.021575402426 -0.205205626774  0.033318297062  0.274371284157  0.110917795226 -0.467759802761 -0.017100409981  0.278033114624 -0.105795313595  0.274371284157 -0.000000000000
  0.267716535433  0.415170238679  0.001324262808  0.012879286663 -0.002091150743  0.070805291395 -0.006961515155 -0.523815802337  0.001049595113 -0.017450146184  0.006640013692  0.070805291395  0.000000000000
  0.273622047244  0.340537126400  0.022506605171  0.223719330833 -0.036324282332  0.390256513870 -0.120924827040 -0.429652011325  0.017838470316 -0.303117333237  0.115340193809  0.390256513870  0.000000000000
  0.279527559055  0.170424849312  0.035956196501  0.365124359961 -0.059283568784  0.590280571278 -0.197357107730 -0.215023190161  0.028498458078 -0.494707014720  0.188242626533  0.590280571278  0.000000000000
  0.285433070866 -0.043980481243  0.038627365186  0.400536230980 -0.065033231971  0.620165090250 -0.216497940855  0.055489697775  0.030615594933 -0.542686560646  0.206499484585  0.620165090250  0.000000000000
  0.291338582677 -0.242406590667  0.030262356189  0.320289847840 -0.052003994549  0.470783381485 -0.173123146349  0.305841775137  0.023985587273 -0.433960731865  0.165127854564  0.470783381485  0.000000000000
  0.297244094488 -0.366650896871  0.013960707688  0.150752006147 -0.024476912268  0.191596110742 -0.081484510978  0.462599473250  0.011065092571 -0.204253901142  0.077721337451  0.191596110742  0.000000000000
  0.303149606299 -0.385213570652 -0.005304032569 -0.058412476878  0.009484166138  0.138165634723  0.031573126190  0.486019798105 -0.004203913776  0.079143068027 -0.030114994439  0.138165634723 -0.000000000000
  0.309055118110 -0.292425598016 -0.022019540300 -0.247221717671  0.040140257160  0.421944169102  0.133628342883  0.368950216028 -0.017452428432  0.334960718414 -0.127457027177  0.421944169102 -0.000000000000
  0.314960629921 -0.119009313975 -0.031555145781 -0.361051283057  0.058622241955  0.579973720220  0.195155527213  0.150152765005 -0.025010237085  0.489188402606 -0.186142720915  0.579973720220 -0.000000000000
  0.320866141732  0.085821143966 -0.031800834718 -0.370684855548  0.060186400966  0.570410509870  0.200362668156 -0.108279609654 -0.025204967244  0.502240930487 -0.191109382107  0.570410509870 -0.000000000000
  0.326771653543  0.262089276793 -0.022997396328 -0.273001778866  0.044326047534  0.396620160428  0.147562987821 -0.330675207461 -0.018227465609  0.369890124697 -0.140748132793  0.396620160428 -0.000000000000
  0.332677165354  0.360248829163 -0.008302694948 -0.100342404865  0.016292136360  0.114311673621  0.054237101050 -0.454522053626 -0.006580618278  0.135953929686 -0.051732286080  0.114311673621 -0.000000000000
  0.338582677165  0.354308671512  0.008055852563  0.099087455291 -0.016088375949  0.198013972230 -0.053558775401 -0.447027420928  0.006384973909 -0.134253598442  0.051085287332  0.198013972230  0.000000000000
  0.344488188976  0.246359349459  0.021235837312  0.265757884082 -0.043149889540  0.446464685955 -0.143647516054 -0.310828928178  0.016831274669 -0.360075371270  0.137013488026  0.446464685955  0.000000000000
  0.350393700787  0.071004331999  0.027819515215  0.354118225351 -0.057496553153  0.565006209474 -0.191408069178 -0.089585398159  0.022049420274 -0.479794802352  0.182568330556  0.565006209474  0.000000000000
  0.356299212598 -0.122995748198  0.026228167210  0.339488633158 -0.055121213324  0.518591646176 -0.183500478452  0.155182405973  0.020788136578 -0.459973167112  0.175025933604  0.518591646176  0.000000000000
  0.362204724409 -0.277320117741  0.017302564440  0.227670634283 -0.036965837363  0.325279185631 -0.123060586541  0.349891794847  0.013713808893 -0.308470954493  0.117377318201  0.325279185631  0.000000000000
  0.368110236220 -0.350951807533  0.003977486354  0.053189881652 -0.008636197289  0.041771257644 -0.028750207750  0.442792101932  0.003152508862 -0.072066973478  0.027422445953  0.041771257644  0.000000000000
  0.374015748031 -0.322121549366 -0.009915703141 -0.134727371327  0.021875065761  0.249994876825  0.072822871473  0.406417276845 -0.007859069584  0.182542122572 -0.069459715717  0.249994876825 -0.000000000000
  0.379921259843 -0.202046130177 -0.020274165932 -0.279820175566  0.045433119354  0.464467407030  0.151248469262  0.254919418416 -0.016069065254  0.379128370749 -0.144263408805  0.464467407030 -0.000000000000
  0.385826771654 -0.025946083649 -0.024530183649 -0.343823526233  0.055825050043  0.544511655050  0.185843575910  0.032735893274 -0.019442334796  0.465846513969 -0.177260820529  0.544511655050 -0.000000000000
  0.391732283465  0.155283521534 -0.021575231726 -0.307034561233  0.049851794418  0.465232902859  0.165958395613 -0.195919540574 -0.017100274687  0.416001143336 -0.158293991256  0.465232902859 -0.000000000000
  0.397637795276  0.288502450600 -0.012729980149 -0.183889873895  0.029857355967  0.255987123567  0.099396199302 -0.364000423340 -0.010089632411  0.249152399915 -0.094805815910  0.255987123567 -0.000000000000
  0.403543307087  0.338221680325 -0.000621662952 -0.009113549702  0.001479725293  0.025709941785  0.004926058098 -0.426730638042 -0.000492722738  0.012347948975 -0.004698559507  0.025709941785 -0.000000000000
  0.409448818898  0.288977935896  0.011116803806  0.165356775629 -0.026848221748  0.294421911079 -0.089378684526 -0.364600337998  0.008811047832 -0.224041904090  0.085250936866  0.294421911079  0.000000000000
  0.415354330709  0.159005586513  0.019203471092  0.289761652947 -0.047047271470  0.476057849546 -0.156622039031 -0.200615629725  0.015220445128 -0.392598078981  0.149388812691  0.476057849546  0.000000000000
  0.421259842520 -0.015969648456  0.021552832332  0.329835079376 -0.053553810043  0.518314509425 -0.178282537217  0.020148732833  0.017082521191 -0.446893566579  0.170048970907  0.518314509425  0.000000000000
  0.427165354331 -0.182879232366  0.017642033061  0.273770774485 -0.044450905828  0.410923406695 -0.147978645521  0.230736750633  0.013982867726 -0.370932036903  0.141144594304  0.410923406695  0.000000000000
  0.433070866142 -0.295701817054  0.008973246114  0.141172784058 -0.022921577884  0.188184344878 -0.076306747528  0.373083786173  0.007112089239 -0.191275012624  0.072782697021  0.188184344878  0.000000000000
  0.438976377953 -0.321949406756 -0.001975593476 -0.031505121988  0.005115342254  0.087347439368  0.017029156189  0.406200086375 -0.001565832133  0.042686291456 -0.016242704028  0.087347439368  0.000000000000
  0.444881889764 -0.255243765323 -0.011843758547 -0.191415324218  0.031079228843  0.332102935361  0.103463857539  0.322038299637 -0.009387223602  0.259348632958 -0.098685618766  0.332102935361 -0.000000000000
  0.450787401575 -0.116890106475 -0.018042363411 -0.295466078150  0.047973472844  0.480709662778  0.159705396327  0.147478983809 -0.014300164848  0.400327004992 -0.152329772268  0.480709662778 -0.000000000000
  0.456692913386  0.054255583771 -0.018828790035 -0.312384240886  0.050720397383  0.487200195864  0.168850005758 -0.068453683566 -0.014923477333  0.423249424583 -0.161052059080  0.487200195864 -0.000000000000
  0.462598425197  0.206284680588 -0.014275699414 -0.239907583547  0.038952694727  0.355626156550  0.129674905330 -0.260267151653 -0.011314751305  0.325050797701 -0.123686169986  0.355626156550 -0.000000000000
  0.468503937008  0.298591276028 -0.005840587302 -0.099405907877  0.016140081636  0.122196833890  0.053730905470 -0.376729385326 -0.004629180741  0.134685069867 -0.051249467972  0.122196833890 -0.000000000000
  0.474409448819  0.302622849982  0.003961908472  0.068281051417 -0.011086481353  0.142827996478 -0.036907290496 -0.381815978605  0.003140162016 -0.092514000194  0.035202812714  0.142827996478 -0.000000000000
  0.480314960630  0.220896054511  0.012229833607  0.213397385263 -0.034648355341  0.363504073234 -0.115345606514 -0.278702164189  0.009693222150 -0.289132128636  0.110018636668  0.363504073234  0.000000000000
  0.486220472441  0.075902174187  0.016791795962  0.296601143367 -0.048157768181  0.478029082456 -0.160318922054 -0.095764952704  0.013308979810 -0.401864904915  0.152914963729  0.478029082456  0.000000000000
  0.492125984252 -0.088717155121  0.016341654753  0.292155965672 -0.047436025053  0.452279748924 -0.157916213526  0.111933475624  0.012952203187 -0.395842133420  0.150623218734  0.452279748924  0.000000000000
  0.498031496063 -0.225789397369  0.011345524317  0.205269210177 -0.033328620807  0.298958112878 -0.110952163342  0.284876041979  0.008992329016 -0.278119263780  0.105828094500  0.298958112878  0.000000000000
  0.503937007874 -0.296926242098  0.003226726722  0.059071890529 -0.009591232110  0.059119594420 -0.031929552616  0.374628630015  0.002557465616 -0.080036507618  0.030454960136  0.059119594420  0.000000000000
  0.509842519685 -0.280932125583 -0.005468434571 -0.101284153655  0.016445043794  0.192602611561  0.054746135334  0.354449026098 -0.004334216868  0.137229905172 -0.052217811795  0.192602611561  0.000000000000
  0.515748031496 -0.185696879666 -0.012348330531 -0.231359989708  0.037564861093  0.388256047011  0.125054757831  0.234291745775 -0.009787141417  0.313469662353 -0.119279393305  0.388256047011 -0.000000000000
  0.521653543307 -0.036721947784 -0.015470526756 -0.293176863498  0.047601783553  0.468485035870  0.158468029467  0.046331684572 -0.012261757391  0.397225347938 -0.151149550333  0.468485035870 -0.000000000000
  0.527559055118  0.119634498753 -0.014074151325 -0.269734022745  0.043795476950  0.414090288314  0.145796699489 -0.150941553881 -0.011155006662  0.365462641755 -0.139063416399  0.414090288314 -0.000000000000
  0.533464566929  0.241164007048 -0.008757649121 -0.169720987890  0.027556818889  0.241061757266  0.091737629597 -0.304274020818 -0.006941209600  0.229954975514 -0.087500939520  0.241061757266 -0.000000000000
  0.539370078740  0.290997987958 -0.001066135216 -0.020890150604  0.003391838004  0.000079358568  0.011291549279 -0.367149015849 -0.000845006222  0.028304066164 -0.010770075212  0.000079358568 -0.000000000000
  0.545275590551  0.257210863754  0.006608638837  0.130909301759 -0.021255143305  0.237222564458 -0.070759127583 -0.324520166465  0.005237929347 -0.177369019912  0.067491281062  0.237222564458  0.000000000000
  0.551181102362  0.149734742771  0.012231161642  0.244908837095 -0.039764725342  0.405633830778 -0.132378184112 -0.188918706388  0.009694274735 -0.331826996399  0.126264604095  0.405633830778  0.000000000000
  0.557086614173 -0.000049293322  0.014120125709  0.285761500622 -0.046397785071  0.453230611181 -0.154459875724  0.000062192851  0.011191445418 -0.387178272383  0.147326503892  0.453230611181  0.000000000000
  0.562992125984 -0.147350040385  0.011989346273  0.245211173536 -0.039813814324  0.372441702924 -0.132541603078  0.185909953166  0.009502614720 -0.332236632058  0.126420475935  0.372441702924  0.000000000000
  0.568897637795 -0.251958162089  0.006466757911  0.133648215668 -0.021699848203  0.183005909575 -0.072239565995  0.317892889553  0.005125476195 -0.181079974513  0.068903348852  0.183005909575  0.000000000000
  0.574803149606 -0.281522750646 -0.000707460372 -0.014772829605  0.002398596632  0.055270750991  0.007985013446  0.355194211355 -0.000560724763  0.020015707617 -0.007616244083  0.055270750991  0.000000000000
  0.580708661417 -0.231340977586 -0.007457518905 -0.157324042813  0.025543983739  0.276505478064  0.085036829833  0.291880410728 -0.005910741696  0.213158353970 -0.081109600683  0.276505478064 -0.000000000000
  0.586614173228 -0.113673537879 -0.011905881391 -0.253721070367  0.041195527268  0.415507896403  0.137141374581  0.143420673982 -0.009436461437  0.343766691728 -0.130807817637  0.415507896403 -0.000000000000
  0.592519685039  0.034331250947 -0.012779771422 -0.275085881245  0.044664433685  0.433181946912  0.148689487346 -0.043315368214 -0.010129096388  0.372713875122 -0.141822607545  0.433181946912 -0.000000000000
  0.598425196850  0.171750497060 -0.010046825227 -0.218414340771  0.035462935411  0.327195045155  0.118057372524 -0.216695745595 -0.007962995405  0.295929601921 -0.112605166042  0.327195045155 -0.000000000000
  0.604330708661  0.258091406504 -0.004459062882 -0.097895040738  0.015894769064  0.126183525293  0.052914251197 -0.325631137734 -0.003534200749  0.132637995899 -0.050470528986  0.126183525293 -0.000000000000
  0.610236220472  0.269069586688  0.002168338091  0.048069257297 -0.007804784982  0.106886804349 -0.025982406629 -0.339482189002  0.001718599246 -0.065129039267  0.024782469321  0.106886804349 -0.000000000000
  0.616141732283  0.203236160218  0.008048576045  0.180153252947 -0.029250657951  0.309537299973 -0.097376480040 -0.256420866455  0.006379206627 -0.244089651994  0.092879372707  0.309537299973  0.000000000000
  0.622047244094  0.078378494856  0.011418165752  0.258025212804 -0.041894371147  0.418682226052 -0.139467850696 -0.098889299723  0.009049903763 -0.349598374545  0.133026850839  0.418682226052  0.000000000000
  0.627952755906 -0.066392398099  0.011462099895  0.261477058855 -0.042454831569  0.408403036293 -0.141333643362  0.083766571009  0.009084725447 -0.354275280942  0.134806476189  0.408403036293  0.000000000000
  0.633858267717 -0.192268108036  0.008229191750  0.189492389754 -0.030767010788  0.279075527606 -0.102424472535  0.242582593577  0.006522360509 -0.256743248951  0.097694235354  0.279075527606  0.000000000000
  0.639763779528 -0.260063131256  0.002718991822  0.063193146678 -0.010260381581  0.071344421650 -0.034157174992  0.328118841539  0.002155040911 -0.085620397794  0.032579704928  0.071344421650  0.000000000000
  0.645669291339 -0.253678245275 -0.003377478901 -0.079221891527  0.012862895415  0.154970742526  0.042821036050  0.320063099915 -0.002676950018  0.107337745041 -0.040843445618  0.154970742526 -0.000000000000
  0.651574803150 -0.173346875148 -0.008398598576 -0.198798698528  0.032278033488  0.335563243991  0.107454720814  0.218709878572 -0.006656630365  0.269352367203 -0.102492173259  0.335563243991 -0.000000000000
  0.657480314961 -0.044315360284 -0.010821930626 -0.258481777477  0.041968501461  0.416207936038  0.139714633144  0.055912211041 -0.008577334821  0.350216974044 -0.133262236210  0.416207936038 -0.000000000000
  0.663385826772  0.096259583155 -0.010157004144 -0.244779052643  0.039743652836  0.378525493650  0.132308032989 -0.121449675544 -0.008050321918  0.331651151438 -0.126197692739  0.378525493650 -0.000000000000
  0.669291338583  0.208434040273 -0.006546847137 -0.159180489853  0.025845406535  0.229551894472  0.086040277038 -0.262978975534 -0.005188953973  0.215673654163 -0.082066706001  0.229551894472 -0.000000000000
  0.675196850394  0.258526233894 -0.001211482067 -0.029715964365  0.004824844931  0.018360295903  0.016062080276 -0.326179754752 -0.000960206425  0.040262161698 -0.015320290278  0.018360295903 -0.000000000000
  0.681102362205  0.235119904819  0.004364061599  0.107980588484 -0.017532313224  0.198663515819 -0.058365693915 -0.296648242369  0.003458903851 -0.146302905077  0.055670209441  0.198663515819  0.000000000000
  0.687007874016  0.142585428154  0.008536658975  0.213055170623 -0.034592791518  0.354773322821 -0.115160632574 -0.179898493417  0.006766055412 -0.288668462002  0.109842205321  0.354773322821  0.000000000000
  0.692913385827  0.011404439325  0.010153571512  0.255587855766 -0.041498628657  0.408443719775 -0.138150409878 -0.014388857819  0.008047601255 -0.346295999364  0.131770252975  0.408443719775  0.000000000000
  0.698818897638 -0.123399210130  0.008857760551  0.224869735028 -0.036511068189  0.343744805186 -0.121546643796  0.155691449531  0.007020556741 -0.304676015943  0.115933293396  0.343744805186  0.000000000000
  0.704724409449 -0.220366319557  0.005015797925  0.128410866697 -0.020849483856  0.179875062457 -0.069408672857  0.278033803324  0.003975462390 -0.173983890114  0.066203193961  0.179875062457  0.000000000000
  0.710629921260 -0.253703515690 -0.000105633717 -0.002727021003  0.000442773901  0.032994713876  0.001474010055  0.320094983325 -0.000083724041  0.003694840902 -0.001405936312  0.032994713876  0.000000000000
  0.716535433071 -0.213515990953 -0.005133569035 -0.133628628003  0.021696667844  0.236760823475  0.072228978465  0.269390817773 -0.004068806386  0.181053435184 -0.068893250283  0.236760823475 -0.000000000000
  0.722440944882 -0.111728822163 -0.008509140303 -0.223321464892  0.036259682663  0.368071513645  0.120709772446  0.140967047185 -0.006744244437  0.302578264654 -0.115135071013  0.368071513645 -0.000000000000
  0.728346456693  0.020494561440 -0.009421543836 -0.249288656074  0.040475856475  0.394954798305  0.134745564930 -0.025857766632 -0.007467404736  0.337761213366 -0.128522652910  0.394954798305 -0.000000000000
  0.734251968504  0.147063231445 -0.007579954691 -0.202187433996  0.032828246934  0.305243014118  0.109286400932 -0.185548089426 -0.006007782858  0.273943765069 -0.104239261471  0.305243014118 -0.000000000000
  0.740157480315  0.228626448434 -0.003633317002 -0.097694441671  0.015862198713  0.130356872150  0.052805823341 -0.288455518639 -0.002879724285  0.132366204213 -0.050367108620  0.130356872150 -0.000000000000
  0.746062992126  0.245324915080  0.001257085174  0.034070823707 -0.005531923482  0.082139595433 -0.018415969906 -0.309523793504  0.000996350910 -0.046162560852  0.017565470963  0.082139595433  0.000000000000
  0.751968503937  0.189600726054  0.005694498646  0.155559871614 -0.025257543347  0.268740171819 -0.084083259588 -0.239217186564  0.004513392592 -0.210768078318  0.080200068872  0.268740171819  0.000000000000
  0.757874015748  0.080970755964  0.008359400450  0.230151907593 -0.037368710337  0.376070984698 -0.124401764994 -0.102159927542  0.006625562391 -0.311832831833  0.118656557430  0.376070984698  0.000000000000
  0.763779527559 -0.051020748098  0.008622954931  0.239258051166 -0.038847233131  0.375396634398 -0.129323819929  0.064372326363  0.006834452571 -0.324170746244  0.123351298652  0.375396634398  0.000000000000
  0.769685039370 -0.166927101818  0.006353413666  0.177648935440 -0.028844043396  0.264518392735 -0.096022845733  0.210610119957  0.005035640880 -0.240696552071  0.091588252867  0.264518392735  0.000000000000
  0.775590551181 -0.233595294401  0.002377234876  0.066980291627 -0.010875282948  0.080726078505 -0.036204203499  0.294724657885  0.001884168379 -0.090751600686  0.034532196162  0.080726078505  0.000000000000
  0.781496062992 -0.233176423860 -0.002242594376 -0.063667816290  0.010337451510  0.127721645697  0.034413743525  0.294196173451 -0.001777453903  0.086263527676 -0.032824424438  0.127721645697 -0.000000000000
  0.787401574803 -0.164304757186 -0.006075189503 -0.173779498610  0.028215780673  0.295086567074  0.093931336798  0.207301536080 -0.004815123684  0.235453851904 -0.089593335431  0.295086567074 -0.000000000000
  0.793307086614 -0.050142746560 -0.008107547168 -0.233654015585  0.037937331560  0.378465901853  0.126294725256  0.063264561314 -0.006425946445  0.316577838137 -0.120462095705  0.378465901853 -0.000000000000
  0.799212598425  0.079333893445 -0.007768254169 -0.225542390666  0.036620284202  0.350383545916  0.121910227785 -0.100094715796 -0.006157026808  0.305587397103 -0.116280086100  0.350383545916 -0.000000000000
  0.805118110236  0.183292081320 -0.005197908762 -0.152030484388  0.024684492920  0.222359975016  0.082175554348 -0.231257637696 -0.004119801296  0.205986111379 -0.078380466582  0.222359975016 -0.000000000000
  0.811023622047  0.235082889564 -0.001227477520 -0.036165084338  0.005871958982  0.031169862001  0.019547960171 -0.296601540622 -0.000972884232  0.049000074692 -0.018645182878  0.031169862001 -0.000000000000
  0.816929133858  0.217639623613  0.003054535455  0.090650872050 -0.014718566597  0.168591232644 -0.048998631378 -0.274593560526  0.002420988844 -0.122822871359  0.046735743005  0.168591232644  0.000000000000
  0.822834645669  0.138118190289  0.006314337465  0.188748187381 -0.030646178060  0.316523772080 -0.102022216088 -0.174262227692  0.005004669544 -0.255734929115  0.097310556189  0.316523772080  0.000000000000
  0.828740157480  0.019361060509  0.007753513889  0.233431458811 -0.037901196037  0.374524954728 -0.126174428814 -0.024427640760  0.006145343836 -0.316276295952  0.120347354876  0.374524954728  0.000000000000
  0.834645669291 -0.104719907212  0.006887207396  0.208827522873 -0.033906367730  0.321327378228 -0.112875503385  0.132123974954  0.005458719507 -0.282940421841  0.107662609534  0.321327378228  0.000000000000
  0.840551181102 -0.196607732934  0.004110316350  0.125511015283 -0.020378648273  0.178640376983 -0.067841244466  0.248057851402  0.003257788353 -0.170054881279  0.064708153623  0.178640376983  0.000000000000
  0.846456692913 -0.232634982809  0.000184477045  0.005672695984 -0.000921049646  0.017140436243 -0.003066207011  0.293513043130  0.000146214335 -0.007685936090  0.002924601337  0.017140436243 -0.000000000000
  0.852362204724 -0.199591477595 -0.003700720096 -0.114591618629  0.018605715887  0.204620804686  0.061939089534  0.251822409787 -0.002933147184  0.155260190172 -0.059078576055  0.204620804686 -0.000000000000
  0.858267716535 -0.110961901213 -0.006438119317 -0.200735521009  0.032592506477  0.333017986759  0.108501612572  0.139999431312 -0.005102777583  0.271976568086 -0.103490716745  0.333017986759 -0.000000000000
  0.864173228346  0.010646727382 -0.007299413732 -0.229155993003  0.037207008250  0.364166665022  0.123863452997 -0.013432860852 -0.005785429397  0.310483467101 -0.118143106128  0.364166665022 -0.000000000000
  0.870078740157  0.127099561136 -0.006011227219 -0.190004607612  0.030850177254  0.289398153647  0.102701336656 -0.160360142396 -0.004764427931  0.257437252954 -0.097958313146  0.289398153647 -0.000000000000
  0.875984251969  0.206853061850 -0.003076667535 -0.097908252437  0.015896914187  0.133182519599  0.052921392388 -0.260984272147 -0.002438530470  0.132655896431 -0.050477340378  0.133182519599 -0.000000000000
  0.881889763780  0.226200964148  0.000735835559  0.023574229331 -0.003827639564  0.062675355168 -0.012742348164 -0.285395311334  0.000583214602 -0.031940724574  0.012153872309  0.062675355168  0.000000000000
  0.887795275591  0.179758741437  0.004207591723  0.135702813889 -0.022033443899  0.236420774710 -0.073350117924 -0.226799660960  0.003334887669 -0.183863749751  0.069962612511  0.236420774710  0.000000000000
  0.893700787402  0.082725897877  0.006450446066  0.209422972836 -0.034003048212  0.343708482826 -0.113197356144 -0.104374371122  0.005112547618 -0.283747197028  0.107969598268  0.343708482826  0.000000000000
  0.899606299213 -0.038930597249  0.006766067452  0.221121637700 -0.035902506805  0.348383173934 -0.119520721317  0.049118313726  0.005362705414 -0.299597718674  0.114000933458  0.348383173934  0.000000000000
  0.905511811024 -0.146852011237  0.005153154951  0.169515631692 -0.027523476145  0.254782025585 -0.091626630415  0.185281595173  0.004084329953 -0.229676738390  0.087395066578  0.254782025585  0.000000000000
  0.911417322835 -0.213493429434  0.002094454788  0.069347482556 -0.011259632889  0.086715063630 -0.037483718115  0.269362352149  0.001660040209 -0.093958907802  0.035752619357  0.086715063630  0.000000000000
  0.917322834646 -0.216397098927 -0.001523829840 -0.050780983710  0.008245075571  0.104640437543  0.027448149649  0.273025880561 -0.001207769593  0.068803157528 -0.026180520392  0.104640437543 -0.000000000000
  0.923228346457 -0.158257043740 -0.004601845809 -0.154341822724  0.025059774332  0.264258382025  0.083424879507  0.199671201399 -0.003647368816  0.209117743813 -0.079572094550  0.264258382025 -0.000000000000
  0.929133858268 -0.053862785596 -0.006346761297 -0.214226347119  0.034782950078  0.347873595317  0.115793677178  0.067958094354 -0.005030368291  0.290255289099 -0.110446014225  0.347873595317 -0.000000000000
  0.935039370079  0.064997074512 -0.006186260941 -0.210136049640  0.034118827224  0.328500198726  0.113582788591 -0.082006106322 -0.004903157599  0.284713344827 -0.108337230410  0.328500198726 -0.000000000000
  0.940944881890  0.164143252361 -0.004307087892 -0.147227978798  0.023904732100  0.217097848380  0.079579702860 -0.207097767189 -0.003413747161  0.199479196300 -0.075904498487  0.217097848380 -0.000000000000
  0.946850393701  0.216080575792 -0.001180122206 -0.040592965328  0.006590893723  0.040801486395  0.021941319478 -0.272626526743 -0.000935350968  0.054999410880 -0.020928010426  0.040801486395  0.000000000000
  0.952755905512  0.204046852202  0.002190022230  0.075800593122 -0.012307394874  0.143290806886 -0.040971755005 -0.257443707768  0.001735785839 -0.102702227651  0.039079569338  0.143290806886  0.000000000000
  0.958661417323  0.134849637089  0.004892168994  0.170376279817 -0.027663215636  0.287418786139 -0.092091828149 -0.170138329451  0.003877475555 -0.230842830581  0.087838780231  0.287418786139  0.000000000000
  0.964566929134  0.025343713326  0.006135236076  0.214983969563 -0.034905961761  0.345851536056 -0.116203187445 -0.031975889149  0.004862715891 -0.291281791789  0.110836612209  0.345851536056  0.000000000000
  0.970472440945 -0.089004628332  0.005583693395  0.196855340484 -0.031962499350  0.305171046532 -0.106404296452  0.112296177466  0.004425569655 -0.266719311286  0.101490260315  0.305171046532  0.000000000000
  0.976377952756 -0.178529263613  0.003467546554  0.122993651721 -0.019969915490  0.177016238162 -0.066480558502  0.225248442079  0.002748336579 -0.166644105255  0.063410307790  0.177016238162  0.000000000000
  0.982283464567 -0.214824580123  0.000354529829  0.012651209445 -0.002054118891  0.000000000000 -0.006838234802  0.271041850583  0.000280996169 -0.017141124350  0.006522426756  0.000000000000 -0.000000000000
  0.988188976378 -0.189556023617 -0.002754283204 -0.098876032119  0.016054048138  0.059662086227  0.053444496897  0.239160785982 -0.002183012444  0.133967141173 -0.050976286515  0.059662086227 -0.000000000000
  0.994094488189 -0.109953072557 -0.005054756405 -0.182545162503  0.029639021342  0.050677687930  0.098669355574  0.138726603102 -0.004006340423  0.247330450379 -0.094112539777  0.050677687930 -0.000000000000
  1.000000000000  0.000000000000 -0.005702793845 -0.207171544399  0.033637494096  0.027530383422  0.111980413498  0.000000000000 -0.004519967269  0.280696736519 -0.106808857302  0.027530383422 -0.000000000000
