             Rad         v_r[Re]         v_t[Re]         v_x[Re]         p[Re]          p_mg[Re]  p_no_phase[Re]         v_r[Im]         v_t[Im]         v_x[Im]         p[Im]          p_mg[Im]  p_no_phase[Im]
  0.250000000000  0.000000000000 -0.011139295858  0.037791609285 -0.000000000000  0.065291757877  0.000000000000  0.000000000000 -0.005177987443 -0.019153168166 -0.000000000000  0.065291757877  0.000000000000
  0.255905511811 -0.001293557402 -0.043519877851 -0.080576414801  0.000000000000  0.071785804270 -0.000000000000  0.018747876106  0.001122703460  0.001950629092  0.000000000000  0.071785804270 -0.000000000000
  0.261811023622 -0.000534350925  0.012970713947  0.250763551370 -0.000000000000  0.007943636569  0.000000000000  0.004264200241  0.000358577346  0.002646953045  0.000000000000  0.007943636569  0.000000000000
  0.267716535433 -0.000743256023  0.027792917333  0.253917530517  0.000000000000  0.083415742874 -0.000000000000 -0.065287527271 -0.000004759659 -0.005724202530 -0.000000000000  0.083415742874 -0.000000000000
  0.273622047244 -0.002188987362 -0.042488892299 -0.267620384588  0.000000000000  0.028445632865 -0.000000000000 -0.071752421764 -0.001455099803 -0.000757767266 -0.000000000000  0.028445632865 -0.000000000000
  0.279527559055 -0.001203135064 -0.025426500485  0.083668805904  0.000000000000  0.021415089888  0.000000000000  0.007851995157 -0.000085402075  0.000186059226  0.000000000000  0.021415089888 -0.000000000000
  0.285433070866 -0.002236593052 -0.007123317933 -0.019910620578 -0.000000000000  0.086071185120  0.000000000000 -0.083385753045 -0.000305437777 -0.004311310130  0.000000000000  0.086071185120  0.000000000000
  0.291338582677 -0.001825329222 -0.012954586004 -0.321527108834  0.000000000000  0.057351993259 -0.000000000000  0.028387007632  0.000514732782  0.015962008427  0.000000000000  0.057351993259 -0.000000000000
  0.297244094488  0.002614030113  0.015779366564 -0.141098071288 -0.000000000000  0.069417259243  0.000000000000  0.021254950517  0.000599361068  0.002999245630  0.000000000000  0.069417259243  0.000000000000
  0.303149606299 -0.000798091004 -0.032743882092 -0.106912197139  0.000000000000  0.084415484527 -0.000000000000  0.086067484910 -0.000938929417 -0.011214121181  0.000000000000  0.084415484527 -0.000000000000
  0.309055118110 -0.000766095081  0.041748892083  0.069559895545 -0.000000000000  0.106074864922  0.000000000000  0.057346876368 -0.001461895168 -0.003776946744  0.000000000000  0.106074864922  0.000000000000
  0.314960629921 -0.002123867476 -0.009239017776 -0.088029788466  0.000000000000  0.162518317793 -0.000000000000  0.069384761063  0.001279912379  0.007943324307 -0.000000000000  0.162518317793 -0.000000000000
  0.320866141732  0.001424497926 -0.042196963231 -0.079583273234  0.000000000000  0.139021466284 -0.000000000000  0.084403464583  0.000589527289 -0.003796915015 -0.000000000000  0.139021466284 -0.000000000000
  0.326771653543 -0.003090935904 -0.031838379678 -0.238957092907  0.000000000000  0.151538921092 -0.000000000000  0.106029821670 -0.000807482315 -0.003590332892  0.000000000000  0.151538921092 -0.000000000000
  0.332677165354  0.000520656424 -0.035256928554 -0.091590733214  0.000000000000  0.128258516778  0.000000000000  0.162517483783  0.001067969023  0.007110005076  0.000000000000  0.128258516778 -0.000000000000
  0.338582677165 -0.001193588329 -0.006290732918  0.035387882535  0.000000000000  0.080051627805 -0.000000000000  0.139016342330 -0.000157949278 -0.004349451243 -0.000000000000  0.080051627805 -0.000000000000
  0.344488188976 -0.000536092711 -0.040017159787 -0.004677189374 -0.000000000000  0.096876632632  0.000000000000  0.151537972833 -0.000340458847 -0.000418413771  0.000000000000  0.096876632632 -0.000000000000
  0.350393700787 -0.001454337224  0.035673990668  0.207178358644  0.000000000000  0.074822980556  0.000000000000  0.128250271069 -0.000071691697 -0.000588621831  0.000000000000  0.074822980556 -0.000000000000
  0.356299212598 -0.000547163179  0.000945024504  0.066850847469 -0.000000000000  0.098275483452 -0.000000000000  0.080049757818  0.000415909452  0.005343678665 -0.000000000000  0.098275483452  0.000000000000
  0.362204724409 -0.000156843535 -0.004773559550 -0.002010062242  0.000000000000  0.083556744400 -0.000000000000  0.096876505667 -0.000793009445 -0.009002726820 -0.000000000000  0.083556744400  0.000000000000
  0.368110236220 -0.003053278868  0.013508970757 -0.011561883708 -0.000000000000  0.091394292796  0.000000000000  0.074760657484 -0.000293662148  0.001237534061 -0.000000000000  0.091394292796  0.000000000000
  0.374015748031  0.000042642356 -0.002076719621 -0.039548314289 -0.000000000000  0.084682488991  0.000000000000  0.098275474201  0.000082431897  0.002482161878  0.000000000000  0.084682488991  0.000000000000
  0.379921259843 -0.002349314078  0.004014310720  0.020275858472 -0.000000000000  0.055524895309  0.000000000000  0.083523710753 -0.000092796510 -0.002580533123  0.000000000000  0.055524895309  0.000000000000
  0.385826771654 -0.000411657471  0.031064562062 -0.033945357477 -0.000000000000  0.074822466961 -0.000000000000  0.091393365699  0.000538511107  0.005012783506 -0.000000000000  0.074822466961  0.000000000000
  0.391732283465 -0.000995525593  0.004581160352  0.110651304901  0.000000000000  0.036133240326 -0.000000000000  0.084676637100 -0.000334124621 -0.003965601874 -0.000000000000  0.036133240326 -0.000000000000
  0.397637795276 -0.001241701609  0.025943490234  0.001878731219  0.000000000000  0.048942686145 -0.000000000000  0.055511009505  0.000710516674  0.004154639663 -0.000000000000  0.048942686145  0.000000000000
  0.403543307087  0.000318690535  0.001106200974  0.044772562688 -0.000000000000  0.005542577402  0.000000000000  0.074821788260  0.000885827208  0.003237715025 -0.000000000000  0.005542577402  0.000000000000
  0.409448818898 -0.000186584715  0.021950731595  0.060606725347  0.000000000000  0.033952439454 -0.000000000000  0.036132758580 -0.000402008735 -0.003465839289  0.000000000000  0.033952439454 -0.000000000000
  0.415354330709 -0.000457890805  0.004313603694  0.082335661309  0.000000000000  0.034376546786 -0.000000000000  0.048940544165  0.000279903325  0.004300802757  0.000000000000  0.034376546786 -0.000000000000
  0.421259842520  0.000839532977  0.037940682195  0.044376507671 -0.000000000000  0.118318320489  0.000000000000  0.005478626528 -0.000098689289 -0.005062119013  0.000000000000  0.118318320489  0.000000000000
  0.427165354331 -0.001805380104 -0.005739366278 -0.070013613083 -0.000000000000  0.016949191646  0.000000000000  0.033904406020  0.000070166452  0.001663945932 -0.000000000000  0.016949191646  0.000000000000
  0.433070866142  0.001165696062 -0.028724449428 -0.279372951214 -0.000000000000  0.108343609163  0.000000000000  0.034356776939 -0.000024600454 -0.000942112794 -0.000000000000  0.108343609163  0.000000000000
  0.438976377953 -0.002101958170  0.002340864405  0.082129934353 -0.000000000000  0.005730464842  0.000000000000  0.118299648077 -0.000093363945 -0.000815720881 -0.000000000000  0.005730464842  0.000000000000
  0.444881889764  0.000891173063  0.003621952115  0.015360099205  0.000000000000  0.176775871465 -0.000000000000  0.016925746897  0.000242182610 -0.001283254689 -0.000000000000  0.176775871465  0.000000000000
  0.450787401575 -0.002383849528  0.000467126163  0.092982840645 -0.000000000000  0.025834740148  0.000000000000  0.108317380452 -0.000302853187  0.003261759395  0.000000000000  0.025834740148  0.000000000000
  0.456692913386  0.002006676736  0.007343928425 -0.250526237766 -0.000000000000  0.161302204323 -0.000000000000 -0.005367632232  0.000578119696  0.003890872358 -0.000000000000  0.161302204323  0.000000000000
  0.462598425197 -0.001162405660  0.015085758175  0.078155488808 -0.000000000000  0.039551280282 -0.000000000000  0.176772049672 -0.000095782869 -0.002108385760 -0.000000000000  0.039551280282  0.000000000000
  0.468503937008  0.001603651357  0.018842777928  0.037174486398  0.000000000000  0.093776370476  0.000000000000 -0.025784920028 -0.000224108142  0.001707807057  0.000000000000  0.093776370476 -0.000000000000
  0.474409448819 -0.000776338172 -0.011940286005  0.002714188634 -0.000000000000  0.093683137150 -0.000000000000  0.161300336077  0.000245478441 -0.000908350194 -0.000000000000  0.093683137150  0.000000000000
  0.480314960630  0.001371393272  0.037485656827  0.197750646728 -0.000000000000  0.079309601033  0.000000000000 -0.039527497421 -0.000006415613 -0.000921677360  0.000000000000  0.079309601033  0.000000000000
  0.486220472441 -0.001064066711 -0.009917101063  0.144082375166 -0.000000000000  0.015619246694  0.000000000000  0.093770333377  0.000238924889  0.001017373932  0.000000000000  0.015619246694  0.000000000000
  0.492125984252  0.001683243512  0.033465059183  0.060771717594 -0.000000000000  0.041517693533  0.000000000000 -0.093668014164 -0.000060870075  0.000592504671 -0.000000000000  0.041517693533  0.000000000000
  0.498031496063 -0.000909514530 -0.011726429028 -0.290049141758 -0.000000000000  0.038568498130  0.000000000000  0.079304385750  0.000045236911 -0.001665726367 -0.000000000000  0.038568498130  0.000000000000
  0.503937007874  0.001468111033  0.016202880921  0.182988932658 -0.000000000000  0.006088740097  0.000000000000 -0.015550097019  0.000256052241  0.007210759883  0.000000000000  0.006088740097 -0.000000000000
  0.509842519685  0.001007369319 -0.024083127474 -0.213899914329 -0.000000000000  0.026963245469  0.000000000000  0.041505470523 -0.000058805686 -0.005174853856  0.000000000000  0.026963245469  0.000000000000
  0.515748031496  0.000119461662  0.028026128270  0.109741173663 -0.000000000000  0.040492971069 -0.000000000000  0.038568313120 -0.000240269010 -0.000675853344 -0.000000000000  0.040492971069  0.000000000000
  0.521653543307  0.000681722702  0.008221808814  0.185908831498 -0.000000000000  0.088666899799  0.000000000000  0.006050455365  0.000240521003  0.001839753463  0.000000000000  0.088666899799  0.000000000000
  0.527559055118  0.000541884768 -0.004153623750  0.105769654165  0.000000000000  0.115992429534 -0.000000000000 -0.026957799745 -0.000528051024 -0.001783093280 -0.000000000000  0.115992429534 -0.000000000000
  0.533464566929  0.000068142127  0.034718660242  0.155694806554 -0.000000000000  0.148234902476  0.000000000000 -0.040492913734  0.000386499487 -0.003223377924  0.000000000000  0.148234902476  0.000000000000
  0.539370078740 -0.000362496626  0.014584725617  0.207651448390 -0.000000000000  0.113744596819  0.000000000000 -0.088666158799 -0.000147442240  0.004048787136 -0.000000000000  0.113744596819  0.000000000000
  0.545275590551  0.000967315997  0.013661318812  0.175572317418 -0.000000000000  0.081132057014 -0.000000000000 -0.115988396010  0.000034055735 -0.005462156858 -0.000000000000  0.081132057014  0.000000000000
  0.551181102362 -0.001837671718 -0.016593383996  0.005439829159 -0.000000000000  0.122038692187  0.000000000000 -0.148223511208  0.000015165251  0.000917726020 -0.000000000000  0.122038692187  0.000000000000
  0.557086614173  0.001286338250 -0.015301836739 -0.222002391174 -0.000000000000  0.167901122055  0.000000000000 -0.113737322984  0.000387763207  0.005337613109  0.000000000000  0.167901122055  0.000000000000
  0.562992125984 -0.000218347058  0.003663973927  0.023690188906 -0.000000000000  0.198667008144  0.000000000000 -0.081131763200  0.000188507923 -0.000528785375 -0.000000000000  0.198667008144  0.000000000000
  0.568897637795  0.001378357972  0.026973904922  0.261499747231 -0.000000000000  0.125778492930  0.000000000000 -0.122030908052  0.000044614834  0.000756777758  0.000000000000  0.125778492930  0.000000000000
  0.574803149606  0.000072644580  0.025740448732  0.246683173437 -0.000000000000  0.128085557177  0.000000000000 -0.167901106340  0.000290032445  0.002080720967  0.000000000000  0.128085557177  0.000000000000
  0.580708661417  0.001987190816 -0.015971118886 -0.133306707376 -0.000000000000  0.063685125632  0.000000000000 -0.198657069337 -0.000306463138 -0.000738394038  0.000000000000  0.063685125632  0.000000000000
  0.586614173228 -0.000325331871 -0.018246065434 -0.186582482109 -0.000000000000  0.055750213178  0.000000000000 -0.125778072187 -0.000036168082 -0.005390817358  0.000000000000  0.055750213178 -0.000000000000
  0.592519685039  0.000256086675 -0.009505437379 -0.142371595592 -0.000000000000  0.085142397729  0.000000000000 -0.128085301174 -0.000037360852 -0.001995472442  0.000000000000  0.085142397729 -0.000000000000
  0.598425196850 -0.001072537552 -0.021798027838 -0.222407503184  0.000000000000  0.071944213081 -0.000000000000 -0.063676093552  0.000230877504  0.002092519983  0.000000000000  0.071944213081 -0.000000000000
  0.604330708661  0.000762824917 -0.002366534573  0.099430339165  0.000000000000  0.021532697608 -0.000000000000 -0.055744994103  0.000011038705 -0.001227627688  0.000000000000  0.021532697608 -0.000000000000
  0.610236220472 -0.001396079070  0.000334148741  0.076874663855  0.000000000000  0.060787558906  0.000000000000 -0.085130951212  0.000003041406 -0.000145967658  0.000000000000  0.060787558906 -0.000000000000
  0.616141732283  0.000654525360 -0.007983948131 -0.213483576339  0.000000000000  0.012159174048  0.000000000000 -0.071941235689 -0.000292583020 -0.000787595349  0.000000000000  0.012159174048 -0.000000000000
  0.622047244094 -0.001756960217 -0.002280752632 -0.005598822643  0.000000000000  0.154282137939 -0.000000000000 -0.021460898329 -0.000091753437 -0.002748488632  0.000000000000  0.154282137939 -0.000000000000
  0.627952755906 -0.000121178490  0.000700938999 -0.063754222322  0.000000000000  0.004039233207 -0.000000000000 -0.060787438122  0.000029890266  0.001899783744  0.000000000000  0.004039233207 -0.000000000000
  0.633858267717 -0.001288471215  0.028056003133  0.321938570625  0.000000000000  0.121483872985  0.000000000000 -0.012090713604  0.000222132876 -0.000574144491  0.000000000000  0.121483872985 -0.000000000000
  0.639763779528 -0.000105662472 -0.001426186810 -0.045687136857  0.000000000000  0.060780908473 -0.000000000000 -0.154282101756  0.000207097472  0.002658645681 -0.000000000000  0.060780908473 -0.000000000000
  0.645669291339 -0.000470307392 -0.012700206138 -0.078874000884 -0.000000000000  0.099506013622  0.000000000000 -0.004011759695  0.000055619300  0.000889262839  0.000000000000  0.099506013622 -0.000000000000
  0.651574803150  0.000086282499 -0.000764013479 -0.190474532931 -0.000000000000  0.035126537633  0.000000000000 -0.121483842344 -0.000262700948 -0.005317200011  0.000000000000  0.035126537633 -0.000000000000
  0.657480314961 -0.001917360545 -0.010062364106 -0.059758390103 -0.000000000000  0.098180045284  0.000000000000  0.060750658954  0.000136800432  0.003494930916  0.000000000000  0.098180045284  0.000000000000
  0.663385826772  0.000944754901  0.007748361764  0.100656657582 -0.000000000000  0.067053323115  0.000000000000 -0.099501528557  0.000011631490 -0.000717518526 -0.000000000000  0.067053323115  0.000000000000
  0.669291338583 -0.002094422029 -0.006404338580 -0.002813872932 -0.000000000000  0.001897914310  0.000000000000  0.035064042015  0.000145524151 -0.002000412388 -0.000000000000  0.001897914310  0.000000000000
  0.675196850394  0.000463154589 -0.008028418524 -0.060333375149 -0.000000000000  0.164716460707 -0.000000000000 -0.098178952835 -0.000185092466  0.003387572383 -0.000000000000  0.164716460707  0.000000000000
  0.681102362205 -0.001297358654 -0.024583120639 -0.284507266432  0.000000000000  0.007619480074  0.000000000000  0.067040771187 -0.000129248315 -0.004065466301  0.000000000000  0.007619480074 -0.000000000000
  0.687007874016 -0.000593413385 -0.018490337467 -0.284459555293  0.000000000000  0.149300714295 -0.000000000000  0.001802758797  0.000017116500  0.000981124738  0.000000000000  0.149300714295 -0.000000000000
  0.692913385827 -0.001051591810 -0.012316488787  0.009059736548  0.000000000000  0.012313576995 -0.000000000000  0.164713103858 -0.000017988004  0.001574036906 -0.000000000000  0.012313576995  0.000000000000
  0.698818897638  0.000046928961  0.004532613699  0.045548084200 -0.000000000000  0.109853140136 -0.000000000000  0.007619335553 -0.000185409355  0.004012393216 -0.000000000000  0.109853140136  0.000000000000
  0.704724409449  0.000003312896  0.009790003476  0.036743244112  0.000000000000  0.043926259486 -0.000000000000  0.149300714258 -0.000146566987 -0.006198539001 -0.000000000000  0.043926259486  0.000000000000
  0.710629921260 -0.001589906806  0.002713969694  0.112077148391  0.000000000000  0.089333932090  0.000000000000 -0.012210502642 -0.000287626098  0.002406984672  0.000000000000  0.089333932090 -0.000000000000
  0.716535433071  0.000525750469  0.015415638804  0.076040607032 -0.000000000000  0.062594501759  0.000000000000  0.109851882024  0.000285255790  0.000186546222  0.000000000000  0.062594501759  0.000000000000
  0.722440944882 -0.001560545412  0.007224067602  0.049382205416  0.000000000000  0.045517694583 -0.000000000000 -0.043898530390 -0.000098396424 -0.003105491708 -0.000000000000  0.045517694583 -0.000000000000
  0.728346456693 -0.000206883236 -0.000005195853  0.032401112040  0.000000000000  0.058218463836 -0.000000000000  0.089333692535  0.000198575800  0.004536865102 -0.000000000000  0.058218463836 -0.000000000000
  0.734251968504 -0.000248943355  0.000760254433  0.144831350875  0.000000000000  0.054553064316 -0.000000000000 -0.062594006723 -0.000006154111  0.001384851427 -0.000000000000  0.054553064316 -0.000000000000
  0.740157480315  0.000242791787  0.015593809474 -0.032697752964  0.000000000000  0.030530674328 -0.000000000000  0.045517047052 -0.000079247576 -0.003337642390 -0.000000000000  0.030530674328 -0.000000000000
  0.746062992126 -0.001257286589 -0.018167163658 -0.013222992038  0.000000000000  0.024708118643 -0.000000000000 -0.058204886066 -0.000301773832 -0.002207104983  0.000000000000  0.024708118643 -0.000000000000
  0.751968503937 -0.000351013399 -0.005592176752 -0.104264359588 -0.000000000000  0.017270597340 -0.000000000000  0.054551935033  0.000134618242  0.004752182108 -0.000000000000  0.017270597340  0.000000000000
  0.757874015748  0.000152152398  0.006379994348  0.133721383452  0.000000000000  0.037638502696  0.000000000000 -0.030530295193  0.000546558392  0.001067391088  0.000000000000  0.037638502696 -0.000000000000
  0.763779527559  0.000234223787 -0.011563793026 -0.200904420543  0.000000000000  0.085477023328  0.000000000000  0.024707008441  0.000064204051  0.002515703791  0.000000000000  0.085477023328 -0.000000000000
  0.769685039370  0.000815228355  0.007139257236  0.258980812549  0.000000000000  0.001121455435 -0.000000000000  0.017251345896 -0.000267502004 -0.003837003700  0.000000000000  0.001121455435 -0.000000000000
  0.775590551181 -0.000979195169 -0.009488494307 -0.239668788824  0.000000000000  0.076207093394 -0.000000000000 -0.037625763275 -0.000258614239 -0.004250095549  0.000000000000  0.076207093394 -0.000000000000
  0.781496062992 -0.000367092919 -0.004386612625 -0.102663011387  0.000000000000  0.007576485819 -0.000000000000  0.085476235059  0.000259433130  0.005881613701 -0.000000000000  0.007576485819  0.000000000000
  0.787401574803  0.000773039225  0.000621163456  0.044114880758  0.000000000000  0.052099234513 -0.000000000000 -0.000812448552  0.000174914716  0.003627952072 -0.000000000000  0.052099234513 -0.000000000000
  0.793307086614  0.000859188969  0.003599425355  0.005576237393 -0.000000000000  0.001892978107  0.000000000000  0.076202249822  0.000109446239 -0.002842298981  0.000000000000  0.001892978107  0.000000000000
  0.799212598425  0.000299183291  0.001222876588  0.081860583075  0.000000000000  0.004247191985 -0.000000000000 -0.007570576379  0.000231939315  0.006865770732 -0.000000000000  0.004247191985 -0.000000000000
  0.805118110236  0.002613349390 -0.002971118605 -0.056932060680 -0.000000000000  0.009650741266 -0.000000000000  0.052033649130 -0.000268650098 -0.006307383360 -0.000000000000  0.009650741266  0.000000000000
  0.811023622047 -0.001426636991  0.021159538127  0.186416170484  0.000000000000  0.094608119737 -0.000000000000 -0.001244215822  0.000169990111  0.000420413937  0.000000000000  0.094608119737 -0.000000000000
  0.816929133858  0.002229276278 -0.011050532540  0.044618485427 -0.000000000000  0.010364004294  0.000000000000 -0.003615102631 -0.000587715978 -0.007343100763  0.000000000000  0.010364004294  0.000000000000
  0.822834645669 -0.003920870003 -0.016316725198 -0.334623217593 -0.000000000000  0.073677848859  0.000000000000 -0.008818366368 -0.000265286387 -0.005486579485 -0.000000000000  0.073677848859  0.000000000000
  0.828740157480  0.000300740788 -0.014606570789  0.032592724637  0.000000000000  0.011499182913 -0.000000000000  0.094607641737 -0.000393985593 -0.000429198057 -0.000000000000  0.011499182913 -0.000000000000
  0.834645669291 -0.004186484255  0.000893975002  0.079587868481 -0.000000000000  0.057858463982  0.000000000000 -0.009480819299  0.000281128264  0.002653389202  0.000000000000  0.057858463982  0.000000000000
  0.840551181102  0.001211312451  0.010765701174 -0.088361659839  0.000000000000  0.072352181094 -0.000000000000  0.073667890798  0.000050038321  0.003111166233  0.000000000000  0.072352181094 -0.000000000000
  0.846456692913 -0.003307340180  0.002008894102  0.026424465009  0.000000000000  0.025728749777 -0.000000000000  0.011013296899  0.000167681878 -0.004353959502 -0.000000000000  0.025728749777 -0.000000000000
  0.852362204724  0.000078369141  0.015019050177  0.258692632242  0.000000000000  0.083606889367 -0.000000000000  0.057858410907 -0.000303774983  0.000598750483  0.000000000000  0.083606889367 -0.000000000000
  0.858267716535 -0.003270057590  0.012123063479  0.070437161076 -0.000000000000  0.021196425396  0.000000000000 -0.072278245915  0.000205917129 -0.001378749078 -0.000000000000  0.021196425396  0.000000000000
  0.864173228346  0.000152229875 -0.014741810255  0.005055429640 -0.000000000000  0.062215582531  0.000000000000  0.025728299422  0.000386703960  0.011199044695  0.000000000000  0.062215582531  0.000000000000
  0.870078740157  0.000236423855  0.005917863750  0.165462504852  0.000000000000  0.072760739787 -0.000000000000 -0.083606555087  0.000133681956  0.004649260290  0.000000000000  0.072760739787 -0.000000000000
  0.875984251969  0.001624844985  0.003612647118 -0.113825223408  0.000000000000  0.077135273464 -0.000000000000 -0.021134056126 -0.000211209202 -0.009468158411  0.000000000000  0.077135273464 -0.000000000000
  0.881889763780 -0.002474161335  0.011641673323  0.178917357725 -0.000000000000  0.092215896887  0.000000000000 -0.062166367397  0.000126809050 -0.000579992433 -0.000000000000  0.092215896887  0.000000000000
  0.887795275591  0.000998898191  0.005612927601  0.022397675557 -0.000000000000  0.080149112994  0.000000000000 -0.072753882761 -0.000513876338 -0.002637543229  0.000000000000  0.080149112994 -0.000000000000
  0.893700787402 -0.003620286193 -0.008200555462  0.061438191542  0.000000000000  0.078693840569 -0.000000000000 -0.077050268918 -0.000385603209 -0.007076497081  0.000000000000  0.078693840569 -0.000000000000
  0.899606299213 -0.001151964230  0.007861155245  0.010316346457 -0.000000000000  0.021355561242  0.000000000000 -0.092208701418 -0.000228292252  0.002071091684  0.000000000000  0.021355561242 -0.000000000000
  0.905511811024 -0.003190844084 -0.007261206698 -0.018608717109 -0.000000000000  0.078668085236  0.000000000000 -0.080085571907  0.000195092869  0.003347054537 -0.000000000000  0.078668085236  0.000000000000
  0.911417322835 -0.000512685772 -0.013345411193 -0.193335976932 -0.000000000000  0.025443505718  0.000000000000 -0.078692170492 -0.000273926169 -0.012953571352  0.000000000000  0.025443505718  0.000000000000
  0.917322834646 -0.006692741077 -0.006982154954  0.024526229338  0.000000000000  0.054890650643 -0.000000000000 -0.020279724180 -0.000575838847  0.007972167005  0.000000000000  0.054890650643 -0.000000000000
  0.923228346457  0.001434581605 -0.022352956888  0.028418780624  0.000000000000  0.081744430362 -0.000000000000 -0.078655003720  0.000973664829  0.000669366950 -0.000000000000  0.081744430362  0.000000000000
  0.929133858268 -0.006872660607 -0.013676948675 -0.104993145791 -0.000000000000  0.103690883476  0.000000000000 -0.024497724780 -0.000777856608 -0.015989575142  0.000000000000  0.103690883476  0.000000000000
  0.935039370079 -0.003572581846  0.005421127851  0.182870605936  0.000000000000  0.065079733020 -0.000000000000 -0.054774265737 -0.000673243460 -0.006838069758 -0.000000000000  0.065079733020 -0.000000000000
  0.940944881890 -0.009384928632 -0.005628239930  0.151688008128 -0.000000000000  0.129294483762  0.000000000000 -0.081203910065  0.000023350315  0.004331860324 -0.000000000000  0.129294483762  0.000000000000
  0.946850393701 -0.002679356468  0.009951504902 -0.086480390071 -0.000000000000  0.078629104706  0.000000000000 -0.103656260617 -0.000027186506 -0.005424955175 -0.000000000000  0.078629104706  0.000000000000
  0.952755905512 -0.010669930420 -0.011090048178  0.091111205467  0.000000000000  0.151086306342 -0.000000000000 -0.064199098396 -0.000175233721  0.006304953792 -0.000000000000  0.151086306342  0.000000000000
  0.958661417323 -0.001234205862  0.009318499864  0.028401200429  0.000000000000  0.012073521067 -0.000000000000 -0.129288592951 -0.000615853068 -0.007221054402 -0.000000000000  0.012073521067  0.000000000000
  0.964566929134 -0.013484878774  0.000443599078  0.103841938537  0.000000000000  0.089443209763 -0.000000000000 -0.077464147522 -0.001946826305 -0.023240835253  0.000000000000  0.089443209763 -0.000000000000
  0.970472440945 -0.008141519266 -0.018083574629 -0.249218264758 -0.000000000000  0.039573378639 -0.000000000000 -0.150866787691  0.000237780703  0.008067014204 -0.000000000000  0.039573378639  0.000000000000
  0.976377952756 -0.011733488333  0.004533307177 -0.192298938588 -0.000000000000  0.046082004330 -0.000000000000  0.002845199903  0.000632137665  0.003637548305 -0.000000000000  0.046082004330  0.000000000000
  0.982283464567 -0.006908260553 -0.015292621975  0.184579350308 -0.000000000000  0.000000000000  0.000000000000 -0.089176026537  0.000330053856 -0.003988939710  0.000000000000  0.000000000000 -0.000000000000
  0.988188976378 -0.013154828939  0.011908981193 -0.150952984910  0.000000000000  0.012283951570 -0.000000000000 -0.037322952355 -0.000162782639 -0.017979797324  0.000000000000  0.012283951570 -0.000000000000
  0.994094488189 -0.010635566425 -0.117457858929  0.141566852877  0.000000000000  0.043534356906 -0.000000000000 -0.044837884093 -0.004276566619  0.042573249448 -0.000000000000  0.043534356906  0.000000000000
  1.000000000000  0.000000000000  0.037066627136 -0.952160365454 -0.000000000000  0.012975669463  0.000000000000  0.000000000000 -0.005234942024  0.047839634546  0.000000000000  0.012975669463 -0.000000000000
