             Rad         v_r[Re]         v_t[Re]         v_x[Re]         p[Re]          p_mg[Re]  p_no_phase[Re]         v_r[Im]         v_t[Im]         v_x[Im]         p[Im]          p_mg[Im]  p_no_phase[Im]
  0.000000000000  0.085260758813  0.000000000000 -0.053700762906  0.000000000000  0.010074269650 -0.000000000000  0.005118496244  0.000000000000 -0.099449480219  0.000000000000  0.010074269650  0.000000000000
  0.003802281369  0.035251511196 -0.039093859205  0.409156276877  0.000000000000  0.033395105074 -0.000000000000  0.015872110821 -0.013607538610  0.014117855091  0.000000000000  0.033395105074  0.000000000000
  0.007604562738 -0.002927793923 -0.010524269260  0.044469719879  0.000000000000  0.040634089917 -0.000000000000  0.019680528756 -0.014991033127  0.033729651374  0.000000000000  0.040634089917 -0.000000000000
  0.011406844106  0.009298093870 -0.046519000802  0.518931739670  0.000000000000  0.046231354242 -0.000000000000  0.003877674478 -0.003556478414  0.016551132288  0.000000000000  0.046231354242 -0.000000000000
  0.015209125475 -0.011340795810 -0.055893647690  0.050920505281  0.000000000000  0.022123654548  0.000000000000 -0.031410498138 -0.019439259916  0.053263861680 -0.000000000000  0.022123654548  0.000000000000
  0.019011406844  0.008418874116 -0.014415595473  0.068713485494  0.000000000000  0.011022612896 -0.000000000000  0.039752381338  0.004350870309  0.021446813661 -0.000000000000  0.011022612896  0.000000000000
  0.022813688213 -0.008358055446 -0.043030342578  0.282722389694  0.000000000000  0.026397896585 -0.000000000000 -0.045469561513 -0.015784148951 -0.028219694032  0.000000000000  0.026397896585  0.000000000000
  0.026615969582 -0.000137590817  0.043911780835 -0.343535848635 -0.000000000000  0.027031626494  0.000000000000  0.022123226693  0.008429203669  0.075918715400  0.000000000000  0.027031626494 -0.000000000000
  0.030418250951  0.009547656380 -0.013696480721  0.027172460400  0.000000000000  0.068456293668  0.000000000000 -0.005508198681  0.015445855189  0.010417378458 -0.000000000000  0.068456293668  0.000000000000
  0.034220532319  0.007062845044  0.020141735874  0.085769093887  0.000000000000  0.075858387371 -0.000000000000  0.025435509903 -0.021719743668 -0.001860733385  0.000000000000  0.075858387371  0.000000000000
  0.038022813688  0.001385428830 -0.015952055176 -0.225174043072  0.000000000000  0.005836289978 -0.000000000000 -0.026996100049  0.030834171248 -0.051621898291  0.000000000000  0.005836289978  0.000000000000
  0.041825095057  0.004731044708 -0.003031931516  0.192633982865  0.000000000000  0.035214691111 -0.000000000000  0.068292615696  0.002854203739 -0.021479142988 -0.000000000000  0.035214691111  0.000000000000
  0.045627376426 -0.002933849869 -0.052231908319  0.494238047262  0.000000000000  0.039657031354  0.000000000000 -0.075801632300 -0.007008775774  0.002743114683 -0.000000000000  0.039657031354  0.000000000000
  0.049429657795  0.004110299603  0.070957718134 -0.368662807961 -0.000000000000  0.004729030021 -0.000000000000 -0.004143394489  0.016484223459  0.022144836870  0.000000000000  0.004729030021 -0.000000000000
  0.053231939163  0.003331132130 -0.046376806230  0.309067185061  0.000000000000  0.074178668989 -0.000000000000 -0.035056782921  0.012310127941 -0.062315892600 -0.000000000000  0.074178668989  0.000000000000
  0.057034220532 -0.005467749390 -0.005687802837 -0.222863927153 -0.000000000000  0.011170752718  0.000000000000 -0.039278287290 -0.016362038616 -0.018421984061 -0.000000000000  0.011170752718 -0.000000000000
  0.060836501901 -0.003029039201 -0.021906788914  0.219197515559 -0.000000000000  0.100408284095  0.000000000000  0.003631617609  0.018233095594  0.025046950358  0.000000000000  0.100408284095 -0.000000000000
  0.064638783270  0.003052217935  0.033415083790  0.037987271222  0.000000000000  0.005644292620 -0.000000000000 -0.074115847824  0.006985208479  0.034344422888 -0.000000000000  0.005644292620  0.000000000000
  0.068441064639  0.003775226858 -0.022682009195  0.156540660009  0.000000000000  0.102119029050 -0.000000000000 -0.010513485553 -0.023572074638 -0.049812574845 -0.000000000000  0.102119029050  0.000000000000
  0.072243346008 -0.010975448645  0.036216809906 -0.056690845162 -0.000000000000  0.025860272178  0.000000000000 -0.099806628246 -0.014322061599 -0.036586992293 -0.000000000000  0.025860272178  0.000000000000
  0.076045627376 -0.005543550977  0.068132439462 -0.051272541559  0.000000000000  0.042073469187 -0.000000000000 -0.001061641061  0.010274664367  0.029560838185  0.000000000000  0.042073469187 -0.000000000000
  0.079847908745 -0.004693226212  0.046876533448  0.167260440061  0.000000000000  0.041237770950  0.000000000000 -0.102011125481 -0.044523657016  0.015397478308 -0.000000000000  0.041237770950  0.000000000000
  0.083650190114 -0.006582171215  0.038205951352 -0.361477451342  0.000000000000  0.032198142596 -0.000000000000 -0.025008572514 -0.011297949618  0.061119048862  0.000000000000  0.032198142596  0.000000000000
  0.087452471483  0.005499707390 -0.029159466439  0.161975500342  0.000000000000  0.080563793249 -0.000000000000 -0.041712468496 -0.035963617090  0.009271849115 -0.000000000000  0.080563793249  0.000000000000
  0.091254752852 -0.008222049734  0.077516191009 -0.026491252085  0.000000000000  0.024780051861 -0.000000000000 -0.040409796475  0.013025327368  0.015183979308  0.000000000000  0.024780051861  0.000000000000
  0.095057034221  0.008482739149  0.130627015854 -0.648478481150  0.000000000000  0.112705199710  0.000000000000 -0.031060642672 -0.029086769738 -0.057790410286 -0.000000000000  0.112705199710  0.000000000000
  0.098859315589 -0.022947774025  0.052383602752 -0.242053784272 -0.000000000000  0.016459400923 -0.000000000000  0.077226449161 -0.027160243575  0.001483170358  0.000000000000  0.016459400923 -0.000000000000
  0.102661596958  0.007583086933  0.060888558993 -0.219069055400  0.000000000000  0.073393534317 -0.000000000000  0.023591264544  0.040492495716  0.086004393095 -0.000000000000  0.073393534317  0.000000000000
  0.106463878327 -0.003195326121  0.094118455871  0.121240797068  0.000000000000  0.083227914857 -0.000000000000  0.112659894961 -0.008168619180 -0.027555681040 -0.000000000000  0.083227914857  0.000000000000
  0.110266159696  0.003074093107 -0.033676662756  0.273072049139  0.000000000000  0.010096821022 -0.000000000000 -0.016169781394 -0.004779861529 -0.039245741229  0.000000000000  0.010096821022 -0.000000000000
  0.114068441065 -0.011477695481  0.071544252133 -0.656843952957  0.000000000000  0.098035881362 -0.000000000000  0.072490505488 -0.002179428170  0.017591103302  0.000000000000  0.098035881362  0.000000000000
  0.117870722433  0.006241258331 -0.135204529167  0.539713683906 -0.000000000000  0.029968936497  0.000000000000  0.082993569064 -0.000270196763  0.029494892538 -0.000000000000  0.029968936497  0.000000000000
  0.121673003802 -0.007460069721 -0.009298352948 -0.138651995380  0.000000000000  0.063089649339 -0.000000000000 -0.006803907298 -0.005552689436 -0.073258105483 -0.000000000000  0.063089649339  0.000000000000
  0.125475285171 -0.007018897406 -0.097632547253  0.130050153561 -0.000000000000  0.104612706289  0.000000000000  0.097784298911  0.019821749323  0.007784229898 -0.000000000000  0.104612706289  0.000000000000
  0.129277566540 -0.004772778608 -0.058100953454  0.152073713911  0.000000000000  0.019705524836  0.000000000000 -0.029586445192 -0.009579414430  0.030918043963 -0.000000000000  0.019705524836  0.000000000000
  0.133079847909 -0.001067689707 -0.020786539913  0.338349834175  0.000000000000  0.120900377690 -0.000000000000  0.063080614236 -0.006877166685  0.014653246286  0.000000000000  0.120900377690  0.000000000000
  0.136882129278 -0.001796619632  0.025106718229  0.180250941533  0.000000000000  0.024590204934 -0.000000000000 -0.104597277570  0.008382346620 -0.005027607624  0.000000000000  0.024590204934 -0.000000000000
  0.140684410646 -0.001146225345  0.007652188944  0.052593794335  0.000000000000  0.129742400131 -0.000000000000  0.019672159935  0.010467412265 -0.015342855227 -0.000000000000  0.129742400131  0.000000000000
  0.144486692015 -0.003941616485  0.080608236778 -0.050306863191  0.000000000000  0.122522400049 -0.000000000000 -0.120836107953  0.006216288420 -0.007200904315  0.000000000000  0.122522400049 -0.000000000000
  0.148288973384 -0.002053945081  0.001168567193  0.108731611232  0.000000000000  0.088138433595  0.000000000000  0.024504274899  0.003058132166  0.004927557573 -0.000000000000  0.088138433595  0.000000000000
  0.152091254753 -0.003277229689  0.094021434869 -0.504850511482  0.000000000000  0.062219348948 -0.000000000000 -0.129701002916 -0.005763068563 -0.020435601554 -0.000000000000  0.062219348948  0.000000000000
  0.155893536122 -0.005839425701  0.053492231205 -0.238313129974  0.000000000000  0.024484793792 -0.000000000000  0.122383167230  0.001977408037  0.015734225798 -0.000000000000  0.024484793792  0.000000000000
  0.159695817490 -0.000670026393 -0.155534146481  0.495451693591 -0.000000000000  0.041320457464 -0.000000000000 -0.088135886795 -0.004995827792 -0.010009883754  0.000000000000  0.041320457464 -0.000000000000
  0.163498098859 -0.007993307508  0.149249578600 -0.711777313760 -0.000000000000  0.020347773850  0.000000000000  0.061703763407 -0.022818266828 -0.000892912631 -0.000000000000  0.020347773850  0.000000000000
  0.167300380228 -0.002620803718 -0.045403770870  0.169722934843 -0.000000000000  0.059839222834 -0.000000000000  0.024344126908  0.021082041858 -0.018402407452  0.000000000000  0.059839222834 -0.000000000000
  0.171102661597 -0.009582515907 -0.014112178327  0.230415040814  0.000000000000  0.030637257990 -0.000000000000  0.040193974598 -0.016172468716  0.031932052465  0.000000000000  0.030637257990  0.000000000000
  0.174904942966  0.002390698608  0.139699436461 -0.179045556122  0.000000000000  0.041521931393 -0.000000000000 -0.020206841931  0.003626093800 -0.004757017721 -0.000000000000  0.041521931393  0.000000000000
  0.178707224335 -0.010397169089  0.124164744689  0.001500325465  0.000000000000  0.022129504525 -0.000000000000  0.058929037530 -0.002713518971 -0.026665337518  0.000000000000  0.022129504525  0.000000000000
  0.182509505703 -0.003171235759 -0.038304918173  0.123228326829 -0.000000000000  0.065585759389  0.000000000000 -0.030472690083  0.005365012016 -0.018520936597 -0.000000000000  0.065585759389  0.000000000000
  0.186311787072 -0.014791314086  0.064810978209 -0.074649319339  0.000000000000  0.039768449962 -0.000000000000  0.038798038794 -0.009182996197 -0.031190856313  0.000000000000  0.039768449962  0.000000000000
  0.190114068441 -0.008069051448 -0.015139403193 -0.134947186521  0.000000000000  0.025897887540  0.000000000000 -0.020605954947  0.018574038566  0.075782384679 -0.000000000000  0.025897887540  0.000000000000
  0.193916349810 -0.001265698444  0.044076335804  0.036735908114 -0.000000000000  0.020810869788 -0.000000000000  0.065573545291 -0.004691569038 -0.076916783387  0.000000000000  0.020810869788 -0.000000000000
  0.197718631179 -0.021076801221 -0.117984136862  0.275092211014  0.000000000000  0.006994410070  0.000000000000 -0.033723850057  0.002008042885  0.004459837878 -0.000000000000  0.006994410070  0.000000000000
  0.201520912548  0.000040374494  0.090336419566 -0.351242499916 -0.000000000000  0.022410536187  0.000000000000  0.025897856069  0.022760190074  0.050265578544 -0.000000000000  0.022410536187 -0.000000000000
  0.205323193916 -0.010194157566 -0.110513446904  0.239106838235 -0.000000000000  0.026398313842  0.000000000000  0.018143082783 -0.007166740513 -0.016621518413 -0.000000000000  0.026398313842 -0.000000000000
  0.209125475285 -0.000951458089  0.038220151181 -0.032109250391  0.000000000000  0.048784370245 -0.000000000000 -0.006929393894 -0.001900637610  0.033599554597  0.000000000000  0.048784370245  0.000000000000
  0.212927756654 -0.002811736308 -0.072316569148 -0.130600345903 -0.000000000000  0.043022211825 -0.000000000000  0.022233449375 -0.007085838785  0.049610964319  0.000000000000  0.043022211825 -0.000000000000
  0.216730038023  0.008619538659  0.136528448216 -0.199747141916 -0.000000000000  0.053232077091 -0.000000000000  0.024951443385 -0.012695006811 -0.027712564596  0.000000000000  0.053232077091 -0.000000000000
  0.220532319392 -0.006645848587 -0.007476412536  0.351189656681  0.000000000000  0.065096781849 -0.000000000000  0.048329571452  0.010582172107  0.054238624218  0.000000000000  0.065096781849 -0.000000000000
  0.224334600760  0.017683936642  0.111304037265 -0.091972772603 -0.000000000000  0.021481856060  0.000000000000 -0.039219753889 -0.021919111660 -0.049560669384 -0.000000000000  0.021481856060  0.000000000000
  0.228136882129 -0.018542589572  0.049495432071  0.097360759762 -0.000000000000  0.022654974524  0.000000000000  0.049898160320 -0.012543109978 -0.095730708533  0.000000000000  0.022654974524 -0.000000000000
  0.231939163498  0.001336036401 -0.002243102120  0.183123870970  0.000000000000  0.030116620871 -0.000000000000 -0.065083070101  0.040907354417  0.156350355185  0.000000000000  0.030116620871  0.000000000000
  0.235741444867  0.009477711355  0.026295047114 -0.267168131125 -0.000000000000  0.007914293524  0.000000000000  0.019278047806 -0.022648094060 -0.086741745267  0.000000000000  0.007914293524 -0.000000000000
  0.239543726236 -0.011780742940  0.008535277060  0.023445296956 -0.000000000000  0.078226724388  0.000000000000 -0.019351019778  0.015419348025  0.050830649314 -0.000000000000  0.078226724388 -0.000000000000
  0.243346007605  0.019051184369  0.002568081821 -0.084736289778 -0.000000000000  0.081034542926  0.000000000000  0.023325162954  0.009073495122  0.006813308995  0.000000000000  0.081034542926 -0.000000000000
  0.247148288973 -0.007503140206  0.138797973963 -0.321629896422  0.000000000000  0.122388283285 -0.000000000000  0.002517722987  0.011886348729  0.079149893680 -0.000000000000  0.122388283285  0.000000000000
  0.250950570342  0.033505622488 -0.027360095432  0.481841847792 -0.000000000000  0.076386523128  0.000000000000  0.070688002307 -0.003982926599 -0.086622807670 -0.000000000000  0.076386523128 -0.000000000000
  0.254752851711 -0.022299305222  0.107335629196 -0.302484287802 -0.000000000000  0.074925447009  0.000000000000 -0.077905956986 -0.018520869312  0.045330757326  0.000000000000  0.074925447009 -0.000000000000
  0.258555133080  0.039967847635  0.077407112729 -0.053944232489 -0.000000000000  0.086027679769  0.000000000000  0.115678273850  0.001552618718  0.023400343176  0.000000000000  0.086027679769 -0.000000000000
  0.262357414449 -0.022109020808 -0.002237756195  0.219994461294 -0.000000000000  0.088351329666 -0.000000000000 -0.073116975556 -0.037844426069 -0.177677139655  0.000000000000  0.088351329666 -0.000000000000
  0.266159695817  0.005943188750  0.049815391404  0.022960118800 -0.000000000000  0.048571376222  0.000000000000  0.074689364149 -0.002056454424  0.057852433431  0.000000000000  0.048571376222 -0.000000000000
  0.269961977186 -0.014946953654  0.012222182640 -0.045314692670  0.000000000000  0.107549873599  0.000000000000 -0.084719243757  0.010553496046  0.010510268323 -0.000000000000  0.107549873599  0.000000000000
  0.273764258555  0.010999795400  0.002036920912 -0.179347441326 -0.000000000000  0.037470136348  0.000000000000  0.087663914782  0.000249089322  0.064957060980 -0.000000000000  0.037470136348 -0.000000000000
  0.277566539924 -0.003734991208  0.096083117303 -0.088459878804  0.000000000000  0.091477626917 -0.000000000000 -0.048427558567  0.009685674475 -0.082802421755  0.000000000000  0.091477626917 -0.000000000000
  0.281368821293 -0.001404851321  0.046078714677 -0.080972029892 -0.000000000000  0.050379652287  0.000000000000  0.107540697896  0.003515296954  0.070517629525  0.000000000000  0.050379652287 -0.000000000000
  0.285171102662  0.007952812293 -0.224560783947  0.136548778423  0.000000000000  0.096673230681 -0.000000000000 -0.036616442953  0.020398118681 -0.009541756047  0.000000000000  0.096673230681  0.000000000000
  0.288973384030 -0.004116834192  0.023914233491  0.030730495237 -0.000000000000  0.063225156487  0.000000000000  0.091384943522 -0.024626927185 -0.150184461434 -0.000000000000  0.063225156487 -0.000000000000
  0.292775665399 -0.016173625688  0.126950226851 -0.017376191048 -0.000000000000  0.060884759799  0.000000000000 -0.047712924839  0.017778780115  0.245778011820  0.000000000000  0.060884759799 -0.000000000000
  0.296577946768  0.041127974595  0.091006918756  0.012742262865 -0.000000000000  0.025209862238  0.000000000000  0.087488303424 -0.022578784932 -0.003463893160 -0.000000000000  0.025209862238 -0.000000000000
  0.300380228137 -0.011957582493 -0.057784912861  0.297955294601  0.000000000000  0.072604785573 -0.000000000000 -0.062084109350 -0.005941684309  0.020123300010 -0.000000000000  0.072604785573  0.000000000000
  0.304182509506  0.048154489084  0.041907203373 -0.234384444722 -0.000000000000  0.039116933787  0.000000000000  0.037257202750  0.022930448387  0.111697915118  0.000000000000  0.039116933787 -0.000000000000
  0.307984790875  0.009421437749 -0.041434714179 -0.085646929516  0.000000000000  0.086444279982 -0.000000000000 -0.023383191929  0.004456100432 -0.047101239347 -0.000000000000  0.086444279982  0.000000000000
  0.311787072243  0.042621414741  0.038568152040  0.079079868406 -0.000000000000  0.011894522487  0.000000000000  0.058778141291 -0.000147974198  0.042051382061  0.000000000000  0.011894522487 -0.000000000000
  0.315589353612  0.015490131188  0.055286852526 -0.080487948510  0.000000000000  0.028663526349 -0.000000000000 -0.035919219712 -0.008346976857 -0.008831008545 -0.000000000000  0.028663526349  0.000000000000
  0.319391634981  0.039028151706  0.112851848964 -0.319107948321 -0.000000000000  0.005434302351  0.000000000000  0.077132463438 -0.021222832615 -0.071152818695  0.000000000000  0.005434302351 -0.000000000000
  0.323193916350 -0.001240354116 -0.209795737465  0.472715134222  0.000000000000  0.083948091447 -0.000000000000  0.011829673996 -0.008696813066 -0.046307777294 -0.000000000000  0.083948091447  0.000000000000
  0.326996197719  0.028633863758  0.132192582273 -0.056062345648 -0.000000000000  0.086401806684  0.000000000000 -0.001303682894  0.002265454466  0.049712556602  0.000000000000  0.086401806684 -0.000000000000
  0.330798479087  0.005046369065 -0.195048780902  0.510067287359  0.000000000000  0.028861845412 -0.000000000000 -0.002016383221 -0.023361608476 -0.056469196717 -0.000000000000  0.028861845412  0.000000000000
  0.334600760456  0.017076689053  0.020865347866 -0.478802878590 -0.000000000000  0.014264429589  0.000000000000 -0.082192875291  0.000200122749 -0.015057379474 -0.000000000000  0.014264429589  0.000000000000
  0.338403041825 -0.000672409368 -0.078024200172 -0.285912302922  0.000000000000  0.100370281458 -0.000000000000  0.086399190181 -0.023025720781 -0.046496429644  0.000000000000  0.100370281458  0.000000000000
  0.342205323194  0.008058654153 -0.158381538125  0.529044097580 -0.000000000000  0.010018971910  0.000000000000 -0.027713971455  0.014399387591  0.050137568071  0.000000000000  0.010018971910 -0.000000000000
  0.346007604563  0.009737614324 -0.025760219864  0.312264589453  0.000000000000  0.143842376594 -0.000000000000 -0.010423666284  0.012205261867  0.069672007191  0.000000000000  0.143842376594  0.000000000000
  0.349809885932  0.021336672729  0.183946346382 -0.103061741888 -0.000000000000  0.014180030984  0.000000000000 -0.098076193834 -0.011264685625 -0.056850193883  0.000000000000  0.014180030984 -0.000000000000
  0.353612167300 -0.002348179861 -0.115453701953  0.264261830309  0.000000000000  0.093815530674 -0.000000000000 -0.009739910137 -0.002531060211 -0.095521226700  0.000000000000  0.093815530674  0.000000000000
  0.357414448669  0.003558131792 -0.112043449249  0.011706698305  0.000000000000  0.014294515281  0.000000000000 -0.143798362308  0.011818689539  0.105943409533 -0.000000000000  0.014294515281  0.000000000000
  0.361216730038  0.013138904950  0.175048087513 -0.303709784024  0.000000000000  0.032942917954 -0.000000000000 -0.005333146858  0.003022680530 -0.119726832671 -0.000000000000  0.032942917954  0.000000000000
  0.365019011407 -0.018460617834 -0.058473071329  0.134180930786 -0.000000000000  0.033849397163  0.000000000000 -0.091981299104  0.010477544965 -0.040571621930 -0.000000000000  0.033849397163  0.000000000000
  0.368821292776  0.004491891816  0.003756187192 -0.333358422383  0.000000000000  0.033217198116 -0.000000000000 -0.013570411749  0.014943679145  0.048428311669 -0.000000000000  0.033217198116  0.000000000000
  0.372623574144 -0.008839047886 -0.099771895930  0.151997558503 -0.000000000000  0.032062271986  0.000000000000 -0.031734950382  0.013985799594  0.041307359396 -0.000000000000  0.032062271986 -0.000000000000
  0.376425855513  0.013314530471 -0.117353269016 -0.000470575485  0.000000000000  0.012421322629 -0.000000000000 -0.031120812436  0.003101762514 -0.039180323852 -0.000000000000  0.012421322629  0.000000000000
  0.380228136882 -0.015211815980 -0.034767521504  0.023976851214 -0.000000000000  0.031978072119  0.000000000000 -0.029529356668  0.011557331011 -0.001525203987 -0.000000000000  0.031978072119  0.000000000000
  0.384030418251  0.013961533278  0.188844032353 -0.198537903705  0.000000000000  0.078245898947 -0.000000000000 -0.028862863224  0.023958631230  0.053058566982 -0.000000000000  0.078245898947  0.000000000000
  0.387832699620 -0.005942500908  0.132383350348 -0.270648598593 -0.000000000000  0.139109975272  0.000000000000  0.010907609216 -0.007160187216 -0.059465093804 -0.000000000000  0.139109975272 -0.000000000000
  0.391634980989  0.002737266705 -0.126789933663 -0.221171074547  0.000000000000  0.027447553302  0.000000000000  0.031860704126 -0.024580822145 -0.037840503280 -0.000000000000  0.027447553302  0.000000000000
  0.395437262357 -0.013579109078  0.381794794352 -0.624677728550 -0.000000000000  0.102078406543 -0.000000000000  0.077058604313  0.002077323147  0.084231355326  0.000000000000  0.102078406543 -0.000000000000
  0.399239543726  0.016467239228 -0.221085757336  0.430905338804  0.000000000000  0.015801193524 -0.000000000000  0.138131876309 -0.013615841713 -0.075171810729 -0.000000000000  0.015801193524  0.000000000000
  0.403041825095 -0.026257448474  0.122178112442  0.137105663020 -0.000000000000  0.129346790142  0.000000000000  0.007994659586 -0.006943126731  0.020670186908 -0.000000000000  0.129346790142  0.000000000000
  0.406844106464  0.020634464285 -0.023327479026 -0.019007248626  0.000000000000  0.113476148182 -0.000000000000  0.099971095652  0.001281992032  0.053550134095  0.000000000000  0.113476148182  0.000000000000
  0.410646387833 -0.013079367890  0.081921804490 -0.209091410258 -0.000000000000  0.100352182658  0.000000000000  0.008866106946  0.008315498701  0.100657819258  0.000000000000  0.100352182658 -0.000000000000
  0.414448669202  0.042473408952  0.005461316891  0.621915552759 -0.000000000000  0.126548010326  0.000000000000  0.122174472179 -0.004866156085  0.008274883286 -0.000000000000  0.126548010326  0.000000000000
  0.418250950570 -0.007938783158  0.209904440559  0.090167482722 -0.000000000000  0.105988612895  0.000000000000 -0.113198109208  0.010282306182  0.047302811960  0.000000000000  0.105988612895 -0.000000000000
  0.422053231939  0.054921187155 -0.129376227439  0.063761719876 -0.000000000000  0.091298932233  0.000000000000  0.083989426512  0.004745729347  0.105984648673  0.000000000000  0.091298932233 -0.000000000000
  0.425855513308  0.011449956160 -0.063137803734 -0.037374758956  0.000000000000  0.056540121614  0.000000000000 -0.126028954694 -0.001056135882 -0.091640098036 -0.000000000000  0.056540121614  0.000000000000
  0.429657794677  0.041301263484 -0.034212214252 -0.226365157142  0.000000000000  0.051794392639 -0.000000000000  0.097610407734  0.018818449438  0.080575907418  0.000000000000  0.051794392639  0.000000000000
  0.433460076046  0.023931498289 -0.162720450638  0.349138613919 -0.000000000000  0.063300411598  0.000000000000 -0.088106630945  0.000343473328 -0.045571421557 -0.000000000000  0.063300411598  0.000000000000
  0.437262357414  0.032613751630  0.106549065347 -0.243358911840  0.000000000000  0.016225193158 -0.000000000000  0.046185804710  0.010175760517 -0.039416175459 -0.000000000000  0.016225193158  0.000000000000
  0.441064638783  0.013706803089  0.061303004845 -0.029300121586 -0.000000000000  0.045045686949  0.000000000000 -0.049947799330 -0.003841968346 -0.044401842357 -0.000000000000  0.045045686949 -0.000000000000
  0.444866920152  0.020731794819  0.051975679729 -0.190200913328  0.000000000000  0.031318366905 -0.000000000000  0.059809153080 -0.004661891764 -0.062367200853  0.000000000000  0.031318366905 -0.000000000000
  0.448669201521 -0.001380001878 -0.022943206372  0.100461043702 -0.000000000000  0.042546228425  0.000000000000 -0.016166399965 -0.001641804784 -0.053252529324 -0.000000000000  0.042546228425 -0.000000000000
  0.452471482890  0.009856993649  0.037449847056  0.055106951733  0.000000000000  0.021447266740  0.000000000000  0.043953994004  0.007569106928  0.060527077536 -0.000000000000  0.021447266740  0.000000000000
  0.456273764259  0.007894420993 -0.143014510483  0.025964092877 -0.000000000000  0.055206446424  0.000000000000 -0.030307065559 -0.013137085856 -0.043150844418  0.000000000000  0.055206446424 -0.000000000000
  0.460076045627  0.002338226077  0.056094145319 -0.128009047673  0.000000000000  0.006076064893 -0.000000000000  0.042481928535  0.017253274254  0.010974493365  0.000000000000  0.006076064893  0.000000000000
  0.463878326996  0.007515377528 -0.272469951389  0.564453807302 -0.000000000000  0.019552846454 -0.000000000000 -0.020087417734 -0.013192985624 -0.076801474807  0.000000000000  0.019552846454 -0.000000000000
  0.467680608365 -0.013056845588  0.053504534311 -0.153429897855 -0.000000000000  0.071295688762  0.000000000000 -0.053640194911  0.017184189139 -0.002803998004 -0.000000000000  0.071295688762 -0.000000000000
  0.471482889734  0.004876733269 -0.128850468813 -0.227342642093 -0.000000000000  0.038397979490  0.000000000000  0.003624367146 -0.014273202340 -0.029740121949  0.000000000000  0.038397979490 -0.000000000000
  0.475285171103 -0.019133143358  0.144849382220 -0.316099866115  0.000000000000  0.068618318915 -0.000000000000  0.004029470150  0.001653812609  0.016964941174  0.000000000000  0.068618318915 -0.000000000000
  0.479087452471  0.007371617228  0.043138021143 -0.114818888276 -0.000000000000  0.020802517698  0.000000000000  0.070913570601  0.000029125787 -0.006487424718 -0.000000000000  0.020802517698  0.000000000000
  0.482889733840 -0.021054279592  0.130511983761 -0.000904891280 -0.000000000000  0.094217926766 -0.000000000000  0.032111090604  0.003628918738 -0.041562612329  0.000000000000  0.094217926766 -0.000000000000
  0.486692015209  0.000070960064 -0.175858780458  0.138610507671 -0.000000000000  0.031216820682 -0.000000000000  0.068618282224  0.000301252092  0.027019189937  0.000000000000  0.031216820682 -0.000000000000
  0.490494296578 -0.017000462743 -0.054916006177 -0.169148658507 -0.000000000000  0.085310856531  0.000000000000  0.011988703395 -0.016326830849 -0.013660035663 -0.000000000000  0.085310856531  0.000000000000
  0.494296577947 -0.001341505235 -0.194124264156  0.246718684379  0.000000000000  0.038858814952 -0.000000000000  0.094208375889  0.001795438790  0.043340003077  0.000000000000  0.038858814952  0.000000000000
  0.498098859316 -0.010122170814  0.152662259611  0.002190653584 -0.000000000000  0.122419794003  0.000000000000 -0.029530180350 -0.017452436416 -0.070548707799 -0.000000000000  0.122419794003 -0.000000000000
  0.501901140684 -0.011274355874 -0.241097857893  0.079068736504  0.000000000000  0.021924561654 -0.000000000000  0.084562587127  0.011511270679  0.126651923583 -0.000000000000  0.021924561654  0.000000000000
  0.505703422053  0.013105318227 -0.092039329918 -0.178005215049 -0.000000000000  0.043720536838  0.000000000000 -0.036582210617  0.004361290334 -0.009277594829 -0.000000000000  0.043720536838 -0.000000000000
  0.509505703422 -0.011265992397 -0.004250912342 -0.113226601264 -0.000000000000  0.052583280767 -0.000000000000  0.121900300980  0.004299728814 -0.050758010236  0.000000000000  0.052583280767 -0.000000000000
  0.513307984791  0.004450582355  0.004231363661  0.406677407823 -0.000000000000  0.020125321469 -0.000000000000 -0.021468086091  0.006307646372  0.056066460022  0.000000000000  0.020125321469 -0.000000000000
  0.517110266160 -0.005092743724 -0.010498925707  0.043723113091  0.000000000000  0.062268876294 -0.000000000000  0.043422912187 -0.012200394677 -0.143945628902 -0.000000000000  0.062268876294  0.000000000000
  0.520912547529 -0.023506626962 -0.238326397887  0.308870453836 -0.000000000000  0.030115010707  0.000000000000 -0.047036580499 -0.018412609796 -0.030337267974  0.000000000000  0.030115010707 -0.000000000000
  0.524714828897 -0.014291302687 -0.101858144226  0.027916420244 -0.000000000000  0.037833308187  0.000000000000 -0.014169941133  0.015433935279  0.015424133297  0.000000000000  0.037833308187 -0.000000000000
  0.528517110266 -0.021830965779  0.157061147514  0.077959490571 -0.000000000000  0.052351552139  0.000000000000 -0.058316566154 -0.001381864666 -0.020797907247 -0.000000000000  0.052351552139  0.000000000000
  0.532319391635 -0.019073096758 -0.000522085995 -0.433631121838 -0.000000000000  0.043453377101  0.000000000000 -0.023305167881  0.002304737594 -0.045402877004  0.000000000000  0.043453377101 -0.000000000000
  0.536121673004 -0.031775273789 -0.087658705025  0.139414458572 -0.000000000000  0.023810647539  0.000000000000  0.020535120744 -0.001530832735 -0.037888415414 -0.000000000000  0.023810647539 -0.000000000000
  0.539923954373 -0.026821896176  0.135085824356  0.272935146843  0.000000000000  0.043085883605 -0.000000000000 -0.044958546427  0.012713596548  0.013270070092  0.000000000000  0.043085883605 -0.000000000000
  0.543726235741 -0.028640106063  0.212019207571 -0.213612406420  0.000000000000  0.015474790420 -0.000000000000 -0.032679355964 -0.000042521236  0.040596989558  0.000000000000  0.015474790420 -0.000000000000
  0.547528517110 -0.018589787050  0.166748439698  0.005666843811  0.000000000000  0.082047003769  0.000000000000 -0.014878398893 -0.012547431531 -0.015049112770 -0.000000000000  0.082047003769  0.000000000000
  0.551330798479 -0.030059100706  0.135952501672 -0.141071497136 -0.000000000000  0.043016738150 -0.000000000000 -0.030868168568  0.015316909464  0.025525731606  0.000000000000  0.043016738150 -0.000000000000
  0.555133079848 -0.014743379212 -0.062017268835  0.197215742622  0.000000000000  0.055734614672  0.000000000000  0.004701266634 -0.006320137784 -0.073006748029 -0.000000000000  0.055734614672  0.000000000000
  0.558935361217 -0.041714111153 -0.082489710469  0.249611824652 -0.000000000000  0.072670838154  0.000000000000 -0.070651565857  0.002433479773  0.063182919763  0.000000000000  0.072670838154 -0.000000000000
  0.562737642586 -0.000965849334 -0.081956754269 -0.137301168361  0.000000000000  0.067485553779 -0.000000000000 -0.043005893737  0.006910287675  0.104832477070  0.000000000000  0.067485553779 -0.000000000000
  0.566539923954 -0.019737093527  0.090956069893  0.151452621572  0.000000000000  0.047953745366 -0.000000000000 -0.052122878007 -0.007708671209 -0.015957515794 -0.000000000000  0.047953745366  0.000000000000
  0.570342205323  0.000432832737  0.111976554689  0.068475576512  0.000000000000  0.032429284651 -0.000000000000 -0.072669549151  0.007551912687  0.073709012120  0.000000000000  0.032429284651  0.000000000000
  0.574144486692 -0.006602568001  0.307804096658 -0.143592270965  0.000000000000  0.096237392825 -0.000000000000 -0.067161790214 -0.009729906839 -0.078395768360  0.000000000000  0.096237392825  0.000000000000
  0.577946768061 -0.009168285933  0.301703394017 -0.280340625510 -0.000000000000  0.044174421638  0.000000000000 -0.047069143052  0.011106467807  0.168861939521  0.000000000000  0.044174421638 -0.000000000000
  0.581749049430  0.023708832749 -0.071962607535  0.280581417162  0.000000000000  0.099721200658  0.000000000000 -0.022125771233 -0.008559380342 -0.057387991792 -0.000000000000  0.099721200658  0.000000000000
  0.585551330798 -0.016377668741 -0.103839016779  0.054206716201  0.000000000000  0.048698934983  0.000000000000 -0.094833579202 -0.000343225163  0.024781979385 -0.000000000000  0.048698934983  0.000000000000
  0.589353612167  0.026206650524  0.040814313560 -0.004513240765  0.000000000000  0.028924658486 -0.000000000000 -0.035561088219 -0.014017464418 -0.067330677167  0.000000000000  0.028924658486 -0.000000000000
  0.593155893536 -0.028099659474 -0.026237848750  0.037688998275  0.000000000000  0.047393331125  0.000000000000 -0.095680337573 -0.002402966917  0.054734330885 -0.000000000000  0.047393331125  0.000000000000
  0.596958174905  0.036536326696 -0.038958877769 -0.371095372417  0.000000000000  0.035125979034  0.000000000000 -0.032197563573  0.001778805790  0.039354716432 -0.000000000000  0.035125979034  0.000000000000
  0.600760456274 -0.018778215041 -0.044702548899 -0.021672255984  0.000000000000  0.015123067561 -0.000000000000 -0.022000329734  0.002069495171  0.027510121968  0.000000000000  0.015123067561  0.000000000000
  0.604562737643  0.043443790090 -0.066588549279  0.078594462232  0.000000000000  0.006683304124 -0.000000000000 -0.018941091251  0.007513571095  0.028150387965 -0.000000000000  0.006683304124  0.000000000000
  0.608365019011 -0.016420989257 -0.063565208989 -0.091412595077  0.000000000000  0.005441108208 -0.000000000000 -0.031051336765 -0.019458684736 -0.160704452998 -0.000000000000  0.005441108208  0.000000000000
  0.612167300380  0.014724507367  0.149669078763 -0.201304210916  0.000000000000  0.053367264712 -0.000000000000  0.003449065849  0.001794601448  0.100534372765 -0.000000000000  0.053367264712  0.000000000000
  0.615969581749 -0.002427829294 -0.100251613611  0.104874531506  0.000000000000  0.038050825190 -0.000000000000  0.006226732605 -0.010943072113 -0.061838746418 -0.000000000000  0.038050825190  0.000000000000
  0.619771863118  0.003315041380  0.034956757646 -0.221034603142  0.000000000000  0.066766772431 -0.000000000000 -0.004314644735  0.003834891572 -0.044062627444  0.000000000000  0.066766772431  0.000000000000
  0.623574144487 -0.012204035147  0.030478540642 -0.190268820581  0.000000000000  0.081498293067 -0.000000000000  0.051953117991 -0.004804249429  0.012363652975 -0.000000000000  0.081498293067  0.000000000000
  0.627376425856  0.003209669016 -0.026819536801 -0.000645938950  0.000000000000  0.116906058200 -0.000000000000  0.037915212283 -0.005086350308 -0.049620592228 -0.000000000000  0.116906058200  0.000000000000
  0.631178707224 -0.022264760436  0.273488178559 -0.218124308739  0.000000000000  0.044476916266 -0.000000000000  0.062945074022  0.002087694305 -0.010132509891 -0.000000000000  0.044476916266  0.000000000000
  0.634980988593 -0.000728916356 -0.080221743224 -0.256945296285  0.000000000000  0.157655438209  0.000000000000  0.081495033308 -0.023898419731 -0.048221173109 -0.000000000000  0.157655438209  0.000000000000
  0.638783269962 -0.030213392762 -0.330476618397  0.296276945346 -0.000000000000  0.034958070973  0.000000000000  0.112934393971  0.003069847844  0.097439460556  0.000000000000  0.034958070973 -0.000000000000
  0.642585551331  0.016342923861 -0.255544813751 -0.261464198566  0.000000000000  0.081191613943 -0.000000000000  0.041365503988  0.005598132206 -0.048592158066  0.000000000000  0.081191613943  0.000000000000
  0.646387832700 -0.036483586066 -0.066875577781  0.331709517727  0.000000000000  0.001157314254 -0.000000000000  0.153375960126  0.000622525988  0.024589830465  0.000000000000  0.001157314254  0.000000000000
  0.650190114068  0.023379403398  0.332591910102  0.329726289165  0.000000000000  0.037577011494 -0.000000000000 -0.025989809982  0.022656079447  0.127404575263 -0.000000000000  0.037577011494  0.000000000000
  0.653992395437 -0.013983736136 -0.110158242921 -0.209486150671 -0.000000000000  0.081694389380  0.000000000000  0.079978330180 -0.013015239180 -0.144936442133  0.000000000000  0.081694389380 -0.000000000000
  0.657794676806  0.001031365438  0.049735252388  0.184758293834 -0.000000000000  0.067334192759  0.000000000000  0.000525034871  0.000346518123  0.126844891722  0.000000000000  0.067334192759 -0.000000000000
  0.661596958175  0.006008234075 -0.075402388293  0.337808601467 -0.000000000000  0.075002672453  0.000000000000  0.037093569741 -0.014984993602 -0.062982211630 -0.000000000000  0.075002672453 -0.000000000000
  0.665399239544 -0.009581354406 -0.006795545430  0.506465776418  0.000000000000  0.017385455359 -0.000000000000 -0.081130579339 -0.006059357118 -0.018299535901  0.000000000000  0.017385455359 -0.000000000000
  0.669201520913 -0.000613802312 -0.080490568662 -0.056098948727 -0.000000000000  0.002936384711  0.000000000000 -0.067331395064 -0.003378483239 -0.067923514643 -0.000000000000  0.002936384711  0.000000000000
  0.673003802281 -0.023938941501 -0.011949798743 -0.382156213426  0.000000000000  0.103761225229 -0.000000000000 -0.071079729564 -0.003247411115 -0.031496189742 -0.000000000000  0.103761225229  0.000000000000
  0.676806083650 -0.005127884888  0.132027869051 -0.289112477856 -0.000000000000  0.018674512041  0.000000000000  0.016612009349  0.013443587334  0.140004039266 -0.000000000000  0.018674512041 -0.000000000000
  0.680608365019  0.001026283005 -0.142302730189 -0.380985215771  0.000000000000  0.043938218095 -0.000000000000  0.002751199441 -0.008392384808 -0.075634951325  0.000000000000  0.043938218095  0.000000000000
  0.684410646388 -0.015984224909  0.255763955413 -0.142538267787 -0.000000000000  0.020784602835  0.000000000000  0.102522662934 -0.001245204082  0.033369690738  0.000000000000  0.020784602835 -0.000000000000
  0.688212927757  0.005438521884 -0.166881840130  0.741566171040  0.000000000000  0.014856088798 -0.000000000000  0.017865046310  0.000931449885 -0.020363428035 -0.000000000000  0.014856088798  0.000000000000
  0.692015209125 -0.021481942993 -0.025199702164  0.129810973950 -0.000000000000  0.045579188081  0.000000000000 -0.038328750758 -0.001137773207 -0.104985422389  0.000000000000  0.045579188081 -0.000000000000
  0.695817490494 -0.011747410636 -0.006364142069 -0.261860596997  0.000000000000  0.051581176923  0.000000000000 -0.017146371580  0.010188929548  0.159212209521 -0.000000000000  0.051581176923  0.000000000000
  0.699619771863  0.004935605334 -0.091571500121 -0.277768127617 -0.000000000000  0.095272320464  0.000000000000  0.014012250867 -0.006333260254 -0.114103191409  0.000000000000  0.095272320464 -0.000000000000
  0.703422053232 -0.027475513752  0.257335364834  0.237450995036  0.000000000000  0.013376280395 -0.000000000000  0.036366997816  0.012524229039  0.139926354172  0.000000000000  0.013376280395 -0.000000000000
  0.707224334601  0.027382172334  0.154635055288  0.596846975065 -0.000000000000  0.031945097676  0.000000000000 -0.043713092445  0.006158963171 -0.112929375689  0.000000000000  0.031945097676 -0.000000000000
  0.711026615970 -0.048397582760  0.028796806931 -0.226960438490 -0.000000000000  0.084978346836  0.000000000000 -0.082063932575 -0.015887116429 -0.100007964414 -0.000000000000  0.084978346836 -0.000000000000
  0.714828897338  0.010286644583 -0.005800245524 -0.193987703796 -0.000000000000  0.072422317967  0.000000000000 -0.008550428085  0.000107779984  0.194130429758  0.000000000000  0.072422317967 -0.000000000000
  0.718631178707 -0.013203106860  0.075192413645 -0.390469559446  0.000000000000  0.102856131889 -0.000000000000 -0.029088953827  0.002451949728  0.000193976160 -0.000000000000  0.102856131889  0.000000000000
  0.722433460076  0.014325408239 -0.025843101284 -0.454994933774 -0.000000000000  0.081500702466  0.000000000000  0.083762175890  0.006887539244 -0.039699055917 -0.000000000000  0.081500702466 -0.000000000000
  0.726235741445 -0.017532145483 -0.139417413296  0.012465916483  0.000000000000  0.030711175928 -0.000000000000  0.070268172130  0.004484811997  0.121632363268  0.000000000000  0.030711175928  0.000000000000
  0.730038022814  0.036067885538  0.080771037820 -0.085746379295 -0.000000000000  0.070789241788  0.000000000000  0.096324926680 -0.001519544869 -0.044376944845 -0.000000000000  0.070789241788 -0.000000000000
  0.733840304183 -0.025920508587 -0.468750484666  0.405613865870  0.000000000000  0.023038013670 -0.000000000000  0.077268957138 -0.008296127583 -0.096103380608  0.000000000000  0.023038013670  0.000000000000
  0.737642585551  0.017156141603  0.127254903891 -0.011013639279 -0.000000000000  0.098105045119  0.000000000000  0.025472399420  0.011220957454  0.025396408446 -0.000000000000  0.098105045119 -0.000000000000
  0.741444866920 -0.023241254567  0.095678913739  0.062444642038  0.000000000000  0.026202894803 -0.000000000000  0.066865243879 -0.002809309507  0.008775356025 -0.000000000000  0.026202894803  0.000000000000
  0.745247148289  0.018549246376  0.039044736544 -0.157049353583  0.000000000000  0.015811290012  0.000000000000  0.013662925483 -0.005011792324 -0.035627089835 -0.000000000000  0.015811290012  0.000000000000
  0.749049429658 -0.029206689370  0.101973908225 -0.022867133922  0.000000000000  0.189973488507 -0.000000000000  0.093656655790  0.009620654548  0.028094720390 -0.000000000000  0.189973488507  0.000000000000
  0.752851711027  0.025367708145 -0.324329565781  0.419189530855 -0.000000000000  0.107079665149  0.000000000000  0.006562856051  0.007853204620  0.083233484353  0.000000000000  0.107079665149 -0.000000000000
  0.756653992395 -0.014374320291 -0.062439404232  0.905278645100  0.000000000000  0.129489964257 -0.000000000000 -0.006586031280 -0.008035447072 -0.094721354900  0.000000000000  0.129489964257 -0.000000000000
  0.760456273764  0.011202881543 -0.227326290313  0.464525315996 -0.000000000000  0.034511087662  0.000000000000 -0.189642879594 -0.003218473088  0.099271119726  0.000000000000  0.034511087662 -0.000000000000
  0.764258555133  0.001639900969  0.040145030276 -0.333265967105  0.000000000000  0.060387976133 -0.000000000000 -0.107067107055 -0.002690980011 -0.055004297104 -0.000000000000  0.060387976133  0.000000000000
  0.768060836502  0.003557176293  0.122286551338 -0.306513586919  0.000000000000  0.115197384200 -0.000000000000 -0.129441096025  0.011879789695  0.047584661845  0.000000000000  0.115197384200 -0.000000000000
  0.771863117871  0.008535978919  0.252646110591 -0.388153528516  0.000000000000  0.125150978267 -0.000000000000 -0.033438783403 -0.002635443223 -0.067344202747 -0.000000000000  0.125150978267  0.000000000000
  0.775665399240 -0.007200746888  0.153600725126  0.415186012824 -0.000000000000  0.187650784513  0.000000000000 -0.059957125562  0.009238849890  0.053789491085  0.000000000000  0.187650784513 -0.000000000000
  0.779467680608  0.018817327867 -0.085854654808  0.254499009685  0.000000000000  0.098439826894 -0.000000000000 -0.113650101181 -0.001337454255  0.034625270805  0.000000000000  0.098439826894  0.000000000000
  0.783269961977  0.002488359101  0.394915278960  0.321522880929 -0.000000000000  0.073216342630  0.000000000000 -0.125126237977  0.001718613489  0.079535910115 -0.000000000000  0.073216342630 -0.000000000000
  0.787072243346  0.034644900129  0.078568481689 -0.101615078103  0.000000000000  0.043822600532 -0.000000000000 -0.184424911071 -0.002079795396 -0.038534458288 -0.000000000000  0.043822600532  0.000000000000
  0.790874524715 -0.001602606328  0.042179496105 -0.564935790614  0.000000000000  0.062558568231 -0.000000000000 -0.098426780765  0.005986646152  0.055265343913 -0.000000000000  0.062558568231  0.000000000000
  0.794676806084  0.046946681267 -0.028615482100 -0.587894409936  0.000000000000  0.046519763686 -0.000000000000 -0.056184000802  0.001958155420  0.080727075913 -0.000000000000  0.046519763686  0.000000000000
  0.798479087452  0.016065628286  0.191711551071 -0.366958365360  0.000000000000  0.086039408472 -0.000000000000  0.040771508498 -0.000981715826  0.038565198422 -0.000000000000  0.086039408472  0.000000000000
  0.802281368821  0.055682597632 -0.075716315167  0.053531115401  0.000000000000  0.018349278485  0.000000000000  0.028513554321  0.003093147170 -0.039581083479 -0.000000000000  0.018349278485  0.000000000000
  0.806083650190  0.010660662411  0.263397603273 -0.194537564596  0.000000000000  0.054558495579 -0.000000000000  0.045281769956  0.001160765871  0.074551524615  0.000000000000  0.054558495579  0.000000000000
  0.809885931559  0.066721276412 -0.263533796439  0.314056287429  0.000000000000  0.005114291250  0.000000000000  0.054323577608  0.001837706742 -0.096939344718 -0.000000000000  0.005114291250  0.000000000000
  0.813688212928 -0.008539264434 -0.009631299810  0.326030681427 -0.000000000000  0.046893611428 -0.000000000000 -0.016241212512 -0.004682364449 -0.062220043867  0.000000000000  0.046893611428 -0.000000000000
  0.817490494297  0.053071328210  0.003074285784 -0.162457873012 -0.000000000000  0.025984805140 -0.000000000000 -0.012651622895 -0.004609393477  0.051294937791  0.000000000000  0.025984805140 -0.000000000000
  0.821292775665 -0.003861390057 -0.045627515366  0.131810815200 -0.000000000000  0.069498017721  0.000000000000  0.003353452224  0.010748472661 -0.114303695888  0.000000000000  0.069498017721 -0.000000000000
  0.825095057034  0.029605814502  0.167632578625  0.110062427318  0.000000000000  0.046612168956 -0.000000000000 -0.036366283016  0.004026894337 -0.090630044154  0.000000000000  0.046612168956  0.000000000000
  0.828897338403 -0.023826245195  0.163731832683 -0.503295464976 -0.000000000000  0.090261121388  0.000000000000 -0.010369191776  0.006479851515  0.028306649300  0.000000000000  0.090261121388 -0.000000000000
  0.832699619772  0.032384675541  0.043653054056 -0.180276252939 -0.000000000000  0.093878977077  0.000000000000  0.061491521832 -0.005722618731 -0.011765736255 -0.000000000000  0.093878977077 -0.000000000000
  0.836501901141 -0.026707354432 -0.035416276326 -0.061843072028  0.000000000000  0.064844658987 -0.000000000000  0.038202244882 -0.004366692802 -0.030910285537  0.000000000000  0.064844658987  0.000000000000
  0.840304182510  0.026853235573 -0.086079699325 -0.276141949083 -0.000000000000  0.032078015410  0.000000000000  0.086174089920 -0.000606887354  0.032805878134 -0.000000000000  0.032078015410  0.000000000000
  0.844106463878 -0.022046322114  0.104009907468  0.091156344154 -0.000000000000  0.057453656948  0.000000000000  0.091253613727  0.003280576915 -0.027109533102 -0.000000000000  0.057453656948 -0.000000000000
  0.847908745247  0.021302062963  0.144739879058  0.482013774660  0.000000000000  0.061547010751  0.000000000000  0.061245831798 -0.001398205538 -0.036226911522 -0.000000000000  0.061547010751  0.000000000000
  0.851711026616 -0.031431856309 -0.122976068817  0.006545318892  0.000000000000  0.038899997075 -0.000000000000 -0.006406050392  0.000326442978 -0.063817152122  0.000000000000  0.038899997075 -0.000000000000
  0.855513307985  0.008163705174 -0.025874056355 -0.325879022467  0.000000000000  0.066954435431  0.000000000000  0.056870700845  0.003182428697  0.009118030795 -0.000000000000  0.066954435431  0.000000000000
  0.859315589354 -0.031811702499 -0.172730424172  0.149275061432 -0.000000000000  0.108920226916  0.000000000000  0.052688235087  0.001762842803 -0.020695850574  0.000000000000  0.108920226916 -0.000000000000
  0.863117870722  0.004491504547  0.009088146238 -0.002548274322  0.000000000000  0.038317345052 -0.000000000000  0.038639826078 -0.001721484439  0.001683128473  0.000000000000  0.038317345052  0.000000000000
  0.866920152091 -0.031209203994 -0.129056255063 -0.401760705004 -0.000000000000  0.038358430143  0.000000000000  0.059235816952  0.006720352524  0.035100224716  0.000000000000  0.038358430143 -0.000000000000
  0.870722433460  0.010843245533  0.249661485840  0.347262026797  0.000000000000  0.030444668840 -0.000000000000  0.108379148630  0.000068244435 -0.031049926053  0.000000000000  0.030444668840  0.000000000000
  0.874524714829 -0.036732142018  0.070659708901  0.331453783058 -0.000000000000  0.096618934801  0.000000000000 -0.010907276223 -0.010751078348 -0.015592561188  0.000000000000  0.096618934801 -0.000000000000
  0.878326996198  0.008093275239 -0.111738772567 -0.074976227078 -0.000000000000  0.129512683973  0.000000000000  0.037494907107  0.008574529162  0.042747847310 -0.000000000000  0.129512683973 -0.000000000000
  0.882129277567 -0.030288652312  0.172460128194 -0.398030624840 -0.000000000000  0.029499718707  0.000000000000  0.003078214079 -0.002744544111 -0.063286544107 -0.000000000000  0.029499718707  0.000000000000
  0.885931558935 -0.003095004468  0.060841047842  0.663253658763  0.000000000000  0.046103670450 -0.000000000000  0.096569350777 -0.003133701161  0.007452205388  0.000000000000  0.046103670450 -0.000000000000
  0.889733840304 -0.031267816725  0.116195156740  0.334422187577 -0.000000000000  0.115905390074  0.000000000000 -0.125681577596 -0.007249089604 -0.042749028390 -0.000000000000  0.115905390074 -0.000000000000
  0.893536121673 -0.010910807445  0.171384480124 -0.471772844837 -0.000000000000  0.039868959999  0.000000000000  0.027407803354 -0.003068073484  0.023453056938  0.000000000000  0.039868959999 -0.000000000000
  0.897338403042 -0.028657523870 -0.135503928035 -0.384372024822 -0.000000000000  0.093860527001  0.000000000000 -0.036115021177 -0.005684406217 -0.041330289391 -0.000000000000  0.093860527001 -0.000000000000
  0.901140684411 -0.018126522655  0.138387396510 -0.007789779638 -0.000000000000  0.027179320099  0.000000000000  0.114479206080  0.018077277421  0.017825924910 -0.000000000000  0.027179320099 -0.000000000000
  0.904942965779 -0.027012869698  0.221320171292  0.155437817377 -0.000000000000  0.126404478146  0.000000000000 -0.029323008749  0.002244991136 -0.060216870901  0.000000000000  0.126404478146 -0.000000000000
  0.908745247148 -0.027613655920  0.249866410520 -0.289336519217 -0.000000000000  0.021866398280  0.000000000000  0.089706658258 -0.000607725918  0.073941775507 -0.000000000000  0.021866398280 -0.000000000000
  0.912547528517 -0.014558374554 -0.154953151774 -0.142476185003 -0.000000000000  0.084367716510  0.000000000000  0.022951452490 -0.003523132947 -0.028150629252 -0.000000000000  0.084367716510 -0.000000000000
  0.916349809886 -0.032274968502 -0.023816500614  0.114449252323 -0.000000000000  0.062736079356  0.000000000000  0.122214641118  0.000602557119 -0.043268775627  0.000000000000  0.062736079356 -0.000000000000
  0.920152091255 -0.021864330534  0.054438447666  0.229480760356  0.000000000000  0.062701655980 -0.000000000000 -0.000300705909  0.006933429890  0.067377868511  0.000000000000  0.062701655980  0.000000000000
  0.923954372624 -0.021920338056  0.154010271240 -0.323766836328 -0.000000000000  0.029362301789  0.000000000000  0.081470303599  0.004468473951 -0.094589276695 -0.000000000000  0.029362301789 -0.000000000000
  0.927756653992 -0.035968971195  0.284905006987  0.077111426340 -0.000000000000  0.051825884830  0.000000000000  0.051400863457  0.007229698291  0.103900973781  0.000000000000  0.051825884830 -0.000000000000
  0.931558935361 -0.002773892596  0.062535958601  0.260972131623 -0.000000000000  0.028645260870  0.000000000000  0.062640268059 -0.000928994668  0.017327814866 -0.000000000000  0.028645260870 -0.000000000000
  0.935361216730 -0.029197145238 -0.447967382733  0.035462015426 -0.000000000000  0.016985607835  0.000000000000 -0.003109899722  0.000657198606  0.025584620735  0.000000000000  0.016985607835 -0.000000000000
  0.939163498099  0.005855317983 -0.319816804481  0.117840922341 -0.000000000000  0.040649912660  0.000000000000  0.051494053925  0.002269386339  0.115415243914 -0.000000000000  0.040649912660 -0.000000000000
  0.942965779468 -0.007335625186 -0.315360160156  0.179580374755 -0.000000000000  0.136159018342 -0.000000000000 -0.027690062720 -0.000589008698 -0.066336001777  0.000000000000  0.136159018342 -0.000000000000
  0.946768060837 -0.003354263108 -0.166764614206 -0.045115737318 -0.000000000000  0.082418368881  0.000000000000  0.016651119858 -0.006655305314  0.039137292027  0.000000000000  0.082418368881 -0.000000000000
  0.950570342205 -0.002280485279 -0.169753769594  0.777370085070  0.000000000000  0.052446882101 -0.000000000000 -0.040585893931  0.000315192438 -0.045505168996  0.000000000000  0.052446882101  0.000000000000
  0.954372623574 -0.012748137300  0.152023172926  0.163729966687 -0.000000000000  0.045707195338  0.000000000000 -0.135560920886 -0.006214255764 -0.057064405975  0.000000000000  0.045707195338 -0.000000000000
  0.958174904943 -0.013416957985 -0.113927674300 -0.431233367032  0.000000000000  0.022702829620 -0.000000000000 -0.081318956999  0.008211052521  0.043371739742 -0.000000000000  0.022702829620  0.000000000000
  0.961977186312 -0.005671354607 -0.099970113442 -0.113889819791 -0.000000000000  0.017655829518  0.000000000000 -0.052139343869 -0.002804198894 -0.012715888253  0.000000000000  0.017655829518 -0.000000000000
  0.965779467681 -0.013051754681  0.170534609311 -0.133147683083 -0.000000000000  0.016940591816  0.000000000000 -0.043804102610  0.004554766805  0.069308253148 -0.000000000000  0.016940591816  0.000000000000
  0.969581749049  0.009510257034 -0.104156750821 -0.091631024177 -0.000000000000  0.019261308901  0.000000000000 -0.020614885008  0.009727697592  0.062916157852 -0.000000000000  0.019261308901 -0.000000000000
  0.973384030418  0.001577153289  0.089710565849 -0.111809320041  0.000000000000  0.063580227425 -0.000000000000 -0.017585246756  0.006557408129  0.017372703950 -0.000000000000  0.063580227425  0.000000000000
  0.977186311787  0.015201928728 -0.185549874720 -0.206179804322 -0.000000000000  0.022517095693  0.000000000000  0.007475628003  0.010259235538  0.020555278141 -0.000000000000  0.022517095693 -0.000000000000
  0.980988593156  0.005518427495  0.087130159150  0.360952238779  0.000000000000  0.021882210649 -0.000000000000  0.018453860804 -0.001588721252 -0.030354459937  0.000000000000  0.021882210649 -0.000000000000
  0.984790874525  0.009529427017 -0.009315022614  0.225975483889  0.000000000000  0.040518281369 -0.000000000000 -0.062862034171 -0.001854500005 -0.008140203285  0.000000000000  0.040518281369 -0.000000000000
  0.988593155894  0.002768077663  0.100233091978 -0.432429212806  0.000000000000  0.000000000000 -0.000000000000 -0.022346304940 -0.000257427406 -0.018868633449 -0.000000000000  0.000000000000  0.000000000000
  0.992395437262  0.006193030802 -0.067515838080 -0.282028627209  0.000000000000  0.000000000000 -0.000000000000  0.020987556132 -0.002436704998  0.032417485460  0.000000000000  0.000000000000  0.000000000000
  0.996197718631  0.007676319100 -0.081231367848  0.037323517827  0.000000000000  0.041394382887 -0.000000000000  0.039784485044 -0.023946453517 -0.016494813666  0.000000000000  0.041394382887 -0.000000000000
  1.000000000000  0.000000000000 -0.003265142674  0.647931037332 -0.000000000000  0.018316422077  0.000000000000  0.000000000000 -0.006960456548 -0.105581346559 -0.000000000000  0.018316422077 -0.000000000000
