             Rad         v_r[Re]         v_t[Re]         v_x[Re]         p[Re]          p_mg[Re]  p_no_phase[Re]         v_r[Im]         v_t[Im]         v_x[Im]         p[Im]          p_mg[Im]  p_no_phase[Im]
  0.000000000000  0.192674962618  0.000000000000 -0.207504751002  0.064425056348  0.307639472084  0.061955289461  0.036344296315  0.000000000000 -0.074162746924  0.016446862178  0.307639472084 -0.024137714654
  0.003802281369  0.357046905016  0.080027355346  0.212118572187 -0.062114139045  0.491969450969 -0.036998828636 -0.004742632711  0.314961685754 -0.057341898704  0.023190434360  0.491969450969  0.055018625888
  0.007604562738  0.167159831187  0.060163078666  0.598337357565 -0.177213637739  0.104018567763 -0.118463139595 -0.026363511806  0.443415873340 -0.090463932072  0.043999098760  0.104018567763  0.138949914176
  0.011406844106 -0.294400278261  0.041639169811  0.565591546419 -0.167302606332  0.379418214878 -0.110485118632  0.089277774076  0.279489030068 -0.093071076119  0.043861761813  0.379418214878  0.133067857861
  0.015209125475 -0.489907584384 -0.039817514386 -0.085562027675  0.022640660441  0.034238651058 -0.002059582741  0.044994437987 -0.032243977201  0.109005505927 -0.035153665254  0.034238651058 -0.041762875917
  0.019011406844  0.050214855016 -0.002815157171 -0.504142513723  0.150975153626  0.162131112341  0.111490422942 -0.091095174270 -0.149178575971  0.017181319864 -0.019334868960  0.162131112341 -0.103620556658
  0.022813688213  0.377942224534  0.014707717788 -0.021369217936  0.008088451820  0.197076518409  0.016607754392  0.033434363992 -0.005044331427 -0.059351007365  0.017229903187  0.197076518409  0.009299199469
  0.026615969582  0.033635396208 -0.011605108410  0.286812033629 -0.087588016151  0.095075665320 -0.075363655520 -0.006398855230  0.060427133110  0.050575598920 -0.007131045992  0.095075665320  0.045197697030
  0.030418250951 -0.159347507379  0.013234361767  0.101320806240 -0.028383411185  0.324194412698 -0.008625439316 -0.029914369136  0.018934149425 -0.073137009609  0.024820821427  0.324194412698  0.036705490099
  0.034220532319 -0.161466111755 -0.002957734676 -0.066813658655  0.019538021321  0.201628287484  0.011465092349  0.112994906357 -0.011025435237  0.019016815343 -0.007591525917  0.201628287484 -0.017547569642
  0.038022813688  0.022301278930 -0.019276937823 -0.257417161331  0.073560331323  0.339310824816  0.032107419956 -0.092423130731 -0.038367660270  0.134271238152 -0.047575603436  0.339310824816 -0.081508735546
  0.041825095057  0.312589244194  0.021953437704  0.008997170759  0.001891871866  0.202308517328  0.030273615640 -0.085965002406  0.001543475371 -0.163440814879  0.049355024484  0.202308517328  0.039025707131
  0.045627376426 -0.058957938760  0.002714930934  0.368739916117 -0.110002598957  0.233001148629 -0.078566049740  0.192815787142  0.045491639232 -0.027636030033  0.018669129747  0.233001148629  0.079224264030
  0.049429657795 -0.332841038918 -0.022076251873 -0.108443042703  0.027076804934  0.145583398104 -0.013995655112 -0.065944511895 -0.012673891531  0.195723661879 -0.061849429170  0.145583398104 -0.066050184648
  0.053231939163  0.159720032962  0.014784057174 -0.287838254983  0.090286396655  0.071622267826  0.092411220728 -0.124170234975 -0.030185473162 -0.135591301442  0.032643234078  0.071622267826 -0.026026533300
  0.057034220532  0.165850534955  0.003600037539  0.173329338227 -0.050972174794  0.196151488727 -0.031756660507  0.163655538610  0.017146186843 -0.039151928602  0.016635175589  0.196151488727  0.043201923377
  0.060836501901 -0.127886217774 -0.013723235549  0.061918177741 -0.022749821550  0.168565117130 -0.043290168770 -0.069567529114  0.005515376254  0.147542402321 -0.042585039707  0.168565117130 -0.021377588153
  0.064638783270  0.035047238776  0.013432535211 -0.041851782595  0.016896848440  0.297398230356  0.039952010835 -0.062461510570 -0.003437192599 -0.153785699487  0.045024830109  0.297398230356  0.026768930568
  0.068441064639 -0.083142067702 -0.003767978573  0.082957597563 -0.026176701594  0.287787295841 -0.027726556644  0.177659233106  0.006759554868  0.044604227163 -0.011068112491  0.287787295841  0.006241864876
  0.072243346008 -0.057495506247 -0.012162655521 -0.211628697875  0.059095254707  0.325326318801  0.016685270555 -0.158456509725 -0.016659641445  0.159489577859 -0.053864614564  0.325326318801 -0.078200048449
  0.076045627376  0.291113092981  0.018435069900  0.008954261562  0.004323253813  0.308543314710  0.047296990756 -0.060818373161  0.000942416941 -0.249467256886  0.075198510503  0.308543314710  0.058621678335
  0.079847908745 -0.121640773163 -0.003923954112  0.338125885316 -0.103004363244  0.255540980227 -0.087059367290  0.260816122875  0.023755746919  0.050585017820 -0.005691271785  0.255540980227  0.055343978795
  0.083650190114 -0.278080660655 -0.015362055536 -0.227620572165  0.061860977319  0.254451231007  0.005987983356 -0.168844188158 -0.015536875546  0.232005789747 -0.076100049890  0.254451231007 -0.097888416902
  0.087452471483  0.286793745038  0.016311458082 -0.194802951136  0.065573271955  0.164181550338  0.093982722000 -0.113790706385 -0.012279627748 -0.250740224010  0.069852648226  0.164181550338  0.018614360704
  0.091254752852  0.048470089336 -0.000959439166  0.299314557611 -0.090232134203  0.229063630314 -0.070390273358  0.250902058611  0.018431966938  0.011022082554  0.005103398172  0.229063630314  0.056684143571
  0.095057034221 -0.213271925338 -0.011754821410 -0.071857567050  0.015970377810  0.227501559038 -0.023143138443 -0.138782256876 -0.004430057893  0.199819623828 -0.062051427972  0.227501559038 -0.059748036150
  0.098859315589  0.150079947914  0.012746600607 -0.092414599905  0.034024981032  0.291305528478  0.065105907290 -0.066570193824 -0.005063595348 -0.222709610353  0.064309965253  0.291305528478  0.032476018861
  0.102661596958 -0.070290972178 -0.004448347518  0.166151204669 -0.052128733701  0.336833550800 -0.053427599211  0.218012215169  0.009034417975  0.078694827335 -0.018971009316  0.336833550800  0.014926342964
  0.106463878327 -0.088461848263 -0.008235356200 -0.215401322210  0.060236556860  0.338049097396  0.017600603646 -0.209598331975 -0.011503774361  0.159208473515 -0.053886224224  0.338049097396 -0.078882106303
  0.110266159696  0.290695390709  0.015255514265  0.031025464473 -0.000896804481  0.370600179011  0.052191440400 -0.018844116912  0.001814284845 -0.299647478430  0.090894514641  0.370600179011  0.074422245324
  0.114068441065 -0.181281009933 -0.006627532608  0.313658063639 -0.097877380655  0.309101191379 -0.097127546915  0.283890888163  0.015363689353  0.129686930907 -0.030143518805  0.309101191379  0.032478500584
  0.117870722433 -0.220706142228 -0.010266200838 -0.313562873296  0.088018439441  0.320129806662  0.027951365693 -0.256058569536 -0.015117070648  0.219981321443 -0.074903696625  0.320129806662 -0.112145131886
  0.121673003802  0.364504034271  0.015546694528 -0.100649273507  0.039652847164  0.246431933859  0.089169867456 -0.066942525221 -0.004415907764 -0.334896387270  0.097782432370  0.246431933859  0.056413536552
  0.125475285171 -0.061648675169 -0.004013155458  0.360905631700 -0.110789448637  0.258700210920 -0.098873368211  0.302891048666  0.016115267930  0.084071876032 -0.015111223614  0.258700210920  0.052217890298
  0.129277566540 -0.239681550888 -0.009379465190 -0.188543102156  0.050500158471  0.266754767425 -0.000250297352 -0.212216510379 -0.008344761401  0.218520369280 -0.070950063021  0.266754767425 -0.087086823340
  0.133079847909  0.241161579020  0.011998988896 -0.091100410344  0.035314241190  0.289697634055  0.076653572361 -0.050693104363 -0.003667534275 -0.282612788805  0.082343462124  0.289697634055  0.046387188206
  0.136882129278 -0.088929679026 -0.004903113683  0.224724462395 -0.070773081924  0.353808810638 -0.074143626169  0.242934788201  0.009158551174  0.115949099273 -0.028516519853  0.353808810638  0.018020647269
  0.140684410646 -0.102767457443 -0.005674347135 -0.233550314203  0.066073633349  0.353633175351  0.024442304843 -0.246164488979 -0.009422600418  0.145527293934 -0.050286253113  0.353633175351 -0.079353676726
  0.144486692015  0.288491362822  0.012426564676  0.054920402287 -0.007498754570  0.397813891685  0.050803315252  0.026409330811  0.002326586380 -0.320162354380  0.097729510163  0.397813891685  0.083823097271
  0.148288973384 -0.225425923803 -0.007646428763  0.278687361399 -0.089275613776  0.359258178248 -0.102555097325  0.272697318216  0.010453200006  0.197426546549 -0.051477492478  0.359258178248  0.010125189360
  0.152091254753 -0.153064344659 -0.006219179384 -0.364961363569  0.104758995090  0.359824228249  0.048803027378 -0.318791043010 -0.013589918501  0.173773881065 -0.062466703104  0.359824228249 -0.111780143888
  0.155893536122  0.397803242403  0.013828578747 -0.002087672884  0.011405232068  0.311946438500  0.076297087035  0.002910799134  0.000134872585 -0.383378035505  0.115118539472  0.311946438500  0.086954654612
  0.159695817490 -0.165639457912 -0.006126570744  0.370971630847 -0.116183427871  0.286298305622 -0.117838912528  0.318794618243  0.012971294290  0.168369151961 -0.040153438361  0.286298305622  0.034998260217
  0.163498098859 -0.221540102195 -0.006900974640 -0.289340071855  0.081160540387  0.292858253976  0.025380896597 -0.283537402038 -0.010057539899  0.205066981159 -0.069742037611  0.292858253976 -0.103955736802
  0.167300380228  0.311526996783  0.011195330842 -0.053930541888  0.025544078099  0.291037315022  0.078008343577 -0.016171294572 -0.001642765527 -0.332293128093  0.098313761941  0.291037315022  0.065059926570
  0.171102661597 -0.127254021413 -0.005303148757  0.263342704449 -0.083539725670  0.348336712119 -0.091137502668  0.256462733815  0.008575197371  0.157376733041 -0.039876824443  0.348336712119  0.016217351823
  0.174904942966 -0.106048886918 -0.003926637329 -0.258429101431  0.074094789039  0.361850208819  0.033959151804 -0.272982765950 -0.008369321385  0.126074301954 -0.045141468984  0.361850208819 -0.079840879213
  0.178707224335  0.283368063406  0.010055419337  0.076250353164 -0.013890225553  0.401077791399  0.046059439379  0.066372128008  0.002552457322 -0.320753843148  0.098506865761  0.401077791399  0.088176351773
  0.182509505703 -0.252240850317 -0.007687929224  0.237409635977 -0.078238491606  0.393456062300 -0.102742664461  0.240235339700  0.007198843799  0.245938519877 -0.067212268846  0.393456062300 -0.009093709457
  0.186311787072 -0.082989277243 -0.003119855243 -0.384259643108  0.112371563904  0.383714136141  0.065967912799 -0.352204987877 -0.011646599013  0.109219528054 -0.043615351793  0.383714136141 -0.100885587510
  0.190114068441  0.392816889122  0.011624038199  0.091113914859 -0.016284708489  0.359788612226  0.057240825384  0.080983247490  0.002872017154 -0.394417686668  0.121055360329  0.359788612226  0.107903104239
  0.193916349810 -0.254991157100 -0.007422252916  0.339335637020 -0.108997172070  0.314403816616 -0.126936516047  0.299645094672  0.009728607665  0.250823261417 -0.065814297990  0.314403816616  0.009951192533
  0.197718631179 -0.169293818525 -0.004436896104 -0.367665491404  0.105913362299  0.311598849865  0.051824981483 -0.344348865664 -0.010525424930  0.161609786343 -0.058888298952  0.311598849865 -0.109542883663
  0.201520912548  0.358007514430  0.010249911441  0.009102645635  0.007597063845  0.295167325527  0.070607372329  0.035755630319  0.000409826154 -0.367503332724  0.110663942520  0.295167325527  0.085550117041
  0.205323193916 -0.178963012479 -0.005720911584  0.281144917362 -0.090216654401  0.330921442674 -0.104541267129  0.258499516570  0.007613830821  0.204637489253 -0.053574766465  0.330921442674  0.008967931764
  0.209125475285 -0.098746333325 -0.002656087199 -0.288045611786  0.083636406046  0.357871046338  0.045238891572 -0.295538499848 -0.007786721265  0.103166725626 -0.039092026615  0.357871046338 -0.080477808435
  0.212927756654  0.278294750484  0.008189803245  0.095257466151 -0.019858057683  0.389341519628  0.039915934535  0.098365552464  0.002640474237 -0.311591775334  0.096288683879  0.389341519628  0.089847488937
  0.216730038023 -0.264077264843 -0.007179175997  0.197153310653 -0.066925708630  0.407254755601 -0.099065105258  0.199429685390  0.005006847884  0.273730179331 -0.076693382138  0.407254755601 -0.023388678020
  0.220532319392 -0.019909584574 -0.000916928508 -0.377146586501  0.112132914098  0.396931259788  0.077701132593 -0.357316798163 -0.009631847509  0.041696193921 -0.023129526532  0.396931259788 -0.084091018637
  0.224334600760  0.357994016400  0.009249846982  0.168466930748 -0.040164775575  0.390063169214  0.035102872664  0.153059149115  0.004363982782 -0.371613255126  0.116378938214  0.390063169214  0.118004469354
  0.228136882129 -0.321005469062 -0.007955702398  0.276944227545 -0.092158213965  0.342320284527 -0.126120387851  0.250623073143  0.006706230421  0.318589128539 -0.087927046066  0.342320284527 -0.017831141283
  0.231939163498 -0.093708293734 -0.002115996340 -0.416695893074  0.122554855817  0.326983286595  0.076444926879 -0.385711265952 -0.010136036357  0.093619936216 -0.039840699834  0.326983286595 -0.103745588832
  0.235741444867  0.376637297131  0.009084482460  0.088389745483 -0.015808978539  0.302426551241  0.055450913432  0.101457490544  0.002246749781 -0.382228281674  0.117316744700  0.302426551241  0.104586512463
  0.239543726236 -0.238099438685 -0.006137919988  0.275672929612 -0.090053380010  0.311076539436 -0.113710409054  0.245950878220  0.006378909888  0.257305013253 -0.069551364757  0.311076539436 -0.004116608269
  0.243346007605 -0.078905151591 -0.001613559862 -0.320461265193  0.094175112806  0.341884453349  0.058255013579 -0.317320101419 -0.007430702816  0.074704820760 -0.031452605547  0.341884453349 -0.080402560037
  0.247148288973  0.275466136300  0.006795374626  0.115250213346 -0.026177737945  0.368610544810  0.033155718275  0.124820778108  0.002725855041 -0.300447136415  0.093502592971  0.368610544810  0.091261751035
  0.250950570342 -0.266492362928 -0.006444515785  0.163586304095 -0.057162165787  0.401129288484 -0.093673047367  0.160469417300  0.003568123675  0.285144779093 -0.081066320371  0.401129288484 -0.032628541078
  0.254752851711  0.029161021136  0.000484298963 -0.352456750386  0.106353907826  0.400451340561  0.083601077640 -0.340638539053 -0.007773534420 -0.016585552446 -0.004925984573  0.400451340561 -0.065926313801
  0.258555133080  0.304345339033  0.006970406219  0.222424134734 -0.057716068883  0.404168892644  0.013372435023  0.207960689444  0.004944009699 -0.323910788428  0.103564731957  0.404168892644  0.117804822882
  0.262357414449 -0.357795596775 -0.007811887963  0.196795469409 -0.069286174462  0.366771004910 -0.116345237547  0.181347779167  0.004099826756  0.361516649016 -0.103076894968  0.366771004910 -0.043464996813
  0.266159695817 -0.007037912348 -0.000086112784 -0.432005977318  0.129487194433  0.340882359277  0.096344498982 -0.400389490305 -0.009129616512  0.010642566740 -0.015342449791  0.340882359277 -0.087863882248
  0.269961977186  0.364885740672  0.007671416741  0.172984720590 -0.041540462020  0.313102498608  0.033943745220  0.173812801702  0.003720295683 -0.370958085534  0.116309117552  0.313102498608  0.118748654607
  0.273764258555 -0.297220185372 -0.006469906666  0.244882495300 -0.082320894597  0.296092285470 -0.117371046539  0.214897955901  0.004932307426  0.311293678847 -0.086636656227  0.296092285470 -0.022509494081
  0.277566539924 -0.044007794634 -0.000629535746 -0.351616308692  0.104611202314  0.318278071282  0.072926195619 -0.338029727802 -0.007133909671  0.036421800272 -0.020827213199  0.318278071282 -0.077839877002
  0.281368821293  0.274218055059  0.005763641381  0.140894394913 -0.034159773566  0.342300511881  0.025357267734  0.151121252359  0.002903785099 -0.290564882154  0.091254637599  0.342300511881  0.094081390224
  0.285171102662 -0.266672757301 -0.005724012553  0.138519658162 -0.049717512306  0.378780173690 -0.088565995753  0.128671216781  0.002644796880  0.288205655333 -0.082690598388  0.378780173690 -0.038283553752
  0.288973384030  0.061589291793  0.001241027897 -0.320774988672  0.098025616756  0.392910083129  0.084750990755 -0.312262213205 -0.006224023833 -0.058906215145  0.008678978397  0.392910083129 -0.050016155116
  0.292775665399  0.244290442131  0.004995095547  0.250339115036 -0.067789522398  0.404319203909 -0.004856999370  0.239774519742  0.004884720783 -0.263902586635  0.086321412878  0.404319203909  0.109650422823
  0.296577946768 -0.364051098951 -0.007133298280  0.113111697478 -0.044511404031  0.383688022640 -0.099850227709  0.104600274059  0.002036499600  0.374539641300 -0.109341988040  0.383688022640 -0.062983072834
  0.300380228137  0.077467396406  0.001513473983 -0.413389553485  0.126289954347  0.353272964141  0.108954885137 -0.385197528443 -0.007716817773 -0.074571134771  0.010781443015  0.353272964141 -0.064762837239
  0.304182509506  0.323444485133  0.006053267473  0.250708101589 -0.066005940023  0.326354546845  0.008385888974  0.242606025660  0.004727296606 -0.331288241456  0.106576277161  0.326354546845  0.125079829860
  0.307984790875 -0.347229340659 -0.006603074271  0.189120966914 -0.066904522316  0.290295014966 -0.114061505195  0.163243020380  0.003353087207  0.358812522877 -0.102480257552  0.290295014966 -0.044366556403
  0.311787072243  0.006978639060  0.000376093478 -0.374862268412  0.113044985946  0.293926332698  0.088424586356 -0.353204028559 -0.006755991849 -0.015157357573 -0.005984947321  0.293926332698 -0.070682960957
  0.315589353612  0.270463890896  0.004940037018  0.175946424155 -0.044988811799  0.312948954612  0.015269758938  0.182637821844  0.003210543264 -0.279948874284  0.089050728652  0.312948954612  0.098594421356
  0.319391634981 -0.271173132005 -0.005162602141  0.119185700266 -0.044000169772  0.345552313236 -0.084800919509  0.103616254482  0.002020197717  0.291446336458 -0.084207729678  0.345552313236 -0.042845778414
  0.323193916350  0.079826134371  0.001558502916 -0.292098101459  0.090147923743  0.372937560522  0.083404908611 -0.282878909296 -0.005059174103 -0.085143827789  0.017367676877  0.372937560522 -0.038365421605
  0.326996197719  0.189514728072  0.003456129948  0.255294534323 -0.070937653537  0.392633317564 -0.017659743426  0.249040591142  0.004443310688 -0.204877664593  0.068728027879  0.392633317564  0.097179349492
  0.330798479087 -0.343898323368 -0.006114766753  0.039320190369 -0.021909834819  0.389831245934 -0.079990822774  0.033768985283  0.000575548885  0.359152448728 -0.106793781139  0.389831245934 -0.074070377505
  0.334600760456  0.147260062466  0.002586999599 -0.365962701471  0.114116870607  0.362631019922  0.112745719416 -0.342632307366 -0.006111777855 -0.148387960019  0.034291360415  0.362631019922 -0.038561124330
  0.338403041825  0.257502017259  0.004341109079  0.309625506672 -0.085542429415  0.339901673534 -0.017957262196  0.296401135573  0.005211692121 -0.265977899783  0.088611632269  0.339901673534  0.121848534411
  0.342205323194 -0.378575640986 -0.006435565298  0.112790975998 -0.044848716314  0.294579135171 -0.102827890367  0.092999378273  0.001755844291  0.389965262394 -0.113985282403  0.294579135171 -0.066561827817
  0.346007604563  0.071713006551  0.001393272678 -0.381990363007  0.117007523612  0.275840540202  0.102859813505 -0.355469409796 -0.006187650128 -0.079933126649  0.013275068002  0.275840540202 -0.057331028056
  0.349809885932  0.257573233611  0.004163846616  0.220959753599 -0.059005152531  0.284165342949  0.001542816896  0.221786331857  0.003615704884 -0.262408897891  0.085046715932  0.284165342949  0.103499621410
  0.353612167300 -0.283515010461 -0.004803322614  0.099025580829 -0.038200240848  0.307187006595 -0.082012639237  0.079975657053  0.001501928458  0.300577996028 -0.087517897923  0.307187006595 -0.048913882110
  0.357414448669  0.090710337804  0.001656346307 -0.273174979830  0.084912504459  0.340919733374  0.082255410304 -0.260498825783 -0.004273271862 -0.101136347741  0.022704258790  0.340919733374 -0.030978448257
  0.361216730038  0.148404839142  0.002391419963  0.245535068457 -0.069341416040  0.370446449741 -0.024832562249  0.242334367873  0.003859209001 -0.157363835805  0.054179205021  0.370446449741  0.084421336683
  0.365019011407 -0.306512032444 -0.004976528468 -0.014588364841 -0.004706128056  0.383652265573 -0.060613856510 -0.020352665376 -0.000300408228  0.323293864357 -0.097536432880  0.383652265573 -0.076560197094
  0.368821292776  0.192918035816  0.003111026180 -0.300071371971  0.095758475079  0.366415927848  0.107839953075 -0.281085211387 -0.004528349197 -0.199508141205  0.051501684336  0.366415927848 -0.013879969729
  0.372623574144  0.176970133132  0.002692956400  0.340471195232 -0.097124063376  0.350718807495 -0.041270425348  0.325441460335  0.005179626591 -0.183641664645  0.064742754258  0.350718807495  0.109185438165
  0.376425855513 -0.383483309083 -0.005915237330  0.025037931169 -0.018644620713  0.306521023707 -0.083950711217  0.011384750069  0.000284169311  0.395632157914 -0.118154803994  0.306521023707 -0.085208319281
  0.380228136882  0.143437419127  0.002338240344 -0.365502026334  0.114095931748  0.268516028671  0.113467047952 -0.337174048489 -0.005370613138 -0.152566066226  0.035559528731  0.268516028671 -0.037517872464
  0.384030418251  0.228533271181  0.003310079197  0.271752686000 -0.075169950308  0.261311894854 -0.016400317831  0.266038015880  0.004030017707 -0.230210170534  0.076801298088  0.261311894854  0.106207299148
  0.387832699620 -0.302421610798 -0.004596622358  0.069923375725 -0.029890615008  0.269414324142 -0.078429957646  0.049963059318  0.000944093726  0.315996698915 -0.092968257583  0.269414324142 -0.058183223761
  0.391634980989  0.103346178725  0.001726871520 -0.265362268269  0.082990196955  0.299685839696  0.083463676153 -0.247831444729 -0.003784415107 -0.116248189716  0.027463910223  0.299685839696 -0.025989496309
  0.395437262357  0.123853259235  0.001743611532  0.232362912944 -0.066261429030  0.338399312698 -0.028002322351  0.230096233279  0.003331201828 -0.126158432369  0.044433936366  0.338399312698  0.074704896901
  0.399239543726 -0.264251934076 -0.003924838444 -0.044508883682  0.005517911557  0.365295222949 -0.045106636299 -0.052488030924 -0.000686638672  0.279361034626 -0.085178976938  0.365295222949 -0.072465832099
  0.403041825095  0.210545959932  0.003147619748 -0.229646113278  0.075236946023  0.361829620064  0.096265959148 -0.213265096232 -0.003156595264 -0.222135894632  0.060279568809  0.361829620064  0.005204764358
  0.406844106464  0.095232317960  0.001277119404  0.339274391249 -0.099184374862  0.355857217671 -0.058020944201  0.324722805559  0.004709336053 -0.097566376369  0.038849741004  0.355857217671  0.089333155249
  0.410646387833 -0.358552235814 -0.005064335259 -0.061102276689  0.007932428101  0.321519154208 -0.059408785317 -0.069863396013 -0.000913795392  0.370797754149 -0.113115560130  0.321519154208 -0.096584934572
  0.414448669202  0.211395144415  0.003086899876 -0.321487530747  0.102843066953  0.272134144649  0.117297245073 -0.293654162023 -0.004315588320 -0.222649927037  0.057852028930  0.272134144649 -0.012841727683
  0.418250950570  0.178845635927  0.002322624288  0.319373600122 -0.090954880955  0.249772710988 -0.037652184762  0.307650122507  0.004329726223 -0.177626326227  0.062342458411  0.249772710988  0.103642102800
  0.422053231939 -0.321446802275 -0.004428406077  0.025397226007 -0.016964283288  0.238417766209 -0.071452404609  0.006820544694  0.000271115198  0.332022525287 -0.099034632359  0.238417766209 -0.070641341929
  0.425855513308  0.125947486671  0.001896905746 -0.263856478372  0.083195982362  0.254391099634  0.087750587669 -0.241234788712 -0.003455730835 -0.139659344239  0.034539593128  0.254391099634 -0.020356555171
  0.429657794677  0.112289335393  0.001379498530  0.226800146712 -0.065076482534  0.297350853922 -0.030155374549  0.223108745484  0.002989647989 -0.108862005233  0.039081229380  0.297350853922  0.069663078131
  0.433460076046 -0.229523795847 -0.003111008687 -0.053537666109  0.009318809522  0.335998242848 -0.035392367037 -0.064512466888 -0.000741914991  0.240646137574 -0.073801793914  0.335998242848 -0.065428780757
  0.437262357414  0.203236781213  0.002836429098 -0.169088784038  0.056927953581  0.346762352167  0.081650172431 -0.153002099120 -0.002131668745 -0.218012689708  0.060743314410  0.346762352167  0.016241658980
  0.441064638783  0.026396030431  0.000229330493  0.309206145044 -0.092256095657  0.352781338688 -0.065977283789  0.296176940199  0.003946139823 -0.022689366573  0.015509323650  0.352781338688  0.066322879385
  0.444866920152 -0.306785455908 -0.003983832690 -0.131244169920  0.030511874080  0.334464887252 -0.032823458140 -0.137031030209 -0.001719729049  0.317196662712 -0.098984251641  0.334464887252 -0.098241931621
  0.448669201521  0.262948174001  0.003518723786 -0.252129178629  0.083532468546  0.283077145367  0.112230191563 -0.226058370052 -0.003106899866 -0.276949573292  0.076115020577  0.283077145367  0.013249670199
  0.452471482890  0.109235457586  0.001229421659  0.351938943560 -0.102800291863  0.251337078735 -0.059578458498  0.335443419570  0.004393090811 -0.104284195421  0.041224000194  0.251337078735  0.093368760740
  0.456273764259 -0.330445642467 -0.004162681056 -0.036185878449  0.001359152760  0.220876115081 -0.058669167601 -0.051695630172 -0.000509292625  0.338347287484 -0.102666070560  0.220876115081 -0.084262079926
  0.460076045627  0.162498210503  0.002204004768 -0.258886681867  0.082736053550  0.212238566767  0.093885915238 -0.231790857914 -0.003131129974 -0.176408221054  0.045719676833  0.212238566767 -0.010999014801
  0.463878326996  0.104575563595  0.001127717036  0.235841383264 -0.068136797520  0.249684867439 -0.034636308582  0.228548197643  0.002876434171 -0.096622954332  0.035658463654  0.249684867439  0.068662037068
  0.467680608365 -0.211085336104 -0.002600437168 -0.051380430625  0.009333259004  0.297432014542 -0.031223127528 -0.065032600249 -0.000657386789  0.217079323238 -0.066661032238  0.297432014542 -0.059631528993
  0.471482889734  0.180780522683  0.002365550229 -0.129349880428  0.044381546418  0.320529545684  0.068318687158 -0.111191779560 -0.001506963120 -0.196394650364  0.055365858477  0.320529545684  0.019174382189
  0.475285171103 -0.018406354370 -0.000384990626  0.260702270407 -0.079125582800  0.339398744587 -0.065063584307  0.249005500234  0.003078993391  0.028580794047 -0.001257238710  0.339398744587  0.045046292851
  0.479087452471 -0.238079792432 -0.002834775268 -0.173427096273  0.045237602574  0.340978616135 -0.008769229745 -0.178280160730 -0.002078933207  0.244177046118 -0.078233067906  0.340978616135 -0.089944172742
  0.482889733840  0.287054403372  0.003560621543 -0.166747297568  0.058621127217  0.296149063574  0.097976314369 -0.142614722805 -0.001887900221 -0.303261182961  0.086420116713  0.296149063574  0.036131910433
  0.486692015209  0.027097215397  0.000134269411  0.358115821813 -0.107108007292  0.262377563659 -0.078235514334  0.338315309653  0.004140246685 -0.017065377399  0.015194738234  0.262377563659  0.074714186022
  0.490494296578 -0.318769892934 -0.003689394015 -0.109539548314  0.023813730883  0.221211980851 -0.039018248347 -0.121046156569 -0.001312048281  0.323509756455 -0.100270687929  0.221211980851 -0.095388054452
  0.494296577947  0.210360107490  0.002594920282 -0.238883447158  0.078078335224  0.182228223936  0.098837041649 -0.208453575245 -0.002678507345 -0.224492137219  0.060727756091  0.182228223936  0.003914842189
  0.498098859316  0.088892262691  0.000826842702  0.259486586309 -0.075786728860  0.200666433596 -0.043867660122  0.246860591316  0.002942395856 -0.077192086228  0.030485645967  0.200666433596  0.068910313282
  0.501901140684 -0.210920296761 -0.002361466261 -0.051577491180  0.009547134304  0.251594468873 -0.030090126714 -0.066688596374 -0.000613835765  0.211577560987 -0.065013692649  0.251594468873 -0.058416712332
  0.505703422053  0.157243812825  0.001927044356 -0.114344289516  0.039175851481  0.284052468886  0.059991566463 -0.092095108052 -0.001242341815 -0.171580608545  0.048332900027  0.284052468886  0.016487222861
  0.509505703422 -0.034609044474 -0.000592109201  0.209319085552 -0.064304140742  0.314221770295 -0.057683641411  0.197659382810  0.002301482229  0.050473239213 -0.009278880153  0.314221770295  0.029895110753
  0.513307984791 -0.167548343559 -0.001799991791 -0.182072917915  0.050002124579  0.337816204532  0.008446035139 -0.187689449191 -0.002022208391  0.167093324482 -0.055318075915  0.337816204532 -0.074087559521
  0.517110266160  0.278159187050  0.003218715526 -0.080586732160  0.032498173861  0.306508763641  0.076667243983 -0.057561026223 -0.000827519301 -0.294796636953  0.086299397456  0.306508763641  0.051243058121
  0.520912547529 -0.054189779701 -0.000814206748  0.331345501763 -0.101524303086  0.276212266870 -0.089432241022  0.309513794043  0.003564954996  0.070395974505 -0.011833643407  0.276212266870  0.049488316794
  0.524714828897 -0.279403505822 -0.002965121185 -0.182561075136  0.046989107264  0.237394419688 -0.013670383748 -0.189877510461 -0.002001783565  0.279483839549 -0.089096979469  0.237394419688 -0.099796636016
  0.528517110266  0.259891461149  0.002948747366 -0.194916294673  0.066267205587  0.172845496696  0.098650689805 -0.162493232506 -0.002029291197 -0.274212428777  0.076901153038  0.172845496696  0.023940995715
  0.532319391635  0.055034735503  0.000371876627  0.289761815394 -0.085938758920  0.159883645654 -0.058199481253  0.270673963021  0.003066993059 -0.039611194027  0.020046457605  0.159883645654  0.066333634976
  0.536121673004 -0.222891495112 -0.002279349606 -0.067006823752  0.013992003505  0.201796082882 -0.027914251032 -0.081703683550 -0.000737552844  0.218354543724 -0.067483453441  0.201796082882 -0.063012595882
  0.539923954373  0.146739552489  0.001668133537 -0.119036941306  0.040214408671  0.239473201390  0.058449345263 -0.091340404332 -0.001214560435 -0.158375364514  0.044233757991  0.239473201390  0.012549822673
  0.543726235741 -0.026391028274 -0.000507095417  0.171491526181 -0.052826063267  0.276812307110 -0.048263692189  0.157690499949  0.001766094591  0.046430828912 -0.009127888854  0.276812307110  0.023335109416
  0.547528517110 -0.111702471949 -0.001035540127 -0.160727027505  0.045383169500  0.322686366083  0.016201506956 -0.168060158358 -0.001666655631  0.103282581094 -0.035547481760  0.322686366083 -0.055324196385
  0.551330798479  0.239154068653  0.002587874341 -0.011196225513  0.010492741787  0.310551320433  0.052703206964  0.012359030318 -0.000074875214 -0.253583857315  0.075868752136  0.310551320433  0.055574608920
  0.555133079848 -0.118354882605 -0.001469297573  0.273398611573 -0.086097861906  0.286488021134 -0.090172491089  0.250234240525  0.002747426603  0.140910072729 -0.034647084859  0.286488021134  0.021958692238
  0.558935361217 -0.212709936050 -0.002034661601 -0.239076228802  0.066036647056  0.261620179794  0.013762687156 -0.242654021111 -0.002436493613  0.205894428153 -0.068577540635  0.261620179794 -0.094203536431
  0.562737642586  0.296656223731  0.003120322408 -0.125049868860  0.046294575037  0.185613285491  0.089884375233 -0.091854273414 -0.001202313979 -0.310392816332  0.089734908230  0.185613285491  0.046003701176
  0.566539923954 -0.001115960799 -0.000254049878  0.312502066461 -0.094470266932  0.140659279769 -0.075338885795  0.286485847617  0.003098305610  0.020848198040  0.002522109710  0.140659279769  0.057052998683
  0.570342205323 -0.234034653724 -0.002193902797 -0.104878661824  0.025207221749  0.155436505161 -0.020426953635 -0.116931173482 -0.001067522065  0.224135289811 -0.070284851388  0.155436505161 -0.071819941020
  0.574144486692  0.158462311022  0.001651788080 -0.130254091531  0.043818052557  0.189640430246  0.062649679694 -0.096653958721 -0.001250782978 -0.166688344163  0.046415852494  0.189640430246  0.012225822138
  0.577946768061 -0.006323008998 -0.000304953891  0.159196190911 -0.048640092852  0.228280381088 -0.041999787065  0.140517089858  0.001544494055  0.028926117760 -0.004214658590  0.228280381088  0.024892566486
  0.581749049430 -0.083338964030 -0.000625418406 -0.122278301167  0.034864307535  0.293969599025  0.014700691550 -0.131206418330 -0.001191612280  0.066567439430 -0.023436328385  0.293969599025 -0.039353158654
  0.585551330798  0.182064910447  0.001834107840  0.026869782155 -0.002691113215  0.306000149298  0.031733063846  0.053064688523  0.000285950083 -0.191414558300  0.058261559749  0.306000149298  0.048935305187
  0.589353612167 -0.151174190587 -0.001736059674  0.195755507199 -0.063842417359  0.288809309464 -0.080010409449  0.171050567056  0.001841629925  0.178993919608 -0.048271319641  0.288809309464 -0.002075797190
  0.593155893536 -0.128286156825 -0.001025655989 -0.263814046792  0.076102344566  0.284927152234  0.037928280019 -0.264501015344 -0.002516924468  0.112210034935 -0.041127653389  0.284927152234 -0.077746358734
  0.596958174905  0.305976604052  0.002992898478 -0.036975330457  0.020025775201  0.213271833515  0.071158209246 -0.003795937677 -0.000302855690 -0.317193736163  0.094254159950  0.213271833515  0.064972206345
  0.600760456274 -0.074550771937 -0.000973273906  0.311833193280 -0.096473480364  0.148979403539 -0.090692287746  0.279021503896  0.002904406482  0.099250870339 -0.021050998285  0.148979403539  0.039053628329
  0.604562737643 -0.228588878024 -0.001952146524 -0.162920687356  0.042975230972  0.128668516557 -0.004874126693 -0.170089996542 -0.001545247359  0.212375757061 -0.068383721986  0.128668516557 -0.080619146602
  0.608365019011  0.192606786107  0.001839393080 -0.130526926194  0.044753189889  0.138571638180  0.068713737406 -0.091583300424 -0.001178684906 -0.197035868317  0.055525407169  0.138571638180  0.019087722185
  0.612167300380  0.007971573141 -0.000171636623  0.175186035136 -0.053081162180  0.171473021600 -0.043092054769  0.148765979648  0.001606821468  0.016024182832  0.000110962953  0.171473021600  0.030995111018
  0.615969581749 -0.086681866458 -0.000553790608 -0.085972583541  0.024086184215  0.250747116136  0.007335259750 -0.095088596480 -0.000793370065  0.061975112128 -0.021035992775  0.250747116136 -0.031126375094
  0.619771863118  0.125654735121  0.001152493518  0.027477235829 -0.004671755474  0.291472556672  0.018945032496  0.058420770704  0.000266852698 -0.127453947055  0.039063123085  0.291472556672  0.034479539267
  0.623574144487 -0.145849103744 -0.001609170155  0.117758004358 -0.040344585819  0.281136210356 -0.061776623737  0.090172257783  0.001037591930  0.176672894488 -0.049766790846  0.281136210356 -0.016972561262
  0.627376425856 -0.043769219554 -0.000115476447 -0.248256849997  0.074114818997  0.299891275856  0.053280417698 -0.246897492231 -0.002227194969  0.016658211131 -0.011983911437  0.299891275856 -0.052894400632
  0.631178707224  0.278642454991  0.002524937657  0.052470006866 -0.007772567630  0.246626640140  0.044256735395  0.085525631069  0.000505899169 -0.284237108254  0.086867696394  0.246626640140  0.075151519322
  0.634980988593 -0.150968115377 -0.001636736044  0.276266195155 -0.088076339904  0.174010888629 -0.098683693690  0.237162806766  0.002421986488  0.180641299049 -0.046502812843  0.174010888629  0.013471520065
  0.638783269962 -0.193863199649 -0.001461542888 -0.228415715442  0.063856668905  0.138738058745  0.018527984258 -0.228805238481 -0.002033229383  0.169515574817 -0.057348637013  0.138738058745 -0.083804857438
  0.642585551331  0.238850461521  0.002103094074 -0.104217876289  0.038022452213  0.096187908117  0.070971563273 -0.061442303489 -0.000880158507 -0.238767630971  0.068802403595  0.096187908117  0.033801106777
  0.646387832700 -0.000409939785 -0.000247785463  0.210660084655 -0.063998852939  0.110636643964 -0.053007472991  0.174010405754  0.001829104736  0.025283756855 -0.001673571825  0.110636643964  0.035900721821
  0.650190114068 -0.114618294329 -0.000705408135 -0.071572525815  0.019178510765  0.193247263078 -0.000037107034 -0.078172217248 -0.000629804686  0.082659343299 -0.026845266893  0.193247263078 -0.032992154413
  0.653992395437  0.090093442857  0.000711215206 -0.003516877170  0.003380709833  0.265768204568  0.017151341436  0.033693993856 -0.000019433088 -0.082670492561  0.024737602311  0.265768204568  0.018144135527
  0.657794676806 -0.106908110212 -0.001185491106  0.061447467440 -0.022333288927  0.263877143534 -0.041247496632  0.028480220478  0.000507340499  0.137756358829 -0.039658278250  0.263877143534 -0.019240552218
  0.661596958175  0.019680120661  0.000521902081 -0.195350120519  0.060331480301  0.301078035305  0.056076053231 -0.192242548718 -0.001652659551 -0.058440918955  0.012065303026  0.301078035305 -0.025316700150
  0.665399239544  0.215869434361  0.001775748986  0.121433395037 -0.030522108385  0.278520654981  0.014252687303  0.155026210261  0.001053347868 -0.211991849070  0.067102039073  0.278520654981  0.072326645523
  0.669201520913 -0.210193875820 -0.002072294784  0.204452216651 -0.068269579102  0.202442417197 -0.094756460896  0.159529562928  0.001686718052  0.243533834102 -0.067416378800  0.202442417197 -0.015063753844
  0.673003802281 -0.126135474153 -0.000727342754 -0.281074748448  0.081874902338  0.175832757188  0.045991027028 -0.273382196757 -0.002359861045  0.091331278041 -0.035340360695  0.175832757188 -0.076402003637
  0.676806083650  0.278520511570  0.002267160399 -0.044144177910  0.020915393126  0.090110915385  0.063899222385  0.000282641171 -0.000332359538 -0.272229335325  0.080544085811  0.090110915385  0.053307530493
  0.680608365019 -0.041041815277 -0.000582062489  0.246765615325 -0.076010467591  0.050869622757 -0.069427732061  0.198238496966  0.002030213723  0.066706340360 -0.013102999894  0.050869622757  0.033601634045
  0.684410646388 -0.149525982494 -0.000897425762 -0.092181070463  0.024583282409  0.123515074408 -0.000874209996 -0.092515615219 -0.000771114493  0.110638866792 -0.035830454879  0.123515074408 -0.043444159881
  0.688212927757  0.089997831688  0.000598092565 -0.048314496180  0.016552424031  0.227320919745  0.025343240030 -0.004513021489 -0.000385727764 -0.072471994876  0.020414284293  0.227320919745  0.006960311002
  0.692015209125 -0.050808291646 -0.000644333496  0.044247173900 -0.015503595066  0.239696245987 -0.025634106970  0.002497202337  0.000349800703  0.078629416900 -0.022378488038  0.239696245987 -0.009167919430
  0.695817490494  0.044289832309  0.000773999048 -0.121004307626  0.038994102664  0.285123491777  0.046155156805 -0.115301276490 -0.000966256894 -0.093944870136  0.024821768804  0.285123491777 -0.002522250877
  0.699619771863  0.131427622042  0.000899417341  0.150102211865 -0.041884412785  0.303298411774 -0.011622152089  0.185476631191  0.001220283155 -0.114194551353  0.038527036520  0.303298411774  0.055709623569
  0.703422053232 -0.232696565578 -0.002145318838  0.108313383557 -0.040039337977  0.228130214347 -0.077437636766  0.057503032168  0.000833374490  0.266743085535 -0.077091855685  0.228130214347 -0.039366422375
  0.707224334601 -0.034341516916  0.000139591212 -0.299505418468  0.090345237051  0.217500826566  0.070826050127 -0.283047815359 -0.002379596033 -0.013005590345 -0.004512864003  0.217500826566 -0.056269871359
  0.711026615970  0.290435808499  0.002168363613  0.043697906669 -0.005400550790  0.132168367284  0.044403102358  0.087389746118  0.000378592833 -0.274869257373  0.083806725117  0.132168367284  0.071281818332
  0.714828897338 -0.111027218498 -0.001110164532  0.260212650467 -0.082031683581  0.017640628230 -0.086430624928  0.199289617017  0.002030367762  0.137183887104 -0.033898338389  0.017640628230  0.020200037899
  0.718631178707 -0.168188503180 -0.000936133639 -0.148119377598  0.041072139176  0.046329318883  0.009646717551 -0.137910249637 -0.001173402707  0.121898226117 -0.040785686687  0.046329318883 -0.057073055775
  0.722433460076  0.128083560958  0.000787414452 -0.081661198290  0.027342632221  0.174286104691  0.038373078676 -0.032604888021 -0.000623744156 -0.099930425204  0.027726059316  0.174286104691  0.006622743757
  0.726235741445 -0.002231525269 -0.000197929702  0.071753813267 -0.022244862100  0.212454181762 -0.021192229914  0.017498915948  0.000552652903  0.024474399506 -0.005335538397  0.212454181762  0.008613434340
  0.730038022814  0.022913931175  0.000634214757 -0.051050262876  0.017630083297  0.251375842179  0.027765912319 -0.040266084318 -0.000383634347 -0.081569463161  0.023070500647  0.251375842179  0.008492464322
  0.733840304183  0.049448425054  0.000105329660  0.128661230813 -0.038211893496  0.315656671810 -0.026214908104  0.167124203956  0.000987628267 -0.015702638131  0.008334598577  0.315656671810  0.029024006118
  0.737642585551 -0.207404515549 -0.001812946897  0.011726356717 -0.010204441198  0.250559498353 -0.049675477758 -0.046045046181  0.000061848811  0.237663783972 -0.071071023607  0.250559498353 -0.051841758518
  0.741444866920  0.060374032784  0.000950404469 -0.269602967986  0.084404252972  0.249537372763  0.085415195021 -0.244018012033 -0.002030532230 -0.121229241615  0.028841133989  0.249537372763 -0.025693061107
  0.745247148289  0.259009131736  0.001717806643  0.139547202988 -0.035463208386  0.193997501042  0.013647658928  0.180425619400  0.001079195183 -0.229804833925  0.072962785842  0.193997501042  0.079968422972
  0.749049429658 -0.193608060454 -0.001669488649  0.231777632820 -0.075785937447  0.064858269458 -0.096108901931  0.159047103534  0.001714843459  0.218885649611 -0.059243182309  0.064858269458 -0.004042515852
  0.752851711027 -0.149851429309 -0.000683039974 -0.224420622551  0.064755047700  0.036675615385  0.032380873424 -0.199533078811 -0.001686853142  0.094867255285 -0.034809927956  0.036675615385 -0.066003229642
  0.756653992395  0.191978552037  0.001140719704 -0.079077688884  0.028038957255  0.105419849118  0.048142939267 -0.027915335718 -0.000570420896 -0.152307042973  0.043534056650  0.105419849118  0.019069730233
  0.760456273764  0.013519319228 -0.000024819553  0.133410985719 -0.040117666638  0.184803864648 -0.030665705487  0.063433611948  0.000986266008  0.001329027896  0.003351352499  0.184803864648  0.026082048368
  0.764258555133 -0.036105021076  0.000215754794 -0.013737543327  0.004945725235  0.203607967174  0.008889262047  0.006444239055 -0.000097811430 -0.029117564879  0.008361503351  0.203607967174  0.003918667713
  0.768060836502 -0.002274940486 -0.000405580630  0.063291010711 -0.020544856205  0.310241245336 -0.025190126438  0.105395299866  0.000457270806  0.054440636402 -0.014576131930  0.310241245336  0.000110763450
  0.771863117871 -0.138097896222 -0.001152916533 -0.055785098036  0.012286060663  0.271591872755 -0.018756013056 -0.122806512238 -0.000423986417  0.159116835421 -0.049371348015  0.271591872755 -0.047293649317
  0.775665399240  0.130038496057  0.001496338862 -0.192049492451  0.063418139139  0.264822715976  0.084013599310 -0.156672249744 -0.001369712686 -0.203505761444  0.055739534747  0.264822715976  0.008394714804
  0.779467680608  0.181986657747  0.000943676787  0.214608581055 -0.060704746536  0.257090280404 -0.022388982398  0.251257809252  0.001562774076 -0.134083365786  0.046315669156  0.257090280404  0.072999595399
  0.783269961977 -0.261917629063 -0.002049004377  0.155069500538 -0.054545468064  0.117578304737 -0.091324023270  0.071842194652  0.001082272927  0.283081084196 -0.080685765888  0.117578304737 -0.033842631058
  0.787072243346 -0.085036920757 -0.000109366523 -0.293723904839  0.087686774678  0.109042762314  0.063025675238 -0.250798311408 -0.002100445130  0.019773784499 -0.014198145653  0.109042762314 -0.062596501932
  0.790874524715  0.256144894268  0.001445792821 -0.026540242146  0.013679276195  0.022100929761  0.046187818582  0.022027378842 -0.000166754374 -0.202959240885  0.060228363333  0.022100929761  0.041003216478
  0.794676806084 -0.019985850788 -0.000206446243  0.203397223185 -0.061839457159  0.155446443874 -0.051511096866  0.115867266789  0.001436314457  0.026086441017 -0.002118903381  0.155446443874  0.034281410603
  0.798479087452 -0.108885674797 -0.000273833165 -0.029612728143  0.007790568166  0.154200602558 -0.001031404978  0.005850968895 -0.000212734917  0.039337336174 -0.012650522765  0.154200602558 -0.014821095855
  0.802281368821 -0.001974232169 -0.000510253261 -0.022588467055  0.004729706692  0.282210958337 -0.009319305502  0.022012576034 -0.000166100024  0.073149808637 -0.022611237365  0.282210958337 -0.021137377452
  0.806083650190 -0.045540762661 -0.000353685034 -0.069084858706  0.019299958997  0.291946383120  0.005507894801 -0.148625824974 -0.000487374184  0.051755463579 -0.017490960881  0.291946383120 -0.025457518039
  0.809885931559  0.149232739447  0.001621335491 -0.085774736276  0.032297904907  0.262114320575  0.065476115072 -0.038825446632 -0.000570989024 -0.232232498783  0.067357569745  0.262114320575  0.035959355089
  0.813688212928  0.074711543308 -0.000002156924  0.240498748336 -0.072158399819  0.310330076013 -0.054145744716  0.272141893692  0.001662222031 -0.003343308722  0.007765644986  0.310330076013  0.048325751269
  0.817490494297 -0.287606217048 -0.002061939509  0.042198574615 -0.021087652126  0.175539428815 -0.068779575570 -0.050153310282  0.000258966892  0.299147918629 -0.088685860725  0.175539428815 -0.059826757802
  0.821292775665  0.018133862636  0.000681169394 -0.324688815003  0.100203842013  0.167969492023  0.092694624865 -0.261486290417 -0.002213018585 -0.094562058636  0.019280936710  0.167969492023 -0.042664634017
  0.825095057034  0.289346404827  0.001485798986  0.071805478993 -0.015412016704  0.075424543903  0.026972881495  0.112175817769  0.000512019886 -0.219124067111  0.067849545520  0.075424543903  0.064136999852
  0.828897338403 -0.102153619136 -0.000689218154  0.247602686851 -0.077137261524  0.119417708964 -0.075776154678  0.142754086338  0.001669478346  0.097841548845 -0.022433333867  0.119417708964  0.026671819698
  0.832699619772 -0.161929722015 -0.000594312978 -0.102082924540  0.028150456410  0.130878731283  0.005549631898 -0.044637600503 -0.000698490797  0.089567496993 -0.029778414204  0.130878731283 -0.040600538597
  0.836501901141  0.056475390518 -0.000215239611 -0.093453786633  0.027135894271  0.228963290309  0.014683122131 -0.049993920519 -0.000631579793  0.033442313273 -0.012674282468  0.228963290309 -0.026103641862
  0.840304182510  0.036510573090  0.000336157076 -0.018158435228  0.006859901554  0.308240462996  0.014019264005 -0.113699460275 -0.000116420933 -0.049962459545  0.014499592880  0.308240462996  0.007794657129
  0.844106463878  0.105752289817  0.001285848636  0.014956197232  0.000940106555  0.247987792135  0.034814221806  0.077108336130  0.000119191777 -0.193266117900  0.058482888118  0.247987792135  0.047001084700
  0.847908745247 -0.031599794770 -0.000880953796  0.200816085192 -0.063979667695  0.343883369615 -0.071433930052  0.226772223343  0.001318573061  0.129797155794 -0.033348998590  0.343883369615  0.010136430467
  0.851711026616 -0.252101298198 -0.001619196114 -0.076616087255  0.016089390255  0.241593321089 -0.031278370576 -0.177361547340 -0.000530517679  0.246437238026 -0.076190410194  0.241593321089 -0.071312766168
  0.855513307985  0.133177138976  0.001473588717 -0.293925160496  0.094480921937  0.206532421677  0.110441655371 -0.209193199464 -0.001909805464 -0.219745386812  0.057754296094  0.206532421677 -0.008052582580
  0.859315589354  0.266040422055  0.001118860719  0.191375513290 -0.052605381694  0.175518927762 -0.009218852061  0.217895079638  0.001269502458 -0.173904914510  0.057625990619  0.175518927762  0.077479634387
  0.863117870722 -0.212057290846 -0.001288942146  0.235403268968 -0.076183525693  0.077205109903 -0.092069511897  0.115754214583  0.001514266887  0.194283386372 -0.051750061856  0.077205109903  0.002281111169
  0.866920152091 -0.163123706514 -0.000554371252 -0.212511454991  0.061350458447  0.153646490579  0.030885686374 -0.126673981453 -0.001387050824  0.088704704890 -0.032623723024  0.153646490579 -0.062243557360
  0.870722433460  0.157785326477  0.000330066669 -0.112717775732  0.035252314984  0.154702465154  0.035457160871 -0.076880977825 -0.000723023569 -0.049400639829  0.011672427743  0.154702465154 -0.011034537784
  0.874524714829  0.071341831319  0.000687339312  0.084501063966 -0.022344843112  0.312401050900  0.002140090658 -0.029512236432  0.000553863773 -0.108190051764  0.034878853318  0.312401050900  0.041367214488
  0.878326996198  0.008654868413  0.000598026675  0.070232461857 -0.018443423693  0.239388812503  0.002681529822  0.153402533617  0.000458791311 -0.094486299209  0.030360733735  0.239388812503  0.035422357745
  0.882129277567 -0.098343071136 -0.001440599835  0.100773160267 -0.036585924538  0.349080663476 -0.067361088243  0.119421493394  0.000620577506  0.224481143638 -0.064607195156  0.349080663476 -0.031226644567
  0.885931558935 -0.156679719502 -0.000777731987 -0.160808503005  0.044797464345  0.313248613695  0.011927562324 -0.270270017021 -0.001032646907  0.124986959175 -0.042070360175  0.313248613695 -0.060286493296
  0.889733840304  0.221675022094  0.002005804124 -0.197560075712  0.068191181745  0.224607060281  0.107200475360 -0.090372496542 -0.001218281213 -0.314396627026  0.088899257996  0.224607060281  0.032575656902
  0.893536121673  0.178133115987  0.000341627095  0.292514717661 -0.086228134553  0.269164895854 -0.055044426669  0.300209764334  0.001846296930 -0.058736325724  0.025869562710  0.269164895854  0.071236483321
  0.897338403042 -0.312423110920 -0.001742405584  0.152738232480 -0.053639106964  0.078266318917 -0.089343693911  0.022726498739  0.000930786083  0.275754153485 -0.078550095560  0.078266318917 -0.032633964926
  0.901140684411 -0.094710879694 -0.000087359796 -0.322857918905  0.096463758341  0.194763311192  0.069836147484 -0.203661927703 -0.002016265646  0.018908349782 -0.014757199954  0.194763311192 -0.068161162904
  0.904942965779  0.266531114309  0.000869332036 -0.056754527218  0.020959837719  0.095615405233  0.040434349645 -0.037562032227 -0.000339500147 -0.139052404881  0.040179580113  0.095615405233  0.020464037335
  0.908745247148  0.032874059131  0.000574334898  0.203584215787 -0.058465644191  0.293915925849 -0.027424416180  0.071027550380  0.001268654755 -0.095919351009  0.034540225196  0.293915925849  0.062122138602
  0.912547528517 -0.110132158121 -0.000203891639  0.048793136929 -0.015568245133  0.256835373021 -0.017517235101  0.160635161575  0.000297609699  0.032349564112 -0.008346954259  0.256835373021  0.002277800769
  0.916349809886 -0.093067928458 -0.001505075538 -0.029409897399  0.001927090805  0.320873627244 -0.041897339694 -0.021924105691 -0.000203375416  0.245735469389 -0.074652455936  0.320873627244 -0.061816792078
  0.920152091255 -0.027052607144  0.000257152644 -0.173314995790  0.053177596454  0.381552152972  0.047298401687 -0.292668289902 -0.001055392287 -0.039448846058  0.006979046718  0.381552152972 -0.025286855391
  0.923954372624  0.246090672988  0.002059287941 -0.057749328472  0.026838239028  0.234230406571  0.079911965852  0.073510472065 -0.000320211190 -0.337518161595  0.099776145831  0.234230406571  0.065495404913
  0.927756653992  0.042513064133 -0.000688244086  0.333214429459 -0.103156943992  0.342877619214 -0.097393571776  0.318044845955  0.002009451423  0.108497597604 -0.023227869638  0.342877619214  0.041175006962
  0.931558935361 -0.361091602613 -0.001794987148  0.011617381920 -0.011845896158  0.163803558202 -0.061428261355 -0.123267594930  0.000042853135  0.297215363367 -0.088965007904  0.163803558202 -0.065434445012
  0.935361216730  0.036427638956  0.000706815758 -0.386638676447  0.119297243170  0.222459312412  0.110202870343 -0.231380445333 -0.002313966557 -0.111705914215  0.022689801391  0.222459312412 -0.051009672449
  0.939163498099  0.336684093712  0.001119233034  0.072915713064 -0.016618999860  0.151209736274  0.020575407355  0.064875903067  0.000453650934 -0.188055597927  0.058546941368  0.151209736274  0.057276418464
  0.942965779468 -0.081696817732  0.000035149357  0.289589220634 -0.086711042986  0.244252555216 -0.063957781533  0.141976179876  0.001727681097 -0.010296421631  0.011234647250  0.244252555216  0.059618994087
  0.946768060837 -0.202873111272 -0.000819386605 -0.057611011794  0.013404458202  0.301988117379 -0.014331175699  0.091272374801 -0.000354673693  0.138847343083 -0.043333171549  0.301988117379 -0.043035574346
  0.950570342205 -0.003937669620 -0.001050070400 -0.140251356066  0.037084577924  0.263844296054 -0.003569371128 -0.151158456931 -0.000845745559  0.179657018485 -0.057916808773  0.263844296054 -0.068679562083
  0.954372623574  0.090731530498  0.001183706897 -0.096490801985  0.034595727878  0.432537751670  0.061435085456 -0.226775439815 -0.000550613398 -0.199451772446  0.057208079968  0.432537751670  0.026369662039
  0.958174904943  0.185425630041  0.001547681111  0.079723464646 -0.016502293386  0.262216550466  0.034232817088  0.238357208329  0.000491457447 -0.264956483359  0.081841455971  0.262216550466  0.076147644984
  0.961977186312 -0.099689821335 -0.001685264430  0.285902562770 -0.093876698504  0.383095901923 -0.121318129805  0.244286209357  0.001645845256  0.283984777155 -0.077279105205  0.383095901923 -0.008173493985
  0.965779467681 -0.327207046342 -0.001298438011 -0.148614472903  0.038314318014  0.282610286504 -0.010687529888 -0.282885940696 -0.000885153582  0.225285480142 -0.071859959821  0.282610286504 -0.080731762617
  0.969581749049  0.195939491081  0.001574228615 -0.365870305461  0.117392808306  0.223418866665  0.135965500013 -0.174256234246 -0.002098268799 -0.265901412952  0.069598208227  0.223418866665 -0.011762858355
  0.973384030418  0.327623816863  0.000871697825  0.244584252465 -0.069132792027  0.265054214032 -0.025157751970  0.198557560155  0.001426395477 -0.154623959727  0.053329340812  0.265054214032  0.083608905272
  0.977186311787 -0.245479850859 -0.000719293144  0.295145565412 -0.092058086694  0.166631045295 -0.091096353914  0.140029342855  0.001687708486  0.120522813807 -0.027910815988  0.166631045295  0.030905651236
  0.980988593156 -0.221084411957 -0.000987267008 -0.225496120156  0.062806347683  0.361217547219  0.016644248880 -0.032212928640 -0.001307765962  0.175676175267 -0.059117370036  0.361217547219 -0.084631375555
  0.984790874525  0.150501859313 -0.000234840635 -0.177881078740  0.052207979049  0.214679815186  0.031867728967 -0.218180949488 -0.001019417012  0.043835216948 -0.018170127938  0.214679815186 -0.045169397563
  0.988593155894  0.144114251834  0.001701235627  0.055641403029 -0.008283271422  0.000000000000  0.046643884969 -0.083647998629  0.000342393973 -0.299961677952  0.091680945076  0.000000000000  0.079362184134
  0.992395437262  0.052185242307  0.000594207211  0.156005052021 -0.043853072983  0.000000000000 -0.014341139374  0.357428058361  0.000893122092 -0.107248176267  0.036606104325  0.000000000000  0.055294037702
  0.996197718631 -0.163842755883 -0.002041879401  0.127818376361 -0.048516090914  0.324969600265 -0.100292114009  0.138719048414  0.000690554636  0.359827728239 -0.104508673707  0.324969600265 -0.056721828472
  1.000000000000  0.000000000000  0.002658176226 -0.535376823058  0.173903928047  0.447478751188  0.213895669839  0.000000000000 -0.002970539041 -0.464623176942  0.124534257880  0.447478751188  0.000000000000
