             Rad         v_r[Re]         v_t[Re]         v_x[Re]         p[Re]          p_mg[Re]  p_no_phase[Re]         v_r[Im]         v_t[Im]         v_x[Im]         p[Im]          p_mg[Im]  p_no_phase[Im]
  0.250000000000  0.000000000000 -0.269226966683 -0.899382715673 -0.000000000000  0.042336250135 -0.000000000000  0.000000000000 -0.000520449403  0.100617284327 -0.000000000000  0.042336250135  0.000000000000
  0.255725190840  0.002092610772 -0.106976174759 -0.117774541335  0.000000000000  0.010707063685  0.000000000000  0.095433561430 -0.024449027790 -0.048741038987  0.000000000000  0.010707063685  0.000000000000
  0.261450381679 -0.012415774914  0.055570841892  0.185564662901  0.000000000000  0.016827244926  0.000000000000  0.081617557631 -0.019142273180 -0.073808341821  0.000000000000  0.016827244926 -0.000000000000
  0.267175572519 -0.019996556490  0.046833242992  0.186743671229  0.000000000000  0.080839811873  0.000000000000  0.037316160093 -0.002754283512  0.033921947722  0.000000000000  0.080839811873  0.000000000000
  0.272900763359 -0.000888967726 -0.004430954093  0.167391763453  0.000000000000  0.015120189416 -0.000000000000  0.010670096023  0.025347080157  0.107400966558 -0.000000000000  0.015120189416 -0.000000000000
  0.278625954198  0.012897735525  0.140409694844 -0.284492448687  0.000000000000  0.126184334962  0.000000000000 -0.010807617228 -0.012035957281 -0.035095437791 -0.000000000000  0.126184334962 -0.000000000000
  0.284351145038 -0.008203813068 -0.040827396913 -0.023716427056  0.000000000000  0.062297162645  0.000000000000  0.080422463496 -0.002460523444 -0.002906665099 -0.000000000000  0.062297162645 -0.000000000000
  0.290076335878  0.010971716490  0.231267971380 -0.179390437687  0.000000000000  0.123533961663  0.000000000000  0.010403920667  0.001675595264 -0.015649046262  0.000000000000  0.123533961663  0.000000000000
  0.295801526718 -0.010433786606 -0.041364572600 -0.136761315890  0.000000000000  0.123978502441  0.000000000000  0.125752226568  0.010528309134  0.084826607013  0.000000000000  0.123978502441 -0.000000000000
  0.301526717557  0.032700319153  0.193896321219  0.032137557776  0.000000000000  0.062743680359  0.000000000000  0.053024764035  0.000724296579 -0.079647460223 -0.000000000000  0.062743680359 -0.000000000000
  0.307251908397 -0.035948297621 -0.162525427898 -0.290701274298  0.000000000000  0.054537232307  0.000000000000  0.118187814864 -0.016164636741 -0.105697568466  0.000000000000  0.054537232307 -0.000000000000
  0.312977099237 -0.003624961333 -0.143295258210  0.493691495492 -0.000000000000  0.086615263703 -0.000000000000  0.123925496662 -0.002071176180 -0.078258586523  0.000000000000  0.086615263703  0.000000000000
  0.318702290076 -0.059789752981  0.103798356492  0.151815388364 -0.000000000000  0.124760130347 -0.000000000000 -0.019025111394  0.026013652410  0.071286386018  0.000000000000  0.124760130347  0.000000000000
  0.324427480916  0.021300386997 -0.018236417235  0.121337760100 -0.000000000000  0.030113566886 -0.000000000000  0.050205609463  0.012360286885  0.097055086599  0.000000000000  0.030113566886  0.000000000000
  0.330152671756 -0.023901052607 -0.004405641448  0.569735833199 -0.000000000000  0.146752353015 -0.000000000000 -0.083252288801  0.015462953254  0.118515766653 -0.000000000000  0.146752353015  0.000000000000
  0.335877862595  0.060496809715  0.172224554260 -0.369779489160 -0.000000000000  0.116024467582 -0.000000000000 -0.109111072484 -0.009039352538 -0.006739608965 -0.000000000000  0.116024467582  0.000000000000
  0.341603053435 -0.029037602069 -0.215123012235  0.254703594536 -0.000000000000  0.033459484094 -0.000000000000 -0.007977755116 -0.024211976183 -0.171015215939 -0.000000000000  0.033459484094  0.000000000000
  0.347328244275  0.011714474692  0.083587442964 -0.384088385843 -0.000000000000  0.153922657881 -0.000000000000 -0.146284053124  0.008458721481  0.047876881345 -0.000000000000  0.153922657881  0.000000000000
  0.353053435115 -0.018622902914  0.206046306782 -0.470310878005  0.000000000000  0.051354272139  0.000000000000  0.114520149165  0.007350436642  0.072329177747 -0.000000000000  0.051354272139 -0.000000000000
  0.358778625954  0.033143531389  0.055433661688 -0.092884818418  0.000000000000  0.085242950986  0.000000000000 -0.004587308900 -0.010172712235 -0.038621770293 -0.000000000000  0.085242950986 -0.000000000000
  0.364503816794 -0.029729113562 -0.172121417183  0.149016099575 -0.000000000000  0.031354701475 -0.000000000000  0.151024383515  0.008218487004 -0.060590390384  0.000000000000  0.031354701475  0.000000000000
  0.370229007634  0.021554157724 -0.153479655835  0.262267769924 -0.000000000000  0.110048067501 -0.000000000000 -0.046612010810  0.014157912906  0.170603699594 -0.000000000000  0.110048067501  0.000000000000
  0.375954198473  0.018717265435  0.030300269069 -0.149073126534 -0.000000000000  0.025205629234 -0.000000000000  0.083162639854  0.001443198280  0.006757138967 -0.000000000000  0.025205629234  0.000000000000
  0.381679389313  0.028764325580 -0.177422412346 -0.033110669069 -0.000000000000  0.105302870897 -0.000000000000 -0.012479217866  0.006656763322 -0.008814070226  0.000000000000  0.105302870897  0.000000000000
  0.387404580153  0.015370815895  0.028818293880 -0.111971871988  0.000000000000  0.044015787583 -0.000000000000  0.108969331371 -0.008637132522 -0.043088678146 -0.000000000000  0.044015787583 -0.000000000000
  0.393129770992  0.017748598861 -0.076231880650  0.031413619474 -0.000000000000  0.043465354388 -0.000000000000  0.017897233963  0.021162446386  0.072980579039 -0.000000000000  0.043465354388  0.000000000000
  0.398854961832  0.035057089285 -0.085484590329  0.177454574154  0.000000000000  0.109524455962  0.000000000000  0.099295997452  0.000242194538 -0.015298593686  0.000000000000  0.109524455962 -0.000000000000
  0.404580152672  0.014828529348  0.080400520367  0.187109881919  0.000000000000  0.082760489941  0.000000000000 -0.041442783134  0.003225397707  0.019260977961  0.000000000000  0.082760489941  0.000000000000
  0.410305343511  0.033000313426 -0.173703267890  0.224694391167 -0.000000000000  0.090930139566  0.000000000000  0.028288095480 -0.003906360866 -0.186006063334  0.000000000000  0.090930139566  0.000000000000
  0.416030534351 -0.041392083786  0.201000110595 -0.222114205226 -0.000000000000  0.067063923401 -0.000000000000 -0.101401685655 -0.018968127363 -0.027548783243  0.000000000000  0.067063923401  0.000000000000
  0.421755725191  0.018094078719 -0.059879123810 -0.055634995427  0.000000000000  0.054672838260  0.000000000000  0.080758299948  0.002661906847  0.000577506824  0.000000000000  0.054672838260 -0.000000000000
  0.427480916031 -0.041903219088 -0.026205814574  0.109038354045 -0.000000000000  0.048414299556 -0.000000000000 -0.080699507505  0.008172052395  0.035436520666 -0.000000000000  0.048414299556  0.000000000000
  0.433206106870  0.029668920463  0.166828798186 -0.205159600305  0.000000000000  0.142473052035  0.000000000000  0.060144201553  0.000823939348 -0.001193835846  0.000000000000  0.142473052035  0.000000000000
  0.438931297710 -0.039306864284 -0.046410412873  0.143230078003  0.000000000000  0.146069528034  0.000000000000 -0.038001179765 -0.002275070566  0.056937863107  0.000000000000  0.146069528034  0.000000000000
  0.444656488550  0.046042758025 -0.007159825135  0.248502837739  0.000000000000  0.233874766885  0.000000000000  0.014966924701 -0.014040973900 -0.020283804854 -0.000000000000  0.233874766885 -0.000000000000
  0.450381679389 -0.046744754266 -0.158180269522  0.500083756275 -0.000000000000  0.042705088491  0.000000000000 -0.134586397919  0.002245336291 -0.060752876564  0.000000000000  0.042705088491  0.000000000000
  0.456106870229  0.028070006351 -0.099742088273  0.325938682899  0.000000000000  0.073872394082  0.000000000000 -0.143347067509 -0.002261476909 -0.003722783860  0.000000000000  0.073872394082 -0.000000000000
  0.461832061069 -0.051775726301  0.095810517910 -0.331954328280  0.000000000000  0.031943275804 -0.000000000000 -0.228071657054 -0.015161137675 -0.032976383858 -0.000000000000  0.031943275804 -0.000000000000
  0.467557251908  0.019229840825  0.158239520717 -0.561381683159 -0.000000000000  0.065832781185 -0.000000000000 -0.038130536383  0.007535285575  0.032920815522 -0.000000000000  0.065832781185  0.000000000000
  0.473282442748 -0.045139064619 -0.042263603616  0.059331698926 -0.000000000000  0.029318213774 -0.000000000000 -0.058477307160  0.000968122802 -0.057120494031 -0.000000000000  0.029318213774 -0.000000000000
  0.479007633588  0.006383277220  0.073196679184 -0.003765936854  0.000000000000  0.046427852756  0.000000000000 -0.031298987859  0.008942215607  0.056311060122  0.000000000000  0.046427852756 -0.000000000000
  0.484732824427 -0.030571456238 -0.168701274960  0.061609695151  0.000000000000  0.043147446423  0.000000000000 -0.058303869014 -0.014801456594 -0.021423554351  0.000000000000  0.043147446423 -0.000000000000
  0.490458015267  0.005164513735  0.060045166855 -0.340137669309 -0.000000000000  0.121113434579  0.000000000000 -0.028859754968  0.002589464745  0.079285758502  0.000000000000  0.121113434579  0.000000000000
  0.496183206107 -0.005964871472  0.288066028364 -0.190990249451  0.000000000000  0.031314275949  0.000000000000  0.046043086558  0.005535789488  0.035661004506  0.000000000000  0.031314275949 -0.000000000000
  0.501908396947  0.021663496706  0.008881628638 -0.236413970592  0.000000000000  0.185895025639  0.000000000000  0.037314809972  0.002658917213  0.078534537499  0.000000000000  0.185895025639  0.000000000000
  0.507633587786  0.017395091864 -0.155374928581  0.105621340053 -0.000000000000  0.091115642890  0.000000000000  0.119857727388 -0.009065062263 -0.025640945432  0.000000000000  0.091115642890  0.000000000000
  0.513358778626  0.014431563603  0.076428575184 -0.217760139866 -0.000000000000  0.142424047071 -0.000000000000  0.027790535263  0.012630336765 -0.053701824058 -0.000000000000  0.142424047071 -0.000000000000
  0.519083969466 -0.000292689916  0.166671402953 -0.242556272183  0.000000000000  0.174209716282 -0.000000000000  0.185894795221 -0.002833907950 -0.048952721203 -0.000000000000  0.174209716282 -0.000000000000
  0.524809160305  0.001693270022  0.247942081668  0.191955506652  0.000000000000  0.113773980104  0.000000000000  0.091099907881  0.004008944568  0.100202852376 -0.000000000000  0.113773980104 -0.000000000000
  0.530534351145  0.028305625357  0.048765497944 -0.335600928355  0.000000000000  0.080351933438  0.000000000000  0.139582952961  0.024083107346  0.023852438062 -0.000000000000  0.080351933438 -0.000000000000
  0.536259541985  0.012917954632 -0.022879385757  0.093314070970  0.000000000000  0.047736477547 -0.000000000000  0.173730111654  0.006450692937  0.024383084737 -0.000000000000  0.047736477547 -0.000000000000
  0.541984732824  0.032309008128  0.201172168898  0.264495757361  0.000000000000  0.029752047602  0.000000000000  0.109090084529 -0.006428791049 -0.119985478045  0.000000000000  0.029752047602 -0.000000000000
  0.547709923664 -0.022116670476  0.042242054292  0.165022061254 -0.000000000000  0.026189852751 -0.000000000000  0.077248210946  0.016854495853  0.002157793768  0.000000000000  0.026189852751  0.000000000000
  0.553435114504  0.028529870839 -0.231322765787  0.215544771112  0.000000000000  0.059882599176  0.000000000000  0.038272937677 -0.003275802266 -0.012593903472 -0.000000000000  0.059882599176 -0.000000000000
  0.559160305344 -0.029259178207 -0.010806368790  0.210762564505  0.000000000000  0.080551674812  0.000000000000  0.005393035062 -0.008527856394 -0.068742700844 -0.000000000000  0.080551674812 -0.000000000000
  0.564885496183  0.008364888365  0.122771498920 -0.228271449842  0.000000000000  0.083815255032  0.000000000000 -0.024818078688 -0.000527577492  0.006540740571  0.000000000000  0.083815255032 -0.000000000000
  0.570610687023 -0.027509899692 -0.187952868598  0.154256170142 -0.000000000000  0.115028791034  0.000000000000  0.053189577015  0.000528386381  0.056324838693  0.000000000000  0.115028791034  0.000000000000
  0.576335877863  0.028690984709  0.137592187490  0.432689864626 -0.000000000000  0.056420914370  0.000000000000 -0.075268849543  0.012691251556  0.083735830690  0.000000000000  0.056420914370  0.000000000000
  0.582061068702  0.000921946745 -0.078332242933  0.072214480009  0.000000000000  0.085921561263  0.000000000000 -0.083810184288  0.010170227571  0.041475476612  0.000000000000  0.085921561263 -0.000000000000
  0.587786259542  0.044452604066  0.018008535009 -0.095583889137  0.000000000000  0.069044456552  0.000000000000 -0.106092359567  0.006716550354  0.024969479386 -0.000000000000  0.069044456552 -0.000000000000
  0.593511450382  0.001309026996 -0.030624994007 -0.007578779576  0.000000000000  0.064501403374  0.000000000000 -0.056405726896 -0.027589698353 -0.227091765472 -0.000000000000  0.064501403374 -0.000000000000
  0.599236641221 -0.021768730911  0.106985041728 -0.370169351020  0.000000000000  0.103924790666  0.000000000000 -0.083118211268 -0.007799644534  0.006736876179  0.000000000000  0.103924790666 -0.000000000000
  0.604961832061 -0.002252401990 -0.219258952264 -0.518099820816 -0.000000000000  0.029026170087 -0.000000000000  0.069007707293  0.005833501239  0.074370963567 -0.000000000000  0.029026170087  0.000000000000
  0.610687022901 -0.000174113074  0.207547864894  0.605469633314  0.000000000000  0.072154048209  0.000000000000  0.064501168376 -0.004489088738  0.012123144309  0.000000000000  0.072154048209 -0.000000000000
  0.616412213740  0.002170033394  0.065400207856  0.252750422138  0.000000000000  0.160803435774  0.000000000000 -0.103902132173 -0.003483322003 -0.046212394933  0.000000000000  0.160803435774 -0.000000000000
  0.622137404580 -0.013161716496 -0.085598146431 -0.199783690389  0.000000000000  0.131496029659  0.000000000000 -0.025870596606  0.003650020116 -0.007662834991  0.000000000000  0.131496029659 -0.000000000000
  0.627862595420  0.000695012061 -0.047485800304  0.467200263153  0.000000000000  0.059867061454  0.000000000000 -0.072150700837  0.008391273282  0.059184509964  0.000000000000  0.059867061454 -0.000000000000
  0.633587786260  0.003314612847 -0.102614299554  0.250331928358  0.000000000000  0.039982910639  0.000000000000 -0.160769270379 -0.000802144329  0.002197687779 -0.000000000000  0.039982910639 -0.000000000000
  0.639312977099 -0.003316715697 -0.089317257979 -0.614610228380  0.000000000000  0.121429092315 -0.000000000000 -0.131454194354  0.010432918049 -0.188843223145 -0.000000000000  0.121429092315 -0.000000000000
  0.645038167939 -0.049755036479 -0.111980866574 -0.467026696794  0.000000000000  0.112853028935  0.000000000000  0.033294164535 -0.003936408821  0.045827510706  0.000000000000  0.112853028935  0.000000000000
  0.650763358779  0.006004491978  0.153785735384 -0.202992975954  0.000000000000  0.213385262552  0.000000000000  0.039529472793  0.002851743712  0.067965674451 -0.000000000000  0.213385262552 -0.000000000000
  0.656488549618 -0.031525051592 -0.162959917613 -0.165307317187 -0.000000000000  0.013609269952 -0.000000000000  0.117265491866 -0.006265023915 -0.089131809325 -0.000000000000  0.013609269952 -0.000000000000
  0.662213740458 -0.013091641699 -0.204282493703 -0.333806836554  0.000000000000  0.076059987526  0.000000000000  0.112091101598  0.006393066311  0.108910718245  0.000000000000  0.076059987526 -0.000000000000
  0.667938931298 -0.000393307821  0.217304160672  0.295504477121  0.000000000000  0.050072672102  0.000000000000  0.213384900083  0.013143521315  0.028307610993  0.000000000000  0.050072672102 -0.000000000000
  0.673664122137  0.002959857697 -0.121636569001  0.482073096306  0.000000000000  0.022449850502  0.000000000000  0.013283503718  0.029356841612  0.088052195301  0.000000000000  0.022449850502 -0.000000000000
  0.679389312977  0.029316088899 -0.105558108756 -0.197470022135  0.000000000000  0.040114163623  0.000000000000  0.070183250381  0.009593899428  0.043649004621  0.000000000000  0.040114163623 -0.000000000000
  0.685114503817  0.017251340739 -0.229734978704  0.205495034619  0.000000000000  0.048825432724  0.000000000000  0.047007060471 -0.006653191336 -0.063674337025  0.000000000000  0.048825432724  0.000000000000
  0.690839694656  0.015003213051 -0.300065261941  0.087047808205 -0.000000000000  0.023911844250 -0.000000000000  0.016700281007 -0.008877121760  0.089714702926 -0.000000000000  0.023911844250  0.000000000000
  0.696564885496  0.037340227578 -0.150872504538  0.215018404102 -0.000000000000  0.027542799435 -0.000000000000  0.014657882780  0.004127836199 -0.096570740138 -0.000000000000  0.027542799435  0.000000000000
  0.702290076336 -0.012168686921 -0.231489477286  0.078323357893 -0.000000000000  0.088504847684 -0.000000000000 -0.047284732624  0.006876468288 -0.034665308657  0.000000000000  0.088504847684  0.000000000000
  0.708015267176  0.023899121350  0.016508772427 -0.216486207482 -0.000000000000  0.082134870202 -0.000000000000 -0.000779932158  0.015890789796 -0.011377035093 -0.000000000000  0.082134870202 -0.000000000000
  0.713740458015 -0.015675244741 -0.325463624116 -0.274665588404 -0.000000000000  0.116992320376 -0.000000000000  0.022647130128  0.005959693477  0.041006143321 -0.000000000000  0.116992320376  0.000000000000
  0.719465648855  0.034577169204 -0.259251082966  0.423885398965 -0.000000000000  0.054870619827 -0.000000000000  0.081471022048  0.003409232876 -0.015994302629  0.000000000000  0.054870619827  0.000000000000
  0.725190839695 -0.023307670290  0.009666680003 -0.118151783169 -0.000000000000  0.033747593461 -0.000000000000 -0.078758424367 -0.001480317697 -0.101145256481  0.000000000000  0.033747593461  0.000000000000
  0.730916030534  0.002118589395  0.157772280881 -0.441638399203 -0.000000000000  0.103956956521 -0.000000000000  0.116973136258  0.011086384563 -0.050659554395 -0.000000000000  0.103956956521 -0.000000000000
  0.736641221374 -0.045641138691  0.110251493604  0.531910180653  0.000000000000  0.007711202414  0.000000000000  0.030457698192 -0.008848675759 -0.116419703959 -0.000000000000  0.007711202414 -0.000000000000
  0.742366412214 -0.029961319474 -0.186359321789 -0.284784884120  0.000000000000  0.069903298659  0.000000000000 -0.015531239480  0.011876598596  0.103893957571  0.000000000000  0.069903298659  0.000000000000
  0.748091603053 -0.015943088489 -0.045495827199 -0.121294486388  0.000000000000  0.040456996337  0.000000000000  0.102727147037  0.009333087529  0.061932312799  0.000000000000  0.040456996337 -0.000000000000
  0.753816793893 -0.003193111921  0.037320895359  0.608612092220  0.000000000000  0.039554680446  0.000000000000  0.007019022647  0.007747632510  0.130920006779  0.000000000000  0.039554680446 -0.000000000000
  0.759541984733  0.023496396010  0.099218567520 -0.169213087194  0.000000000000  0.055571975279  0.000000000000 -0.065836088416  0.006926635779 -0.061614737320 -0.000000000000  0.055571975279 -0.000000000000
  0.765267175573 -0.015965497382 -0.086164225785 -0.141694592140 -0.000000000000  0.119946795527 -0.000000000000  0.037173531524  0.000052195311 -0.002965691117 -0.000000000000  0.119946795527  0.000000000000
  0.770992366412  0.023852522115 -0.103254257704  0.310325649744  0.000000000000  0.058588770099 -0.000000000000 -0.031553604135 -0.003868820820  0.072346920161 -0.000000000000  0.058588770099 -0.000000000000
  0.776717557252  0.005004872760 -0.191357398584  0.317865378817 -0.000000000000  0.083058864401 -0.000000000000 -0.055346144266 -0.001249297447 -0.006384856987 -0.000000000000  0.083058864401  0.000000000000
  0.782442748092  0.028394352401 -0.177646739970 -0.354980996810 -0.000000000000  0.033444075297 -0.000000000000 -0.116537524038  0.010017994656  0.099144766273 -0.000000000000  0.033444075297 -0.000000000000
  0.788167938931  0.035654652185 -0.386308275016 -0.119498298815  0.000000000000  0.047014705492  0.000000000000  0.046490749180 -0.000270250934  0.047006458906  0.000000000000  0.047014705492 -0.000000000000
  0.793893129771  0.042735579497 -0.102451723965  0.312426756909 -0.000000000000  0.019748349489 -0.000000000000 -0.071221100810 -0.003765544780 -0.070704001438 -0.000000000000  0.019748349489  0.000000000000
  0.799618320611  0.015241335888  0.127157832374 -0.163733340006  0.000000000000  0.167061047814  0.000000000000 -0.029769243404 -0.000927530418 -0.024343168580  0.000000000000  0.167061047814 -0.000000000000
  0.805343511450  0.031355382781  0.220398577472  0.053472349365 -0.000000000000  0.036716563346 -0.000000000000 -0.035031735656  0.010088037645 -0.032590820282 -0.000000000000  0.036716563346  0.000000000000
  0.811068702290  0.001829695583  0.007139374175 -0.684394116472  0.000000000000  0.126534612708 -0.000000000000 -0.019663405646  0.011881693593 -0.050784037610 -0.000000000000  0.126534612708 -0.000000000000
  0.816793893130  0.011031608343 -0.013794574380 -0.060178868287 -0.000000000000  0.126052592289 -0.000000000000  0.166696422619 -0.001847333187 -0.105013978906  0.000000000000  0.126052592289  0.000000000000
  0.822519083969 -0.032907449547 -0.259364777517  0.113936184896  0.000000000000  0.129948380026  0.000000000000  0.016285140105  0.001048747675 -0.043284231478  0.000000000000  0.129948380026  0.000000000000
  0.828244274809 -0.004813091604 -0.313547686004  0.375390470535 -0.000000000000  0.066122937378  0.000000000000  0.126443039992  0.012907967733  0.029655932924  0.000000000000  0.066122937378  0.000000000000
  0.833969465649 -0.028727556673 -0.153461588997  0.867530841193  0.000000000000  0.077465698495  0.000000000000 -0.122735420765  0.003696655044 -0.080244360734  0.000000000000  0.077465698495 -0.000000000000
  0.839694656489 -0.025984255493 -0.103847143464 -0.282376646669  0.000000000000  0.151627571326  0.000000000000 -0.127323995923  0.005849156376  0.039539690107  0.000000000000  0.151627571326 -0.000000000000
  0.845419847328 -0.021486681100  0.024232239112 -0.096886271018 -0.000000000000  0.095490126046 -0.000000000000 -0.062534513533  0.000191455071 -0.044225757915 -0.000000000000  0.095490126046 -0.000000000000
  0.851145038168 -0.040518114888 -0.131762293639 -0.617188644646 -0.000000000000  0.038565264652 -0.000000000000 -0.066024365270  0.001035420252 -0.082872867078 -0.000000000000  0.038565264652  0.000000000000
  0.856870229008 -0.045495283029 -0.153855418563 -0.504250994910  0.000000000000  0.122503394036  0.000000000000  0.144641279061  0.004424959759  0.034300923829  0.000000000000  0.122503394036 -0.000000000000
  0.862595419847 -0.031705552670 -0.042272011810  0.416167528129 -0.000000000000  0.010837210245 -0.000000000000  0.090072871066 -0.003730999088  0.021358501159  0.000000000000  0.010837210245  0.000000000000
  0.868320610687 -0.033895216405 -0.045148767478  0.685422133133 -0.000000000000  0.042950948173 -0.000000000000  0.018395487015  0.013739803428  0.096952168815 -0.000000000000  0.042950948173 -0.000000000000
  0.874045801527  0.001438917457 -0.045489527551 -0.014078135524 -0.000000000000  0.016520346708 -0.000000000000 -0.122494943026 -0.009922786035  0.084925441491  0.000000000000  0.016520346708  0.000000000000
  0.879770992366 -0.007223419498  0.098860248690 -0.305071579113 -0.000000000000  0.052827528512  0.000000000000  0.008078820251  0.019497509134 -0.058626959303  0.000000000000  0.052827528512  0.000000000000
  0.885496183206 -0.011143904644 -0.125727126528  0.163529423653 -0.000000000000  0.178684496551 -0.000000000000 -0.041480083634  0.000186180678  0.028613364366 -0.000000000000  0.178684496551  0.000000000000
  0.891221374046 -0.003906830005  0.056468727960 -0.356229312179  0.000000000000  0.076430854550  0.000000000000 -0.016051745533  0.004537455325 -0.096337058187  0.000000000000  0.076430854550  0.000000000000
  0.896946564885 -0.038448658619  0.058349109288  0.551148933356 -0.000000000000  0.126826998044 -0.000000000000  0.036227729974 -0.000959355061  0.001824607513 -0.000000000000  0.126826998044  0.000000000000
  0.902671755725 -0.006042967828  0.098952656624  0.315614704409  0.000000000000  0.097429885591  0.000000000000 -0.178582283129  0.001628566917  0.020249964469 -0.000000000000  0.097429885591 -0.000000000000
  0.908396946565 -0.035209536323  0.151342798389 -0.248528684972  0.000000000000  0.098040812083  0.000000000000 -0.067837777670  0.006297733528 -0.061270828572 -0.000000000000  0.098040812083 -0.000000000000
  0.914122137405 -0.025075646217  0.076360553309  0.081479233035  0.000000000000  0.178779891865 -0.000000000000 -0.124323366266 -0.001682701818 -0.078001156192 -0.000000000000  0.178779891865 -0.000000000000
  0.919847328244 -0.054010715595  0.117903146324  0.003062802004 -0.000000000000  0.089286505078 -0.000000000000 -0.081088995599 -0.011859661261  0.148048906871 -0.000000000000  0.089286505078 -0.000000000000
  0.925572519084  0.020544532463 -0.271634943813 -0.795292808284 -0.000000000000  0.124922888715 -0.000000000000 -0.095864086184  0.006728328214  0.123132898648 -0.000000000000  0.124922888715 -0.000000000000
  0.931297709924 -0.011553832763 -0.014075088653 -0.539532548323  0.000000000000  0.014822556340  0.000000000000  0.178406162124 -0.002839529760  0.023674785982  0.000000000000  0.014822556340  0.000000000000
  0.937022900763  0.033121789464 -0.043033038606  0.235377080661  0.000000000000  0.215055261870  0.000000000000  0.082915782887  0.006528357616  0.018765497589  0.000000000000  0.215055261870  0.000000000000
  0.942748091603 -0.008043111632 -0.000598120266  0.256264738171 -0.000000000000  0.222948461488 -0.000000000000  0.124663693513 -0.002165787814 -0.092600960253 -0.000000000000  0.222948461488  0.000000000000
  0.948473282443  0.007127045889  0.028284734066 -0.256503573907 -0.000000000000  0.212327681789 -0.000000000000  0.012996668548 -0.006489659927  0.021931619675 -0.000000000000  0.212327681789 -0.000000000000
  0.954198473282 -0.007718989914 -0.132381058093 -0.692711958076  0.000000000000  0.040542933777  0.000000000000  0.214916688167  0.002653939900 -0.065160262244  0.000000000000  0.040542933777  0.000000000000
  0.959923664122 -0.013053923305  0.112166520605  0.010344253744  0.000000000000  0.080735235061  0.000000000000  0.222565971268 -0.006725667277 -0.039937677575  0.000000000000  0.080735235061 -0.000000000000
  0.965648854962 -0.021206825202 -0.088958948960  0.579481446368 -0.000000000000  0.088850851252 -0.000000000000  0.211265981688  0.001612079286  0.015078794507 -0.000000000000  0.088850851252  0.000000000000
  0.971374045802 -0.009286863136  0.013174355822  0.399248892932 -0.000000000000  0.009974261122  0.000000000000  0.039464967405  0.011264195767  0.025213759892  0.000000000000  0.009974261122  0.000000000000
  0.977099236641 -0.013852271794  0.225921836587 -0.277024459761  0.000000000000  0.019475711484  0.000000000000  0.079537995615 -0.001027737719 -0.022462752371  0.000000000000  0.019475711484 -0.000000000000
  0.982824427481 -0.014209125743 -0.137605857828  0.257920495849 -0.000000000000  0.000000000000  0.000000000000  0.087707323034  0.002679314615  0.012141222501  0.000000000000  0.000000000000  0.000000000000
  0.988549618321 -0.009972970658  0.062944518263  0.330731338176 -0.000000000000  0.269227469729 -0.000000000000  0.000160440549 -0.020016571630  0.018563953449 -0.000000000000  0.269227469729  0.000000000000
  0.994274809160 -0.007424623453  0.036266394141 -0.116824162008 -0.000000000000  0.109734483759 -0.000000000000 -0.018004952219 -0.041353406712  0.017059079834 -0.000000000000  0.109734483759  0.000000000000
  1.000000000000  0.000000000000 -0.040869627252  0.131133309718  0.000000000000  0.058775378273  0.000000000000  0.000000000000 -0.003868938973  0.080205094303  0.000000000000  0.058775378273  0.000000000000
