       0.200      -0.004       0.049       0.445      -0.009
       0.206       0.223       0.269       0.369      -0.008
       0.212       0.406       0.446       0.202      -0.004
       0.219       0.476       0.479      -0.011       0.000
       0.225       0.418       0.419      -0.199       0.004
       0.231       0.283       0.243      -0.359       0.007
       0.237       0.047       0.007      -0.390       0.007
       0.244      -0.151      -0.198      -0.343       0.006
       0.250      -0.327      -0.377      -0.188       0.003
       0.256      -0.391      -0.401       0.019      -0.000
       0.262      -0.328      -0.342       0.191      -0.003
       0.269      -0.205      -0.168       0.341      -0.006
       0.275       0.021       0.060       0.339      -0.005
       0.281       0.183       0.225       0.266      -0.004
       0.287       0.311       0.364       0.099      -0.001
       0.294       0.331       0.330      -0.111       0.002
       0.300       0.215       0.222      -0.236       0.004
       0.306       0.084       0.042      -0.335       0.005
       0.312      -0.128      -0.178      -0.267       0.004
       0.319      -0.242      -0.271      -0.136       0.002
       0.325      -0.283      -0.331       0.030      -0.000
       0.331      -0.246      -0.223       0.225      -0.003
       0.337      -0.068      -0.053       0.267      -0.004
       0.344       0.057       0.101       0.276      -0.004
       0.350       0.216       0.279       0.146      -0.002
       0.356       0.265       0.268      -0.041       0.001
       0.362       0.192       0.220      -0.156       0.002
       0.369       0.113       0.070      -0.288       0.004
       0.375      -0.089      -0.135      -0.228       0.003
       0.381      -0.179      -0.205      -0.128       0.002
       0.387      -0.227      -0.285       0.012      -0.000
       0.394      -0.212      -0.181       0.205      -0.002
       0.400      -0.039      -0.027       0.218      -0.003
       0.406       0.047       0.089       0.234      -0.003
       0.412       0.191       0.259       0.108      -0.001
       0.419       0.227       0.214      -0.075       0.001
       0.425       0.133       0.159      -0.144       0.002
       0.431       0.079       0.030      -0.264       0.003
       0.437      -0.114      -0.170      -0.175       0.002
       0.444      -0.173      -0.182      -0.058       0.001
       0.450      -0.179      -0.237       0.045      -0.001
       0.456      -0.167      -0.119       0.229      -0.002
       0.462       0.025       0.053       0.185      -0.002
       0.469       0.080       0.110       0.164      -0.002
       0.475       0.180       0.255       0.048      -0.000
       0.481       0.201       0.163      -0.148       0.001
       0.487       0.056       0.064      -0.149       0.001
       0.494       0.023      -0.025      -0.228       0.002
       0.500      -0.147      -0.221      -0.114       0.001
       0.506      -0.184      -0.163       0.046      -0.000
       0.512      -0.114      -0.159       0.086      -0.001
       0.519      -0.110      -0.050       0.245      -0.002
       0.525       0.094       0.151       0.145      -0.001
       0.531       0.128       0.129       0.056      -0.000
       0.537       0.147       0.219      -0.017       0.000
       0.544       0.166       0.102      -0.221       0.002
       0.550      -0.035      -0.063      -0.143       0.001
       0.556      -0.052      -0.077      -0.142       0.001
       0.562      -0.154      -0.242      -0.044       0.000
       0.569      -0.186      -0.127       0.168      -0.001
       0.575      -0.020      -0.026       0.116      -0.001
       0.581      -0.027       0.022       0.204      -0.002
       0.587       0.143       0.234       0.087      -0.001
       0.594       0.174       0.127      -0.099       0.001
       0.600       0.065       0.104      -0.077       0.001
       0.606       0.093       0.026      -0.239       0.002
       0.612      -0.121      -0.204      -0.110       0.001
       0.619      -0.141      -0.111       0.030      -0.000
       0.625      -0.096      -0.163       0.037      -0.000
       0.631      -0.139      -0.059       0.253      -0.002
       0.637       0.097       0.166       0.116      -0.001
       0.644       0.100       0.088       0.029      -0.000
       0.650       0.114       0.203      -0.003       0.000
       0.656       0.166       0.079      -0.256       0.002
       0.662      -0.077      -0.134      -0.112       0.001
       0.669      -0.064      -0.066      -0.071       0.000
       0.675      -0.123      -0.227      -0.019       0.000
       0.681      -0.180      -0.087       0.261      -0.002
       0.688       0.069       0.122       0.106      -0.001
       0.694       0.045       0.053       0.086      -0.000
       0.700       0.123       0.239       0.029      -0.000
       0.706       0.186       0.087      -0.279       0.002
       0.712      -0.079      -0.143      -0.104       0.001
       0.719      -0.053      -0.052      -0.063       0.000
       0.725      -0.112      -0.230      -0.023       0.000
       0.731      -0.185      -0.079       0.315      -0.002
       0.737       0.109       0.211       0.108      -0.001
       0.744       0.098       0.067      -0.033       0.000
       0.750       0.073       0.166      -0.005       0.000
       0.756       0.156       0.057      -0.332       0.002
       0.762      -0.150      -0.318      -0.109       0.000
       0.769      -0.185      -0.095       0.247      -0.001
       0.775       0.030       0.047       0.068      -0.000
       0.781      -0.030       0.005       0.169      -0.001
       0.787       0.129       0.309       0.062      -0.000
       0.794       0.224       0.093      -0.470       0.002
       0.800      -0.183      -0.433      -0.138       0.000
       0.806      -0.249      -0.115       0.470      -0.002
       0.812       0.138       0.333       0.124      -0.000
       0.819       0.163       0.080      -0.300       0.001
       0.825      -0.071      -0.175      -0.072       0.000
       0.831      -0.074      -0.038       0.137      -0.000
       0.838       0.026       0.067       0.029      -0.000
       0.844       0.024       0.013      -0.046       0.000
       0.850      -0.007      -0.019      -0.009       0.000
       0.856      -0.006      -0.003       0.012      -0.000
       0.863       0.001       0.004       0.002      -0.000
       0.869       0.001       0.001      -0.002       0.000
       0.875      -0.000      -0.001      -0.000       0.000
       0.881      -0.000      -0.000       0.000      -0.000
       0.888       0.000       0.000       0.000      -0.000
       0.894       0.000       0.000      -0.000       0.000
       0.900      -0.000      -0.000      -0.000       0.000
       0.906      -0.000      -0.000       0.000      -0.000
       0.913       0.000       0.000       0.000      -0.000
       0.919       0.000       0.000      -0.000       0.000
       0.925      -0.000      -0.000      -0.000       0.000
       0.931      -0.000      -0.000       0.000      -0.000
       0.938      -0.000       0.000      -0.000      -0.000
       0.944       0.000       0.000       0.000      -0.000
       0.950      -0.000      -0.000       0.000       0.000
       0.956       0.000      -0.000      -0.000      -0.000
       0.963      -0.000       0.000      -0.000      -0.000
       0.969      -0.000       0.000       0.000      -0.000
       0.975      -0.000       0.000       0.000       0.000
       0.981      -0.000       0.000       0.000       0.000
       0.988      -0.000      -0.000       0.000       0.000
       0.994      -0.000       0.000      -0.000       0.000
       1.000      -0.000      -0.000       0.000       0.000
