             Rad         v_r[Re]         v_t[Re]         v_x[Re]         p[Re]          p_mg[Re]  p_no_phase[Re]         v_r[Im]         v_t[Im]         v_x[Im]         p[Im]          p_mg[Im]  p_no_phase[Im]
  0.000000000000 -0.111424062765  0.000000000000  0.072922649994 -0.020305297339  0.060794451454  0.032762900735 -0.153535506735  0.000000000000  0.100139454816 -0.031237778407  0.060794451454 -0.017739679684
  0.015873015873 -0.158338773388  0.181532676892 -0.057360070538  0.015767285630  0.389664440854 -0.029597889908 -0.226005875182 -0.119074148876 -0.091606551048  0.028426998242  0.389664440854  0.013441221603
  0.031746031746 -0.168849239213  0.353007397851 -0.232822134439  0.064243348302  0.448478675156 -0.115561869881 -0.260538376844 -0.241333203138 -0.356480716966  0.110774900854  0.448478675156  0.055170106850
  0.047619047619 -0.057060794243  0.407895394756 -0.382579219074  0.105061970609  0.141125847131 -0.199326764952 -0.020976917979 -0.264823701910 -0.617420780926  0.191531560514  0.141125847131  0.089393495932
  0.063492063492  0.197580678014  0.197480616905 -0.345545372276  0.097394385749  0.185500764295 -0.133227250172  0.335857487845 -0.177727395812 -0.400642855933  0.125834996329  0.185500764295  0.087009266680
  0.079365079365  0.284953663410 -0.023948753422 -0.003323006784  0.001947249393  0.349277574114  0.017621145265  0.346315653384 -0.000829678734  0.059557219388 -0.017834242057  0.349277574114  0.003368561931
  0.095238095238  0.090100472641 -0.099223357653  0.207226078856 -0.057442901864  0.163796274886  0.097950283474  0.108620484064  0.071484178399  0.300829042330 -0.093652721194  0.163796274886 -0.049762045065
  0.111111111111 -0.067199888363 -0.079175100481  0.171496768005 -0.047050413708  0.303070177435  0.090195832056 -0.172900863382  0.050893356699  0.279601513243 -0.086707862678  0.303070177435 -0.039958813298
  0.126984126984 -0.167050144954  0.012032913451  0.080701794074 -0.024974532727  0.248517618649 -0.010559210949 -0.306739421740  0.020013189618 -0.046231433643  0.012598751387  0.248517618649 -0.025902874079
  0.142857142857 -0.162570981502  0.074747998177 -0.148198663359  0.039120456281  0.137007387513 -0.106710022395 -0.019997390835 -0.034660786992 -0.338120832410  0.103912020223  0.137007387513  0.030677176642
  0.158730158730  0.115759176519  0.017625287095 -0.242127574531  0.071239440050  0.150240433014 -0.037354236920  0.280091673390 -0.049017840907 -0.092877958092  0.031753692261  0.150240433014  0.068469086273
  0.174603174603  0.231687344064 -0.040694064543  0.070499278763 -0.017597127201  0.057569932653  0.069705316911  0.089899840820  0.013735420286  0.224391568398 -0.068516594513  0.057569932653 -0.012056176995
  0.190476190476 -0.044828721257 -0.015278874361  0.215370673928 -0.063156071287  0.040206438800  0.037170490213 -0.129465864163  0.036380913932  0.095845433039 -0.032218478858  0.040206438800 -0.060374451365
  0.206349206349 -0.137183971128  0.005402211284 -0.013310810081  0.003435872019  0.209771244607 -0.011039973535 -0.061259658649 -0.002171173991 -0.035251965358  0.010799599622  0.209771244607  0.002560381396
  0.222222222222 -0.000945265971  0.004406581590 -0.055180313666  0.016064473923  0.198367746073 -0.011708039002 -0.057562171761 -0.008011779809 -0.031884979574  0.010455691629  0.198367746073  0.015175988686
  0.238095238095 -0.039948454276  0.020031828915 -0.012773457046  0.001447295576  0.272817371738 -0.045193198202  0.004547386276 -0.002133755051 -0.149894802745  0.045222459282  0.272817371738 -0.002177228573
  0.253968253968  0.024084790800  0.002718912322 -0.134906607677  0.040126723595  0.255551843840 -0.012692990901  0.208384015501 -0.016997420902 -0.024510409148  0.009511525399  0.255551843840  0.039236603369
  0.269841269841  0.196807892704 -0.031356389898  0.026419698217 -0.003695285431  0.228082848540  0.080348235146  0.024827727478  0.003784284555  0.265998553289 -0.080310144061  0.228082848540  0.002745083322
  0.285714285714 -0.040953980650 -0.003100461820  0.255883544171 -0.076322140134  0.193484028908  0.020111285055 -0.269725953128  0.028626268688  0.033192018905 -0.014047072627  0.193484028908 -0.074952822078
  0.301587301587 -0.255372343547  0.028728693908 -0.043780895146  0.008802163907  0.107119032898 -0.083048714912 -0.009576588214 -0.005235951851 -0.272732224450  0.082609215630  0.107119032898  0.002161376387
  0.317460317460  0.058934226377 -0.000875097995 -0.252146200126  0.075782764481  0.077148373088 -0.009056382660  0.220337338551 -0.025310826890  0.003392316668  0.002999896569  0.077148373088  0.075299460191
  0.333333333333  0.190693088852 -0.015976389046  0.064293168042 -0.016625218905  0.115857352762  0.052773834987 -0.032744698907  0.006488277159  0.168424252387 -0.051608655243  0.115857352762 -0.012440801436
  0.349206349206 -0.071275605907  0.005158037988  0.128889471056 -0.039567451124  0.156234168474 -0.010887115728 -0.079964212068  0.011661628073 -0.053785783598  0.014099577797  0.156234168474 -0.040569101465
  0.365079365079 -0.035321074917 -0.000680318334 -0.074251752529  0.022399710851  0.237963351280 -0.001109281906  0.068587849776 -0.006471678404  0.006224220019 -0.000685927884  0.237963351280  0.022382739710
  0.380952380952  0.065353626936 -0.006703106807  0.055684427434 -0.015428545981  0.258002933666  0.026453954979 -0.095665195528  0.004802979914  0.081284304052 -0.025300144533  0.258002933666 -0.013353861256
  0.396825396825 -0.139321947024  0.014680538417  0.059884500051 -0.020878155257  0.281654419819 -0.051711490131 -0.070700144810  0.004502636179 -0.181493107509  0.053554552059  0.281654419819 -0.025097991983
  0.412698412698 -0.034789459612  0.004689462149 -0.218726370652  0.064650244403  0.265702399149 -0.028208351582  0.235406563316 -0.017000625775 -0.065331454299  0.023107501926  0.265702399149  0.062593127799
  0.428571428571  0.255875365322 -0.021281955290 -0.019273480698  0.010342463200  0.221738834513  0.084404555735  0.033065256721 -0.000984886444  0.285726178489 -0.085506806452  0.221738834513  0.017153759525
  0.444444444444 -0.013477687865 -0.000369107536  0.289317638670 -0.086713267704  0.180830732800  0.014906585406 -0.281331768795  0.020767328255  0.011254032876 -0.007991171697  0.180830732800 -0.085795357290
  0.460317460317 -0.264299681516  0.018990147667 -0.034282501210  0.005914002090  0.105125556653 -0.083332460448  0.027266156019 -0.002775954670 -0.274956315360  0.083125804810  0.105125556653 -0.000758868728
  0.476190476190  0.061219907662 -0.003979987836 -0.238034435413  0.072357946775  0.100305557357  0.006721539919  0.213120232820 -0.015857117831  0.054430987609 -0.012553792037  0.100305557357  0.073130643763
  0.492063492063  0.161930832121 -0.009734408030  0.078645560675 -0.021198694798  0.148326118661  0.048429222608 -0.080487014690  0.005302482103  0.151927368843 -0.046882789583  0.148326118661 -0.017377888762
  0.507936507937 -0.088154404790  0.006329638240  0.087743768574 -0.027930657744  0.188407965867 -0.026010663959 -0.057272886933  0.005375306048 -0.099008300595  0.028337333087  0.188407965867 -0.030109324949
  0.523809523810  0.007197517468 -0.002202275794 -0.094457828617  0.028914135103  0.258998685241  0.006421969775  0.100046991854 -0.005704262847  0.034195100649 -0.008764556592  0.258998685241  0.029522922708
  0.539682539683  0.082556808080 -0.005812927757  0.097868675660 -0.027792034890  0.267192092861  0.033861124858 -0.123227476306  0.005905878336  0.100482250313 -0.031738324803  0.267192092861 -0.025162326761
  0.555555555556 -0.172399872607  0.012006708686  0.075087445063 -0.025861430376  0.282980888411 -0.058908963484 -0.075998983725  0.004056758810 -0.207674161275  0.061175370935  0.282980888411 -0.030675293176
  0.571428571429 -0.047191564896  0.002954344199 -0.242175738199  0.071808623117  0.256820304048 -0.026981045891  0.254663062023 -0.013577767417 -0.058073461905  0.021301400691  0.256820304048  0.069873107760
  0.587301587302  0.266485679278 -0.016173444434 -0.029571789447  0.013620881628  0.201448802728  0.087462117760  0.019416416431 -0.001264316249  0.297362493439 -0.088837480562  0.201448802728  0.020688265414
  0.603174603175 -0.002434908146  0.000755019090  0.287566478560 -0.086497647738  0.163835872576  0.009032674360 -0.282970412637  0.015187976055 -0.008216113528 -0.002115666657  0.163835872576 -0.086050740284
  0.619047619048 -0.253091974570  0.013678569397 -0.022526372968  0.002524068982  0.074543671899 -0.080228486930  0.043601846060 -0.001449213687 -0.266118324285  0.080284063427  0.074543671899 -0.003910453879
  0.634920634921  0.046112813469 -0.003642916470 -0.218158254826  0.066603957867  0.090589492594  0.011546723429  0.196100047309 -0.010880620204  0.067955356238 -0.016932441727  0.090589492594  0.067745612142
  0.650793650794  0.140179040738 -0.006120389823  0.061039652548 -0.016320340346  0.163774733499  0.040070173263 -0.084805835180  0.003120290733  0.126244161781 -0.038888581233  0.163774733499 -0.013155093081
  0.666666666667 -0.068618368520  0.004607301950  0.064494851718 -0.020884222832  0.183973775872 -0.025743090726 -0.029125221404  0.002987889400 -0.094996688288  0.027503043353  0.183973775872 -0.023018719270
  0.682539682540  0.025026458869 -0.003126397608 -0.074351606599  0.023372427195  0.271454892716  0.016518932500  0.087063956520 -0.003407943116  0.065373437960 -0.018449003181  0.271454892716  0.024774199088
  0.698412698413  0.065899901091 -0.003517026004  0.110661871568 -0.031970393659  0.256369042191  0.028085794182 -0.149931205453  0.005127208869  0.079394702080 -0.025608864515  0.256369042191 -0.029817917058
  0.714285714286 -0.176528113437  0.010339771659  0.063153036155 -0.022638686439  0.275994328511 -0.066148521941 -0.051809027931  0.002601290008 -0.230361561497  0.068179436303  0.275994328511 -0.028023538379
  0.730158730159 -0.044893626350  0.001141021034 -0.238618340539  0.071168938927  0.241776311198 -0.018820255846  0.267716867404 -0.010445983989 -0.031173651853  0.013165708758  0.241776311198  0.069886706354
  0.746031746032  0.256357101111 -0.012884632871 -0.037479778067  0.016050105999  0.168976255701  0.088159478521 -0.002474369436 -0.001330137341  0.300761081357 -0.089732162065  0.168976255701  0.023181310541
  0.761904761905  0.017778920417  0.001299675944  0.271878500837 -0.082058664896  0.145491269337  0.003306077389 -0.275421094615  0.011352357103 -0.025325352260  0.003272898210  0.145491269337 -0.082057334831
  0.777777777778 -0.236639719538  0.010124625174  0.009492959635 -0.006785242125  0.023811450259 -0.073203182086  0.049572449945  0.000175494421 -0.246839877937  0.073983715551  0.023811450259 -0.012685574875
  0.793650793651  0.005511683846 -0.002718107090 -0.201341643679  0.061481107028  0.056445987554  0.010867610948  0.168886341460 -0.008032914744  0.063424745085 -0.015839758945  0.056445987554  0.062551734725
  0.809523809524  0.128598792298 -0.003518406516  0.013368162257 -0.002586331754  0.188862480307  0.027253729230 -0.068044544769  0.000600901216  0.089635164707 -0.027133771333  0.188862480307 -0.000406080958
  0.825396825397 -0.021990948104  0.002620631242  0.057551353792 -0.018346936492  0.163669098100 -0.017568243487  0.009131449225  0.002168258307 -0.066643210310  0.019098126331  0.163669098100 -0.019816794109
  0.841269841270  0.024034235752 -0.004074802438 -0.030798394903  0.010953522671  0.290515457129  0.030634201592  0.051073525655 -0.001081468498  0.106891101584 -0.031612427059  0.290515457129  0.013448825089
  0.857142857143  0.034886467932 -0.001259653297  0.103255582061 -0.030436823205  0.242201653960  0.014869606169 -0.185612420983  0.003868266204  0.036051515006 -0.012473282875  0.242201653960 -0.029340719229
  0.873015873016 -0.163406088394  0.009572457358  0.046459887201 -0.018116419769  0.273838986500 -0.076003926068 -0.009274909635  0.001495055297 -0.261186717110  0.077703411631  0.273838986500 -0.024278139685
  0.888888888889 -0.048272283744 -0.000552172134 -0.221687101818  0.066751540383  0.235446813077 -0.005656528227  0.286476905619 -0.007941749617  0.010717759668  0.000314338596  0.235446813077  0.066512184152
  0.904761904762  0.239712259726 -0.010867060838 -0.061688127764  0.023422489661  0.145895449008  0.089095659504 -0.034636306351 -0.001944931468  0.307144122543 -0.091263386813  0.145895449008  0.030652605961
  0.920634920635  0.060869282363  0.001855579067  0.257022537858 -0.077960916801  0.144044921025 -0.004095862862 -0.266988241299  0.008863983799 -0.048166161672  0.010369601991  0.144044921025 -0.078540798960
  0.936507936508 -0.228492768496  0.007602211821  0.070720712150 -0.024775979498  0.080307543211 -0.063311003001  0.056800145536  0.002247729420 -0.221856412626  0.065504415567  0.080307543211 -0.029939848328
  0.952380952381 -0.063654695295 -0.001992949937 -0.200281255088  0.061033400306  0.000000000000  0.008492845134  0.131276661323 -0.006664333561  0.055316293378 -0.013421395842  0.000000000000  0.061911884164
  0.968253968254  0.137209080750 -0.001255346686 -0.061529803350  0.019066688210  0.000000000000  0.008522996041 -0.043847547627 -0.002000045006  0.036832784210 -0.010081559506  0.000000000000  0.019812495549
  0.984126984127  0.043930628801  0.000900212811  0.074737357159 -0.022864169007  0.217100819230 -0.004830485891  0.067226492915  0.002402843699 -0.026214887212  0.006682114502  0.217100819230 -0.023325678654
  1.000000000000  0.000000000000 -0.005483843167  0.023108140060 -0.004190520434  0.427616578110  0.052351359387  0.000000000000  0.000852694759  0.172523417153 -0.052183372525  0.427616578110 -0.000000000000
