             Rad         v_r[Re]         v_t[Re]         v_x[Re]         p[Re]          p_mg[Re]  p_no_phase[Re]         v_r[Im]         v_t[Im]         v_x[Im]         p[Im]          p_mg[Im]  p_no_phase[Im]
  0.000000000000  0.000000000000  0.000000000000 -0.000000000000 -0.000000000000  0.000000000001 -0.000000000000 -0.000000000000  0.000000000000  0.000000000000  0.000000000000  0.000000000001  0.000000000000
  0.003921568627  0.000000000000  0.000000000000 -0.000000000000  0.000000000000  0.000000000001 -0.000000000000 -0.000000000000  0.000000000000  0.000000000000  0.000000000000  0.000000000001  0.000000000000
  0.007843137255  0.000000000001  0.000000000000  0.000000000000 -0.000000000000  0.000000000001  0.000000000000 -0.000000000000  0.000000000001 -0.000000000000 -0.000000000000  0.000000000001 -0.000000000000
  0.011764705882  0.000000000001  0.000000000000 -0.000000000000 -0.000000000000  0.000000000002  0.000000000000 -0.000000000000  0.000000000001 -0.000000000000 -0.000000000000  0.000000000002 -0.000000000000
  0.015686274510  0.000000000001  0.000000000000 -0.000000000000 -0.000000000000  0.000000000002  0.000000000000 -0.000000000000  0.000000000001 -0.000000000000 -0.000000000000  0.000000000002 -0.000000000000
  0.019607843137  0.000000000001  0.000000000000 -0.000000000000 -0.000000000000  0.000000000002  0.000000000000 -0.000000000000  0.000000000001 -0.000000000000 -0.000000000000  0.000000000002 -0.000000000000
  0.023529411765  0.000000000002  0.000000000000 -0.000000000000 -0.000000000000  0.000000000002  0.000000000000 -0.000000000000  0.000000000001 -0.000000000000 -0.000000000000  0.000000000002 -0.000000000000
  0.027450980392  0.000000000002  0.000000000000  0.000000000000 -0.000000000000  0.000000000002  0.000000000000 -0.000000000000  0.000000000002 -0.000000000000 -0.000000000000  0.000000000002 -0.000000000000
  0.031372549020  0.000000000002  0.000000000000 -0.000000000000 -0.000000000000  0.000000000002  0.000000000000 -0.000000000000  0.000000000002 -0.000000000000 -0.000000000000  0.000000000002 -0.000000000000
  0.035294117647  0.000000000002  0.000000000000 -0.000000000000 -0.000000000000  0.000000000003  0.000000000000 -0.000000000000  0.000000000002 -0.000000000000 -0.000000000000  0.000000000003 -0.000000000000
  0.039215686275  0.000000000002  0.000000000000  0.000000000000 -0.000000000000  0.000000000003  0.000000000000 -0.000000000000  0.000000000002 -0.000000000000 -0.000000000000  0.000000000003 -0.000000000000
  0.043137254902  0.000000000002  0.000000000000 -0.000000000000 -0.000000000000  0.000000000003  0.000000000000 -0.000000000000  0.000000000002 -0.000000000000 -0.000000000000  0.000000000003 -0.000000000000
  0.047058823529  0.000000000003  0.000000000000  0.000000000000 -0.000000000000  0.000000000003  0.000000000000 -0.000000000000  0.000000000002 -0.000000000000 -0.000000000000  0.000000000003 -0.000000000000
  0.050980392157  0.000000000003  0.000000000000 -0.000000000000 -0.000000000000  0.000000000003  0.000000000000 -0.000000000000  0.000000000003 -0.000000000000 -0.000000000000  0.000000000003 -0.000000000000
  0.054901960784  0.000000000003  0.000000000000 -0.000000000000 -0.000000000000  0.000000000003  0.000000000000 -0.000000000000  0.000000000003 -0.000000000000 -0.000000000000  0.000000000003 -0.000000000000
  0.058823529412  0.000000000003  0.000000000000 -0.000000000000 -0.000000000000  0.000000000004  0.000000000000 -0.000000000000  0.000000000003 -0.000000000000 -0.000000000000  0.000000000004 -0.000000000000
  0.062745098039  0.000000000003  0.000000000000 -0.000000000000 -0.000000000000  0.000000000004  0.000000000000 -0.000000000000  0.000000000003 -0.000000000000 -0.000000000000  0.000000000004 -0.000000000000
  0.066666666667  0.000000000003  0.000000000000  0.000000000000 -0.000000000000  0.000000000004  0.000000000000 -0.000000000000  0.000000000003  0.000000000000 -0.000000000000  0.000000000004 -0.000000000000
  0.070588235294  0.000000000004  0.000000000000  0.000000000000 -0.000000000000  0.000000000004  0.000000000000 -0.000000000000  0.000000000003  0.000000000000 -0.000000000000  0.000000000004 -0.000000000000
  0.074509803922  0.000000000004  0.000000000000  0.000000000000 -0.000000000000  0.000000000004  0.000000000000 -0.000000000000  0.000000000003  0.000000000000 -0.000000000000  0.000000000004 -0.000000000000
  0.078431372549  0.000000000004  0.000000000000  0.000000000000 -0.000000000000  0.000000000004  0.000000000000 -0.000000000000  0.000000000004  0.000000000000 -0.000000000000  0.000000000004 -0.000000000000
  0.082352941176  0.000000000004  0.000000000000  0.000000000000 -0.000000000000  0.000000000004  0.000000000000 -0.000000000000  0.000000000004  0.000000000000 -0.000000000000  0.000000000004 -0.000000000000
  0.086274509804  0.000000000004  0.000000000000  0.000000000000 -0.000000000000  0.000000000005  0.000000000000 -0.000000000000  0.000000000004  0.000000000000 -0.000000000000  0.000000000005 -0.000000000000
  0.090196078431  0.000000000004  0.000000000000  0.000000000000 -0.000000000000  0.000000000005  0.000000000000 -0.000000000000  0.000000000004  0.000000000001 -0.000000000000  0.000000000005 -0.000000000000
  0.094117647059  0.000000000004  0.000000000000  0.000000000000 -0.000000000000  0.000000000005  0.000000000000 -0.000000000000  0.000000000004  0.000000000001 -0.000000000000  0.000000000005 -0.000000000000
  0.098039215686  0.000000000005  0.000000000000  0.000000000000 -0.000000000000  0.000000000005  0.000000000000 -0.000000000000  0.000000000004  0.000000000001 -0.000000000000  0.000000000005 -0.000000000000
  0.101960784314  0.000000000005  0.000000000000  0.000000000000 -0.000000000000  0.000000000005  0.000000000000 -0.000000000001  0.000000000004  0.000000000001 -0.000000000000  0.000000000005 -0.000000000000
  0.105882352941  0.000000000005  0.000000000000  0.000000000000 -0.000000000000  0.000000000005  0.000000000000 -0.000000000001  0.000000000004  0.000000000001 -0.000000000000  0.000000000005 -0.000000000000
  0.109803921569  0.000000000005  0.000000000000  0.000000000000 -0.000000000000  0.000000000005  0.000000000000 -0.000000000001  0.000000000005  0.000000000001 -0.000000000000  0.000000000005 -0.000000000000
  0.113725490196  0.000000000005  0.000000000000  0.000000000000 -0.000000000000  0.000000000005  0.000000000000 -0.000000000001  0.000000000005  0.000000000001 -0.000000000000  0.000000000005 -0.000000000000
  0.117647058824  0.000000000005  0.000000000001  0.000000000000  0.000000000000  0.000000000005 -0.000000000000 -0.000000000001  0.000000000005  0.000000000001  0.000000000000  0.000000000005  0.000000000000
  0.121568627451  0.000000000005  0.000000000001  0.000000000000  0.000000000000  0.000000000006 -0.000000000000 -0.000000000001  0.000000000005  0.000000000000  0.000000000000  0.000000000006  0.000000000000
  0.125490196078  0.000000000005  0.000000000001  0.000000000000  0.000000000000  0.000000000006 -0.000000000000 -0.000000000001  0.000000000005  0.000000000000  0.000000000000  0.000000000006  0.000000000000
  0.129411764706  0.000000000005  0.000000000001  0.000000000000  0.000000000000  0.000000000006 -0.000000000000 -0.000000000001  0.000000000005  0.000000000000  0.000000000000  0.000000000006  0.000000000000
  0.133333333333  0.000000000006  0.000000000001  0.000000000000  0.000000000000  0.000000000006 -0.000000000000 -0.000000000001  0.000000000005  0.000000000000  0.000000000000  0.000000000006  0.000000000000
  0.137254901961  0.000000000006  0.000000000001  0.000000000000  0.000000000000  0.000000000006 -0.000000000000 -0.000000000001  0.000000000005  0.000000000000  0.000000000000  0.000000000006  0.000000000000
  0.141176470588  0.000000000006  0.000000000001  0.000000000000  0.000000000000  0.000000000006 -0.000000000000 -0.000000000001  0.000000000005  0.000000000000  0.000000000000  0.000000000006  0.000000000000
  0.145098039216  0.000000000006  0.000000000001  0.000000000000  0.000000000000  0.000000000006 -0.000000000000 -0.000000000001  0.000000000005  0.000000000000  0.000000000000  0.000000000006  0.000000000000
  0.149019607843  0.000000000006  0.000000000001  0.000000000000  0.000000000000  0.000000000006 -0.000000000000 -0.000000000001  0.000000000005  0.000000000000  0.000000000000  0.000000000006  0.000000000000
  0.152941176471  0.000000000006  0.000000000001  0.000000000000  0.000000000000  0.000000000007 -0.000000000000 -0.000000000001  0.000000000006  0.000000000000  0.000000000000  0.000000000007  0.000000000000
  0.156862745098  0.000000000006  0.000000000001  0.000000000000  0.000000000000  0.000000000007 -0.000000000000 -0.000000000001  0.000000000006  0.000000000000  0.000000000000  0.000000000007  0.000000000000
  0.160784313725  0.000000000006  0.000000000001  0.000000000000  0.000000000000  0.000000000007 -0.000000000000 -0.000000000001  0.000000000006  0.000000000000  0.000000000000  0.000000000007  0.000000000000
  0.164705882353  0.000000000006  0.000000000001  0.000000000000  0.000000000000  0.000000000007 -0.000000000000 -0.000000000001  0.000000000006  0.000000000000  0.000000000000  0.000000000007  0.000000000000
  0.168627450980  0.000000000007  0.000000000001  0.000000000000  0.000000000000  0.000000000007 -0.000000000000 -0.000000000001  0.000000000006  0.000000000000  0.000000000000  0.000000000007  0.000000000000
  0.172549019608  0.000000000007  0.000000000001  0.000000000000  0.000000000000  0.000000000007 -0.000000000000 -0.000000000001  0.000000000006  0.000000000000  0.000000000000  0.000000000007  0.000000000000
  0.176470588235  0.000000000007  0.000000000001  0.000000000000  0.000000000000  0.000000000007 -0.000000000000 -0.000000000001  0.000000000006  0.000000000000  0.000000000000  0.000000000007  0.000000000000
  0.180392156863  0.000000000007  0.000000000001  0.000000000000  0.000000000000  0.000000000007 -0.000000000000 -0.000000000001  0.000000000006  0.000000000001  0.000000000000  0.000000000007  0.000000000000
  0.184313725490  0.000000000007  0.000000000001  0.000000000000  0.000000000000  0.000000000007 -0.000000000000 -0.000000000001  0.000000000006  0.000000000001  0.000000000000  0.000000000007  0.000000000000
  0.188235294118  0.000000000007  0.000000000001  0.000000000000  0.000000000000  0.000000000007 -0.000000000000 -0.000000000001  0.000000000006  0.000000000001  0.000000000000  0.000000000007  0.000000000000
  0.192156862745  0.000000000007  0.000000000001  0.000000000000  0.000000000000  0.000000000007 -0.000000000000 -0.000000000001  0.000000000006  0.000000000001  0.000000000000  0.000000000007  0.000000000000
  0.196078431373  0.000000000007  0.000000000001  0.000000000000  0.000000000000  0.000000000007 -0.000000000000 -0.000000000001  0.000000000006  0.000000000001  0.000000000000  0.000000000007  0.000000000000
  0.200000000000  0.000000000007  0.000000000001  0.000000000000  0.000000000000  0.000000000008 -0.000000000000 -0.000000000001  0.000000000006  0.000000000001  0.000000000000  0.000000000008  0.000000000000
  0.203921568627  0.000000000007  0.000000000001  0.000000000000  0.000000000000  0.000000000008 -0.000000000000 -0.000000000001  0.000000000006  0.000000000001  0.000000000000  0.000000000008  0.000000000000
  0.207843137255  0.000000000007  0.000000000001  0.000000000000  0.000000000000  0.000000000008 -0.000000000000 -0.000000000001  0.000000000007  0.000000000001  0.000000000000  0.000000000008  0.000000000000
  0.211764705882  0.000000000007  0.000000000001  0.000000000000  0.000000000000  0.000000000008 -0.000000000000 -0.000000000001  0.000000000007  0.000000000001  0.000000000000  0.000000000008  0.000000000000
  0.215686274510  0.000000000008  0.000000000001  0.000000000000  0.000000000000  0.000000000008 -0.000000000000 -0.000000000001  0.000000000007  0.000000000001  0.000000000000  0.000000000008  0.000000000000
  0.219607843137  0.000000000008  0.000000000001  0.000000000000  0.000000000000  0.000000000008 -0.000000000000 -0.000000000001  0.000000000007  0.000000000001  0.000000000000  0.000000000008  0.000000000000
  0.223529411765  0.000000000008  0.000000000001  0.000000000000  0.000000000000  0.000000000008 -0.000000000000 -0.000000000001  0.000000000007  0.000000000001  0.000000000000  0.000000000008  0.000000000000
  0.227450980392  0.000000000008  0.000000000001  0.000000000000  0.000000000000  0.000000000008 -0.000000000000 -0.000000000001  0.000000000007  0.000000000001  0.000000000000  0.000000000008  0.000000000000
  0.231372549020  0.000000000008  0.000000000001  0.000000000000  0.000000000000  0.000000000008 -0.000000000000 -0.000000000001  0.000000000007  0.000000000001  0.000000000000  0.000000000008  0.000000000000
  0.235294117647  0.000000000008  0.000000000001  0.000000000000  0.000000000000  0.000000000008 -0.000000000000 -0.000000000001  0.000000000007  0.000000000001  0.000000000000  0.000000000008  0.000000000000
  0.239215686275  0.000000000008  0.000000000001  0.000000000000  0.000000000000  0.000000000008 -0.000000000000 -0.000000000001  0.000000000007  0.000000000001  0.000000000000  0.000000000008  0.000000000000
  0.243137254902  0.000000000008  0.000000000001  0.000000000000  0.000000000000  0.000000000008 -0.000000000000 -0.000000000001  0.000000000007  0.000000000001  0.000000000000  0.000000000008  0.000000000000
  0.247058823529  0.000000000008  0.000000000001  0.000000000000  0.000000000000  0.000000000008 -0.000000000000 -0.000000000001  0.000000000007  0.000000000001  0.000000000000  0.000000000008  0.000000000000
  0.250980392157  0.000000000008  0.000000000001  0.000000000000  0.000000000000  0.000000000008 -0.000000000000 -0.000000000001  0.000000000007  0.000000000001  0.000000000000  0.000000000008  0.000000000000
  0.254901960784  0.000000000008  0.000000000001  0.000000000000  0.000000000000  0.000000000008 -0.000000000000 -0.000000000001  0.000000000007  0.000000000001  0.000000000000  0.000000000008  0.000000000000
  0.258823529412  0.000000000008  0.000000000001  0.000000000000  0.000000000000  0.000000000008 -0.000000000000 -0.000000000001  0.000000000007  0.000000000002  0.000000000000  0.000000000008  0.000000000000
  0.262745098039  0.000000000008  0.000000000001  0.000000000000  0.000000000000  0.000000000008 -0.000000000000 -0.000000000001  0.000000000007  0.000000000002  0.000000000000  0.000000000008  0.000000000000
  0.266666666667  0.000000000008  0.000000000001  0.000000000000  0.000000000000  0.000000000008 -0.000000000000 -0.000000000001  0.000000000007  0.000000000002  0.000000000000  0.000000000008  0.000000000000
  0.270588235294  0.000000000008  0.000000000001  0.000000000000  0.000000000000  0.000000000008 -0.000000000000 -0.000000000001  0.000000000007  0.000000000002  0.000000000000  0.000000000008  0.000000000000
  0.274509803922  0.000000000008  0.000000000001  0.000000000000  0.000000000000  0.000000000008 -0.000000000000 -0.000000000001  0.000000000007  0.000000000002  0.000000000000  0.000000000008  0.000000000000
  0.278431372549  0.000000000008  0.000000000001  0.000000000000  0.000000000000  0.000000000008 -0.000000000000 -0.000000000001  0.000000000007  0.000000000002  0.000000000000  0.000000000008  0.000000000000
  0.282352941176  0.000000000008  0.000000000001  0.000000000000  0.000000000000  0.000000000008 -0.000000000000 -0.000000000001  0.000000000007  0.000000000002  0.000000000000  0.000000000008  0.000000000000
  0.286274509804  0.000000000008  0.000000000001  0.000000000000  0.000000000000  0.000000000008 -0.000000000000 -0.000000000001  0.000000000007  0.000000000002  0.000000000000  0.000000000008  0.000000000000
  0.290196078431  0.000000000008  0.000000000001  0.000000000000  0.000000000000  0.000000000008 -0.000000000000 -0.000000000001  0.000000000007  0.000000000002  0.000000000000  0.000000000008  0.000000000000
  0.294117647059  0.000000000008  0.000000000001  0.000000000000  0.000000000000  0.000000000008 -0.000000000000 -0.000000000001  0.000000000007  0.000000000003  0.000000000000  0.000000000008  0.000000000000
  0.298039215686  0.000000000008  0.000000000001  0.000000000000  0.000000000000  0.000000000008 -0.000000000000 -0.000000000001  0.000000000007  0.000000000003  0.000000000000  0.000000000008  0.000000000000
  0.301960784314  0.000000000008  0.000000000001  0.000000000000  0.000000000000  0.000000000008 -0.000000000000 -0.000000000001  0.000000000007  0.000000000003  0.000000000000  0.000000000008  0.000000000000
  0.305882352941  0.000000000008  0.000000000001  0.000000000000  0.000000000000  0.000000000008 -0.000000000000 -0.000000000001  0.000000000007  0.000000000004  0.000000000000  0.000000000008  0.000000000000
  0.309803921569  0.000000000008  0.000000000001  0.000000000000  0.000000000000  0.000000000008 -0.000000000000 -0.000000000001  0.000000000007  0.000000000005  0.000000000000  0.000000000008  0.000000000000
  0.313725490196  0.000000000008  0.000000000001  0.000000000001  0.000000000000  0.000000000007 -0.000000000000 -0.000000000001  0.000000000007  0.000000000005  0.000000000000  0.000000000007  0.000000000000
  0.317647058824  0.000000000008  0.000000000001  0.000000000001  0.000000000000  0.000000000007 -0.000000000000 -0.000000000001  0.000000000007  0.000000000006  0.000000000000  0.000000000007  0.000000000000
  0.321568627451  0.000000000008  0.000000000001  0.000000000001  0.000000000000  0.000000000007 -0.000000000000 -0.000000000001  0.000000000007  0.000000000007  0.000000000001  0.000000000007  0.000000000000
  0.325490196078  0.000000000007  0.000000000001  0.000000000001  0.000000000000  0.000000000007 -0.000000000000 -0.000000000001  0.000000000006  0.000000000007  0.000000000001  0.000000000007  0.000000000000
  0.329411764706  0.000000000007  0.000000000001  0.000000000001  0.000000000000  0.000000000007 -0.000000000000 -0.000000000001  0.000000000006  0.000000000007  0.000000000001  0.000000000007  0.000000000000
  0.333333333333  0.000000000007  0.000000000001  0.000000000001  0.000000000000  0.000000000007 -0.000000000000 -0.000000000001  0.000000000006  0.000000000007  0.000000000001  0.000000000007  0.000000000000
  0.337254901961  0.000000000007  0.000000000001  0.000000000001  0.000000000000  0.000000000007 -0.000000000000 -0.000000000001  0.000000000006  0.000000000006  0.000000000001  0.000000000007  0.000000000000
  0.341176470588  0.000000000007  0.000000000001  0.000000000001  0.000000000000  0.000000000007 -0.000000000000 -0.000000000001  0.000000000006  0.000000000006  0.000000000001  0.000000000007  0.000000000000
  0.345098039216  0.000000000007  0.000000000001  0.000000000001  0.000000000000  0.000000000006 -0.000000000000 -0.000000000001  0.000000000006  0.000000000005  0.000000000001  0.000000000006  0.000000000000
  0.349019607843  0.000000000007  0.000000000001  0.000000000001  0.000000000000  0.000000000006 -0.000000000000 -0.000000000001  0.000000000006  0.000000000005  0.000000000001  0.000000000006  0.000000000000
  0.352941176471  0.000000000007  0.000000000001  0.000000000001  0.000000000000  0.000000000006 -0.000000000000 -0.000000000001  0.000000000006  0.000000000005  0.000000000001  0.000000000006  0.000000000000
  0.356862745098  0.000000000006  0.000000000001  0.000000000001  0.000000000000  0.000000000006 -0.000000000000 -0.000000000001  0.000000000005  0.000000000005  0.000000000001  0.000000000006  0.000000000000
  0.360784313725  0.000000000006  0.000000000001  0.000000000001  0.000000000000  0.000000000006 -0.000000000000 -0.000000000001  0.000000000005  0.000000000005  0.000000000001  0.000000000006  0.000000000000
  0.364705882353  0.000000000006  0.000000000001  0.000000000001  0.000000000000  0.000000000006 -0.000000000000 -0.000000000001  0.000000000005  0.000000000005  0.000000000001  0.000000000006  0.000000000000
  0.368627450980  0.000000000006  0.000000000001  0.000000000001  0.000000000000  0.000000000006 -0.000000000000 -0.000000000001  0.000000000005  0.000000000005  0.000000000001  0.000000000006  0.000000000000
  0.372549019608  0.000000000006  0.000000000001  0.000000000001  0.000000000000  0.000000000006 -0.000000000000 -0.000000000001  0.000000000005  0.000000000005  0.000000000001  0.000000000006  0.000000000000
  0.376470588235  0.000000000006  0.000000000001  0.000000000001  0.000000000000  0.000000000005 -0.000000000000 -0.000000000001  0.000000000005  0.000000000005  0.000000000001  0.000000000005  0.000000000000
  0.380392156863  0.000000000006  0.000000000000  0.000000000001  0.000000000000  0.000000000005 -0.000000000000 -0.000000000001  0.000000000004  0.000000000005  0.000000000001  0.000000000005  0.000000000000
  0.384313725490  0.000000000006  0.000000000000  0.000000000001  0.000000000000  0.000000000005 -0.000000000000 -0.000000000001  0.000000000004  0.000000000005  0.000000000001  0.000000000005  0.000000000001
  0.388235294118  0.000000000005  0.000000000000  0.000000000001  0.000000000000  0.000000000005 -0.000000000000 -0.000000000001  0.000000000004  0.000000000005  0.000000000001  0.000000000005  0.000000000001
  0.392156862745  0.000000000005  0.000000000000  0.000000000001  0.000000000000  0.000000000005 -0.000000000001 -0.000000000001  0.000000000004  0.000000000006  0.000000000001  0.000000000005  0.000000000001
  0.396078431373  0.000000000005  0.000000000000  0.000000000001  0.000000000000  0.000000000005 -0.000000000001 -0.000000000001  0.000000000003  0.000000000006  0.000000000001  0.000000000005  0.000000000001
  0.400000000000  0.000000000005  0.000000000000  0.000000000001  0.000000000000  0.000000000004 -0.000000000001 -0.000000000001  0.000000000003  0.000000000006  0.000000000001  0.000000000004  0.000000000001
  0.403921568627  0.000000000005  0.000000000000  0.000000000001  0.000000000000  0.000000000004 -0.000000000001 -0.000000000001  0.000000000003  0.000000000006  0.000000000001  0.000000000004  0.000000000001
  0.407843137255  0.000000000005  0.000000000000  0.000000000001  0.000000000000  0.000000000004 -0.000000000001 -0.000000000001  0.000000000003  0.000000000006  0.000000000001  0.000000000004  0.000000000001
  0.411764705882  0.000000000004  0.000000000000  0.000000000001  0.000000000000  0.000000000004 -0.000000000001 -0.000000000000  0.000000000003  0.000000000006  0.000000000001  0.000000000004  0.000000000001
  0.415686274510  0.000000000004  0.000000000000  0.000000000001  0.000000000000  0.000000000004 -0.000000000001 -0.000000000000  0.000000000002  0.000000000006  0.000000000001  0.000000000004  0.000000000001
  0.419607843137  0.000000000004  0.000000000000  0.000000000001  0.000000000000  0.000000000003 -0.000000000001 -0.000000000000  0.000000000002  0.000000000006  0.000000000001  0.000000000003  0.000000000001
  0.423529411765  0.000000000004  0.000000000000  0.000000000001  0.000000000000  0.000000000003 -0.000000000001 -0.000000000000  0.000000000002  0.000000000006  0.000000000001  0.000000000003  0.000000000001
  0.427450980392  0.000000000004  0.000000000000  0.000000000001  0.000000000000  0.000000000003 -0.000000000001 -0.000000000000  0.000000000002  0.000000000006  0.000000000001  0.000000000003  0.000000000001
  0.431372549020  0.000000000003  0.000000000000  0.000000000001  0.000000000000  0.000000000003 -0.000000000001 -0.000000000000  0.000000000001  0.000000000006  0.000000000001  0.000000000003  0.000000000001
  0.435294117647  0.000000000003  0.000000000000  0.000000000001  0.000000000000  0.000000000003 -0.000000000001 -0.000000000000  0.000000000001  0.000000000006  0.000000000001  0.000000000003  0.000000000001
  0.439215686275  0.000000000003  0.000000000000  0.000000000001  0.000000000000  0.000000000002 -0.000000000001 -0.000000000000  0.000000000001  0.000000000006  0.000000000001  0.000000000002  0.000000000001
  0.443137254902  0.000000000003  0.000000000000  0.000000000001  0.000000000000  0.000000000002 -0.000000000001 -0.000000000000  0.000000000000  0.000000000006  0.000000000001  0.000000000002  0.000000000001
  0.447058823529  0.000000000003  0.000000000000  0.000000000001  0.000000000000  0.000000000002 -0.000000000000 -0.000000000000  0.000000000000  0.000000000006  0.000000000001  0.000000000002  0.000000000001
  0.450980392157  0.000000000002  0.000000000000  0.000000000001  0.000000000000  0.000000000002 -0.000000000000 -0.000000000000 -0.000000000000  0.000000000006  0.000000000001  0.000000000002  0.000000000001
  0.454901960784  0.000000000002 -0.000000000000  0.000000000001  0.000000000000  0.000000000001 -0.000000000000 -0.000000000000 -0.000000000000  0.000000000006  0.000000000001  0.000000000001  0.000000000000
  0.458823529412  0.000000000002 -0.000000000000  0.000000000001  0.000000000000  0.000000000001 -0.000000000000 -0.000000000000 -0.000000000001  0.000000000006  0.000000000001  0.000000000001  0.000000000000
  0.462745098039  0.000000000002 -0.000000000000  0.000000000001  0.000000000000  0.000000000001 -0.000000000000 -0.000000000000 -0.000000000001  0.000000000006  0.000000000001  0.000000000001  0.000000000000
  0.466666666667  0.000000000001 -0.000000000000  0.000000000001  0.000000000000  0.000000000001 -0.000000000000 -0.000000000000 -0.000000000001  0.000000000006  0.000000000001  0.000000000001  0.000000000000
  0.470588235294  0.000000000001 -0.000000000000  0.000000000001  0.000000000000  0.000000000001 -0.000000000000 -0.000000000000 -0.000000000001  0.000000000006  0.000000000001  0.000000000001  0.000000000000
  0.474509803922  0.000000000001 -0.000000000000  0.000000000001  0.000000000000  0.000000000000 -0.000000000000 -0.000000000000 -0.000000000002  0.000000000006  0.000000000001  0.000000000000  0.000000000000
  0.478431372549  0.000000000001 -0.000000000000  0.000000000001  0.000000000000  0.000000000000 -0.000000000000 -0.000000000000 -0.000000000002  0.000000000006  0.000000000001  0.000000000000  0.000000000000
  0.482352941176  0.000000000001 -0.000000000000  0.000000000001  0.000000000000  0.000000000000 -0.000000000000 -0.000000000000 -0.000000000002  0.000000000006  0.000000000001  0.000000000000  0.000000000000
  0.486274509804  0.000000000000 -0.000000000000  0.000000000001  0.000000000000  0.000000000000 -0.000000000000 -0.000000000000 -0.000000000002  0.000000000005  0.000000000001  0.000000000000  0.000000000000
  0.490196078431  0.000000000000 -0.000000000000  0.000000000001  0.000000000000  0.000000000000 -0.000000000000 -0.000000000000 -0.000000000003  0.000000000006  0.000000000001  0.000000000000  0.000000000000
  0.494117647059  0.000000000000 -0.000000000000  0.000000000001  0.000000000000  0.000000000001 -0.000000000000  0.000000000000 -0.000000000003  0.000000000005  0.000000000001  0.000000000001  0.000000000000
  0.498039215686 -0.000000000000 -0.000000000000  0.000000000001  0.000000000000  0.000000000001 -0.000000000000  0.000000000000 -0.000000000003  0.000000000005  0.000000000001  0.000000000001  0.000000000000
  0.501960784314 -0.000000000000 -0.000000000000  0.000000000001  0.000000000000  0.000000000001 -0.000000000000  0.000000000000 -0.000000000003  0.000000000005  0.000000000001  0.000000000001  0.000000000000
  0.505882352941 -0.000000000001 -0.000000000000  0.000000000001  0.000000000000  0.000000000001 -0.000000000000  0.000000000000 -0.000000000003  0.000000000005  0.000000000001  0.000000000001  0.000000000000
  0.509803921569 -0.000000000001 -0.000000000000  0.000000000001  0.000000000000  0.000000000001 -0.000000000000  0.000000000000 -0.000000000004  0.000000000005  0.000000000000  0.000000000001  0.000000000000
  0.513725490196 -0.000000000001 -0.000000000000  0.000000000000  0.000000000000  0.000000000002 -0.000000000000  0.000000000000 -0.000000000004  0.000000000005  0.000000000000  0.000000000002  0.000000000000
  0.517647058824 -0.000000000001 -0.000000000000  0.000000000000  0.000000000000  0.000000000002 -0.000000000000  0.000000000000 -0.000000000004  0.000000000004  0.000000000000  0.000000000002  0.000000000000
  0.521568627451 -0.000000000001 -0.000000000000  0.000000000000  0.000000000000  0.000000000002 -0.000000000000  0.000000000000 -0.000000000004  0.000000000004  0.000000000000  0.000000000002  0.000000000000
  0.525490196078 -0.000000000002 -0.000000000000  0.000000000000  0.000000000000  0.000000000002 -0.000000000000  0.000000000000 -0.000000000004  0.000000000003  0.000000000000  0.000000000002  0.000000000000
  0.529411764706 -0.000000000002 -0.000000000000  0.000000000000  0.000000000000  0.000000000002 -0.000000000000  0.000000000000 -0.000000000005  0.000000000003  0.000000000000  0.000000000002  0.000000000000
  0.533333333333 -0.000000000002 -0.000000000001  0.000000000000  0.000000000000  0.000000000002 -0.000000000000  0.000000000000 -0.000000000005  0.000000000003  0.000000000000  0.000000000002  0.000000000000
  0.537254901961 -0.000000000002 -0.000000000001  0.000000000000  0.000000000000  0.000000000002 -0.000000000000  0.000000000000 -0.000000000005  0.000000000002  0.000000000000  0.000000000002  0.000000000000
  0.541176470588 -0.000000000002 -0.000000000001  0.000000000000  0.000000000000  0.000000000002 -0.000000000000  0.000000000000 -0.000000000005  0.000000000001  0.000000000000  0.000000000002  0.000000000000
  0.545098039216 -0.000000000002 -0.000000000001  0.000000000000  0.000000000000  0.000000000002 -0.000000000000  0.000000000000 -0.000000000005  0.000000000001  0.000000000000  0.000000000002  0.000000000000
  0.549019607843 -0.000000000002 -0.000000000001  0.000000000000  0.000000000000  0.000000000002 -0.000000000000  0.000000000000 -0.000000000006  0.000000000000  0.000000000000  0.000000000002  0.000000000000
  0.552941176471 -0.000000000002 -0.000000000001  0.000000000000  0.000000000000  0.000000000003 -0.000000000000  0.000000000000 -0.000000000006  0.000000000000  0.000000000000  0.000000000003  0.000000000000
  0.556862745098 -0.000000000002 -0.000000000001 -0.000000000000  0.000000000000  0.000000000002 -0.000000000000  0.000000000000 -0.000000000006 -0.000000000001  0.000000000000  0.000000000002  0.000000000000
  0.560784313725 -0.000000000002 -0.000000000001 -0.000000000000  0.000000000000  0.000000000003 -0.000000000000  0.000000000000 -0.000000000006 -0.000000000000  0.000000000000  0.000000000003  0.000000000000
  0.564705882353 -0.000000000003 -0.000000000001 -0.000000000000  0.000000000000  0.000000000003 -0.000000000000  0.000000000000 -0.000000000006 -0.000000000001  0.000000000000  0.000000000003  0.000000000000
  0.568627450980 -0.000000000002 -0.000000000001 -0.000000000000  0.000000000000  0.000000000003 -0.000000000000  0.000000000000 -0.000000000006 -0.000000000000  0.000000000000  0.000000000003  0.000000000000
  0.572549019608 -0.000000000003 -0.000000000001 -0.000000000000  0.000000000000  0.000000000003 -0.000000000000  0.000000000000 -0.000000000006 -0.000000000001  0.000000000000  0.000000000003  0.000000000000
  0.576470588235 -0.000000000003 -0.000000000001 -0.000000000000  0.000000000000  0.000000000003 -0.000000000000  0.000000000000 -0.000000000006 -0.000000000001  0.000000000000  0.000000000003  0.000000000000
  0.580392156863 -0.000000000003 -0.000000000001 -0.000000000000 -0.000000000000  0.000000000003  0.000000000000  0.000000000000 -0.000000000006 -0.000000000001 -0.000000000000  0.000000000003 -0.000000000000
  0.584313725490 -0.000000000003 -0.000000000001 -0.000000000000 -0.000000000000  0.000000000003  0.000000000000  0.000000000000 -0.000000000006 -0.000000000001 -0.000000000000  0.000000000003 -0.000000000000
  0.588235294118 -0.000000000003 -0.000000000001 -0.000000000000 -0.000000000000  0.000000000002  0.000000000000  0.000000000000 -0.000000000006 -0.000000000002 -0.000000000000  0.000000000002 -0.000000000000
  0.592156862745 -0.000000000003 -0.000000000001 -0.000000000000 -0.000000000000  0.000000000003  0.000000000000  0.000000000000 -0.000000000005 -0.000000000002 -0.000000000000  0.000000000003 -0.000000000000
  0.596078431373 -0.000000000003 -0.000000000001 -0.000000000000 -0.000000000000  0.000000000002  0.000000000000  0.000000000000 -0.000000000006 -0.000000000003 -0.000000000000  0.000000000002 -0.000000000000
  0.600000000000 -0.000000000002 -0.000000000001 -0.000000000000 -0.000000000000  0.000000000002  0.000000000000  0.000000000000 -0.000000000005 -0.000000000003 -0.000000000000  0.000000000002 -0.000000000000
  0.603921568627 -0.000000000003 -0.000000000001 -0.000000000000 -0.000000000000  0.000000000002  0.000000000000  0.000000000000 -0.000000000005 -0.000000000004 -0.000000000000  0.000000000002 -0.000000000000
  0.607843137255 -0.000000000002 -0.000000000000 -0.000000000000 -0.000000000000  0.000000000002  0.000000000000  0.000000000000 -0.000000000004 -0.000000000004 -0.000000000000  0.000000000002 -0.000000000000
  0.611764705882 -0.000000000002 -0.000000000000 -0.000000000000 -0.000000000000  0.000000000002  0.000000000000  0.000000000000 -0.000000000004 -0.000000000005 -0.000000000000  0.000000000002 -0.000000000000
  0.615686274510 -0.000000000002 -0.000000000000 -0.000000000001 -0.000000000000  0.000000000002  0.000000000000  0.000000000000 -0.000000000003 -0.000000000005 -0.000000000000  0.000000000002 -0.000000000000
  0.619607843137 -0.000000000002 -0.000000000000 -0.000000000001 -0.000000000000  0.000000000001  0.000000000000  0.000000000000 -0.000000000004 -0.000000000005 -0.000000000000  0.000000000001 -0.000000000000
  0.623529411765 -0.000000000002 -0.000000000000 -0.000000000001 -0.000000000000  0.000000000001  0.000000000000  0.000000000000 -0.000000000003 -0.000000000006 -0.000000000000  0.000000000001 -0.000000000000
  0.627450980392 -0.000000000002 -0.000000000000 -0.000000000001 -0.000000000000  0.000000000001  0.000000000000  0.000000000000 -0.000000000003 -0.000000000006 -0.000000000000  0.000000000001 -0.000000000000
  0.631372549020 -0.000000000001 -0.000000000000 -0.000000000001 -0.000000000000  0.000000000001  0.000000000000  0.000000000000 -0.000000000001 -0.000000000006 -0.000000000000  0.000000000001 -0.000000000000
  0.635294117647 -0.000000000001 -0.000000000000 -0.000000000001 -0.000000000000  0.000000000001  0.000000000000  0.000000000000 -0.000000000001 -0.000000000006 -0.000000000000  0.000000000001 -0.000000000000
  0.639215686275 -0.000000000001 -0.000000000000 -0.000000000001 -0.000000000000  0.000000000001  0.000000000000  0.000000000000 -0.000000000000 -0.000000000007 -0.000000000000  0.000000000001 -0.000000000000
  0.643137254902 -0.000000000001 -0.000000000000 -0.000000000001 -0.000000000000  0.000000000000  0.000000000000  0.000000000000 -0.000000000000 -0.000000000007 -0.000000000000  0.000000000000 -0.000000000000
  0.647058823529 -0.000000000001  0.000000000000 -0.000000000001 -0.000000000000  0.000000000000  0.000000000000  0.000000000000  0.000000000001 -0.000000000007 -0.000000000000  0.000000000000 -0.000000000000
  0.650980392157 -0.000000000001  0.000000000000 -0.000000000001 -0.000000000000  0.000000000000  0.000000000000  0.000000000000  0.000000000001 -0.000000000006 -0.000000000000  0.000000000000 -0.000000000000
  0.654901960784 -0.000000000000  0.000000000000 -0.000000000001 -0.000000000000  0.000000000000  0.000000000000  0.000000000000  0.000000000002 -0.000000000007 -0.000000000000  0.000000000000 -0.000000000000
  0.658823529412 -0.000000000000  0.000000000000 -0.000000000001 -0.000000000000  0.000000000001  0.000000000000  0.000000000000  0.000000000002 -0.000000000006 -0.000000000000  0.000000000001 -0.000000000000
  0.662745098039  0.000000000000  0.000000000000 -0.000000000001 -0.000000000000  0.000000000001  0.000000000000  0.000000000000  0.000000000003 -0.000000000006 -0.000000000000  0.000000000001 -0.000000000000
  0.666666666667  0.000000000000  0.000000000000 -0.000000000001 -0.000000000000  0.000000000001  0.000000000000 -0.000000000000  0.000000000003 -0.000000000005 -0.000000000000  0.000000000001 -0.000000000000
  0.670588235294  0.000000000001  0.000000000000 -0.000000000001 -0.000000000000  0.000000000001  0.000000000000 -0.000000000000  0.000000000004 -0.000000000006 -0.000000000000  0.000000000001 -0.000000000000
  0.674509803922  0.000000000001  0.000000000000 -0.000000000001 -0.000000000000  0.000000000001  0.000000000000 -0.000000000000  0.000000000004 -0.000000000005 -0.000000000000  0.000000000001 -0.000000000000
  0.678431372549  0.000000000001  0.000000000000 -0.000000000001 -0.000000000000  0.000000000002  0.000000000000 -0.000000000000  0.000000000005 -0.000000000005 -0.000000000000  0.000000000002 -0.000000000000
  0.682352941176  0.000000000001  0.000000000001 -0.000000000000 -0.000000000000  0.000000000002  0.000000000000 -0.000000000000  0.000000000005 -0.000000000004 -0.000000000000  0.000000000002 -0.000000000000
  0.686274509804  0.000000000001  0.000000000001 -0.000000000000 -0.000000000000  0.000000000002  0.000000000000 -0.000000000000  0.000000000006 -0.000000000004 -0.000000000000  0.000000000002 -0.000000000000
  0.690196078431  0.000000000002  0.000000000001 -0.000000000000 -0.000000000000  0.000000000002  0.000000000000 -0.000000000000  0.000000000006 -0.000000000002 -0.000000000000  0.000000000002 -0.000000000000
  0.694117647059  0.000000000002  0.000000000001 -0.000000000000 -0.000000000000  0.000000000002  0.000000000000 -0.000000000000  0.000000000006 -0.000000000002 -0.000000000000  0.000000000002 -0.000000000000
  0.698039215686  0.000000000002  0.000000000001 -0.000000000000 -0.000000000000  0.000000000002  0.000000000000 -0.000000000000  0.000000000006 -0.000000000001 -0.000000000000  0.000000000002 -0.000000000000
  0.701960784314  0.000000000002  0.000000000001 -0.000000000000 -0.000000000000  0.000000000002  0.000000000000 -0.000000000000  0.000000000006 -0.000000000001 -0.000000000000  0.000000000002 -0.000000000000
  0.705882352941  0.000000000002  0.000000000001 -0.000000000000  0.000000000000  0.000000000002 -0.000000000000 -0.000000000000  0.000000000006  0.000000000001  0.000000000000  0.000000000002  0.000000000000
  0.709803921569  0.000000000002  0.000000000001  0.000000000000  0.000000000000  0.000000000002 -0.000000000000 -0.000000000000  0.000000000006  0.000000000001  0.000000000000  0.000000000002  0.000000000000
  0.713725490196  0.000000000002  0.000000000001  0.000000000000  0.000000000000  0.000000000002 -0.000000000000 -0.000000000000  0.000000000006  0.000000000002  0.000000000000  0.000000000002  0.000000000000
  0.717647058824  0.000000000002  0.000000000001  0.000000000000  0.000000000000  0.000000000002 -0.000000000000 -0.000000000000  0.000000000005  0.000000000002  0.000000000000  0.000000000002  0.000000000000
  0.721568627451  0.000000000002  0.000000000001  0.000000000000  0.000000000000  0.000000000001 -0.000000000000 -0.000000000000  0.000000000006  0.000000000004  0.000000000000  0.000000000001  0.000000000000
  0.725490196078  0.000000000002  0.000000000001  0.000000000000  0.000000000000  0.000000000002 -0.000000000000 -0.000000000000  0.000000000004  0.000000000004  0.000000000000  0.000000000002  0.000000000000
  0.729411764706  0.000000000002  0.000000000001  0.000000000001  0.000000000000  0.000000000001 -0.000000000000 -0.000000000000  0.000000000005  0.000000000005  0.000000000000  0.000000000001  0.000000000000
  0.733333333333  0.000000000001  0.000000000000  0.000000000001  0.000000000000  0.000000000001 -0.000000000000 -0.000000000000  0.000000000003  0.000000000005  0.000000000000  0.000000000001  0.000000000000
  0.737254901961  0.000000000002  0.000000000000  0.000000000001  0.000000000000  0.000000000001 -0.000000000000 -0.000000000000  0.000000000004  0.000000000006  0.000000000000  0.000000000001  0.000000000000
  0.741176470588  0.000000000001  0.000000000000  0.000000000001  0.000000000000  0.000000000001 -0.000000000000 -0.000000000000  0.000000000002  0.000000000007  0.000000000000  0.000000000001  0.000000000000
  0.745098039216  0.000000000001  0.000000000000  0.000000000001  0.000000000000  0.000000000000 -0.000000000000 -0.000000000000  0.000000000002  0.000000000007  0.000000000000  0.000000000000  0.000000000000
  0.749019607843  0.000000000001  0.000000000000  0.000000000001  0.000000000000  0.000000000000 -0.000000000000 -0.000000000000  0.000000000000  0.000000000008  0.000000000000  0.000000000000  0.000000000000
  0.752941176471  0.000000000001  0.000000000000  0.000000000001  0.000000000000  0.000000000000 -0.000000000000 -0.000000000000  0.000000000000  0.000000000008  0.000000000000  0.000000000000  0.000000000000
  0.756862745098  0.000000000000 -0.000000000000  0.000000000001  0.000000000000  0.000000000000 -0.000000000000 -0.000000000000 -0.000000000002  0.000000000008  0.000000000000  0.000000000000  0.000000000000
  0.760784313725  0.000000000000 -0.000000000000  0.000000000001  0.000000000000  0.000000000001 -0.000000000000 -0.000000000000 -0.000000000002  0.000000000007  0.000000000000  0.000000000001  0.000000000000
  0.764705882353 -0.000000000000 -0.000000000000  0.000000000001  0.000000000000  0.000000000001 -0.000000000000  0.000000000000 -0.000000000004  0.000000000008  0.000000000000  0.000000000001  0.000000000000
  0.768627450980 -0.000000000000 -0.000000000001  0.000000000001  0.000000000000  0.000000000001 -0.000000000000  0.000000000000 -0.000000000005  0.000000000005  0.000000000000  0.000000000001  0.000000000000
  0.772549019608 -0.000000000001 -0.000000000001  0.000000000001  0.000000000000  0.000000000001 -0.000000000000  0.000000000000 -0.000000000007  0.000000000005  0.000000000000  0.000000000001  0.000000000000
  0.776470588235 -0.000000000001 -0.000000000001  0.000000000000  0.000000000000  0.000000000001 -0.000000000000  0.000000000000 -0.000000000008  0.000000000000  0.000000000000  0.000000000001  0.000000000000
  0.780392156863 -0.000000000001 -0.000000000001  0.000000000000  0.000000000000  0.000000000001 -0.000000000000  0.000000000000 -0.000000000010  0.000000000001  0.000000000000  0.000000000001  0.000000000000
  0.784313725490 -0.000000000001 -0.000000000001 -0.000000000000  0.000000000000  0.000000000000  0.000000000000  0.000000000000 -0.000000000012 -0.000000000008 -0.000000000000  0.000000000000 -0.000000000000
  0.788235294118 -0.000000000001 -0.000000000001 -0.000000000001 -0.000000000000  0.000000000001  0.000000000000  0.000000000000 -0.000000000007 -0.000000000008 -0.000000000000  0.000000000001 -0.000000000000
  0.792156862745 -0.000000000001 -0.000000000001 -0.000000000001 -0.000000000000  0.000000000000  0.000000000000  0.000000000000 -0.000000000010 -0.000000000015 -0.000000000000  0.000000000000 -0.000000000000
  0.796078431373  0.000000000000  0.000000000000 -0.000000000003 -0.000000000000  0.000000000000  0.000000000000  0.000000000000  0.000000000010 -0.000000000022 -0.000000000000  0.000000000000 -0.000000000000
  0.800000000000  0.000000000001  0.000000000002 -0.000000000001 -0.000000000000  0.000000000000 -0.000000000000 -0.000000000000  0.000000000018  0.000000000007  0.000000000000  0.000000000000  0.000000000000
  0.803921568627  0.000000000000  0.000000000001  0.000000000002  0.000000000000  0.000000000000 -0.000000000000 -0.000000000000 -0.000000000003  0.000000000013  0.000000000000  0.000000000000  0.000000000000
  0.807843137255 -0.000000000000 -0.000000000002  0.000000000002  0.000000000000  0.000000000003  0.000000000000  0.000000000000 -0.000000000004 -0.000000000003 -0.000000000000  0.000000000003  0.000000000000
  0.811764705882  0.000000000000 -0.000000000004 -0.000000000006 -0.000000000000  0.000000000012 -0.000000000000  0.000000000000  0.000000000007  0.000000000002  0.000000000000  0.000000000012 -0.000000000000
  0.815686274510 -0.000000000000  0.000000000024 -0.000000000023 -0.000000000000  0.000000000288 -0.000000000000 -0.000000000000 -0.000000000020  0.000000000039  0.000000000000  0.000000000288  0.000000000000
  0.819607843137 -0.000000000003  0.000000000133  0.000000000214  0.000000000000  0.000000009763  0.000000000000 -0.000000000002 -0.000000000215 -0.000000000168 -0.000000000000  0.000000009763  0.000000000000
  0.823529411765  0.000000000006 -0.000000002710  0.000000002158  0.000000000001  0.000000370609  0.000000000002  0.000000000011  0.000000001910 -0.000000002967 -0.000000000002  0.000000370609 -0.000000000000
  0.827450980392  0.000000000220 -0.000000114212 -0.000000186803 -0.000000000027  0.000003408647 -0.000000000032  0.000000000185  0.000000087647  0.000000058310  0.000000000019  0.000003408647 -0.000000000009
  0.831372549020 -0.000000001994 -0.000004360324  0.000002996713 -0.000000001155  0.000026167187 -0.000000001418 -0.000000009557  0.000002370944 -0.000003314064  0.000000000885  0.000026167187 -0.000000000328
  0.835294117647  0.000000253037  0.000022629639  0.000054710993 -0.000000044048  0.000130877872 -0.000000046506  0.000000270783 -0.000031339594 -0.000035302797  0.000000023955  0.000130877872 -0.000000018741
  0.839215686275  0.000001622312  0.000332725519 -0.000164226768  0.000000226752  0.000448657699  0.000000387064  0.000002997828 -0.000246492128  0.000256353272 -0.000000314709  0.000448657699 -0.000000025291
  0.843137254902 -0.000020469376 -0.000541341713 -0.001916037497  0.000003297216  0.001699018995  0.000003988931 -0.000016301114  0.001033559158  0.001535575113 -0.000002451247  0.001699018995  0.000000984214
  0.847058823529 -0.000075289004 -0.006520296754  0.002172219718 -0.000005197938  0.002995820471 -0.000011052602 -0.000107054114  0.005730905454 -0.004635616133  0.000010039587  0.002995820471  0.000002377362
  0.850980392157  0.000377646441  0.003893612993  0.023608121887 -0.000061831946  0.009712047428 -0.000081610023  0.000242233144 -0.011230355522 -0.021982137116  0.000054790173  0.009712047428 -0.000012843550
  0.854901960784  0.001092985550  0.053184283604 -0.009412242291  0.000033632269  0.008437657792  0.000099999623  0.001300787505 -0.053547020858  0.032816169897 -0.000101882194  0.008437657792 -0.000038873979
  0.858823529412 -0.002678852583 -0.005872427191 -0.133021499642  0.000466567105  0.025258345909  0.000664995517 -0.001341152167  0.051511623104  0.141317951028 -0.000477189078  0.025258345909  0.000056349284
  0.862745098039 -0.006804836079 -0.207898949271  0.000552725907 -0.000024795185  0.007421294414 -0.000331167457 -0.006929507283  0.238829846991 -0.100216256393  0.000408806281  0.007421294414  0.000240967823
  0.866666666667  0.008039900604 -0.037075860653  0.361486300813 -0.001587832189  0.021790770856 -0.002462795068  0.002560091269 -0.092732379424 -0.442510436147  0.001882786060  0.021790770856 -0.000027108267
  0.870588235294  0.019198854891  0.374797785151  0.091156924516 -0.000389571232  0.010494851387  0.000142401344  0.016413043865 -0.507328274252  0.094988444037 -0.000505849881  0.010494851387 -0.000622391922
  0.874509803922 -0.007301369396  0.144933293165 -0.395948008112  0.002095696931  0.017388710783  0.003727458760  0.001328764734 -0.007431832933  0.604051991888 -0.003103198845  0.017388710783 -0.000357547045
  0.878431372549 -0.018768673759 -0.174333344164 -0.186842552150  0.001030360654  0.007356756794  0.001101362898 -0.011071340470  0.362287926498  0.112671705519 -0.000577853104  0.007356756794  0.000427266958
  0.882352941176 -0.007676233549 -0.117990632350 -0.068245897314  0.000391686657  0.016443208365 -0.000088673828 -0.007156629385  0.169422132809 -0.068647664526  0.000437953616  0.016443208365  0.000580825929
  0.886274509804 -0.011352679753 -0.239626892678  0.012148615794 -0.000119664454  0.014981881856 -0.000904287264 -0.013171329664  0.252674908631 -0.161642638881  0.001073438967  0.014981881856  0.000590639772
  0.890196078431  0.007081991460 -0.112406608598  0.277128005726 -0.001937274880  0.026541836771 -0.003465139243 -0.001991800061 -0.000389588025 -0.424631494218  0.002893831568  0.026541836771  0.000346561866
  0.894117647059  0.015213725985  0.050964540245  0.166446308893 -0.001209116552  0.009801859172 -0.001594491041  0.006238721262 -0.200171727094 -0.152709319992  0.001069622204  0.009801859172 -0.000252295093
  0.898039215686  0.012974137394  0.058673014263  0.188605323186 -0.001444846150  0.010764895152 -0.001659270902  0.007491898478 -0.159574252084 -0.129653637239  0.000959187561  0.010764895152 -0.000504421696
  0.901960784314  0.020409770270  0.215863586573  0.084619234023 -0.000643874248  0.009087195532 -0.000048415005  0.016967921992 -0.305905531823  0.050847631200 -0.000468235007  0.009087195532 -0.000794653419
  0.905882352941  0.004217501506  0.138283360446 -0.069682601942  0.000629396259  0.016373100727  0.001928628223  0.008848114165 -0.121426186282  0.231065725101 -0.001980809252  0.016373100727 -0.000774685821
  0.909803921569  0.003750169251  0.149191899068 -0.072259208024  0.000681351124  0.017350736582  0.001692835904  0.010090549946 -0.098889729819  0.181746261827 -0.001632332630  0.017350736582 -0.000512889629
  0.913725490196 -0.008942084075  0.079890634655 -0.217393929784  0.002055108849  0.028228795262  0.003565124222  0.001617484168  0.023009418444  0.316301874374 -0.002926255373  0.028228795262 -0.000276282770
  0.917647058824 -0.015605977127 -0.016654648177 -0.148289167697  0.001443257928  0.017270017472  0.002009247115 -0.004952969343  0.142471683159  0.149632602475 -0.001414131324  0.017270017472  0.000213744898
  0.921568627451 -0.015716232352 -0.030708754459 -0.187655594069  0.001897561872  0.024091453215  0.002421100028 -0.007351741331  0.133577192344  0.159624270248 -0.001573313880  0.024091453215  0.000462960341
  0.925490196078 -0.023167968268 -0.141922988113 -0.112914226375  0.001153339191  0.010176549849  0.000849156118 -0.016127930069  0.244942074792  0.020269069129 -0.000149528542  0.010176549849  0.000794659651
  0.929411764706 -0.012565478053 -0.107456813057 -0.053967451264  0.000557910547  0.010283821343 -0.000216012996 -0.011847458157  0.147932730671 -0.064265924264  0.000740090178  0.010283821343  0.000901296863
  0.933333333333 -0.016489546507 -0.169566575429 -0.017070192696  0.000141854676  0.009407679138 -0.000869505657 -0.017563968060  0.193315306549 -0.105502953743  0.001244024998  0.009407679138  0.000900933326
  0.937254901961 -0.002501276252 -0.117081266531  0.084555807325 -0.001033918729  0.013928947165 -0.002629767721 -0.009864369414  0.082280534724 -0.216966278192  0.002556014555  0.013928947165  0.000828565070
  0.941176470588 -0.001462931257 -0.114137038914  0.075250439258 -0.000954808456  0.017558233811 -0.002162884293 -0.010179234429  0.057922963592 -0.165585314216  0.002016087774  0.017558233811  0.000546077498
  0.945098039216  0.008875783292 -0.071833843136  0.165045948268 -0.002099825431  0.026505419056 -0.003726218065 -0.003118476825 -0.013332721546 -0.249202309867  0.003098185985  0.026505419056  0.000351172568
  0.949019607843  0.013857034962 -0.021137542064  0.124785046347 -0.001624920509  0.022330441876 -0.002495486657  0.001413559762 -0.080199177213 -0.150144676763  0.001894574440  0.022330441876 -0.000048221520
  0.952941176471  0.016816168341 -0.003474452704  0.171951062854 -0.002297387856  0.031535431054 -0.003279247598  0.005050550159 -0.092990282522 -0.181477253519  0.002355903818  0.031535431054 -0.000273512255
  0.956862745098  0.023525435249  0.065487812502  0.123854233646 -0.001659281965  0.021860168686 -0.001855618470  0.012210288108 -0.168321358493 -0.084177856555  0.001036849577  0.021860168686 -0.000620446435
  0.960784313725  0.019072286315  0.058026155179  0.123228996579 -0.001695535010  0.028610365084 -0.001700046331  0.011614496505 -0.132115925260 -0.065587380790  0.000805302133  0.028610365084 -0.000795734233
  0.964705882353  0.025268151975  0.118922065659  0.087199683037 -0.001128082549  0.017699699319 -0.000581781947  0.018868065813 -0.189893557446 -0.004118822984 -0.000176209271  0.017699699319 -0.000982420333
  0.968627450980  0.015956544629  0.094915243354  0.051410490482 -0.000608090495  0.020777292342  0.000333519404  0.014941742150 -0.128413514436  0.046798426619 -0.000933782614  0.020777292342 -0.001063244482
  0.972549019608  0.020070445919  0.132134354682  0.038474050569 -0.000262997911  0.012890434909  0.000873444038  0.020389462741 -0.156325251231  0.060656465678 -0.001349034198  0.012890434909 -0.001061205296
  0.976470588235  0.009401808408  0.103299584269 -0.012277676124  0.000592186448  0.013048416761  0.002194684184  0.014996178002 -0.094674956152  0.122845914847 -0.002356353217  0.013048416761 -0.001042327494
  0.980392156863  0.010733294403  0.113853303913 -0.002817094617  0.000672387812  0.011455919418  0.002132181098  0.017790229575 -0.094058636110  0.099418158594 -0.002209197230  0.011455919418 -0.000886826665
  0.984313725490  0.001536991394  0.089770249238 -0.050473267109  0.001617967392  0.012740862662  0.003503388667  0.012798475284 -0.049196486185  0.156552535426 -0.003206736209  0.012740862662 -0.000791987021
  0.988235294118  0.000106722009  0.081167646576 -0.030961965160  0.001478337477  0.015374964136  0.002989172532  0.013047980318 -0.031229497980  0.120416046681 -0.002655366774  0.015374964136 -0.000548909803
  0.992156862745 -0.006516899941  0.065823661878 -0.066940749805  0.002341488645  0.000000000000  0.004182059347  0.009421682698 -0.007276691388  0.162758920211 -0.003489746041  0.000000000000 -0.000413855195
  0.996078431373 -0.010149809946  0.049515648942 -0.051684081949  0.002062692285  0.000000000000  0.003417134999  0.007701359583  0.014962455535  0.131605643761 -0.002728180028  0.000000000000 -0.000144409570
  1.000000000000 -0.014427595885  0.041829323379 -0.075359053011  0.002777434368  0.000000000001  0.004365416910  0.005313567459  0.023382662354  0.155011473560 -0.003367895950  0.000000000001 -0.000000000000
