             Rad             v_r             v_t             v_x             p              p_mg      p_no_phase
  0.000000000000  0.021039329698  0.000000000000  0.010320241540 -0.004614453398  0.380203373116  0.035271414758
  0.003921568627  0.026915121860  0.209773729885 -0.006166303995  0.002671830958  0.171752037889 -0.027126543176
  0.007843137255  0.033073998169  0.424977535679 -0.026587009174  0.011626926016  0.125166089153 -0.109374891174
  0.011764705882  0.042270476990  0.591872391760 -0.050933998397  0.021985396894  0.436047845296 -0.230032251052
  0.015686274510  0.015460516993  0.590335048361 -0.085399517907  0.038069680143  0.570960073171 -0.300008972032
  0.019607843137  0.001421441482  0.491967252444 -0.072016376343  0.031184979814  0.522933263703 -0.318186782285
  0.023529411765 -0.030789707723  0.310118020485 -0.089174848094  0.040938976747  0.293603739197 -0.229089934053
  0.027450980392 -0.059737307392  0.102856927022 -0.031260327386  0.014218401949  0.058020494278 -0.089730912316
  0.031372549020 -0.041272474345 -0.051324701685 -0.006501428864  0.004055807792  0.305809023736  0.059302964516
  0.035294117647 -0.056215601931 -0.151689948183  0.024176764936 -0.009411501029  0.449486851376  0.181872195305
  0.039215686275 -0.006184025789 -0.156328464313  0.074508092146 -0.034188782067  0.373522612302  0.192609159212
  0.043137254902  0.019698008862 -0.103131777421  0.034253831690 -0.014902504959  0.127485774575  0.146396424353
  0.047058823529  0.024817584270 -0.028549066063  0.048784832778 -0.023720673658  0.109729071167  0.031361275865
  0.050980392157  0.066807496778  0.050827326780  0.002683581218 -0.002637389135  0.335895327003 -0.092833415974
  0.054901960784  0.018023459967  0.080529235999 -0.047161751894  0.021370269469  0.357182431607 -0.141102472868
  0.058823529412  0.014470435617  0.077705096397 -0.022848234372  0.009138673174  0.222010355923 -0.154539613063
  0.062745098039 -0.007638626169  0.043270394577 -0.070399873672  0.033842434261  0.051484505056 -0.072798528300
  0.066666666667 -0.060676165766 -0.010450435044 -0.015708662495  0.008202679082  0.223504687994  0.029969482164
  0.070588235294 -0.017840016112 -0.039757658190  0.016503546163 -0.006848561616  0.300508206586  0.094056530881
  0.074509803922 -0.041168544595 -0.055938265628  0.008306687186 -0.002069368991  0.266165237414  0.145103633963
  0.078431372549 -0.005233760499 -0.041965112234  0.078178125407 -0.037443372027  0.140555645061  0.090648702101
  0.082352941176  0.045010855184 -0.008050164011  0.019112135885 -0.009224590601  0.120434105457  0.017133732374
  0.086274509804  0.011497729119  0.015871382872  0.014180799988 -0.007775047883  0.224719174437 -0.053322858063
  0.090196078431  0.059972174274  0.038896247409  0.005242129405 -0.004375209194  0.276610506024 -0.126227289323
  0.094117647059  0.012817557217  0.035735259445 -0.074593211696  0.035614946580  0.200194257009 -0.094399287406
  0.098039215686 -0.023405047245  0.016624533264 -0.015646792081  0.007008467939  0.031708919733 -0.052597954971
  0.101960784314 -0.002413699579 -0.001397761240 -0.042215144872  0.021178830852  0.142453956898  0.019166658235
  0.105882352941 -0.070328038504 -0.025584687699 -0.015613815871  0.009161391402  0.262492243893  0.101333767575
  0.109803921569 -0.015172205883 -0.028074284296  0.061387923996 -0.029152628742  0.228592905039  0.088855444979
  0.113725490196 -0.001257301843 -0.019979745535  0.007627278885 -0.002677536265  0.051773964949  0.078069197282
  0.117647058824 -0.007002409311 -0.007209544236  0.065141200932 -0.032146509629  0.067247116396  0.008320746919
  0.121568627451  0.071946323685  0.015167183456  0.021607602634 -0.011725728154  0.230082651431 -0.072642671532
  0.125490196078  0.012914343709  0.020363011424 -0.040516875971  0.018980758837  0.229606006632 -0.077122394087
  0.129411764706  0.026234327266  0.020325226014  0.002787921899 -0.002709122633  0.112718384344 -0.094256504495
  0.133333333333  0.014961016375  0.011880625421 -0.080882761265  0.039649338938  0.050346646069 -0.029169253236
  0.137254901961 -0.065070191178 -0.007075726289 -0.022765393990  0.011868286054  0.184514609234  0.042066865048
  0.141176470588 -0.007057582985 -0.013245255638  0.014364907829 -0.006247494693  0.207903515055  0.061543896076
  0.145098039216 -0.048910551673 -0.018855116308 -0.013590189667  0.008163015036  0.158046833866  0.101610863460
  0.149019607843 -0.020204936218 -0.013804886919  0.087961036743 -0.042951918954  0.100063922773  0.043589666666
  0.152941176471  0.050589980013  0.000922584075  0.019268102162 -0.009704601628  0.130475674179 -0.011446538108
  0.156862745098 -0.001115516285  0.007050804482  0.014306233682 -0.007706121114  0.168977905049 -0.044023273576
  0.160784313725  0.066942339388  0.016296399201  0.023010920307 -0.012815562834  0.186500932592 -0.100656911112
  0.164705882353  0.021999163275  0.013798302764 -0.085665776764  0.041696557566  0.145035240290 -0.052001525913
  0.168627450980 -0.030038709724  0.003574920940 -0.011838362170  0.005617766182  0.072587434569 -0.017431691934
  0.172549019608  0.010190804829 -0.001945849611 -0.042538892309  0.021437323376  0.119448039715  0.026130996869
  0.176470588235 -0.078441843857 -0.013137057849 -0.029633165363  0.015975734845  0.198121983063  0.092158811251
  0.180392156863 -0.020122569203 -0.012469265272  0.074152225224 -0.035951433784  0.173468717472  0.055023018367
  0.184313725490  0.005495134362 -0.006642501245  0.001618866607 -0.000197281228  0.018523536387  0.042897583145
  0.188235294118 -0.018766071434 -0.002006248168  0.067422007439 -0.033522180362  0.069230796705 -0.009136318145
  0.192156862745  0.082145246604  0.009729129133  0.032487787995 -0.017178653463  0.193760243387 -0.077189908742
  0.196078431373  0.014834104365  0.010296879822 -0.054451915841  0.026216459898  0.183338544576 -0.053434410603
  0.200000000000  0.020583865297  0.008477498531  0.009974915823 -0.005835207765  0.043948098571 -0.063490883677
  0.203921568627  0.025588547179  0.004816231936 -0.086352036890  0.042684951660  0.047081534650 -0.005983826052
  0.207843137255 -0.077534674011 -0.006337740050 -0.031114171720  0.016215713747  0.175029644589  0.057136324835
  0.211764705882 -0.006805710638 -0.007668567724  0.028395561758 -0.013385814885  0.175210983865  0.048126574565
  0.215686274510 -0.045579316617 -0.009264945270 -0.021418030413  0.011708175971  0.090433429844  0.078059874065
  0.219607843137 -0.029673438556 -0.006551963918  0.097278063162 -0.047919600249  0.077411730691  0.018536762867
  0.223529411765  0.064895390930  0.003165121665  0.025575491215 -0.013141494499  0.144254775390 -0.033650663238
  0.227450980392 -0.002975993412  0.004898085710  0.001544969159 -0.001329521778  0.151447167911 -0.040044088528
  0.231372549020  0.066950664050  0.009185588688  0.031241500225 -0.016683396647  0.127762028523 -0.085848288750
  0.235294117647  0.030392517168  0.007325555791 -0.098902652840  0.048589496327  0.116216216962 -0.028098456462
  0.239215686275 -0.045299136381 -0.000362580792 -0.016425852907  0.008256293960  0.104385053320  0.008567611241
  0.243137254902  0.013331529658 -0.002234222205 -0.032480803437  0.016512013046  0.116114477442  0.030130184956
  0.247058823529 -0.082475795547 -0.008418662361 -0.038185163531  0.020132534175  0.153257468149  0.086558771160
  0.250980392157 -0.027525036468 -0.007281756903  0.090816133885 -0.044494277841  0.145685749196  0.034488361517
  0.254901960784  0.020512885752 -0.001963277459  0.004632522698 -0.002066039712  0.058952184608  0.016207488812
  0.258823529412 -0.023022897948 -0.000134539834  0.061375145866 -0.030670161896  0.075971858507 -0.019278717660
  0.262745098039  0.090466265018  0.007141196983  0.041324220301 -0.021600267401  0.165609258656 -0.080384533590
  0.266666666667  0.021267136297  0.006586691448 -0.073549180158  0.035896364553  0.161253290903 -0.037736108008
  0.270588235294  0.007159862835  0.003746817795  0.008538763688 -0.004776304251  0.014344012147 -0.038825540082
  0.274509803922  0.030887984322  0.002076573388 -0.085331673708  0.042380816977  0.047833563025  0.008296336753
  0.278431372549 -0.089935985441 -0.005525108627 -0.040158473005  0.020848418292  0.164499532072  0.068004290685
  0.282352941176 -0.012199995086 -0.005416871628  0.048536828700 -0.023503679532  0.161617576176  0.038042943728
  0.286274509804 -0.035091315524 -0.004960370034 -0.021663838081  0.011541932790  0.038037594968  0.057623988184
  0.290196078431 -0.035962634670 -0.003513380887  0.101874576307 -0.050427503476  0.061577748773  0.002123758137
  0.294117647059  0.080706162781  0.003732992198  0.034656957215 -0.017877448049  0.150565570542 -0.050539047150
  0.298039215686  0.001220908789  0.003948767414 -0.017995768024  0.008409440241  0.147422726247 -0.035741362381
  0.301960784314  0.060575731112  0.005610992188  0.033311680533 -0.017502990067  0.079083130020 -0.071248454783
  0.305882352941  0.037579333576  0.004414873420 -0.109193139763  0.053921353947  0.095940398245 -0.011416680363
  0.309803921569 -0.063435305446 -0.001913361857 -0.025254987227  0.012923877117  0.125343235322  0.029472854666
  0.313725490196  0.010555132282 -0.002349336075 -0.015274786568  0.008005916590  0.121042024261  0.031256125666
  0.317647058824 -0.081086949713 -0.005736517082 -0.042192930050  0.022007558914  0.112847032115  0.078754461453
  0.321568627451 -0.035433834191 -0.004793416896  0.106326910489 -0.052392748999  0.127022084827  0.019150747240
  0.325490196078  0.039570256034  0.000195952589  0.012805146975 -0.006434463811  0.091164196054 -0.006542987692
  0.329411764706 -0.021913219003  0.000767916207  0.048150820125 -0.024201890379  0.086962563045 -0.025069195502
  0.333333333333  0.094522800088  0.005400705559  0.047291320897 -0.024545778042  0.136564220958 -0.079679678544
  0.337254901961  0.029614262406  0.004696713975 -0.093272895645  0.045844452917  0.147702834899 -0.025024616879
  0.341176470588 -0.011221709933  0.001312408757  0.001511992196 -0.000979877592  0.051054897979 -0.016392137806
  0.345098039216  0.031663941697  0.000670175248 -0.077476209886  0.038622466861  0.054928712883  0.017690136288
  0.349019607843 -0.099413033821 -0.004687541714 -0.047965948120  0.024800996045  0.148628830974  0.074079614478
  0.352941176471 -0.020590836022 -0.004199787664  0.071003476102 -0.034760599051  0.155287168869  0.028859249793
  0.356862745098 -0.019025083415 -0.002530957515 -0.016308033234  0.008605618840  0.010439103590  0.037496810932
  0.360784313725 -0.038764308325 -0.001868108500  0.100363126836 -0.049844571296  0.050217819900 -0.009632513704
  0.364705882353  0.095070608651  0.003694856425  0.044015251853 -0.022681393863  0.148399654082 -0.062522767996
  0.368627450980  0.009168045217  0.003396450309 -0.041392051325  0.020070013253  0.149157628458 -0.030587210630
  0.372549019608  0.048347469227  0.003406873049  0.030125740889 -0.015697484052  0.035801164991 -0.055101880991
  0.376470588235  0.042422718447  0.002759956930 -0.114471828913  0.056716393152  0.077809283342  0.001395869000
  0.380392156863 -0.081671252034 -0.002527569161 -0.035697366886  0.018329417185  0.136204190766  0.046044750794
  0.384313725490  0.003595409619 -0.002390698359  0.007052130121 -0.003066675964  0.130389581648  0.030241400114
  0.388235294118 -0.073948696059 -0.003915705908 -0.041583310186  0.021551762710  0.073822576859  0.067836623929
  0.392156862745 -0.042178283518 -0.003311078526  0.118243129543 -0.058472333688  0.110182762311  0.006547883650
  0.396078431373  0.060252810503  0.001290901044  0.023705647886 -0.012108472973  0.113299562961 -0.026064456163
  0.400000000000 -0.016490741330  0.001288480706  0.028896185045 -0.014705788664  0.101843205025 -0.027944621286
  0.403921568627  0.093322969657  0.004060286587  0.049510154176 -0.025575095752  0.105143890839 -0.074737440088
  0.407843137255  0.037947369739  0.003516597949 -0.111060956352  0.054813368006  0.135788060386 -0.013765215701
  0.411764705882 -0.032633324398 -0.000083937552 -0.009102362841  0.004568462681  0.081772620372  0.004268690035
  0.415686274510  0.028277006908 -0.000190256199 -0.063111371819  0.031595229354  0.069342604779  0.023900563304
  0.419607843137 -0.104497376664 -0.003868169619 -0.053061495108  0.027342304709  0.127174718852  0.075324017377
  0.423529411765 -0.030033420928 -0.003398229690  0.093328705494 -0.045944727636  0.150360711085  0.019870558833
  0.427450980392  0.001254373186 -0.001006090274 -0.006782631248  0.003606342761  0.044412902428  0.017525501757
  0.431372549020 -0.037801500435 -0.000815307028  0.092341265584 -0.045994782257  0.048133794622 -0.018385965914
  0.435294117647  0.106227664652  0.003387776227  0.051801227777 -0.026637953420  0.138288909643 -0.069636254759
  0.439215686275  0.019099593993  0.002999766676 -0.066450975425  0.032566715423  0.152144070733 -0.024536100370
  0.443137254902  0.031036693363  0.001908478355  0.022478292290 -0.011662005075  0.006398081491 -0.037519535730
  0.447058823529  0.044111228094  0.001656223015 -0.113730665004  0.056495117946  0.061272362529  0.011743036430
  0.450980392157 -0.098128893012 -0.002683493571 -0.045745625085  0.023477914034  0.137787153487  0.058228521149
  0.454901960784 -0.006107188910 -0.002381617055  0.032721008707 -0.015818803220  0.141095138760  0.027502667627
  0.458823529412 -0.061246149372 -0.002572415971 -0.036511777737  0.018846031356  0.036208495246  0.054080672051
  0.462745098039 -0.046545087753 -0.002280501752  0.125096923439 -0.062020816216  0.092456666917 -0.004370734863
  0.466666666667  0.080727806392  0.001830062492  0.035364175461 -0.018109102312  0.125925464498 -0.042121440031
  0.470588235294 -0.007774031145  0.001614802649  0.004877023820 -0.002818465475  0.118807063346 -0.028591843851
  0.474509803922  0.086511301131  0.002968874682  0.047547687683 -0.024478223913  0.071931436831 -0.065875715544
  0.478431372549  0.044798303407  0.002657821400 -0.125147301622  0.061937858241  0.122189066812 -0.003286607246
  0.482352941176 -0.055430902711 -0.000906633675 -0.021537833736  0.010987575578  0.103882757616  0.022715024067
  0.486274509804  0.021275028135 -0.000774835682 -0.042933711209  0.021655247025  0.088921113265  0.027718662216
  0.490196078431 -0.104370322905 -0.003090950152 -0.054514227496  0.028014699570  0.101101414284  0.071979744892
  0.494117647059 -0.038953326617 -0.002779597657  0.113616938296 -0.056121745021  0.143483767445  0.010754684701
  0.498039215686  0.024409923924 -0.000009108766  0.005478868636 -0.002737166056  0.073659936047 -0.001670316514
  0.501960784314 -0.033145899694 -0.000064132457  0.077924333024 -0.038946070523  0.059607379393 -0.024903484879
  0.505882352941  0.112999306970  0.002952694067  0.056704702024 -0.029099208923  0.121324815056 -0.071950636804
  0.509803921569  0.029474561018  0.002657582979 -0.091313393065  0.044979273420  0.153286648049 -0.017549483873
  0.513725490196  0.009585820615  0.000846368199  0.011380045606 -0.005907423262  0.037937763580 -0.019230567850
  0.517647058824  0.042272496854  0.000834542213 -0.106534882204  0.053051441941  0.051414295670  0.020281112962
  0.521568627451 -0.111394023259 -0.002586576740 -0.053845130756  0.027597104018  0.131056442269  0.065863026197
  0.525490196078 -0.017167602525 -0.002321208287  0.060062193080 -0.029421210441  0.150468407437  0.023202513010
  0.529411764706 -0.043473989480 -0.001545852369 -0.027517120395  0.014167756413  0.003608939928  0.038234214562
  0.533333333333 -0.047780510041 -0.001479752322  0.125974161380 -0.062592480071  0.074355097818 -0.014104890236
  0.537254901961  0.099478700657  0.002039813134  0.046121947901 -0.023608923753  0.129651384069 -0.054298786338
  0.541176470588  0.003106916397  0.001813941435 -0.022556904891  0.010787621234  0.135505275071 -0.027290188416
  0.545098039216  0.074118820374  0.002063302710  0.041460997143 -0.021292849703  0.038259164233 -0.053762822873
  0.549019607843  0.049117524095  0.001957254408 -0.134242813618  0.066584121285  0.105852609081  0.006743623368
  0.552941176471 -0.078130644462 -0.001369858801 -0.034167428383  0.017462439860  0.117401189662  0.038294825451
  0.556862745098  0.011461292805 -0.001188977620 -0.017873874988  0.009267986165  0.110587453022  0.029465630318
  0.560784313725 -0.098620501625 -0.002371737358 -0.051925769445  0.026627901276  0.071884238047  0.064545800059
  0.564705882353 -0.046105621528 -0.002240652882  0.130333723311 -0.064534206724  0.132958546065  0.001330433166
  0.568627450980  0.049117113045  0.000639432205  0.019004326222 -0.009683962463  0.095499444981 -0.019252654720
  0.572549019608 -0.025232067005  0.000504595769  0.057562379060 -0.028925642437  0.080485967637 -0.029490289329
  0.576470588235  0.114587740559  0.002462307255  0.057929213513 -0.029674330612  0.098938842734 -0.069724866426
  0.580392156863  0.038959833775  0.002320373624 -0.114344192489  0.056498732918  0.150587351446 -0.009563514629
  0.584313725490 -0.014948905828  0.000088557415 -0.001954882734  0.000951568710  0.065936031745 -0.001182533272
  0.588235294118  0.036960214804  0.000180487818 -0.092834070505  0.046363950600  0.056650302703  0.027262223153
  0.592156862745 -0.120368140213 -0.002343768274 -0.058883554773  0.030135716620  0.117208521435  0.068923762128
  0.596078431373 -0.028270853415 -0.002203147721  0.087488140888 -0.043087446025  0.156386377793  0.017352160047
  0.600000000000 -0.021337165566 -0.000755803480 -0.015477464087  0.007965473087  0.031346303611  0.021262914973
  0.603921568627 -0.045573610661 -0.000811460164  0.120346543486 -0.059928242595  0.060414130925 -0.022837579365
  0.607843137255  0.115214512213  0.002040673231  0.054650632625 -0.027945520922  0.125276841804 -0.062276684239
  0.611764705882  0.014953645946  0.001910391050 -0.052005597871  0.025418444026  0.149730574399 -0.024083665373
  0.615686274510  0.056448048995  0.001312777329  0.031742934858 -0.016275596921  0.006091432722 -0.039287125878
  0.619607843137  0.050271046527  0.001341178472 -0.137403845925  0.068286420613  0.087845079610  0.016441983391
  0.623529411765 -0.099370816184 -0.001590478331 -0.045556561869  0.023274135944  0.122610016911  0.050413132236
  0.627450980392 -0.000166651791 -0.001475662799  0.010976140526 -0.005025117228  0.131611913983  0.029182726154
  0.631372549020 -0.087132530302 -0.001722004131 -0.045384666256  0.023235946197  0.041230987175  0.053744617866
  0.635294117647 -0.050595844039 -0.001733149127  0.142216946244 -0.070557943399  0.118513668466 -0.008469105402
  0.639215686275  0.074068540965  0.001039832121  0.032364635416 -0.016514656209  0.109589416823 -0.034400593280
  0.643137254902 -0.014791119307  0.000941433200  0.031948166724 -0.016276818744  0.104941156574 -0.032160736437
  0.647058823529  0.110480740297  0.001960236175  0.055169869600 -0.028219128857  0.072787331312 -0.063442935118
  0.650980392157  0.046478640100  0.001963568746 -0.134085561978  0.066403658613  0.143070597239 -0.000535340958
  0.654901960784 -0.041432400014 -0.000440366213 -0.016208944342  0.008248670519  0.087469740749  0.015650127999
  0.658823529412  0.028595853812 -0.000355420874 -0.072867175724  0.036550667679  0.076042761091  0.032663400279
  0.662745098039 -0.124197681726 -0.002019411335 -0.060201160491  0.030769757727  0.097679157503  0.067607053894
  0.666666666667 -0.038245532666 -0.002022346521  0.113483386402 -0.056067577694  0.157416485940  0.009904608277
  0.670588235294  0.004302481311 -0.000155667717 -0.001505320371  0.000804854655  0.058266190324  0.004206893702
  0.674509803922 -0.040017197526 -0.000233227449  0.107985653944 -0.053914169871  0.059650269923 -0.030511898209
  0.678431372549  0.126825326642  0.001906381377  0.059998132488 -0.030645740711  0.113866957818 -0.065942365793
  0.682352941176  0.026590868555  0.001913097475 -0.082037297932  0.040365945122  0.159705910421 -0.018895860041
  0.686274509804  0.034012276778  0.000699572066  0.019225978499 -0.009853038488  0.024601414123 -0.023460187273
  0.690196078431  0.048028461255  0.000777647220 -0.133963080152  0.066713175545  0.072272979177  0.025732919177
  0.694117647059 -0.117892135529 -0.001641489670 -0.054541917086  0.027840652017  0.120091708832  0.058656046359
  0.698039215686 -0.012517097499 -0.001652163363  0.042400662071 -0.020623693626  0.149775876751  0.026746409865
  0.701960784314 -0.070027925498 -0.001149874307 -0.035391336169  0.018099251420  0.011000521855  0.040467823047
  0.705882352941 -0.051898953262 -0.001236610161  0.148228233792 -0.073677666251  0.101502895453 -0.018573456118
  0.709803921569  0.097975132237  0.001256163613  0.044278768257 -0.022585199058  0.115962854673 -0.046435164580
  0.713725490196 -0.002752968726  0.001266778145  0.001969513888 -0.001436822870  0.129173084143 -0.032737165278
  0.717647058824  0.100400663984  0.001475232344  0.048568819231 -0.024813757692  0.044647773827 -0.053796646418
  0.721568627451  0.051260223539  0.001577311513 -0.149229276259  0.074045568878  0.130847026059  0.009497351811
  0.725490196078 -0.068667390144 -0.000789756947 -0.030082340811  0.015327650867  0.101980799262  0.030383638193
  0.729411764706  0.017883719605 -0.000792544887 -0.047112909046  0.023845500305  0.101701044667  0.036258023802
  0.733333333333 -0.122234969780 -0.001656382244 -0.057582474821  0.029398577567  0.074095323997  0.062343762762
  0.737254901961 -0.046140322511 -0.001777426736  0.136595420832 -0.067642502129  0.152910977312  0.000837903971
  0.741176470588  0.032452266168  0.000285926252  0.013177979326 -0.006694950568  0.079484664784 -0.011923697182
  0.745098039216 -0.031544616362  0.000270428320  0.088917692839 -0.044559594225  0.075596609084 -0.036869244551
  0.749019607843  0.133356540468  0.001687019496  0.061618047982 -0.031440829331  0.096748890294 -0.065428689142
  0.752941176471  0.036963005591  0.001826329016 -0.111193932754  0.054909407218  0.164222727054 -0.011623811811
  0.756862745098  0.007505795296  0.000211149080  0.004964319413 -0.002562065143  0.050531538990 -0.007329426844
  0.760784313725  0.042527951053  0.000256509737 -0.123492700405  0.061648775910  0.067341461344  0.034352645315
  0.764705882353 -0.132524621167 -0.001573593773 -0.060296324103  0.030749830258  0.110751416011  0.062848363096
  0.768627450980 -0.024511906557 -0.001725418532  0.075075432728 -0.036874614340  0.163366893968  0.021960676095
  0.772549019608 -0.047636341723 -0.000660394522 -0.022758852611  0.011634519876  0.017753917368  0.025708580655
  0.776470588235 -0.049856087486 -0.000746396954  0.147526514344 -0.073473479531  0.085732926726 -0.028746915531
  0.780392156863  0.119563368268  0.001334084413  0.053708223089 -0.027374666051  0.115020885909 -0.054890459373
  0.784313725490  0.009862787071  0.001487574865 -0.031310485759  0.015071880187  0.150644511911 -0.030930454234
  0.788235294118  0.084280070891  0.001027031808  0.038643722300 -0.019726632509  0.016348804489 -0.041639213381
  0.792156862745  0.052868700111  0.001161631097 -0.158600615110  0.078840210532  0.115410189097  0.020362391245
  0.796078431373 -0.095398891130 -0.000995902546 -0.042408492240  0.021600654388  0.109329199849  0.042304111576
  0.800000000000  0.005710221219 -0.001135801603 -0.016269647505  0.008589144394  0.128229652782  0.037676881323
  0.803921568627 -0.114020058005 -0.001285096939 -0.051218634668  0.026125875907  0.048195677717  0.053774777982
  0.807843137255 -0.051282278932 -0.001471547970  0.155427364035 -0.077119292053  0.143162231547 -0.009772246582
  0.811764705882  0.061996919299  0.000593129945  0.027368478771 -0.013924980364  0.094311357037 -0.026230847552
  0.815686274510 -0.020846175243  0.000701183707  0.063406329899 -0.031989137912  0.101009329895 -0.041485937210
  0.819607843137  0.133997294196  0.001419111812  0.059368852557 -0.030265983864  0.075458417513 -0.061111300442
  0.823529411765  0.045216595717  0.001654503819 -0.137989879239  0.068313673341  0.162768005649 -0.002220906636
  0.827450980392 -0.022204936150 -0.000163349528 -0.009892053906  0.005013608816  0.071401304747  0.008101999695
  0.831372549020  0.034216899565 -0.000220320689 -0.105792099831  0.052987634202  0.079158242275  0.041859148826
  0.835294117647 -0.142181684690 -0.001424812262 -0.062364366051  0.031777251676  0.095789788501  0.063071283228
  0.839215686275 -0.035185718307 -0.001699243296  0.107569330002 -0.053071649186  0.171229701790  0.014641729588
  0.843137254902 -0.020488688850 -0.000255655013 -0.008498002862  0.004356777564  0.042703739415  0.010488257284
  0.847058823529 -0.044644085385 -0.000267570394  0.139461030153 -0.069617191145  0.078428694104 -0.038572344514
  0.850980392157  0.137573172000  0.001308916141  0.059925501207 -0.030519681589  0.107526563494 -0.059549838087
  0.854901960784  0.022054264436  0.001605475344 -0.066655083028  0.032641279504  0.167539260638 -0.026418565828
  0.858823529412  0.062258330472  0.000629053855  0.026193248908 -0.013366747580  0.010903473510 -0.027923009976
  0.862745098039  0.051203604221  0.000723670216 -0.161155810774  0.080265733921  0.100333525664  0.031713333787
  0.866666666667 -0.120313502893 -0.001087994254 -0.052249110179  0.026596019266  0.109777754282  0.050919281862
  0.870588235294 -0.006962635345 -0.001383634714  0.018743618297 -0.008769521096  0.152491804972  0.036473797076
  0.874509803922 -0.099281245780 -0.000927726784 -0.041640801440  0.021226053804  0.021752997110  0.042703533920
  0.878431372549 -0.053307825602 -0.001112475068  0.168637941491 -0.083830354245  0.129715656572 -0.021693538493
  0.882352941176  0.091696860042  0.000786578000  0.039992924651 -0.020343482031  0.102489209748 -0.037992082927
  0.886274509804 -0.008772302061  0.001053862766  0.031957737363 -0.016445874535  0.128981784362 -0.043820666420
  0.890196078431  0.128084204993  0.001130410229  0.053480158013 -0.027243222383  0.051657378157 -0.053578726006
  0.894117647059  0.050758628640  0.001404412076 -0.160911935837  0.079828113108  0.155705811947  0.009230740999
  0.898039215686 -0.054076470333 -0.000434695003 -0.024219311361  0.012304842260  0.086437803635  0.021945692898
  0.901960784314  0.023772444566 -0.000644294173 -0.080897346808  0.040739237443  0.103119959857  0.047657973374
  0.905882352941 -0.145865468902 -0.001225084742 -0.060663583055  0.030886682852  0.076638768832  0.059651801211
  0.909803921569 -0.043766340552 -0.001577970260  0.138341641516 -0.068452998993  0.172880667415  0.004697331787
  0.913725490196  0.010673606187  0.000065063446  0.006303227167 -0.003181338648  0.063154814920 -0.004216118181
  0.917647058824 -0.036719529359  0.000188782948  0.123584373189 -0.061878804653  0.086505848458 -0.047453685836
  0.921568627451  0.150762608345  0.001209521395  0.062549427385 -0.031832042178  0.094563544432 -0.060455073994
  0.925490196078  0.032932802576  0.001621201708 -0.102646078610  0.050572836161  0.178653161164 -0.018926127233
  0.929411764706  0.034695710738  0.000289805366  0.012187677040 -0.006228512779  0.034792289287 -0.013630212286
  0.933333333333  0.046471442440  0.000275761297 -0.155996706063  0.077869664426  0.091999901435  0.043008992655
  0.937254901961 -0.142040975792 -0.001090978958 -0.058960077994  0.029991301685  0.103973828823  0.055986502338
  0.941176470588 -0.019199899245 -0.001532492385  0.056772787930 -0.027665221078  0.172429789090  0.032198950963
  0.945098039216 -0.077953313371 -0.000600349274 -0.029630383859  0.015098886390  0.004352476892  0.030034878485
  0.949019607843 -0.052163515310 -0.000712230078  0.174955012349 -0.087139546020  0.115940892817 -0.034495640031
  0.952941176471  0.120184286785  0.000885115087  0.050199298870 -0.025521380742  0.104179792115 -0.046705072409
  0.956862745098  0.003767919523  0.001320554095 -0.004657645333  0.001697028158  0.155547390779 -0.043275731301
  0.960784313725  0.115122048147  0.000842318657  0.044489276442 -0.022649281497  0.027044874919 -0.043583960303
  0.964705882353  0.053285834307  0.001086156608 -0.178428557328  0.088690367830  0.144576470634  0.022461476614
  0.968627450980 -0.086877197297 -0.000614238104 -0.037027257756  0.018811112823  0.095307637967  0.033485742112
  0.972549019608  0.012009215843 -0.001003644403 -0.049109538185  0.025042815783  0.131711502256  0.051046606829
  0.976470588235 -0.142687440004 -0.000998578238 -0.055451819944  0.028213451112  0.054873087364  0.053130596218
  0.980392156863 -0.049729644619 -0.001368332947  0.165743893806 -0.082201195458  0.168688738655 -0.007801818456
  0.984313725490  0.044879252119  0.000305076289  0.020595234207 -0.010447762493  0.078277936327 -0.017538220460
  0.988235294118 -0.026742760544  0.000608076219  0.099685480889 -0.050143201635  0.108254981270 -0.054640084224
  0.992156862745  0.157925321039  0.001060219512  0.061545189302 -0.031298546683  0.000000000000 -0.057892922457
  0.996078431373  0.041798604322  0.001537012833 -0.137675657433  0.068072336051  0.210559295901 -0.008302688003
  1.000000000000  0.002200697113  0.000013724841 -0.002345550720  0.001165912940  0.426757693683  0.000297022528
