             Rad             v_r             v_t             v_x             p              p_mg      p_no_phase
  0.000000000000  0.198961124634  0.000000000000 -0.043207318245  0.000000000000  0.038570140903  0.000000000000
  0.003921568627  0.142987460704 -0.019812550511 -0.206333630895  0.000000000000  0.010103589732  0.000000000000
  0.007843137255 -0.025092194845  0.076635643830  0.001355299503 -0.000000000000  0.045756265505 -0.000000000000
  0.011764705882  0.038090698750 -0.012111644625  0.009086546626 -0.000000000000  0.029522421452  0.000000000000
  0.015686274510  0.003728779228 -0.017469145384 -0.107797204298 -0.000000000000  0.006993158291 -0.000000000000
  0.019607843137  0.045480001414  0.038568691257 -0.175048868331  0.000000000000  0.035658465119  0.000000000000
  0.023529411765 -0.013570381020  0.021983006454  0.144963275153  0.000000000000  0.004176393818  0.000000000000
  0.027450980392  0.006855918654 -0.002682681647  0.128970352921  0.000000000000  0.028444820953  0.000000000000
  0.031372549020 -0.027201516625 -0.001972912645 -0.258470630458  0.000000000000  0.009634480628 -0.000000000000
  0.035294117647 -0.000915634713 -0.007070850900  0.102856951967  0.000000000000  0.010792064639 -0.000000000000
  0.039215686275 -0.020981838478  0.023939257312 -0.401241881000 -0.000000000000  0.018136219197  0.000000000000
  0.043137254902 -0.005437071060 -0.054183530369  0.538173401004  0.000000000000  0.024367663710  0.000000000000
  0.047058823529  0.002935455693 -0.090751503410 -0.304833381575  0.000000000000  0.017554376571 -0.000000000000
  0.050980392157 -0.008931992850 -0.049220202376 -0.186878830290  0.000000000000  0.023715155700 -0.000000000000
  0.054901960784 -0.013673011116  0.000563096972  0.288649456896 -0.000000000000  0.010186023505  0.000000000000
  0.058823529412 -0.003148356448 -0.025040610147 -0.144073465567 -0.000000000000  0.004018603217  0.000000000000
  0.062745098039  0.008111052814  0.025798150893  0.106224608759  0.000000000000  0.019387852744 -0.000000000000
  0.066666666667  0.003106208675  0.085388370849 -0.174104270351 -0.000000000000  0.005222537462 -0.000000000000
  0.070588235294  0.003651162071  0.100754547913  0.056802586092 -0.000000000000  0.008341324384  0.000000000000
  0.074509803922  0.015526169337  0.008278427976  0.096227516116  0.000000000000  0.011002946438 -0.000000000000
  0.078431372549 -0.005176774367 -0.059847988792 -0.342689849913  0.000000000000  0.013026099733 -0.000000000000
  0.082352941176  0.006714954484 -0.017780377935  0.392994355672 -0.000000000000  0.015136358792 -0.000000000000
  0.086274509804 -0.005827871838  0.026980306093 -0.120872093565 -0.000000000000  0.017431406618  0.000000000000
  0.090196078431  0.003310453454  0.019754643694  0.217135342985 -0.000000000000  0.024150000942 -0.000000000000
  0.094117647059 -0.010998882733 -0.013110646784 -0.238173055175  0.000000000000  0.014542719755  0.000000000000
  0.098039215686  0.008853023737  0.071878291584 -0.028409485203 -0.000000000000  0.020078298616  0.000000000000
  0.101960784314 -0.024147520144  0.041970112952  0.462146520921 -0.000000000000  0.012158336338  0.000000000000
  0.105882352941 -0.003152671599  0.014074891775 -0.335015534623 -0.000000000000  0.010763590739 -0.000000000000
  0.109803921569 -0.018950382162 -0.056668126777  0.512120680588  0.000000000000  0.009521071508  0.000000000000
  0.113725490196 -0.011917948878 -0.029722877211  0.011796942554 -0.000000000000  0.026386227646 -0.000000000000
  0.117647058824 -0.010465402566 -0.017452318009 -0.100175442585  0.000000000000  0.016585601291  0.000000000000
  0.121568627451 -0.008920091267 -0.039213403016 -0.148193658489 -0.000000000000  0.023846106709 -0.000000000000
  0.125490196078 -0.026386227277  0.055213148581  0.500123358852  0.000000000000  0.016978459623  0.000000000000
  0.129411764706 -0.016025922587 -0.014575243455 -0.540618008097 -0.000000000000  0.014479965013  0.000000000000
  0.133333333333 -0.022805315775 -0.045187752565  0.367446445575  0.000000000000  0.011422910791  0.000000000000
  0.137254901961 -0.006310416687 -0.032520214723 -0.022852366963 -0.000000000000  0.018390752764 -0.000000000000
  0.141176470588 -0.013759479471  0.032886658729 -0.063386120839  0.000000000000  0.016151120706  0.000000000000
  0.145098039216 -0.001154486574  0.002977659695 -0.010554927452 -0.000000000000  0.008162820891 -0.000000000000
  0.149019607843 -0.017513433381 -0.005177304005  0.058397938881  0.000000000000  0.012715833935  0.000000000000
  0.152941176471 -0.009418191410  0.020002413731  0.039555257012 -0.000000000000  0.006855073220 -0.000000000000
  0.156862745098 -0.002662614919 -0.054309068646 -0.438672450559 -0.000000000000  0.014590134890 -0.000000000000
  0.160784313725 -0.004041662992 -0.012814666795  0.180605784925  0.000000000000  0.010168180951  0.000000000000
  0.164705882353 -0.005401226753 -0.037286294972 -0.112535371211  0.000000000000  0.004620631431  0.000000000000
  0.168627450980 -0.003957161760  0.051418316067  0.208402271130 -0.000000000000  0.012080947852 -0.000000000000
  0.172549019608 -0.007910729246  0.067538662270 -0.271157950089  0.000000000000  0.009977367659  0.000000000000
  0.176470588235  0.002413354450  0.038068339591  0.147096226393 -0.000000000000  0.019436720452 -0.000000000000
  0.180392156863 -0.009358375819 -0.012131830028  0.061559196078  0.000000000000  0.014764755384  0.000000000000
  0.184313725490 -0.007742440322 -0.045097426729  0.146294505088 -0.000000000000  0.018584663950 -0.000000000000
  0.188235294118 -0.019355509131  0.007298338648  0.016446408702  0.000000000000  0.008385651990 -0.000000000000
  0.192156862745 -0.013483181932  0.083149724803 -0.032472659231 -0.000000000000  0.009089765760  0.000000000000
  0.196078431373 -0.016080165258 -0.026256396480 -0.026186122750  0.000000000000  0.016261781691  0.000000000000
  0.200000000000 -0.002246089857 -0.127810749763  0.045023944018 -0.000000000000  0.008111917946 -0.000000000000
  0.203921568627 -0.009023426972 -0.111754875253 -0.055761647741  0.000000000000  0.010416552925  0.000000000000
  0.207843137255 -0.004012715564 -0.024261339935 -0.039345431222 -0.000000000000  0.002249587571 -0.000000000000
  0.211764705882 -0.007928476593  0.090891515627  0.090139374571  0.000000000000  0.011911237747  0.000000000000
  0.215686274510  0.000911029294  0.057445083519  0.179491117805 -0.000000000000  0.003751600862 -0.000000000000
  0.219607843137 -0.002249456904 -0.021930213717 -0.076473640289  0.000000000000  0.010091826419  0.000000000000
  0.223529411765 -0.005141624463 -0.038397343433 -0.012645208251  0.000000000000  0.011326555710 -0.000000000000
  0.227450980392 -0.003112182699  0.073431034114  0.127617418027 -0.000000000000  0.018373648248  0.000000000000
  0.231372549020 -0.006628469998  0.069863232763 -0.231190909696  0.000000000000  0.018074552532 -0.000000000000
  0.235294117647 -0.009257534090  0.038620578385 -0.226673502209  0.000000000000  0.024630131884  0.000000000000
  0.239215686275 -0.018295119972  0.007934562323  0.041252986829 -0.000000000000  0.007415428438 -0.000000000000
  0.243137254902 -0.016882664729  0.038688752278 -0.098767177732  0.000000000000  0.015439788979  0.000000000000
  0.247058823529 -0.024536971125 -0.060725844213  0.275184400194  0.000000000000  0.011049898937 -0.000000000000
  0.250980392157 -0.007197305705 -0.147850336175 -0.025438268519  0.000000000000  0.017874421562  0.000000000000
  0.254901960784 -0.013936381961 -0.168789983138 -0.318031474181  0.000000000000  0.002568413843 -0.000000000000
  0.258823529412  0.008566867586 -0.011085568258  0.237875323928  0.000000000000  0.029738485092  0.000000000000
  0.262745098039 -0.014214304604  0.056162977279 -0.125757240274  0.000000000000  0.009928414861  0.000000000000
  0.266666666667 -0.002197232565  0.108994434353  0.172968364751  0.000000000000  0.026881721081  0.000000000000
  0.270588235294 -0.028878485653  0.030753304941 -0.270091290534  0.000000000000  0.018396192741 -0.000000000000
  0.274509803922 -0.008637666759  0.001314606503  0.141400995721  0.000000000000  0.018908018168  0.000000000000
  0.278431372549 -0.025191054702  0.050968185850 -0.076495372000 -0.000000000000  0.026269488617 -0.000000000000
  0.282352941176 -0.015912529434  0.094969082121  0.216498628454  0.000000000000  0.019759738157  0.000000000000
  0.286274509804 -0.017242596493  0.044494421983 -0.290909914974  0.000000000000  0.021171651987 -0.000000000000
  0.290196078431 -0.020485373744 -0.032894848464  0.087474361577 -0.000000000000  0.023279635742  0.000000000000
  0.294117647059 -0.016172040513  0.013990637880  0.129444456307  0.000000000000  0.015434471323 -0.000000000000
  0.298039215686 -0.014461096205 -0.027091148260 -0.312904286413 -0.000000000000  0.017607751126  0.000000000000
  0.301960784314 -0.021757962728  0.010750879089  0.271133625204  0.000000000000  0.012700387124  0.000000000000
  0.305882352941 -0.009726845766 -0.059343739109 -0.128803728513  0.000000000000  0.012987579110  0.000000000000
  0.309803921569 -0.014754966605 -0.055284385915  0.197102686366  0.000000000000  0.011452373538  0.000000000000
  0.313725490196 -0.011007020717 -0.045800071157 -0.193421049372 -0.000000000000  0.010601149150  0.000000000000
  0.317647058824 -0.009341566236 -0.008056133258  0.238627644536  0.000000000000  0.013061589720 -0.000000000000
  0.321568627451 -0.011194242290 -0.049849476707 -0.075316206334 -0.000000000000  0.005089144393  0.000000000000
  0.325490196078 -0.002373192876  0.049015762385  0.228971290313  0.000000000000  0.019113014424 -0.000000000000
  0.329411764706 -0.012982271357  0.110149186440 -0.104322422020 -0.000000000000  0.010431885520  0.000000000000
  0.333333333333 -0.003708949658  0.185613301975  0.004669871670 -0.000000000000  0.024677996301  0.000000000000
  0.337254901961 -0.016175892492  0.230008220528 -0.068084176670 -0.000000000000  0.007659536198  0.000000000000
  0.341176470588 -0.006641446934  0.058058310171  0.316404919361 -0.000000000000  0.025151511729 -0.000000000000
  0.345098039216 -0.023445326857 -0.193878572323 -0.084530358020 -0.000000000000  0.012933206003  0.000000000000
  0.349019607843 -0.007649962188 -0.319177770531  0.057296267783  0.000000000000  0.026038184917  0.000000000000
  0.352941176471 -0.023991431954 -0.293520225432 -0.069862238556 -0.000000000000  0.007010653889  0.000000000000
  0.356862745098 -0.006110199908 -0.025835247656  0.300855144967  0.000000000000  0.018630893646 -0.000000000000
  0.360784313725 -0.022470793156  0.113554376737 -0.113555291877 -0.000000000000  0.005079936335  0.000000000000
  0.364705882353 -0.005462427241  0.190619992342 -0.173919652248  0.000000000000  0.014376424449 -0.000000000000
  0.368627450980 -0.018508332359  0.171327299825  0.095091014481 -0.000000000000  0.005156163702  0.000000000000
  0.372549019608 -0.004868644193  0.112015281997 -0.146244370921  0.000000000000  0.013431471178  0.000000000000
  0.376470588235 -0.013534904062 -0.034053241449  0.055774081154 -0.000000000000  0.005020572928  0.000000000000
  0.380392156863 -0.005068846182 -0.186161393854 -0.015040779934  0.000000000000  0.008577580441  0.000000000000
  0.384313725490 -0.013182347306 -0.166780267964 -0.363209094803 -0.000000000000  0.003747379614 -0.000000000000
  0.388235294118 -0.004604012482 -0.042279865415  0.076462562695  0.000000000000  0.006496774313  0.000000000000
  0.392156862745 -0.006630078821  0.200557514162  0.155783319661 -0.000000000000  0.003896680540  0.000000000000
  0.396078431373 -0.000679931023  0.064282003419 -0.301285118437  0.000000000000  0.009376666498  0.000000000000
  0.400000000000 -0.006254752283  0.060047971214  0.155176362720 -0.000000000000  0.007755740110 -0.000000000000
  0.403921568627 -0.001558557230 -0.026890575109  0.164711277560  0.000000000000  0.008325952527  0.000000000000
  0.407843137255 -0.009173654133  0.076989377345  0.043084733883 -0.000000000000  0.002670548731 -0.000000000000
  0.411764705882 -0.005041026563  0.058724119515 -0.225502961906  0.000000000000  0.013550689107  0.000000000000
  0.415686274510 -0.007447927925 -0.105084403120  0.210579981241 -0.000000000000  0.009830106716  0.000000000000
  0.419607843137 -0.002245935017 -0.243830704320  0.161873064000  0.000000000000  0.009673686546 -0.000000000000
  0.423529411765 -0.011005426350 -0.120457503913  0.103227444041 -0.000000000000  0.005217861049  0.000000000000
  0.427450980392 -0.006494610369  0.146550781876  0.188777328796  0.000000000000  0.005034224802  0.000000000000
  0.431372549020 -0.008057235689  0.174977514530 -0.134662903132 -0.000000000000  0.003752681132  0.000000000000
  0.435294117647 -0.005079548987  0.118648490143  0.188131502595  0.000000000000  0.007418921724 -0.000000000000
  0.439215686275 -0.002989356007 -0.120691465169 -0.377184652299 -0.000000000000  0.006782956998  0.000000000000
  0.443137254902 -0.002415455581 -0.057600485640 -0.011938539985  0.000000000000  0.003668664269 -0.000000000000
  0.447058823529 -0.004427312688  0.003631857316  0.277519377098 -0.000000000000  0.006188795878  0.000000000000
  0.450980392157 -0.006666895269  0.050033832517 -0.061435978791  0.000000000000  0.013313182730 -0.000000000000
  0.454901960784 -0.001744500681  0.014789681403  0.005444210392  0.000000000000  0.007398047209  0.000000000000
  0.458823529412 -0.006140811813  0.046857910172  0.075673888350  0.000000000000  0.017089197636 -0.000000000000
  0.462745098039 -0.013015565141  0.009324004061 -0.269217156919 -0.000000000000  0.003841075575  0.000000000000
  0.466666666667 -0.006337104713 -0.045487573879 -0.099343355606  0.000000000000  0.016334624433 -0.000000000000
  0.470588235294 -0.016852554712 -0.076454968255  0.065568212289  0.000000000000  0.006274548612  0.000000000000
  0.474509803922 -0.003830295623 -0.063716848066 -0.047550485944 -0.000000000000  0.024489871033 -0.000000000000
  0.478431372549 -0.015785621940 -0.029321541269 -0.057397005933  0.000000000000  0.005716927458  0.000000000000
  0.482352941176 -0.006267591410 -0.004803425902 -0.050641165374  0.000000000000  0.023733961037 -0.000000000000
  0.486274509804 -0.024228864396 -0.099134103451  0.089612015410  0.000000000000  0.011462186183  0.000000000000
  0.490196078431 -0.003822995540 -0.331583706674 -0.009896615767 -0.000000000000  0.022054969717 -0.000000000000
  0.494117647059 -0.019199075639 -0.161258812143  0.131663856142  0.000000000000  0.012689360704  0.000000000000
  0.498039215686 -0.002373251009 -0.076002547233 -0.124113958772 -0.000000000000  0.023297866116 -0.000000000000
  0.501960784314 -0.016855534262 -0.007493630185  0.048059570240  0.000000000000  0.008323812996  0.000000000000
  0.505882352941 -0.004184352936  0.023959617876  0.032362725001 -0.000000000000  0.018886945086 -0.000000000000
  0.509803921569 -0.018769053646  0.072094962759 -0.141455727171  0.000000000000  0.005966758140  0.000000000000
  0.513725490196 -0.003944153511  0.129162620403  0.337934024172 -0.000000000000  0.010675842090 -0.000000000000
  0.517647058824 -0.011414081839  0.098720708183  0.047581403970  0.000000000000  0.007311893873  0.000000000000
  0.521568627451 -0.003465960505  0.064683931454 -0.159055448299 -0.000000000000  0.011717448266 -0.000000000000
  0.525490196078 -0.001732257905 -0.060130354545  0.048461089025  0.000000000000  0.013086100488  0.000000000000
  0.529411764706  0.000912242282 -0.110275230754 -0.146278052959 -0.000000000000  0.014804998398 -0.000000000000
  0.533333333333 -0.002710054671 -0.071674791261  0.118716332580  0.000000000000  0.020125894473  0.000000000000
  0.537254901961 -0.006998534566  0.025875279177 -0.083553412066 -0.000000000000  0.019133164194 -0.000000000000
  0.541176470588 -0.011621477703  0.022991738171 -0.051847240763  0.000000000000  0.019986978489 -0.000000000000
  0.545098039216 -0.017772110213 -0.032644104062  0.000227648280  0.000000000000  0.015532245167 -0.000000000000
  0.549019607843 -0.016324585475  0.001397104329  0.045094211677  0.000000000000  0.019219382685 -0.000000000000
  0.552941176471 -0.017322970339  0.104654293162 -0.042851611956  0.000000000000  0.015299008054 -0.000000000000
  0.556862745098 -0.014242569848  0.130823975341 -0.142514576022  0.000000000000  0.016002061804 -0.000000000000
  0.560784313725 -0.018806643368 -0.047000784616 -0.161209568830 -0.000000000000  0.016344351910 -0.000000000000
  0.564705882353 -0.014483837013 -0.020569152564  0.180856202932  0.000000000000  0.014480453639  0.000000000000
  0.568627450980 -0.014239142447 -0.010150182550 -0.249008021683  0.000000000000  0.013959779935 -0.000000000000
  0.572549019608 -0.016300198632  0.132778108751  0.422433494568  0.000000000000  0.016241468679 -0.000000000000
  0.576470588235 -0.010204570026  0.020026178174 -0.115395720925 -0.000000000000  0.013172176669 -0.000000000000
  0.580392156863 -0.013899651833 -0.095843773858 -0.047755253039  0.000000000000  0.013762743242  0.000000000000
  0.584313725490 -0.010797549916 -0.029833200240 -0.224142733395  0.000000000000  0.014486449224 -0.000000000000
  0.588235294118 -0.012493959342  0.115681123157 -0.492665848783  0.000000000000  0.009087838911  0.000000000000
  0.592156862745 -0.013693861046  0.290019141268  0.011384560636  0.000000000000  0.015969630144  0.000000000000
  0.596078431373 -0.008549673378  0.328755245261  0.378330674593 -0.000000000000  0.008089753738 -0.000000000000
  0.600000000000 -0.009009887702 -0.047805658833 -0.288144643600  0.000000000000  0.011165155743  0.000000000000
  0.603921568627 -0.005617450701 -0.181455069668 -0.417774454710  0.000000000000  0.012009302837  0.000000000000
  0.607843137255 -0.007577179207 -0.155543762732  0.185213649472  0.000000000000  0.010616865091  0.000000000000
  0.611764705882 -0.007795564309 -0.268773967754 -0.320773623885  0.000000000000  0.008857536963 -0.000000000000
  0.615686274510 -0.011977643949 -0.050547921096  0.150049263669  0.000000000000  0.008210335958  0.000000000000
  0.619607843137 -0.009689080460 -0.063626683300  0.162284503714  0.000000000000  0.007403066050 -0.000000000000
  0.623529411765 -0.008203700809 -0.092005457425 -0.089022847074  0.000000000000  0.012214622427 -0.000000000000
  0.627450980392 -0.007443671081 -0.063901433141 -0.194448973151  0.000000000000  0.009956786951 -0.000000000000
  0.631372549020 -0.007146897253  0.121104111186  0.307253095063  0.000000000000  0.009892210124  0.000000000000
  0.635294117647 -0.012098894495  0.079131247475 -0.057805169717 -0.000000000000  0.009161320311 -0.000000000000
  0.639215686275 -0.009915180280  0.050761756312 -0.189207638760  0.000000000000  0.012080024518  0.000000000000
  0.643137254902 -0.007955022777  0.079850785567  0.187497559791 -0.000000000000  0.008341363891 -0.000000000000
  0.647058823529 -0.009159992441  0.032570886019  0.219755268127  0.000000000000  0.015416497857  0.000000000000
  0.650980392157 -0.011641783049  0.111862383407  0.107476009436 -0.000000000000  0.010759728491 -0.000000000000
  0.654901960784 -0.008301476942 -0.018822787394 -0.180690162389  0.000000000000  0.013283047066  0.000000000000
  0.658823529412 -0.014364212921 -0.050339990605  0.039676819804 -0.000000000000  0.012650359025 -0.000000000000
  0.662745098039 -0.010706109397 -0.169391302287  0.002269152271  0.000000000000  0.021773896674  0.000000000000
  0.666666666667 -0.013190429523 -0.182121786975 -0.125268796742 -0.000000000000  0.019880889704 -0.000000000000
  0.670588235294 -0.012181683465 -0.079513945207  0.304103331953  0.000000000000  0.017506433127  0.000000000000
  0.674509803922 -0.021186252968 -0.047640783498  0.238243502855 -0.000000000000  0.017878372443 -0.000000000000
  0.678431372549 -0.018111886436 -0.107774339823 -0.183707441910  0.000000000000  0.013165175468  0.000000000000
  0.682352941176 -0.016907528947 -0.067828654894 -0.055346486628 -0.000000000000  0.016372965794 -0.000000000000
  0.686274509804 -0.015541647265 -0.098576469953 -0.426398738512  0.000000000000  0.012285452034  0.000000000000
  0.690196078431 -0.013165175010 -0.024707876731  0.045405752818 -0.000000000000  0.014938579472 -0.000000000000
  0.694117647059 -0.012878112616  0.004855130258 -0.068928249308  0.000000000000  0.011168765757  0.000000000000
  0.698039215686 -0.012216294389 -0.042776528772 -0.114344158306 -0.000000000000  0.018043847666 -0.000000000000
  0.701960784314 -0.011696161466  0.026439353722 -0.014268953156  0.000000000000  0.009280255970  0.000000000000
  0.705882352941 -0.010945867340 -0.104688850757 -0.139361462565 -0.000000000000  0.017236050367 -0.000000000000
  0.709803921569 -0.015366361114  0.007009962880  0.036021192361  0.000000000000  0.013288839416  0.000000000000
  0.713725490196 -0.009080610215  0.004799633812 -0.027480084559 -0.000000000000  0.011237813448 -0.000000000000
  0.717647058824 -0.014734711430  0.124589687051  0.175018881051  0.000000000000  0.012480717203  0.000000000000
  0.721568627451 -0.013138962645  0.111226592707 -0.217092701480  0.000000000000  0.010791392525 -0.000000000000
  0.725490196078 -0.010789968083  0.005914545847 -0.113332564650  0.000000000000  0.010833664644  0.000000000000
  0.729411764706 -0.011845881763 -0.017264353901  0.121888425668 -0.000000000000  0.009487112387 -0.000000000000
  0.733333333333 -0.009304456448  0.005268710221  0.029652633033  0.000000000000  0.009430577344  0.000000000000
  0.737254901961 -0.010205342574  0.150068279017 -0.242165629608 -0.000000000000  0.005961186160 -0.000000000000
  0.741176470588 -0.009369921222  0.106746327442 -0.112609596010  0.000000000000  0.003333139975  0.000000000000
  0.745098039216 -0.005520774070 -0.128814071667  0.149353227633  0.000000000000  0.007199846244 -0.000000000000
  0.749019607843 -0.004714186939 -0.255675189844  0.133657821953  0.000000000000  0.005029225192  0.000000000000
  0.752941176471 -0.003324995634 -0.146210050690 -0.076308591440 -0.000000000000  0.003222948629 -0.000000000000
  0.756862745098 -0.004646198117  0.108092139743  0.216900118764  0.000000000000  0.011691989806  0.000000000000
  0.760784313725 -0.004953009046  0.204921732295  0.055443514444 -0.000000000000  0.002676908776 -0.000000000000
  0.764705882353 -0.002413857808  0.167140886804  0.062188449470  0.000000000000  0.014058912976  0.000000000000
  0.768627450980 -0.011581624305  0.109718633062  0.093799584471 -0.000000000000  0.008616555232 -0.000000000000
  0.772549019608 -0.002291286590  0.040648917833 -0.159043722186 -0.000000000000  0.011457691283  0.000000000000
  0.776470588235 -0.013163587779 -0.000427041473  0.455060166260 -0.000000000000  0.011253226006 -0.000000000000
  0.780392156863  0.000783775176 -0.119260742502  0.168964765765 -0.000000000000  0.021248503056  0.000000000000
  0.784313725490 -0.011457665114 -0.120383450460  0.016727739192 -0.000000000000  0.007259920031 -0.000000000000
  0.788235294118 -0.000240558221 -0.026017913418  0.186022301430 -0.000000000000  0.021365813948  0.000000000000
  0.792156862745 -0.020983034064  0.115079737927 -0.109048349713 -0.000000000000  0.009579997533 -0.000000000000
  0.796078431373 -0.000678615347 -0.007822705425  0.058371898079  0.000000000000  0.016736184681  0.000000000000
  0.800000000000 -0.020918955325  0.017810252605  0.056035353100 -0.000000000000  0.007700590569 -0.000000000000
  0.803921568627 -0.005678975608 -0.013169373333 -0.115083468095  0.000000000000  0.014008253537  0.000000000000
  0.807843137255 -0.016513125735  0.033382688714  0.031990132418 -0.000000000000  0.007320541208 -0.000000000000
  0.811764705882 -0.001552635584 -0.117740210688 -0.087131255057 -0.000000000000  0.014454145061  0.000000000000
  0.815686274510 -0.013548638727 -0.192283668198 -0.335536434726 -0.000000000000  0.006097396805 -0.000000000000
  0.819607843137 -0.004274930104  0.019075175253 -0.077428864474  0.000000000000  0.010908305056  0.000000000000
  0.823529411765 -0.014325740945 -0.030216579549 -0.036189359436 -0.000000000000  0.009899269053 -0.000000000000
  0.827450980392  0.001409543434 -0.042181514963 -0.146105401183 -0.000000000000  0.014824284206  0.000000000000
  0.831372549020 -0.010901894221 -0.054695218615  0.061897607742 -0.000000000000  0.006100180555 -0.000000000000
  0.835294117647 -0.005923230131  0.068395649288 -0.017337355211 -0.000000000000  0.017209432282 -0.000000000000
  0.839215686275 -0.014770901259  0.138235475373 -0.144025001503 -0.000000000000  0.006156764144 -0.000000000000
  0.843137254902 -0.005253586246  0.126333721432 -0.047516793271 -0.000000000000  0.022635669713 -0.000000000000
  0.847058823529 -0.016642318543  0.102267188022  0.039310312211 -0.000000000000  0.011567123931 -0.000000000000
  0.850980392157 -0.005867912050 -0.034151714115 -0.238211838098  0.000000000000  0.023045366452  0.000000000000
  0.854901960784 -0.021354998307 -0.008719848958 -0.142610783807 -0.000000000000  0.012881872401 -0.000000000000
  0.858823529412 -0.011566221572 -0.007782007492  0.191950024418 -0.000000000000  0.021196958374  0.000000000000
  0.862745098039 -0.022630824887 -0.030568814892  0.108022638644 -0.000000000000  0.008250932829 -0.000000000000
  0.866666666667 -0.012701973161 -0.085622060150 -0.036727011802 -0.000000000000  0.021407057453 -0.000000000000
  0.870588235294 -0.020922955063  0.154079391339 -0.225563905254 -0.000000000000  0.005105711631 -0.000000000000
  0.874509803922 -0.007137970825  0.014151778831 -0.005152657072 -0.000000000000  0.019726855913 -0.000000000000
  0.878431372549 -0.021085798055  0.026656425414  0.165802103767 -0.000000000000  0.004162718938 -0.000000000000
  0.882352941176 -0.004705855254 -0.122486357704  0.013480181099 -0.000000000000  0.016227934163 -0.000000000000
  0.886274509804 -0.019684752575 -0.165377120421 -0.257770443433 -0.000000000000  0.002322238957 -0.000000000000
  0.890196078431 -0.002793999206  0.027434362074 -0.113709078657 -0.000000000000  0.015432035989 -0.000000000000
  0.894117647059 -0.015839777813  0.205760488918  0.295991869491 -0.000000000000  0.001510545728 -0.000000000000
  0.898039215686  0.001142742696  0.176466650473  0.249330969965 -0.000000000000  0.013360036787  0.000000000000
  0.901960784314 -0.015197238888 -0.094035645131 -0.042238675969 -0.000000000000  0.002660156468 -0.000000000000
  0.905882352941 -0.001109133052 -0.190395624885 -0.030484772481 -0.000000000000  0.019460542329 -0.000000000000
  0.909803921569 -0.013359240629  0.014859568196  0.058050270326 -0.000000000000  0.001794590215 -0.000000000000
  0.913725490196 -0.002633971443  0.102432763080 -0.288860074210 -0.000000000000  0.014173432014 -0.000000000000
  0.917647058824 -0.018466343059 -0.042397399890  0.037839040727 -0.000000000000  0.006998309138 -0.000000000000
  0.921568627451 -0.001491189433 -0.147501524890  0.120271846086 -0.000000000000  0.015149164700 -0.000000000000
  0.925490196078 -0.014064755255 -0.182737979482  0.150192312182 -0.000000000000  0.007446209475 -0.000000000000
  0.929411764706  0.002675924827  0.041029612631 -0.059703505940 -0.000000000000  0.016052659186 -0.000000000000
  0.933333333333 -0.014754501213  0.012608149095  0.071605224057 -0.000000000000  0.006383662608 -0.000000000000
  0.937254901961  0.000766080030  0.008960965923 -0.225838922991 -0.000000000000  0.015992566426 -0.000000000000
  0.941176470588 -0.014352456577  0.113754241707  0.027333790362 -0.000000000000  0.010301771224 -0.000000000000
  0.945098039216  0.002181160189  0.222441448623 -0.110793701145 -0.000000000000  0.009679531783 -0.000000000000
  0.949019607843 -0.009759252085 -0.045981676301  0.154461042584 -0.000000000000  0.009134560513 -0.000000000000
  0.952941176471  0.004458222852 -0.210386612649  0.097148032916 -0.000000000000  0.012004880575 -0.000000000000
  0.956862745098 -0.005787151069 -0.028722700468 -0.079448947471 -0.000000000000  0.003817766357 -0.000000000000
  0.960784313725  0.003147042579  0.064071222350  0.191352796473 -0.000000000000  0.014689967358 -0.000000000000
  0.964705882353 -0.010469939224  0.006071143760 -0.383120659083 -0.000000000000  0.004055586641 -0.000000000000
  0.968627450980  0.002872625193 -0.020672470178  0.085146508425 -0.000000000000  0.015103196170  0.000000000000
  0.972549019608 -0.014069752126 -0.167532715432 -0.077238380244 -0.000000000000  0.005897370897 -0.000000000000
  0.976470588235 -0.000363673740 -0.063046555802 -0.291933256974 -0.000000000000  0.001639330936 -0.000000000000
  0.980392156863 -0.012919616984  0.158853537696 -0.346481866577 -0.000000000000  0.003682756998 -0.000000000000
  0.984313725490 -0.004445740209  0.120512097500  0.530877831960 -0.000000000000  0.002284834852  0.000000000000
  0.988235294118 -0.000877745138 -0.169364582296 -0.159717743217 -0.000000000000  0.000000000000 -0.000000000000
  0.992156862745 -0.000116930126  0.165451408967  0.128763890738 -0.000000000000  0.000000000000  0.000000000000
  0.996078431373 -0.001188398930  0.100151161377  0.334223277368 -0.000000000000  0.024672640717 -0.000000000000
  1.000000000000 -0.000000000000 -0.046509525364  0.216454219321 -0.000000000000  0.100313093163 -0.000000000000
