             Rad             v_r             v_t             v_x             p              p_mg      p_no_phase
  0.000000000000 -0.210534542506  0.000000000000 -0.055964039452 -0.000000000000  0.144515343603  0.000000000000
  0.003921568627 -0.119394838582 -0.034269019451 -0.327836738792 -0.000000000000  0.197651910643  0.000000000000
  0.007843137255  0.153488127336  0.040218806385 -0.197786185916  0.000000000000  0.205585346941  0.000000000000
  0.011764705882  0.034061678260  0.023012705598  0.405897980836  0.000000000000  0.176004573549 -0.000000000000
  0.015686274510  0.123405306643 -0.144777777796  0.282529391867 -0.000000000000  0.076747009749 -0.000000000000
  0.019607843137  0.193862107642  0.091156077865  0.396397130583 -0.000000000000  0.171774869394 -0.000000000000
  0.023529411765  0.133187750708 -0.054802529886  0.052222524136  0.000000000000  0.100632853614 -0.000000000000
  0.027450980392 -0.032704394023  0.499974422783 -0.062202663722  0.000000000000  0.193688102151  0.000000000000
  0.031372549020 -0.080434710377  0.060071395703 -0.288384406912 -0.000000000000  0.236550048821 -0.000000000000
  0.035294117647 -0.075928106877  0.088469472697 -0.568500353453  0.000000000000  0.190668652267  0.000000000000
  0.039215686275 -0.056251483825  0.509735754035 -0.231274529579  0.000000000000  0.120985305267  0.000000000000
  0.043137254902 -0.004923403196 -0.226295312204 -0.252391254734  0.000000000000  0.245110721395  0.000000000000
  0.047058823529 -0.179603077240 -0.303632796711  0.237289334567 -0.000000000000  0.240924797484 -0.000000000000
  0.050980392157 -0.004611958013 -0.163213265001  0.505672880471 -0.000000000000  0.290280040600 -0.000000000000
  0.054901960784 -0.244779341155  0.437235325210  0.469572510505 -0.000000000000  0.130347131774 -0.000000000000
  0.058823529412  0.017668068767  0.087347081142  0.427318792985  0.000000000000  0.204733021213 -0.000000000000
  0.062745098039 -0.288908128760 -0.476146656336  0.060575799975  0.000000000000  0.111251191709 -0.000000000000
  0.066666666667  0.040752538687 -0.018559387757 -0.076206836496  0.000000000000  0.195177070220 -0.000000000000
  0.070588235294 -0.199515378281 -0.070903050713  0.170295764056  0.000000000000  0.138539257510 -0.000000000000
  0.074509803922 -0.013007426166 -0.430711216960  0.448142063574  0.000000000000  0.204745839557 -0.000000000000
  0.078431372549 -0.118269577692  0.062459134528  0.477277788817 -0.000000000000  0.113139339862 -0.000000000000
  0.082352941176  0.045022354487 -0.008514465156  0.037465130023  0.000000000000  0.205759528999  0.000000000000
  0.086274509804 -0.114183603671 -0.252076728648 -0.231772139417  0.000000000000  0.075134672638 -0.000000000000
  0.090196078431  0.043904996969 -0.110633703750 -0.187324756565  0.000000000000  0.199280863437  0.000000000000
  0.094117647059 -0.064709712315 -0.434480428007  0.050384240926  0.000000000000  0.051589351478 -0.000000000000
  0.098039215686  0.058340267656  0.027534455427  0.185832153545  0.000000000000  0.186961615698 -0.000000000000
  0.101960784314 -0.025701841300 -0.102529554128  0.111001311416 -0.000000000000  0.009826705200 -0.000000000000
  0.105882352941 -0.025170709826  0.139567577566  0.005848030972  0.000000000000  0.127477353882  0.000000000000
  0.109803921569  0.049216824303 -0.432158426774  0.129373449842 -0.000000000000  0.012294497621 -0.000000000000
  0.113725490196 -0.007895110895  0.440236232356  0.027654458404  0.000000000000  0.123802250081  0.000000000000
  0.117647058824  0.043912339047 -0.097970478983  0.009821977398 -0.000000000000  0.026368080949 -0.000000000000
  0.121568627451  0.005308883452  0.078422214920 -0.037645371064  0.000000000000  0.077321199458  0.000000000000
  0.125490196078  0.060073730641 -0.192211108471 -0.223934464473 -0.000000000000  0.035813497139 -0.000000000000
  0.129411764706  0.008853638535  0.286382647249 -0.185021344909  0.000000000000  0.092753790181  0.000000000000
  0.133333333333  0.034635909481 -0.027369349397  0.007582351277 -0.000000000000  0.047502483887 -0.000000000000
  0.137254901961  0.026482659130 -0.141078028022  0.041730366957  0.000000000000  0.109677439637  0.000000000000
  0.141176470588  0.038183378709 -0.041834408456 -0.015973926687 -0.000000000000  0.071826228576 -0.000000000000
  0.145098039216 -0.041103656018  0.091478618220 -0.036324889206 -0.000000000000  0.100051523683 -0.000000000000
  0.149019607843  0.082047069876  0.046118590256  0.119344845230 -0.000000000000  0.057550340480  0.000000000000
  0.152941176471 -0.069785916149 -0.141830537889  0.020623834815  0.000000000000  0.097887343332  0.000000000000
  0.156862745098  0.049791640563  0.188001373893 -0.258816801851 -0.000000000000  0.066336133669 -0.000000000000
  0.160784313725 -0.056639030443  0.060886891706 -0.142820832603 -0.000000000000  0.060364868780 -0.000000000000
  0.164705882353  0.057665225757 -0.167873339903  0.106124412237 -0.000000000000  0.044925650682 -0.000000000000
  0.168627450980 -0.066233706294  0.278874672053  0.216082286718 -0.000000000000  0.076116087561 -0.000000000000
  0.172549019608  0.021581037075 -0.035498404185  0.114443157970 -0.000000000000  0.028736490868 -0.000000000000
  0.176470588235 -0.044503441010 -0.241022584159 -0.182949884062  0.000000000000  0.045108282373  0.000000000000
  0.180392156863  0.014833891178 -0.108488485018 -0.153369546681 -0.000000000000  0.048125276437 -0.000000000000
  0.184313725490 -0.026967478212  0.379672795338 -0.038367313197 -0.000000000000  0.041260441998 -0.000000000000
  0.188235294118 -0.018095041569 -0.409082804557  0.307279904408 -0.000000000000  0.032156390880 -0.000000000000
  0.192156862745 -0.009807038101  0.020203079297  0.137184628632 -0.000000000000  0.053381026329 -0.000000000000
  0.196078431373  0.010510032327  0.195062488788 -0.199358677466 -0.000000000000  0.037343329175 -0.000000000000
  0.200000000000 -0.017789770387 -0.113822535943 -0.162177623759 -0.000000000000  0.057581607667 -0.000000000000
  0.203921568627 -0.028347477045  0.136508093454 -0.047398082556 -0.000000000000  0.030775343059 -0.000000000000
  0.207843137255  0.034698548019 -0.116625973002  0.242138796318 -0.000000000000  0.069425757134 -0.000000000000
  0.211764705882  0.005570155345  0.178088923253 -0.023655554099 -0.000000000000  0.012316299030 -0.000000000000
  0.215686274510 -0.030717741359  0.119274527793 -0.074067450368 -0.000000000000  0.068768664716 -0.000000000000
  0.219607843137  0.050591872922 -0.158211451031 -0.045547105279 -0.000000000000  0.024615524657 -0.000000000000
  0.223529411765 -0.010129300687  0.024161646803 -0.008027489401 -0.000000000000  0.093302194253 -0.000000000000
  0.227450980392  0.051585195051  0.202526407910 -0.193564649983 -0.000000000000  0.023175888511 -0.000000000000
  0.231372549020 -0.021729329611  0.020008107360 -0.239142416838  0.000000000000  0.078720439175 -0.000000000000
  0.235294117647  0.083927760742  0.093614030822 -0.242701227514 -0.000000000000  0.061046547994 -0.000000000000
  0.239215686275 -0.003066064543 -0.275997106480 -0.134556000216 -0.000000000000  0.068648524789 -0.000000000000
  0.243137254902  0.053763420796  0.346560637152 -0.339045823950 -0.000000000000  0.038256064513 -0.000000000000
  0.247058823529  0.031144699476  0.034030646881 -0.278090849598  0.000000000000  0.061626445856  0.000000000000
  0.250980392157  0.044057905122 -0.455600988532 -0.055762805026 -0.000000000000  0.028909441170 -0.000000000000
  0.254901960784  0.027544102257  0.398040150738 -0.132775769650  0.000000000000  0.064168071294 -0.000000000000
  0.258823529412  0.055453020507 -0.173648277335  0.075133864833 -0.000000000000  0.042041856399 -0.000000000000
  0.262745098039  0.024299998095 -0.071962648143 -0.005859507918 -0.000000000000  0.070692992237 -0.000000000000
  0.266666666667  0.055872461422  0.068885911555 -0.008136755229 -0.000000000000  0.039029711933 -0.000000000000
  0.270588235294  0.036553696772 -0.122850639882  0.067463314669  0.000000000000  0.064285106111 -0.000000000000
  0.274509803922  0.058054346457  0.036538634347  0.108767171800 -0.000000000000  0.032186663542 -0.000000000000
  0.278431372549  0.032029489684  0.029194533387  0.036584540520 -0.000000000000  0.056490595437 -0.000000000000
  0.282352941176  0.050407310470 -0.218851547557 -0.024831203513 -0.000000000000  0.035468552833 -0.000000000000
  0.286274509804  0.030007243255  0.155515568033 -0.204217608856 -0.000000000000  0.058465263491 -0.000000000000
  0.290196078431  0.048780196275  0.103813442264 -0.129812501235 -0.000000000000  0.035433252369 -0.000000000000
  0.294117647059  0.029250711121 -0.039307687351 -0.051920909934 -0.000000000000  0.054499812245 -0.000000000000
  0.298039215686  0.049996788466 -0.190509031595  0.044746414380 -0.000000000000  0.030681784563 -0.000000000000
  0.301960784314  0.033954622102  0.442255497072 -0.160911686694 -0.000000000000  0.058112192059 -0.000000000000
  0.305882352941  0.054263326822 -0.473074607991 -0.047700867495 -0.000000000000  0.044853686155 -0.000000000000
  0.309803921569  0.027671906371  0.345319803440 -0.293377668063 -0.000000000000  0.056170765623 -0.000000000000
  0.313725490196  0.055461585518 -0.283540142354  0.030024435056 -0.000000000000  0.040640917934 -0.000000000000
  0.317647058824  0.034770752949  0.091771566690  0.020240078529 -0.000000000000  0.065714809885 -0.000000000000
  0.321568627451  0.051569807066  0.012721154577  0.020700345392 -0.000000000000  0.040494207483 -0.000000000000
  0.325490196078  0.028892322750 -0.023350267629 -0.022886077486 -0.000000000000  0.062269155882 -0.000000000000
  0.329411764706  0.061856088899 -0.097886587369 -0.004186444174 -0.000000000000  0.027283370951 -0.000000000000
  0.333333333333  0.022443510750 -0.059787720985 -0.024219667611 -0.000000000000  0.053570235094 -0.000000000000
  0.337254901961  0.058781744093  0.299280795616 -0.229557081618 -0.000000000000  0.039288761428 -0.000000000000
  0.341176470588  0.021604227567 -0.429674591149 -0.039989376146 -0.000000000000  0.034436403650 -0.000000000000
  0.345098039216  0.053539933009  0.220374071117 -0.147003356890 -0.000000000000  0.037802374651 -0.000000000000
  0.349019607843  0.039043792501  0.118626356831  0.084875284282 -0.000000000000  0.050562990645 -0.000000000000
  0.352941176471  0.033927187652 -0.026500071968  0.163688108129 -0.000000000000  0.020500054508 -0.000000000000
  0.356862745098  0.036889566633 -0.144189881874  0.072604027149 -0.000000000000  0.061273933380 -0.000000000000
  0.360784313725  0.050543735856  0.283890967207 -0.120794555711 -0.000000000000  0.014185415658 -0.000000000000
  0.364705882353  0.019598935805 -0.121168326053 -0.034065410685 -0.000000000000  0.063030652839 -0.000000000000
  0.368627450980  0.060959277310 -0.038947276310  0.018211007015 -0.000000000000  0.023904098197 -0.000000000000
  0.372549019608  0.013549357666  0.094361372623 -0.107676704759 -0.000000000000  0.055405375958 -0.000000000000
  0.376470588235  0.063027524312 -0.099498481645 -0.067714089243 -0.000000000000  0.024493759531 -0.000000000000
  0.380392156863  0.023877393142  0.035516432783 -0.153828227255 -0.000000000000  0.053743024927 -0.000000000000
  0.384313725490  0.055311361029  0.117873486863 -0.065274438561 -0.000000000000  0.040109762606 -0.000000000000
  0.388235294118  0.023502133871 -0.311256097461  0.093737746518 -0.000000000000  0.045567329096 -0.000000000000
  0.392156862745  0.052613712904  0.294252629435 -0.110275204948 -0.000000000000  0.039447948712 -0.000000000000
  0.396078431373  0.034404849054 -0.127941739654  0.050767683118 -0.000000000000  0.047342469388 -0.000000000000
  0.400000000000  0.042183772796 -0.050043173287  0.028067644934 -0.000000000000  0.031132536915 -0.000000000000
  0.403921568627  0.034812713230  0.035493536833  0.038942315343 -0.000000000000  0.049367409806 -0.000000000000
  0.407843137255  0.044252326324 -0.055046778230  0.055231783589 -0.000000000000  0.023339173632 -0.000000000000
  0.411764705882  0.026770258989  0.132399738453 -0.141488753442 -0.000000000000  0.053538578491 -0.000000000000
  0.415686274510  0.048372059528 -0.126179005036 -0.026588501875 -0.000000000000  0.017435305337 -0.000000000000
  0.419607843137  0.020174570632  0.073625518856 -0.064500562494 -0.000000000000  0.053263599538 -0.000000000000
  0.423529411765  0.053164420403 -0.015578962298  0.077286572629 -0.000000000000  0.020641668771 -0.000000000000
  0.427450980392  0.014238611661 -0.011030192655  0.076198026333 -0.000000000000  0.047021485971 -0.000000000000
  0.431372549020  0.052643605438 -0.062290044020 -0.019085000178 -0.000000000000  0.020500644291 -0.000000000000
  0.435294117647  0.018923922472  0.045010790039 -0.049478012713 -0.000000000000  0.046627134712 -0.000000000000
  0.439215686275  0.046655712007 -0.062476949295  0.010041995152 -0.000000000000  0.017843021036 -0.000000000000
  0.443137254902  0.019615260894 -0.057414182430 -0.031380708010 -0.000000000000  0.047919357085 -0.000000000000
  0.447058823529  0.046020122773  0.030989061795 -0.079534486833 -0.000000000000  0.014880866550 -0.000000000000
  0.450980392157  0.015728084615 -0.107282093330 -0.027124847320 -0.000000000000  0.045349773562 -0.000000000000
  0.454901960784  0.046651074447 -0.015289871654 -0.021116036553 -0.000000000000  0.015605102846 -0.000000000000
  0.458823529412  0.012270305496  0.046898737013 -0.021873054690 -0.000000000000  0.040781255227 -0.000000000000
  0.462745098039  0.044417264819 -0.151202068696  0.092272145491 -0.000000000000  0.015890636323 -0.000000000000
  0.466666666667  0.015476255730  0.062906951274  0.012966106155 -0.000000000000  0.046364163986 -0.000000000000
  0.470588235294  0.040127703073 -0.031642664159  0.004099462906 -0.000000000000  0.008883859181 -0.000000000000
  0.474509803922  0.015858930319 -0.088299892683 -0.028152691281 -0.000000000000  0.054027185440 -0.000000000000
  0.478431372549  0.045324016058  0.049202476107 -0.073801254063 -0.000000000000  0.004191879118 -0.000000000000
  0.482352941176  0.007965200541 -0.009686738617 -0.005174780687 -0.000000000000  0.048700103967 -0.000000000000
  0.486274509804  0.053081654554 -0.086061273006  0.025370519717 -0.000000000000  0.006866525094 -0.000000000000
  0.490196078431  0.004089123529  0.049985490045 -0.034234018583 -0.000000000000  0.053687187949 -0.000000000000
  0.494117647059  0.048048191228  0.069635041227 -0.056721712653 -0.000000000000  0.009896550105 -0.000000000000
  0.498039215686  0.005471360621 -0.160259490996  0.045251950071 -0.000000000000  0.054002474304 -0.000000000000
  0.501960784314  0.051892712141  0.128386135032 -0.083015117156 -0.000000000000  0.010384644513 -0.000000000000
  0.505882352941  0.002067235323 -0.054283526079  0.013245390938 -0.000000000000  0.059642321906 -0.000000000000
  0.509803921569  0.051637713272 -0.009510808600 -0.045551148125 -0.000000000000  0.008092853527 -0.000000000000
  0.513725490196  0.000925908332  0.013139723405 -0.067762190122 -0.000000000000  0.059173686512 -0.000000000000
  0.517647058824  0.057853072079 -0.120340300088 -0.002955090484 -0.000000000000  0.005835298891 -0.000000000000
  0.521568627451 -0.004125020943  0.152745733900 -0.106152551057 -0.000000000000  0.061016780067 -0.000000000000
  0.525490196078  0.058582306741 -0.073209700669  0.039160852590 -0.000000000000  0.011568288644 -0.000000000000
  0.529411764706 -0.003958236947 -0.079316255317  0.030579993079 -0.000000000000  0.059895518124 -0.000000000000
  0.533333333333  0.059972897033  0.063131067322 -0.038123223874 -0.000000000000  0.008073843039 -0.000000000000
  0.537254901961 -0.009279548417  0.044211832146 -0.002006628357 -0.000000000000  0.057814597942 -0.000000000000
  0.541176470588  0.059051984929 -0.101469392423  0.054828849041 -0.000000000000  0.006681737715 -0.000000000000
  0.545098039216 -0.007390133926 -0.006887115268 -0.019836211260 -0.000000000000  0.055954603658 -0.000000000000
  0.549019607843  0.056951848243  0.042692545890 -0.027649698614 -0.000000000000  0.006733272251 -0.000000000000
  0.552941176471 -0.004378453414 -0.060119220418  0.125537794485 -0.000000000000  0.056088240885 -0.000000000000
  0.556862745098  0.054252295878  0.045991003881  0.064056913648 -0.000000000000  0.009827737874 -0.000000000000
  0.560784313725 -0.003840101634 -0.126264247485  0.052746780299 -0.000000000000  0.053028429055 -0.000000000000
  0.564705882353  0.053076028633  0.086177252905 -0.075910886179 -0.000000000000  0.003889092579 -0.000000000000
  0.568627450980 -0.002972894097  0.040824789880  0.019940112894 -0.000000000000  0.049198050808 -0.000000000000
  0.572549019608  0.050075288806 -0.110387515370  0.171851073512 -0.000000000000  0.005531511733 -0.000000000000
  0.576470588235  0.000146964013  0.039346002331  0.007876155174 -0.000000000000  0.049234306758 -0.000000000000
  0.580392156863  0.046328995734  0.027885595211 -0.042489801043 -0.000000000000  0.002589644459 -0.000000000000
  0.584313725490  0.000120264754 -0.002923710604  0.002173109971 -0.000000000000  0.047786151396 -0.000000000000
  0.588235294118  0.046300372049 -0.095924516315  0.045643773455 -0.000000000000  0.004493994994 -0.000000000000
  0.592156862745 -0.000747345778  0.096788985740 -0.082727725014 -0.000000000000  0.048800288577 -0.000000000000
  0.596078431373  0.046008336299  0.015982560713 -0.065018972106 -0.000000000000  0.005781244975 -0.000000000000
  0.600000000000 -0.001862510500 -0.037335955469  0.006249452008 -0.000000000000  0.045094271425 -0.000000000000
  0.603921568627  0.046736771484  0.027787955590 -0.011939464617 -0.000000000000  0.004047125363 -0.000000000000
  0.607843137255 -0.002564613675  0.056476764506 -0.049444730365 -0.000000000000  0.045052973834 -0.000000000000
  0.611764705882  0.043502746506 -0.069258157447  0.017992708255 -0.000000000000  0.003523074279 -0.000000000000
  0.615686274510 -0.002377153999  0.098347954402 -0.008192068329 -0.000000000000  0.040575072742 -0.000000000000
  0.619607843137  0.044086434146 -0.040183702384  0.017418524935 -0.000000000000  0.003821840673 -0.000000000000
  0.623529411765 -0.002827027652  0.020090702187 -0.055719940881 -0.000000000000  0.040035219860 -0.000000000000
  0.627450980392  0.039792797494  0.018495511261 -0.068969793499 -0.000000000000  0.003481568784 -0.000000000000
  0.631372549020  0.000758821413  0.040998046245 -0.071777240634 -0.000000000000  0.041806923305 -0.000000000000
  0.635294117647  0.039608299382 -0.025285479202  0.000896717283 -0.000000000000  0.004660138839 -0.000000000000
  0.639215686275  0.001418840944  0.014295936918  0.020282240322 -0.000000000000  0.042792652645 -0.000000000000
  0.643137254902  0.041397383717  0.049506277302 -0.008378005987 -0.000000000000  0.003528483899 -0.000000000000
  0.647058823529  0.000808779702  0.023352515843 -0.046231691507 -0.000000000000  0.042784192375 -0.000000000000
  0.650980392157  0.042544509182 -0.041578843190  0.014454170371 -0.000000000000  0.004391619683 -0.000000000000
  0.654901960784 -0.000882934004  0.053600177882 -0.027650480426 -0.000000000000  0.043809818829 -0.000000000000
  0.658823529412  0.042684084874  0.018610037752 -0.004385784883 -0.000000000000  0.004071694829 -0.000000000000
  0.662745098039 -0.001892456581  0.034341982253 -0.078280491382 -0.000000000000  0.042935796975 -0.000000000000
  0.666666666667  0.043799920970 -0.046843421725 -0.052893441347 -0.000000000000  0.004278615162 -0.000000000000
  0.670588235294 -0.001696559468  0.080838690107 -0.106039533209 -0.000000000000  0.042588075140 -0.000000000000
  0.674509803922  0.042858221419 -0.001836829800 -0.025331913928 -0.000000000000  0.003974820164 -0.000000000000
  0.678431372549 -0.001448260143  0.033171708176 -0.090526413310 -0.000000000000  0.040776366673 -0.000000000000
  0.682352941176  0.042325678605 -0.053487774660 -0.060298654965  0.000000000000  0.004428556979 -0.000000000000
  0.686274509804 -0.001482384455  0.066188761999 -0.052175057107 -0.000000000000  0.041538935250 -0.000000000000
  0.690196078431  0.040169387048  0.034327325603 -0.000539761551  0.000000000000  0.006430336611 -0.000000000000
  0.694117647059 -0.000527463241 -0.054857628481  0.041732755075 -0.000000000000  0.040990343656 -0.000000000000
  0.698039215686  0.041228930338 -0.001939840458 -0.092642501546  0.000000000000  0.005503557925 -0.000000000000
  0.701960784314 -0.002879183144  0.078914018069 -0.057916681933 -0.000000000000  0.040103805494 -0.000000000000
  0.705882352941  0.040265762378 -0.079543192950  0.098492011017 -0.000000000000  0.006380796816 -0.000000000000
  0.709803921569 -0.004975719257  0.063857916058 -0.035088445470 -0.000000000000  0.044258281890  0.000000000000
  0.713725490196  0.038935677948 -0.022054911261 -0.046687520354  0.000000000000  0.006395113427 -0.000000000000
  0.717647058824 -0.005873236342  0.009133991062 -0.072431442407 -0.000000000000  0.040361980085  0.000000000000
  0.721568627451  0.042890644954  0.053557733637 -0.026057531778 -0.000000000000  0.004218582202 -0.000000000000
  0.725490196078 -0.005030743619 -0.035986078885  0.064818390077 -0.000000000000  0.039812302647 -0.000000000000
  0.729411764706  0.039327426862 -0.044518918737  0.007991227082  0.000000000000  0.001225875881 -0.000000000000
  0.733333333333 -0.003183558599  0.109349644335 -0.111080326980 -0.000000000000  0.036196924743 -0.000000000000
  0.737254901961  0.037584287059 -0.051429453953  0.040006294173 -0.000000000000  0.002205963447 -0.000000000000
  0.741176470588 -0.000825322361 -0.024633746343  0.095009296262 -0.000000000000  0.036915505364 -0.000000000000
  0.745098039216  0.034449624315  0.059426378268 -0.008802139296 -0.000000000000  0.001213991572 -0.000000000000
  0.749019607843 -0.000346171601  0.011158753547 -0.021587578960 -0.000000000000  0.034825383586  0.000000000000
  0.752941176471  0.035025724271 -0.047936249909 -0.005463740508 -0.000000000000  0.004194010799 -0.000000000000
  0.756862745098 -0.000405661003 -0.001087556265 -0.045173824149 -0.000000000000  0.030392102694  0.000000000000
  0.760784313725  0.032568038376  0.074913293090 -0.087077317557 -0.000000000000  0.006127685399 -0.000000000000
  0.764705882353  0.001471010638 -0.096715236082  0.042995768889  0.000000000000  0.029210988689  0.000000000000
  0.768627450980  0.028824250958  0.026148136751 -0.037838869036 -0.000000000000  0.005976870091 -0.000000000000
  0.772549019608  0.003603084583  0.027563662404  0.014714523710 -0.000000000000  0.027475959482  0.000000000000
  0.776470588235  0.027477158122 -0.032487031072  0.120306274674 -0.000000000000  0.006656210843 -0.000000000000
  0.780392156863  0.005511238770 -0.006048989063  0.042353588609 -0.000000000000  0.025504062522  0.000000000000
  0.784313725490  0.025923556536 -0.000629966584 -0.021798676480  0.000000000000  0.005687196369 -0.000000000000
  0.788235294118  0.006147916023 -0.003481850457 -0.082769721071 -0.000000000000  0.025278671908  0.000000000000
  0.792156862745  0.023327931107 -0.016885986161 -0.099552373784  0.000000000000  0.006256890965 -0.000000000000
  0.796078431373  0.004339244428 -0.029454744235 -0.054964784112 -0.000000000000  0.023014546375 -0.000000000000
  0.800000000000  0.022970043750  0.050337881673  0.003806385724  0.000000000000  0.006952554059 -0.000000000000
  0.803921568627  0.004347121858 -0.041072122288  0.128834911676 -0.000000000000  0.022863581983 -0.000000000000
  0.807843137255  0.021692552120 -0.007444284123  0.048618022713  0.000000000000  0.006548387919 -0.000000000000
  0.811764705882  0.005996623532  0.028504069427 -0.052091372102 -0.000000000000  0.021506382953 -0.000000000000
  0.815686274510  0.021008366778 -0.048260798334  0.012210803695  0.000000000000  0.006989020644 -0.000000000000
  0.819607843137  0.006126692969  0.009997377670  0.009902827826 -0.000000000000  0.020224406989 -0.000000000000
  0.823529411765  0.019516199739 -0.008054114527  0.041643241842  0.000000000000  0.006553397451 -0.000000000000
  0.827450980392  0.006843403857 -0.002702856183  0.031293319509  0.000000000000  0.019113824343  0.000000000000
  0.831372549020  0.018360700291 -0.014614423041  0.034830581497  0.000000000000  0.005532750072 -0.000000000000
  0.835294117647  0.006532962135  0.013868293500  0.018484127042  0.000000000000  0.019983533287 -0.000000000000
  0.839215686275  0.017146679475 -0.035299659286  0.037354646583  0.000000000000  0.004597547731 -0.000000000000
  0.843137254902  0.005473496602  0.041293584011 -0.042071844574 -0.000000000000  0.018437238924 -0.000000000000
  0.847058823529  0.017369497613 -0.041353040046 -0.008313066224  0.000000000000  0.003131559800 -0.000000000000
  0.850980392157  0.004333923978  0.006609222659  0.015009410015  0.000000000000  0.017772608635 -0.000000000000
  0.854901960784  0.015628356989  0.003059669040  0.031053648382  0.000000000000  0.001046631792 -0.000000000000
  0.858823529412  0.002362823896 -0.059938039545  0.053647025465  0.000000000000  0.015400903573 -0.000000000000
  0.862745098039  0.015937894491  0.086378561393 -0.093735251206  0.000000000000  0.002206078591 -0.000000000000
  0.866666666667 -0.000509566837 -0.107602763573  0.130114751823  0.000000000000  0.013925989435 -0.000000000000
  0.870588235294  0.014907371310  0.053234164728 -0.017477783060  0.000000000000  0.001147770395 -0.000000000000
  0.874509803922  0.000635036617  0.014440381499 -0.066447748925  0.000000000000  0.014152224370 -0.000000000000
  0.878431372549  0.012938743222 -0.069827607686 -0.008764396220  0.000000000000  0.002010672251 -0.000000000000
  0.882352941176  0.000633239630  0.033261923051 -0.024546386297 -0.000000000000  0.013636547475 -0.000000000000
  0.886274509804  0.012761573962  0.015768231361  0.022936280586 -0.000000000000  0.003798735654 -0.000000000000
  0.890196078431 -0.001834774511 -0.059944707609  0.017203899281  0.000000000000  0.012253905663 -0.000000000000
  0.894117647059  0.012769684226  0.042143783037 -0.080285788682  0.000000000000  0.003251520271 -0.000000000000
  0.898039215686 -0.002589658358 -0.006876754734  0.001674655259  0.000000000000  0.011463041014 -0.000000000000
  0.901960784314  0.011352158399 -0.035393104942  0.047564482627  0.000000000000  0.002142515358 -0.000000000000
  0.905882352941 -0.002945334042  0.063611876937 -0.035186431769  0.000000000000  0.010591121178 -0.000000000000
  0.909803921569  0.009605876190 -0.051260312055  0.046660113295  0.000000000000  0.001437671643 -0.000000000000
  0.913725490196 -0.002122498074  0.052488177768 -0.071425207661  0.000000000000  0.010742813894 -0.000000000000
  0.917647058824  0.006604973025 -0.025261452456  0.016393204056  0.000000000000  0.001750860956 -0.000000000000
  0.921568627451 -0.000979982530  0.012463975439 -0.022269831605 -0.000000000000  0.010277055599 -0.000000000000
  0.925490196078  0.006090229580  0.018074733197  0.004882740339 -0.000000000000  0.002146227966 -0.000000000000
  0.929411764706 -0.001503536827 -0.002676651406  0.010528272814  0.000000000000  0.010080018371 -0.000000000000
  0.933333333333  0.005554118435 -0.025063242895  0.022324575410 -0.000000000000  0.002090484151 -0.000000000000
  0.937254901961 -0.001254740693  0.012549946430 -0.003654539825 -0.000000000000  0.007420685006 -0.000000000000
  0.941176470588  0.004677802360  0.002032310524  0.013851571197 -0.000000000000  0.000218271382 -0.000000000000
  0.945098039216 -0.000611472651 -0.059887196458  0.084906265803  0.000000000000  0.006063023883 -0.000000000000
  0.949019607843  0.003353663541  0.055760340791 -0.077551766958 -0.000000000000  0.000595007036 -0.000000000000
  0.952941176471 -0.000201296315 -0.044371703943  0.037455109430  0.000000000000  0.004575179473 -0.000000000000
  0.956862745098  0.002942718318  0.020247950108 -0.012363410726  0.000000000000  0.000901259264 -0.000000000000
  0.960784313725 -0.000180991478 -0.029710124529  0.051215394415  0.000000000000  0.003462217589 -0.000000000000
  0.964705882353  0.002206514501  0.000121481044 -0.020449909959 -0.000000000000  0.000306479082 -0.000000000000
  0.968627450980 -0.000279007094 -0.009189974810  0.025666436527  0.000000000000  0.002530550538  0.000000000000
  0.972549019608  0.000295759797 -0.002057039909  0.031954349921 -0.000000000000  0.000229730858 -0.000000000000
  0.976470588235 -0.000083999273 -0.036141831053  0.024978574257  0.000000000000  0.002000299465  0.000000000000
  0.980392156863 -0.000528337216 -0.002742435967  0.004778725763 -0.000000000000  0.000406889935 -0.000000000000
  0.984313725490  0.000168544718 -0.029194499050  0.018585806810  0.000000000000  0.000436019843  0.000000000000
  0.988235294118 -0.001026637407  0.000328570623  0.014150725116 -0.000000000000  0.000000000000 -0.000000000000
  0.992156862745  0.000400053087 -0.054707164427  0.039209281648  0.000000000000  0.000000000000  0.000000000000
  0.996078431373 -0.000365757616  0.004012931459 -0.000825516365 -0.000000000000  0.046565571118 -0.000000000000
  1.000000000000  0.000000000000 -0.009986047290  0.055273118214  0.000000000000  0.158680972405  0.000000000000
