             Rad         v_r[Re]         v_t[Re]         v_x[Re]         p[Re]          p_mg[Re]  p_no_phase[Re]         v_r[Im]         v_t[Im]         v_x[Im]         p[Im]          p_mg[Im]  p_no_phase[Im]
  0.000000000000  0.000051943822  0.000000000000 -0.000002738686  0.000000993433  0.000418167100  0.000000655332  0.000138063724  0.000000000000 -0.000000641871  0.000000462351  0.000418167100  0.000000878190
  0.003921568627  0.000063549752 -0.000115156066  0.000001645420 -0.000000596914  0.000551310440 -0.000000393895  0.000168806705  0.000043371729  0.000000384971 -0.000000277528  0.000551310440 -0.000000527422
  0.007843137255  0.000098276651 -0.000241756228  0.000006908488 -0.000002506180  0.000690478693 -0.000001653715  0.000261133217  0.000091038582  0.000001616746 -0.000001165387  0.000690478693 -0.000002214564
  0.011764705882  0.000147121082 -0.000386562978  0.000016568044 -0.000006010122  0.000827214835 -0.000003965211  0.000391432128  0.000145492778  0.000003880314 -0.000002795997  0.000827214835 -0.000005311899
  0.015686274510  0.000193636543 -0.000512310242  0.000029271223 -0.000010617492  0.000966316686 -0.000007003057  0.000516186101  0.000192640373  0.000006864993 -0.000004943401  0.000966316686 -0.000009387521
  0.019607843137  0.000241971522 -0.000644886667  0.000046046620 -0.000016700892  0.001104370498 -0.000011011767  0.000646692050  0.000242204901  0.000010818296 -0.000007783706  0.001104370498 -0.000014773180
  0.023529411765  0.000289082552 -0.000772668195  0.000066183791 -0.000024001681  0.001243822368 -0.000015818396  0.000775058488  0.000289741263  0.000015585460 -0.000011201451  0.001243822368 -0.000021244565
  0.027450980392  0.000336571928 -0.000903523899  0.000090258116 -0.000032727750  0.001382860655 -0.000021558020  0.000905807527  0.000338193531  0.000021311723 -0.000015297733  0.001382860655 -0.000028989274
  0.031372549020  0.000383170560 -0.001032404910  0.000117814528 -0.000042712677  0.001522947861 -0.000028117493  0.001035767599  0.000385591911  0.000027907397 -0.000020002199  0.001522947861 -0.000037866441
  0.035294117647  0.000429653007 -0.001163081965  0.000149244861 -0.000054097455  0.001662980607 -0.000035586963  0.001167258487  0.000433337439  0.000035478713 -0.000025386488  0.001662980607 -0.000048006004
  0.039215686275  0.000475312734 -0.001292827323  0.000184223601 -0.000066762245  0.001803929250 -0.000043882986  0.001298607484  0.000480334732  0.000043971531 -0.000031404093  0.001803929250 -0.000059310185
  0.043137254902  0.000520577532 -0.001423833420  0.000223044640 -0.000080812187  0.001945063696 -0.000053071250  0.001431212500  0.000527389808  0.000053473206 -0.000038111677  0.001945063696 -0.000071878731
  0.047058823529  0.000564988563 -0.001554426935  0.000265459345 -0.000096154921  0.002087076627 -0.000063085409  0.001564062793  0.000573804787  0.000063952795 -0.000045477686  0.002087076627 -0.000085640061
  0.050980392157  0.000608799359 -0.001686032215  0.000311701451 -0.000112873434  0.002229457954 -0.000073975715  0.001698094250  0.000620095550  0.000075487707 -0.000053550210  0.002229457954 -0.000100675869
  0.054901960784  0.000651680687 -0.001817535730  0.000361572789 -0.000130893257  0.002372729916 -0.000085686591  0.001832644282  0.000665775349  0.000088064029 -0.000062308201  0.002372729916 -0.000116932309
  0.058823529412  0.000693786887 -0.001949933062  0.000415266791 -0.000150282423  0.002516522727 -0.000098257587  0.001968387310  0.000711197660  0.000101753948 -0.000071794552  0.002516522727 -0.000134479407
  0.062745098039  0.000734864203 -0.002082440591  0.000472620788 -0.000170978925  0.002661247356 -0.000111640305  0.002104865167  0.000756000152  0.000116557119 -0.000081996211  0.002661247356 -0.000153276266
  0.066666666667  0.000775005127 -0.002215791564  0.000533799543 -0.000193040053  0.002806628978 -0.000125866357  0.002242590981  0.000800436571  0.000132543306 -0.000092952872  0.002806628978 -0.000173385000
  0.070588235294  0.000814003145 -0.002349411855  0.000598666634 -0.000216412899  0.002953002472 -0.000140892293  0.002381236132  0.000844223496  0.000149723626 -0.000104657937  0.002953002472 -0.000194774711
  0.074509803922  0.000851909349 -0.002483863217  0.000667365514 -0.000241146676  0.003100160396 -0.000156743529  0.002521207638  0.000887549173  0.000168167227 -0.000117149171  0.003100160396 -0.000217501986
  0.078431372549  0.000888548326 -0.002618712197  0.000739779901 -0.000267195355  0.003248383710 -0.000173380081  0.002662263716  0.000930183017  0.000187895332 -0.000130425431  0.003248383710 -0.000241543988
  0.082352941176  0.000923941776 -0.002754402666  0.000816036850 -0.000294601845  0.003397514698 -0.000190822324  0.002804737990  0.000972267980  0.000208977705 -0.000144523416  0.003397514698 -0.000266953377
  0.086274509804  0.000957935496 -0.002890599814  0.000896035970 -0.000323325444  0.003547795041 -0.000209032703  0.002948449434  0.001013610338  0.000231444778 -0.000159446756  0.003547795041 -0.000293714045
  0.090196078431  0.000990529227 -0.003027663205  0.000979891340 -0.000353403996  0.003699104969 -0.000228027346  0.003093678810  0.001054320416  0.000255367819 -0.000175231693  0.003699104969 -0.000321875846
  0.094117647059  0.001021583580 -0.003165329631  0.001067515378 -0.000384801000  0.003851656937 -0.000247770361  0.003240289048  0.001094231014  0.000280785851 -0.000191886150  0.003851656937 -0.000351428446
  0.098039215686  0.001051081119 -0.003303896396  0.001159011644 -0.000417550116  0.004005360991 -0.000268274196  0.003388521527  0.001133428156  0.000307772318 -0.000209446363  0.004005360991 -0.000382419710
  0.101960784314  0.001078892945 -0.003443153740  0.001254303041 -0.000451618193  0.004160407497 -0.000289504034  0.003538271835  0.001171764185  0.000336374415 -0.000227924205  0.004160407497 -0.000414844368
  0.105882352941  0.001104987612 -0.003583351750  0.001353484426 -0.000487035356  0.004316730557 -0.000311469054  0.003689751148  0.001209306506  0.000366668277 -0.000247356248  0.004316730557 -0.000448748905
  0.109803921569  0.001129243671 -0.003724321494  0.001456487377 -0.000523771136  0.004474503646 -0.000334135046  0.003842879832  0.001245922117  0.000398708991 -0.000267758063  0.004474503646 -0.000484132579
  0.113725490196  0.001151617806 -0.003866276434  0.001563399406 -0.000561852612  0.004633680752 -0.000357508220  0.003997845290  0.001281663805  0.000432575799 -0.000289166822  0.004633680752 -0.000521040959
  0.117647058824  0.001171993816 -0.004009079433  0.001674159320 -0.000601251458  0.004794422343 -0.000381554589  0.004154587007  0.001316409683  0.000468331493 -0.000311601610  0.004794422343 -0.000559477412
  0.121568627451  0.001190317972 -0.004152914987  0.001788848317 -0.000641992071  0.004956699214 -0.000406277614  0.004313273235  0.001350200826  0.000506058771 -0.000335100416  0.004956699214 -0.000599486955
  0.125490196078  0.001206477682 -0.004297671123  0.001907411243 -0.000684047826  0.005120661789 -0.000431643202  0.004473858393  0.001382923824  0.000545828019 -0.000359685700  0.005120661789 -0.000641076733
  0.129411764706  0.001220409792 -0.004443509036  0.002029923774 -0.000727440714  0.005286295362 -0.000457652229  0.004636494963  0.001414610192  0.000587725680 -0.000385396440  0.005286295362 -0.000684291492
  0.133333333333  0.001232004067 -0.004590336935  0.002156335784 -0.000772145430  0.005453742621 -0.000484270211  0.004801149141  0.001445152987  0.000631829682 -0.000412258373  0.005453742621 -0.000729141889
  0.137254901961  0.001241188599 -0.004738296993  0.002286718038 -0.000818181774  0.005623001602 -0.000511495557  0.004967960147  0.001474575789  0.000678230469 -0.000440311612  0.005623001602 -0.000775672629
  0.141176470588  0.001247854527 -0.004887313788  0.002421024568 -0.000865525428  0.005794209084 -0.000539293130  0.005136903516  0.001502776554  0.000727013505 -0.000469585098  0.005794209084 -0.000823897658
  0.145098039216  0.001251921618 -0.005037513751  0.002559321693 -0.000914194163  0.005967374497 -0.000567658956  0.005308107087  0.001529772182  0.000778273455 -0.000500120200  0.005967374497 -0.000873861826
  0.149019607843  0.001253281613 -0.005188834861  0.002701566829 -0.000964164346  0.006142630179 -0.000596557009  0.005481553814  0.001555464274  0.000832103353 -0.000531949015  0.006142630179 -0.000925582182
  0.152941176471  0.001251846211 -0.005341390360  0.002847822209 -0.001015451842  0.006319995913 -0.000625980987  0.005657361574  0.001579864030  0.000888602282 -0.000565114273  0.006319995913 -0.000979103870
  0.156862745098  0.001247507121 -0.005495129275  0.002998047929 -0.001068033433  0.006499600790 -0.000655893750  0.005835519203  0.001602875682  0.000947870911 -0.000599651195  0.006499600790 -0.001034446885
  0.160784313725  0.001240168105 -0.005650153680  0.003152302403 -0.001121923161  0.006681474134 -0.000686286704  0.006016135686  0.001624505504  0.001010012925 -0.000635603964  0.006681474134 -0.001091656785
  0.164705882353  0.001229720326 -0.005806421756  0.003310547762 -0.001177097972  0.006865742777 -0.000717121377  0.006199204486  0.001644659516  0.001075136714 -0.000673010906  0.006865742777 -0.001150756379
  0.168627450980  0.001216059635 -0.005964026019  0.003472838793 -0.001233570144  0.007052444952 -0.000748386898  0.006384826496  0.001663339697  0.001143350734 -0.000711917733  0.007052444952 -0.001211791735
  0.172549019608  0.001199076216 -0.006122932267  0.003639139049 -0.001291316545  0.007241706054 -0.000780043255  0.006572998770  0.001680453141  0.001214771210 -0.000752365876  0.007241706054 -0.001274788356
  0.176470588235  0.001178657967 -0.006283224753  0.003809499828 -0.001350347730  0.007433572728 -0.000812077301  0.006763814699  0.001695998041  0.001289511521 -0.000794402646  0.007433572728 -0.001339792900
  0.180392156863  0.001154693726 -0.006444875620  0.003983885518 -0.001410640252  0.007628169632 -0.000844447272  0.006957274049  0.001709881959  0.001367695865 -0.000838072580  0.007628169632 -0.001406833456
  0.184313725490  0.001127063332 -0.006607961917  0.004162344010 -0.001472202966  0.007825551433 -0.000877137739  0.007153463135  0.001722099718  0.001449442684 -0.000883424649  0.007825551433 -0.001475957340
  0.188235294118  0.001095653967 -0.006772461064  0.004344839958 -0.001535011879  0.008025842648 -0.000910104979  0.007352383688  0.001732558821  0.001534884300 -0.000930506510  0.008025842648 -0.001547195127
  0.192156862745  0.001060337255 -0.006938443772  0.004531417885 -0.001599074149  0.008229105663 -0.000943331251  0.007554115225  0.001741251073  0.001624144359 -0.000979368851  0.008229105663 -0.001620594839
  0.196078431373  0.001020998452 -0.007105891840  0.004722042151 -0.001664365013  0.008435465371 -0.000976770668  0.007758660799  0.001748083449  0.001717363472 -0.001030062466  0.008435465371 -0.001696189447
  0.200000000000  0.000977500780 -0.007274870354  0.004916753909 -0.001730889919  0.008644991642 -0.001010403148  0.007966093298  0.001753045028  0.001814670614 -0.001082639810  0.008644991642 -0.001774027719
  0.203921568627  0.000929727334 -0.007445364715  0.005115516668 -0.001798623108  0.008857810195 -0.001044180425  0.008176416519  0.001756041838  0.001916214868 -0.001137154837  0.008857810195 -0.001854144937
  0.207843137255  0.000877532708 -0.007617434983  0.005318368181 -0.001867568298  0.009073998205 -0.001078080037  0.008389696798  0.001757060486  0.002022130661 -0.001193661812  0.009073998205 -0.001936590639
  0.211764705882  0.000820797635 -0.007791069488  0.005525270541 -0.001937698501  0.009293682618 -0.001112051121  0.008605938167  0.001756005674  0.002132575740 -0.001252217882  0.009293682618 -0.002021402338
  0.215686274510  0.000759367832 -0.007966323760  0.005736258039 -0.002009015673  0.009516947779 -0.001146068788  0.008825200391  0.001752861751  0.002247690099 -0.001312879160  0.009516947779 -0.002108630360
  0.219607843137  0.000693121489 -0.008143188463  0.005951290781 -0.002081491363  0.009743922217 -0.001180079359  0.009047487277  0.001747531745  0.002367640353 -0.001375706015  0.009743922217 -0.002198314364
  0.223529411765  0.000621895177 -0.008321715016  0.006170399508 -0.002155125723  0.009974697355 -0.001214055463  0.009272851934  0.001739997934  0.002492572174 -0.001440756444  0.009974697355 -0.002290505478
  0.227450980392  0.000545564387 -0.008501895891  0.006393541756 -0.002229888600  0.010209403624 -0.001247940377  0.009501297518  0.001730161352  0.002622661258 -0.001508094077  0.010209403624 -0.002385245423
  0.231372549020  0.000463956255 -0.008683778745  0.006620744606 -0.002305778291  0.010448139463 -0.001281704189  0.009732870325  0.001718002369  0.002758059056 -0.001577778822  0.010448139463 -0.002482586134
  0.235294117647  0.000376943436 -0.008867357383  0.006851962421 -0.002382762695  0.010691037505 -0.001315286897  0.009967572471  0.001703419724  0.002898950571 -0.001649877606  0.010691037505 -0.002582571307
  0.239215686275  0.000284343332 -0.009052675997  0.007087218488 -0.002460838193  0.010938203165 -0.001348655984  0.010205443216  0.001686392025  0.003045493130 -0.001724452278  0.010938203165 -0.002685253677
  0.243137254902  0.000186025634 -0.009239729288  0.007326463381 -0.002539970483  0.011189771553 -0.001381747928  0.010446483270  0.001666815432  0.003197881270 -0.001801573099  0.011189771553 -0.002790678833
  0.247058823529  0.000081797699 -0.009428558237  0.007569716438 -0.002620153966  0.011445855053 -0.001414527536  0.010690724581  0.001644666922  0.003356278287 -0.001881303881  0.011445855053 -0.002898900300
  0.250980392157 -0.000028473848 -0.009619158034  0.007816923803 -0.002701351874  0.011706591507 -0.001446927517  0.010938166104  0.001619839806  0.003520888489 -0.001963718259  0.011706591507 -0.003009965466
  0.254901960784 -0.000144992020 -0.009811566667  0.008068100687 -0.002783556553  0.011972100279 -0.001478909931  0.011188832143  0.001592309549  0.003691881226 -0.002048882026  0.011972100279 -0.003123928626
  0.258823529412 -0.000267893353 -0.010005779435  0.008323188143 -0.002866728497  0.012242522190 -0.001510403454  0.011442719565  0.001561966356  0.003869470816 -0.002136872231  0.012242522190 -0.003240838875
  0.262745098039 -0.000397391557 -0.010201831516  0.008582197064 -0.002950857921  0.012517983615 -0.001541367324  0.011699844643  0.001528784288  0.004053832746 -0.002227756662  0.012517983615 -0.003360751254
  0.266666666667 -0.000533626407 -0.010399717960  0.008845062713 -0.003035902295  0.012798628592 -0.001571725920  0.011960201835  0.001492650195  0.004245191584 -0.002321615818  0.012798628592 -0.003483716462
  0.270588235294 -0.000676822648 -0.010599471289  0.009111791460 -0.003121849614  0.013084590557 -0.001601435571  0.012223798946  0.001453536835  0.004443729028 -0.002418519498  0.013084590557 -0.003609790255
  0.274509803922 -0.000827123360 -0.010801085958  0.009382312055 -0.003208654033  0.013376016996 -0.001630416086  0.012490627715  0.001411327467  0.004649680143 -0.002518551685  0.013376016996 -0.003739024830
  0.278431372549 -0.000984764657 -0.011004591969  0.009656626117 -0.003296301236  0.013673048476 -0.001658620802  0.012760686988  0.001365993637  0.004863232906 -0.002621784194  0.013673048476 -0.003871476622
  0.282352941176 -0.001149892984 -0.011209982848  0.009934655128 -0.003384741750  0.013975836158 -0.001685964666  0.013033965481  0.001317414778  0.005084633121 -0.002728304529  0.013975836158 -0.004007199205
  0.286274509804 -0.001322756165 -0.011417286188  0.010216395716 -0.003473958855  0.014284527828 -0.001712397939  0.013310452539  0.001265561319  0.005314075107 -0.002838186527  0.014284527828 -0.004146249653
  0.290196078431 -0.001503504051 -0.011626494259  0.010501761301 -0.003563899131  0.014599278551 -0.001737830410  0.013590133560  0.001210308640  0.005551815654 -0.002951521237  0.014599278551 -0.004288682793
  0.294117647059 -0.001692396514 -0.011837632346  0.010790743268 -0.003654543348  0.014920243433 -0.001762209171  0.013872987795  0.001151626134  0.005798055472 -0.003068384520  0.014920243433 -0.004434556289
  0.298039215686 -0.001889586847 -0.012050691136  0.011083246144 -0.003745833805  0.015247581675 -0.001785438548  0.014158997027  0.001089384912  0.006053062580 -0.003188871002  0.015247581675 -0.004583926085
  0.301960784314 -0.002095347306 -0.012265693689  0.011379255798 -0.003837748656  0.015581455829 -0.001807462373  0.014448129771  0.001023553411  0.006317044128 -0.003313058559  0.015581455829 -0.004736850381
  0.305882352941 -0.002309834648 -0.012482628788  0.011678667001 -0.003930225568  0.015922029462 -0.001828179187  0.014740363904  0.000953998258  0.006590279599 -0.003441045415  0.015922029462 -0.004893386090
  0.309803921569 -0.002533333848 -0.012701517338  0.011981459820 -0.004023239969  0.016269472710 -0.001847529469  0.015035656506  0.000880687014  0.006872982622 -0.003572911456  0.016269472710 -0.005053591890
  0.313725490196 -0.002766005137 -0.012922345893  0.012287518356 -0.004116724528  0.016623953748 -0.001865405645  0.015333981262  0.000803481609  0.007165444376 -0.003708758519  0.016623953748 -0.005217525502
  0.317647058824 -0.003008146538 -0.013145133268  0.012596816579 -0.004210651829  0.016985650458 -0.001881744746  0.015635283067  0.000722348809  0.007467884998 -0.003848668486  0.016985650458 -0.005385246016
  0.321568627451 -0.003259921757 -0.013369863460  0.012909226968 -0.004304949163  0.017354735867 -0.001896432744  0.015939531122  0.000637145641  0.007780607586 -0.003992746818  0.017354735867 -0.005556811792
  0.325490196078 -0.003521642185 -0.013596553244  0.013224717081 -0.004399586150  0.017731395778 -0.001909403121  0.016246657335  0.000547838151  0.008103838808 -0.004141077378  0.017731395778 -0.005732282256
  0.329411764706 -0.003793474992 -0.013825183727  0.013543146773 -0.004494484302  0.018115808327 -0.001920535043  0.016556626135  0.000454278260  0.008437893894 -0.004293769249  0.018115808327 -0.005911716219
  0.333333333333 -0.004075745250 -0.014055769691  0.013864476870 -0.004589610153  0.018508167436 -0.001929758344  0.016869355579  0.000356431371  0.008783006055 -0.004450908256  0.018508167436 -0.006095173369
  0.337254901961 -0.004368623569 -0.014288289016  0.014188553551 -0.004684879020  0.018908656616 -0.001936945021  0.017184805042  0.000254144103  0.009139502854 -0.004612607099  0.018908656616 -0.006282712763
  0.341176470588 -0.004672449007 -0.014522754528  0.014515330573 -0.004780254220  0.019317478123 -0.001942021160  0.017502877810  0.000147381290  0.009507624047 -0.004778953538  0.019317478123 -0.006474394268
  0.345098039216 -0.004987395576 -0.014759140530  0.014844639339 -0.004875644441  0.019734821119 -0.001944851214  0.017823527912  0.000035984054  0.009887709717 -0.004950063872  0.019734821119 -0.006670276966
  0.349019607843 -0.005313816608 -0.014997457928  0.015176426189 -0.004971009652  0.020160896431 -0.001945357416  0.018146642888 -0.000080083259  0.010280006158 -0.005126027765  0.020160896431 -0.006870420812
  0.352941176471 -0.005651889477 -0.015237677091  0.015510506594 -0.005066251457  0.020595899163 -0.001943396290  0.018472171133 -0.000200985218  0.010684866142 -0.005306965091  0.020595899163 -0.007074884675
  0.356862745098 -0.006001982056 -0.015479807034  0.015846819117 -0.005161326343  0.021040048970 -0.001938886116  0.018799983404 -0.000326757890  0.011102542483 -0.005492967383  0.021040048970 -0.007283728504
  0.360784313725 -0.006364275022 -0.015723813824  0.016185162087 -0.005256128354  0.021493547197 -0.001931675085  0.019130022174 -0.000457571716  0.011533400795 -0.005684158049  0.021493547197 -0.007497010695
  0.364705882353 -0.006739151050 -0.015969704611  0.016525465920 -0.005350610355  0.021956622610 -0.001921677425  0.019462140310 -0.000593463097  0.011977700378 -0.005880630448  0.021956622610 -0.007714791086
  0.368627450980 -0.007126794047 -0.016217440777  0.016867510532 -0.005444658339  0.022429483112 -0.001908732585  0.019796274075 -0.000734608533  0.012435819815 -0.006082511472  0.022429483112 -0.007937127324
  0.372549019608 -0.007527601721 -0.016467027633  0.017211217811 -0.005538221405  0.022912366880 -0.001892750633  0.020132257286 -0.000881044676  0.012908024856 -0.006289896263  0.022912366880 -0.008164079028
  0.376470588235 -0.007941761131 -0.016718421481  0.017556347931 -0.005631176981  0.023405488705 -0.001873561856  0.020470019701 -0.001032954260  0.013394707156 -0.006502915129  0.023405488705 -0.008395702790
  0.380392156863 -0.008369685230 -0.016971625814  0.017902813858 -0.005723470254  0.023909096500 -0.001851072058  0.020809374854 -0.001190374111  0.013896138854 -0.006721664939  0.023909096500 -0.008632057898
  0.384313725490 -0.008811564129 -0.017226591445  0.018250354633 -0.005814969549  0.024423412290 -0.001825101931  0.021150245711 -0.001353493366  0.014412724757 -0.006946279340  0.024423412290 -0.008873199561
  0.388235294118 -0.009267826213 -0.017483320068  0.018598873896 -0.005905615994  0.024948694076 -0.001795552912  0.021492424218 -0.001522348942  0.014944743327 -0.007176856869  0.024948694076 -0.009119186615
  0.392156862745 -0.009738664538 -0.017741756585  0.018948088100 -0.005995268249  0.025485171477 -0.001762235652  0.021835826260 -0.001697136547  0.015492612563 -0.007413534410  0.025485171477 -0.009370072536
  0.396078431373 -0.010224523075 -0.018001900909  0.019297891144 -0.006083863235  0.026033112952 -0.001725047119  0.022180220824 -0.001877893103  0.016056617170 -0.007656412108  0.026033112952 -0.009625915575
  0.400000000000 -0.010725597705 -0.018263691586  0.019647975368 -0.006171249367  0.026592756095 -0.001683787464  0.022525516420 -0.002064821049  0.016637188350 -0.007905629965  0.026592756095 -0.009886767099
  0.403921568627 -0.011242348108 -0.018527126772  0.019998224508 -0.006257359200  0.027164380223 -0.001638349087  0.022871457633 -0.002257957226  0.017234616953 -0.008161289664  0.027164380223 -0.010152684641
  0.407843137255 -0.011774972851 -0.018792138195  0.020348305198 -0.006342030301  0.027748231298 -0.001588521170  0.023217945308 -0.002457510956  0.017849347356 -0.008423534189  0.027748231298 -0.010423717046
  0.411764705882 -0.012323947414 -0.019058722274  0.020698090579 -0.006425190704  0.028344599917 -0.001534191444  0.023564698107 -0.002663518911  0.018481676441 -0.008692466680  0.028344599917 -0.010699920989
  0.415686274510 -0.012889472900 -0.019326803441  0.021047219911 -0.006506666495  0.028953740827 -0.001475137645  0.023911608922 -0.002876197444  0.019132061689 -0.008968232944  0.028953740827 -0.010981342357
  0.419607843137 -0.013472040637 -0.019596376396  0.021395555300 -0.006586381034  0.029575956355 -0.001411242732  0.024258368890 -0.003095582965  0.019800805888 -0.009250937499  0.029575956355 -0.011268036815
  0.423529411765 -0.014071854100 -0.019867357781  0.021742706892 -0.006664148269  0.030211510460 -0.001342272508  0.024604862663 -0.003321898997  0.020488379507 -0.009540728789  0.030211510460 -0.011560046821
  0.427450980392 -0.014689420468 -0.020139740597  0.022088525311 -0.006739886724  0.030860717680 -0.001268105063  0.024950752177 -0.003555181593  0.021195091092 -0.009837712617  0.030860717680 -0.011857426877
  0.431372549020 -0.015324945406 -0.020413433173  0.022432589770 -0.006813397534  0.031523851637 -0.001188493766  0.025295913555 -0.003795661578  0.021921423931 -0.010142039860  0.031523851637 -0.012160215502
  0.435294117647 -0.015978951906 -0.020688426840  0.022774738952 -0.006884594222  0.032201239580 -0.001103311744  0.025639977775 -0.004043374552  0.022667692172 -0.010453817507  0.032201239580 -0.012468465875
  0.439215686275 -0.016651647630 -0.020964621072  0.023114519245 -0.006953264406  0.032893165263 -0.001012299421  0.025982812145 -0.004298558760  0.023434391694 -0.010773198629  0.032893165263 -0.012782212034
  0.443137254902 -0.017343571282 -0.021242005556  0.023451756927 -0.007019316448  0.033599969185 -0.000915324869  0.026324014838 -0.004561249255  0.024221842069 -0.011100291298  0.033599969185 -0.013101505665
  0.447058823529 -0.018054932313 -0.021520470346  0.023785963582 -0.007082523714  0.034321945718 -0.000812115051  0.026663444070 -0.004831691809  0.025030551484 -0.011435250514  0.034321945718 -0.013426375744
  0.450980392157 -0.018786284990 -0.021800003514  0.024116952615 -0.007142789241  0.035059449172 -0.000702532890  0.027000663276 -0.005109920826  0.025860844736 -0.011778185319  0.035059449172 -0.013756872286
  0.454901960784 -0.019537840324 -0.022080485108  0.024444198742 -0.007199871386  0.035812785044 -0.000586291362  0.027335521300 -0.005396189709  0.026713241968 -0.012129252344  0.035812785044 -0.014093018585
  0.458823529412 -0.020310167933 -0.022361901618  0.024767502021 -0.007253667698  0.036582322053 -0.000463248153  0.027667544820 -0.005690532105  0.027588072990 -0.012488561482  0.036582322053 -0.014434862802
  0.462745098039 -0.021103480148 -0.022644122473  0.025086298155 -0.007303920740  0.037368377348 -0.000333101721  0.027996573038 -0.005993209135  0.028485869476 -0.012856270664  0.037368377348 -0.014782421886
  0.466666666667 -0.021918361654 -0.022927132618  0.025400373372 -0.007350522409  0.038171334678 -0.000195704430  0.028322093761 -0.006304253588  0.029406966015 -0.013232490504  0.038171334678 -0.015135741950
  0.470588235294 -0.022755025845 -0.023210790224  0.025709122128 -0.007393198658  0.038991523397 -0.000050739676  0.028643936279 -0.006623934372  0.030351905314 -0.013617379864  0.038991523397 -0.015494832888
  0.474509803922 -0.023614072122 -0.023495078732  0.026012316337 -0.007431835567  0.039829342942  0.000101945576  0.028961547324 -0.006952283308  0.031321026482 -0.014011049946  0.039829342942 -0.015859738573
  0.478431372549 -0.024495714666 -0.023779844395  0.026309306882 -0.007466141645  0.040685135440  0.000262683540  0.029274746012 -0.007289577156  0.032314882677 -0.014413660136  0.040685135440 -0.016230461082
  0.482352941176 -0.025400567162 -0.024065069192  0.026599850876 -0.007495996986  0.041559316707  0.000431632727  0.029582935700 -0.007635846658  0.033333817255 -0.014825322081  0.041559316707 -0.016607041844
  0.486274509804 -0.026328844289 -0.024350586766  0.026883253212 -0.007521091785  0.042452242236  0.000609141512  0.029885925075 -0.007991376466  0.034378393150 -0.015246195238  0.042452242236 -0.016989474315
  0.490196078431 -0.027281173497 -0.024636377688  0.027159255710 -0.007541299990  0.043364344948  0.000795373955  0.030183071719 -0.008356196129  0.035448957671 -0.015676391549  0.043364344948 -0.017377797266
  0.494117647059 -0.028257769656 -0.024922262269  0.027427114765 -0.007556292587  0.044295994316  0.000990695145  0.030474173642 -0.008730598220  0.036546082753 -0.016116070052  0.044295994316 -0.017771994674
  0.498039215686 -0.029259273375 -0.025208219728  0.027686556408 -0.007565937213  0.045247641126  0.001195274759  0.030758540155 -0.009114610982  0.037670119341 -0.016565342818  0.045247641126 -0.018172102433
  0.501960784314 -0.030285899391 -0.025494056301  0.027936785932 -0.007569884718  0.046219669472  0.001409495157  0.031035958351 -0.009508534916  0.038821647501 -0.017024367928  0.046219669472 -0.018578094127
  0.505882352941 -0.031338300763 -0.025779749914  0.028177513088 -0.007567996272  0.047212548800  0.001633531696  0.031305686668 -0.009912396840  0.040001021470 -0.017493257417  0.047212548800 -0.018990002549
  0.509803921569 -0.032416691757 -0.026065091947  0.028407889359 -0.007559901634  0.048226678488  0.001867784565  0.031567501057 -0.010326505171  0.041208828459 -0.017972167813  0.048226678488 -0.019407789917
  0.513725490196 -0.033521737067 -0.026350059108  0.028627607723 -0.007545455346  0.049262547480  0.002112434856  0.031820606376 -0.010750885186  0.042445425638 -0.018461210938  0.049262547480 -0.019831485689
  0.517647058824 -0.034653650131 -0.026634427111  0.028835763055 -0.007524265099  0.050320571123  0.002367901147  0.032064767219 -0.011185853186  0.043711406253 -0.018960541125  0.050320571123 -0.020261039687
  0.521568627451 -0.035813106354 -0.026918171519  0.029032031065 -0.007496178646  0.051401258732  0.002634370315  0.032299132051 -0.011631432781  0.045007130021 -0.019470269795  0.051401258732 -0.020696477798
  0.525490196078 -0.037000317974 -0.027201051544  0.029215447118 -0.007460780604  0.052505042341  0.002912279878  0.032523453907 -0.012087948104  0.046333194992 -0.019990548386  0.052505042341 -0.021137736348
  0.529411764706 -0.038215970055 -0.027483041686  0.029385669165 -0.007417911783  0.053632452552  0.003201822546  0.032736821942 -0.012555420976  0.047689963022 -0.020521487723  0.053632452552 -0.021584837409
  0.533333333333 -0.039460273246 -0.027763883784  0.029541670060 -0.007367132688  0.054783938822  0.003503455330  0.032938977438 -0.013034183281  0.049078035591 -0.021063235588  0.054783938822 -0.022037702653
  0.537254901961 -0.040733921094 -0.028043551368  0.029683089508 -0.007308277033  0.055960053998  0.003817376805  0.033128947215 -0.013524254925  0.050497776263 -0.021615902004  0.055960053998 -0.022496350082
  0.541176470588 -0.042037122250 -0.028321767996  0.029808834745 -0.007240880150  0.057161265732  0.004144064020  0.033306460629 -0.014025975439  0.051949788429 -0.022179630272  0.057161265732 -0.022960685481
  0.545098039216 -0.043370577429 -0.028598506330  0.029918526747 -0.007164768511  0.058388150116  0.004483721448  0.033470479027 -0.014539362689  0.053434436906 -0.022754529407  0.058388150116 -0.023430722531
  0.549019607843 -0.044734492865 -0.028873470711  0.030011003927 -0.007079451180  0.059641193793  0.004836846712  0.033620719677 -0.015064763716  0.054952325325 -0.023340737328  0.059641193793 -0.023906349824
  0.552941176471 -0.046129574967 -0.029146633040  0.030085868050 -0.006984747244  0.060920997148  0.005203650203  0.033756075208 -0.015602194221  0.056503819272 -0.023938361822  0.060920997148 -0.024387576455
  0.556862745098 -0.047556027119 -0.029417677468  0.030141885399 -0.006880138385  0.062228066641  0.005584650643  0.033876250657 -0.016152008592  0.058089520777 -0.024547534467  0.062228066641 -0.024874272448
  0.560784313725 -0.049014559801 -0.029686575254  0.030178638059 -0.006765436164  0.063563028047  0.005980064356  0.033980066576 -0.016714220236  0.059709795697 -0.025168361586  0.063563028047 -0.025366442039
  0.564705882353 -0.050505373094 -0.029952989352  0.030194816762 -0.006640093741  0.064926408500  0.006390431676  0.034067215651 -0.017289190690  0.061365242441 -0.025800967379  0.064926408500 -0.025863935229
  0.568627450980 -0.052029179751 -0.030216890509  0.030189983454 -0.006503915013  0.066318860306  0.006815974866  0.034136442878 -0.017876930938  0.063056226605 -0.026445456467  0.066318860306 -0.026366751125
  0.572549019608 -0.053586176086 -0.030477919440  0.030162749799 -0.006356323452  0.067740932167  0.007257256364  0.034187428494 -0.018477809441  0.064783340776 -0.027101944548  0.067740932167 -0.026874718160
  0.576470588235 -0.055177075151 -0.030736046516  0.030112657147 -0.006197115166  0.069193304115  0.007714504369  0.034218838356 -0.019091834629  0.066546949736 -0.027770534298  0.069193304115 -0.027387830033
  0.580392156863 -0.056802069015 -0.030990889133  0.030038234477 -0.006025682745  0.070676547340  0.008188303902  0.034230340166 -0.019719381614  0.068347637842 -0.028451331707  0.070676547340 -0.027905891988
  0.584313725490 -0.058461868861 -0.031242417440  0.029939002099 -0.005841814386  0.072191370853  0.008678889084  0.034220516947 -0.020360456151  0.070185768489 -0.029144437251  0.072191370853 -0.028428892034
  0.588235294118 -0.060156662019 -0.031490224396  0.029813402583 -0.005644870586  0.073738369291  0.009186867973  0.034189023810 -0.021015439696  0.072061915186 -0.029849945918  0.073738369291 -0.028956610507
  0.592156862745 -0.061887155432 -0.031734280091  0.029660934770 -0.005434631515  0.075318281945  0.009712480587  0.034134357128 -0.021684335196  0.073976439337 -0.030567955718  0.075318281945 -0.029489029441
  0.596078431373 -0.063653531190 -0.031974151895  0.029479950993 -0.005210424344  0.076931727894  0.010256358450  0.034056159396 -0.022367530106  0.075929900765 -0.031298549253  0.076931727894 -0.030025902460
  0.600000000000 -0.065456489408 -0.032209810009  0.029269928212 -0.004972021103  0.078579478072  0.010818747447  0.033952836407 -0.023065024440  0.077922658257 -0.032041821797  0.078579478072 -0.030567205328
  0.603921568627 -0.067296206423 -0.032440795023  0.029029124595 -0.004718714388  0.080262177035  0.011400302962  0.033824018037 -0.023777211258  0.079955254869 -0.032797842074  0.080262177035 -0.031112663058
  0.607843137255 -0.069173372704 -0.032667077442  0.028756994820 -0.004450267991  0.081980628782  0.012001276703  0.033668015465 -0.024504087516  0.082028046123 -0.033566702346  0.081980628782 -0.031662244852
  0.611764705882 -0.071088158311 -0.032888169843  0.028451698868 -0.004165938659  0.083735504415  0.012622348279  0.033484445972 -0.025246051440  0.084141554975 -0.034348455871  0.083735504415 -0.032215645105
  0.615686274510 -0.073041241007 -0.033104043232  0.028112668753 -0.003865481852  0.085527642486  0.013263775170  0.033271521974 -0.026003096804  0.086296133015 -0.035143191609  0.085527642486 -0.032772826162
  0.619607843137 -0.075032784043 -0.033314180907  0.027737962149 -0.003548117185  0.087357741758  0.013926261532  0.033028848212 -0.026775626510  0.088492279497 -0.035950945653  0.087357741758 -0.033333449696
  0.623529411765 -0.077063449160 -0.033518554593  0.027326988038 -0.003213591705  0.089226676884  0.014610070550  0.032754534086 -0.027563631034  0.090730341382 -0.036771803369  0.089226676884 -0.033897470896
  0.627450980392 -0.079133392261 -0.033716616998  0.026877697578 -0.002861086593  0.091135175443  0.015315931214  0.032448171884 -0.028367517408  0.093010790348 -0.037605781870  0.091135175443 -0.034464516500
  0.631372549020 -0.081243255475 -0.033908340793  0.026389476376 -0.002490340408  0.093084149812  0.016044112333  0.032107763624 -0.029187272692  0.095333968011 -0.038452962626  0.093084149812 -0.035034534241
  0.635294117647 -0.083393186811 -0.034093146754  0.025860164770 -0.002100494592  0.095074357586  0.016795367967  0.031732889266 -0.030023307451  0.097700314291 -0.039313341838  0.095074357586 -0.035607113599
  0.639215686275 -0.085583804913 -0.034271008741  0.025289124672 -0.001691279150  0.097106750554  0.017569972461  0.031321438979 -0.030875605219  0.100110164723 -0.040186996772  0.097106750554 -0.036182194550
  0.643137254902 -0.087815249348 -0.034441314208  0.024674081212 -0.001261794468  0.099182117575  0.018368705124  0.030872980552 -0.031744579432  0.102563922983 -0.041073900655  0.099182117575 -0.036759326875
  0.647058823529 -0.090088111089 -0.034604038467  0.024014372309 -0.000811761945  0.101301451619  0.019191845739  0.030385287736 -0.032630209988  0.105061917764 -0.041974126239  0.101301451619 -0.037338442497
  0.650980392157 -0.092402520716 -0.034758534223  0.023307603417 -0.000340239589  0.103465574100  0.020040198986  0.029857916347 -0.033532912477  0.107604511677 -0.042887621581  0.103465574100 -0.037919048940
  0.654901960784 -0.094759037028 -0.034904778517  0.022553088191  0.000153059850  0.105675521012  0.020914049969  0.029288519052 -0.034452663060  0.110192025799 -0.043814454604  0.105675521012 -0.038501069770
  0.658823529412 -0.097157781070 -0.035042087841  0.021748307866  0.000669122061  0.107932147672  0.021814228799  0.028676639929 -0.035389878686  0.112824776504 -0.044754545861  0.107932147672 -0.039083967576
  0.662745098039 -0.099599274629 -0.035170441255  0.020892551588  0.001208242975  0.110236535019  0.022741025777  0.028019805806 -0.036344531688  0.115503076461 -0.045707958122  0.110236535019 -0.039667657271
  0.666666666667 -0.102083628665 -0.035289117532  0.019983171761  0.001771453297  0.112589573675  0.023695296429  0.027317549298 -0.037317039516  0.118227190271 -0.046674581964  0.112589573675 -0.040251553702
  0.670588235294 -0.104611322758 -0.035398098066  0.019019432804  0.002359057655  0.114992391531  0.024677336112  0.026567266548 -0.038307370584  0.120997421385 -0.047654474673  0.114992391531 -0.040835562832
  0.674509803922 -0.107182457247 -0.035496622364  0.017998553618  0.002972133086  0.117445915964  0.025688025678  0.025768479031 -0.039315941912  0.123813976710 -0.048647494220  0.117445915964 -0.041419048827
  0.678431372549 -0.109797463930 -0.035584674482  0.016919773714  0.003610992918  0.119951323918  0.026727665389  0.024918447279 -0.040342717913  0.126677149651 -0.049653692082  0.119951323918 -0.042001908410
  0.682352941176 -0.112456431992 -0.035661453079  0.015780173755  0.004276761820  0.122509581032  0.027797161244  0.024016681989 -0.041388114164  0.129587083099 -0.050672890835  0.122509581032 -0.042583451997
  0.686274509804 -0.115159739485 -0.035726945219  0.014578968194  0.004969761811  0.125121915493  0.028896818247  0.023060303086 -0.042452091011  0.132544059576 -0.051705135814  0.125121915493 -0.043163566780
  0.690196078431 -0.117907463918 -0.035780307092  0.013313094684  0.005691166478  0.127789332772  0.030027567272  0.022048810899 -0.043535061491  0.135548151203 -0.052750211244  0.127789332772 -0.043741506214
  0.694117647059 -0.120699923217 -0.035821529136  0.011981742502  0.006441306508  0.130513114583  0.031189717884  0.020979179676 -0.044636981822  0.138599628768 -0.053808155987  0.130513114583 -0.044317147681
  0.698039215686 -0.123537182711 -0.035849723409  0.010581701479  0.007221405666  0.133294307862  0.032384225468  0.019850899841 -0.045758261322  0.141698486429 -0.054878712792  0.133294307862 -0.044889684321
  0.701960784314 -0.126419493379 -0.035864884114  0.009112135635  0.008031803273  0.136134250233  0.033611403955  0.018660794842 -0.046898852030  0.144844982380 -0.055961913713  0.136134250233 -0.045458983429
  0.705882352941 -0.129346907880 -0.035866077479  0.007569682143  0.008873774509  0.139034031793  0.034872232758  0.017408345703 -0.048059158271  0.148039025150 -0.057057456715  0.139034031793 -0.046024174335
  0.709803921569 -0.132319602977 -0.035853301874  0.005953479728  0.009747667272  0.141995048570  0.036167029975  0.016090219899 -0.049239127872  0.151280859475 -0.058165366708  0.141995048570 -0.046585113978
  0.713725490196 -0.135337618189 -0.035825575966  0.004260008050  0.010654809359  0.145018435581  0.037496798443  0.014705889619 -0.050439158795  0.154570300101 -0.059285293382  0.145018435581 -0.047140864231
  0.717647058824 -0.138401048308 -0.035782902719  0.002488380534  0.011595557179  0.148105649859  0.038861860208  0.013251861152 -0.051659194632  0.157907577435 -0.060417254173  0.148105649859 -0.047691271416
  0.721568627451 -0.141509919273 -0.035724251470  0.000634914482  0.012571292309  0.151257873176  0.040263240809  0.011727598461 -0.052899625511  0.161292403772 -0.061560846800  0.151257873176 -0.048235326148
  0.725490196078 -0.144664235646 -0.035649630224 -0.001301301941  0.013582379581  0.154476626280  0.041701266007  0.010129441416 -0.054160390782  0.164724994319 -0.062716080896  0.154476626280 -0.048772863883
  0.729411764706 -0.147864009376 -0.035557957183 -0.003324118636  0.014630255467  0.157763139606  0.043176983175  0.008456846424 -0.055441871164  0.168204949716 -0.063882498316  0.157763139606 -0.049302800022
  0.733333333333 -0.151109146008 -0.035449245867 -0.005434472613  0.015715293124  0.161119000453  0.044690721549  0.006705981679 -0.056744001777  0.171732469102 -0.065060100566  0.161119000453 -0.049824958917
  0.737254901961 -0.154399643123 -0.035322361504 -0.007636385781  0.016838984974  0.164545489901  0.046243549319  0.004876296756 -0.058067152237  0.175307031692 -0.066248369531  0.164545489901 -0.050338176635
  0.741176470588 -0.157735297918 -0.035177323620 -0.009930820200  0.018001712383  0.168044264753  0.047835798940  0.002963782926 -0.059411253464  0.178928819694 -0.067447298269  0.168044264753 -0.050842266200
  0.745098039216 -0.161116093263 -0.035012942603 -0.012321974554  0.019205024717  0.171616658796  0.049468558241  0.000967883712 -0.060776662170  0.182597180546 -0.068656304367  0.171616658796 -0.051335980065
  0.749019607843 -0.164541708091 -0.034829244498 -0.014810835778  0.020449311417  0.175264401430  0.051142162635 -0.001115591776 -0.062163305119  0.186312278667 -0.069875372122  0.175264401430 -0.051819119712
  0.752941176471 -0.168012110272 -0.034624982955 -0.017401784030  0.021736179716  0.178988881292  0.052857718240 -0.003287205227 -0.063571524191  0.190073318756 -0.071103850271  0.178988881292 -0.052290349535
  0.756862745098 -0.171526849960 -0.034400191078 -0.020095830900  0.023066026976  0.182791903599  0.054615563143 -0.005551334893 -0.065001242067  0.193880446596 -0.072341714045  0.182791903599 -0.052749459277
  0.760784313725 -0.175085879775 -0.034153563855 -0.022897542634  0.024440519136  0.186674914069  0.056416820222 -0.007908546780 -0.066452783734  0.197732712542 -0.073588238537  0.186674914069 -0.053195020656
  0.764705882353 -0.178688609948 -0.033885142005 -0.025807955210  0.025860061313  0.190639797103  0.058261829950 -0.010363411652 -0.067926067887  0.201630242916 -0.074843389619  0.190639797103 -0.053626811499
  0.768627450980 -0.182334977659 -0.033593559904 -0.028831825475  0.027326378897  0.194688057820  0.060151730231 -0.012916498877 -0.069421400430  0.205571921456 -0.076106363700  0.194688057820 -0.054043306056
  0.772549019608 -0.186024241415 -0.033278866475 -0.031970213472  0.028839884571  0.198821663317  0.062086863627 -0.015572576809 -0.070938696186  0.209557854218 -0.077377117014  0.198821663317 -0.054444270078
  0.776470588235 -0.189756322828 -0.032939633505 -0.035228071031  0.030402363817  0.203042180529  0.064068381121 -0.018332217161 -0.072478239646  0.213586745358 -0.078654761993  0.203042180529 -0.054828075385
  0.780392156863 -0.193530316191 -0.032575918728 -0.038606481895  0.032014236686  0.207351662914  0.066096627059 -0.021200390868 -0.074039941909  0.217658679881 -0.079939244960  0.207351662914 -0.055194475510
  0.784313725490 -0.197346127486 -0.032186229353 -0.042110597100  0.033677349276  0.211751741735  0.068172763330 -0.024177670909 -0.075624063573  0.221772168679 -0.081229588821  0.211751741735 -0.055541734706
  0.788235294118 -0.201202673590 -0.031770632553 -0.045741523670  0.035392128783  0.216244560642  0.070297135752 -0.027269235670 -0.077230512188  0.225927274952 -0.082525729731  0.216244560642 -0.055869594167
  0.792156862745 -0.205099844873 -0.031327568950 -0.049504615898  0.037160482317  0.220831817835  0.072470914704 -0.030475658261 -0.078859521827  0.230122301887 -0.083826595239  0.220831817835 -0.056176205260
  0.796078431373 -0.209036366848 -0.030857115814 -0.053401003614  0.038982843984  0.225515751154  0.074694447155 -0.033802329250 -0.080510996696  0.234357290164 -0.085132111103  0.225515751154 -0.056461296745
  0.800000000000 -0.213012114366 -0.030357645151 -0.057436248202  0.040861182162  0.230298128454  0.076968909300 -0.037249820681 -0.082185141551  0.238630320048 -0.086441103404  0.230298128454 -0.056722901604
  0.803921568627 -0.217025606857 -0.029829245012 -0.061611501779  0.042795937610  0.235181285940  0.079294648935 -0.040823739863 -0.083881857497  0.242941409023 -0.087753487282  0.235181285940 -0.056960736095
  0.807843137255 -0.221076703839 -0.029270216754 -0.065932536413  0.044789140072  0.240167063950  0.081672845122 -0.044524656520 -0.085601317009  0.247288398399 -0.089067980956  0.240167063950 -0.057172709135
  0.811764705882 -0.225163703135 -0.028680659910 -0.070400525932  0.046841236694  0.245257901407  0.084103846152 -0.048358399065 -0.087343418368  0.251671281834 -0.090384488756  0.245257901407 -0.057358524434
  0.815686274510 -0.229286449210 -0.028058803150 -0.075021456410  0.048954318509  0.250455714076  0.086588830715 -0.052325533589 -0.089108298637  0.256087644814 -0.091701614335  0.250455714076 -0.057515960983
  0.819607843137 -0.233443001920 -0.027404758215 -0.079796522757  0.051128838765  0.255763048148  0.089128147267 -0.056432113741 -0.090895853584  0.260537456595 -0.093019251044  0.255763048148 -0.057644709932
  0.823529411765 -0.237633191064 -0.026716679048 -0.084731928060  0.053366949521  0.261181897874  0.091722970568 -0.060678700607 -0.092706181543  0.265018029089 -0.094335880968  0.261181897874 -0.057742414301
  0.827450980392 -0.241854821302 -0.025994690354 -0.089828887639  0.055669109829  0.266714921465  0.094373648909 -0.065071576944 -0.094539176129  0.269529306638 -0.095651386332  0.266714921465 -0.057808752694
  0.831372549020 -0.246107708272 -0.025236869304 -0.095093824250  0.058037532306  0.272364194843  0.097081349237 -0.069611297408 -0.096394893440  0.274068308930 -0.096964120329  0.272364194843 -0.057841225936
  0.835294117647 -0.250389383304 -0.024443354343 -0.100527972893  0.060472681495  0.278132493195  0.099846419345 -0.074304377433 -0.098273225335  0.278634954940 -0.098273953948  0.278132493195 -0.057839500134
  0.839215686275 -0.254699648501 -0.023612143844 -0.106137978260  0.062976829881  0.284021977429  0.102670014132 -0.079151363762 -0.100174181974  0.283225952546 -0.099579103837  0.284021977429 -0.057800927509
  0.843137254902 -0.259035742800 -0.022743390790 -0.111925094261  0.065550447170  0.290035544887  0.105552480569 -0.084159007742 -0.102097653909  0.287841194980 -0.100879429666  0.290035544887 -0.057725161754
  0.847058823529 -0.263397455530 -0.021835012739 -0.117896189354  0.068195864778  0.296175444912  0.108494956896 -0.089327846673 -0.104043601452  0.292477057756 -0.102173003557  0.296175444912 -0.057609399901
  0.850980392157 -0.267781713202 -0.020887178033 -0.124052535534  0.070913557244  0.302444702405  0.111497788943 -0.094664870662 -0.106011914343  0.297133408068 -0.103459673813  0.302444702405 -0.057453283347
  0.854901960784 -0.272188293270 -0.019897721418 -0.130401226375  0.073705913715  0.308845658733  0.114562093286 -0.100170605991 -0.108002498929  0.301806267506 -0.104737359701  0.308845658733 -0.057253847170
  0.858823529412 -0.276613788793 -0.018866827440 -0.136943551093  0.076573413212  0.315381471998  0.117688214306 -0.105852283956 -0.110015244683  0.306495477022 -0.106005898147  0.315381471998 -0.057010720626
  0.862745098039 -0.281057966405 -0.017792246060 -0.143686829197  0.079518501134  0.322054579327  0.120877241492 -0.111710418196 -0.112049999644  0.311196681692 -0.107263046882  0.322054579327 -0.056720769903
  0.866666666667 -0.285517063641 -0.016674178898 -0.150632366213  0.082541660629  0.328868277919  0.124129517479 -0.117752483150 -0.114106653625  0.315909696118 -0.108508631488  0.328868277919 -0.056383612310
  0.870588235294 -0.289990837537 -0.015510289192 -0.157787707817  0.085645391557  0.335825104543  0.127446098804 -0.123978978156 -0.116184991785  0.320629765203 -0.109740239119  0.335825104543 -0.055995938034
  0.874509803922 -0.294475146971 -0.014300796520 -0.165154174899  0.088830180830  0.342928501647  0.130827326074 -0.130397622227 -0.118284904939  0.325356677199 -0.110957684087  0.342928501647 -0.055557352678
  0.878431372549 -0.298969740774 -0.013043275499 -0.172739538894  0.092098580646  0.350181109691  0.134274216541 -0.137008898700 -0.120406110554  0.330085252076 -0.112158373559  0.350181109691 -0.055064363147
  0.882352941176 -0.303470074927 -0.011737964574 -0.180545135077  0.095451081321  0.357586522791  0.137787108522 -0.143820772023 -0.122548501175  0.334815251850 -0.113342110701  0.357586522791 -0.054516563617
  0.886274509804 -0.307975891640 -0.010382347892 -0.188578959525  0.098890284907  0.365147489307  0.141366973160 -0.150833707806 -0.124711721521  0.339541045671 -0.114506112906  0.365147489307 -0.053910270278
  0.890196078431 -0.312482218620 -0.008976683691 -0.196842360888  0.102416684754  0.372867761736  0.145014146238 -0.158055916152 -0.126895666656  0.344262369557 -0.115650172365  0.372867761736 -0.053245066202
  0.894117647059 -0.316988793234 -0.007518363855 -0.205343558012  0.106032929906  0.380750200713  0.148729545447 -0.165487843197 -0.129099903238  0.348973114780 -0.116771306531  0.380750200713 -0.052517069268
  0.898039215686 -0.321490188368 -0.006007667358 -0.214083911882  0.109739516382  0.388798724118  0.152513503820 -0.173137944226 -0.131324329711  0.353672991736 -0.117869296841  0.388798724118 -0.051725851816
  0.901960784314 -0.325986138540 -0.004441892096 -0.223071861403  0.113539136941  0.397016309424  0.156366877703 -0.181006644138 -0.133568429095  0.358355385567 -0.118940950251  0.397016309424 -0.050867325673
  0.905882352941 -0.330470734056 -0.002821338738 -0.232308778840  0.117432289907  0.405407047203  0.160289997195 -0.189102642170 -0.135832104148  0.363019981564 -0.119986037727  0.405407047203 -0.049941052868
  0.909803921569 -0.334943708804 -0.001143209541 -0.241803319543  0.121421708033  0.413974036509  0.164283648823 -0.197426340210 -0.138114748397  0.367659629256 -0.121001144769  0.413974036509 -0.048942731295
  0.913725490196 -0.339398641514  0.000592172156 -0.251556865986  0.125507891596  0.422721548245  0.168348159602 -0.205986679391 -0.140416269928  0.372273989506 -0.121986032217  0.422721548245 -0.047871913139
  0.917647058824 -0.343835267896  0.002387701300 -0.261578285368  0.129693609147  0.431652807980  0.172484237163 -0.214784036820 -0.142735966641  0.376855345486 -0.122937052754  0.431652807980 -0.046724074350
  0.921568627451 -0.348246624835  0.004243030892 -0.271868969301  0.133979362573  0.440772274920  0.176692205327 -0.223827592567 -0.145073753042  0.381403334470 -0.123853957500  0.440772274920 -0.045498757790
  0.925490196078 -0.352632452568  0.006161154553 -0.282437991177  0.138367951521  0.450083306288  0.180972683107 -0.233117697198 -0.147428824972  0.385909641239 -0.124732854554  0.450083306288 -0.044191209335
  0.929411764706 -0.356985214556  0.008141700626 -0.293286750670  0.142859879162  0.459590557916  0.185325991067 -0.242663765785 -0.149801104537  0.390373880499 -0.125573485788  0.459590557916 -0.042800963097
  0.933333333333 -0.361304658535  0.010187762763 -0.304424520570  0.147457970996  0.469297524029  0.189752649211 -0.252466120616 -0.152189678788  0.394787105283 -0.126371702540  0.469297524029 -0.041323026638
  0.937254901961 -0.365582641625  0.012298943644 -0.315852707549  0.152162731165  0.479209065777  0.194252974830 -0.262534406777 -0.154594478700  0.399148908933 -0.127127237977  0.479209065777 -0.039756925949
  0.941176470588 -0.369818922307  0.014478438186 -0.327580775761  0.156977005205  0.489328819952  0.198827377820 -0.272868916568 -0.157014475492  0.403449678031 -0.127835674078  0.489328819952 -0.038097421950
  0.945098039216 -0.374004717071  0.016725822395 -0.339610137838  0.161901297944  0.499661862096  0.203476172244 -0.283479518958 -0.159449610367  0.407688985961 -0.128496735925  0.499661862096 -0.036344033186
  0.949019607843 -0.378139798691  0.019044393556 -0.351950439937  0.166938468516  0.510211977359  0.208199646049 -0.294366474600 -0.161898731349  0.411856516773 -0.129105723119  0.510211977359 -0.034491265530
  0.952941176471 -0.382214707332  0.021433699982 -0.364603099641  0.172089022182  0.520984465155  0.212998110175 -0.305539868977 -0.164361791330  0.415951825511 -0.129662353357  0.520984465155 -0.032538630818
  0.956862745098 -0.386229233914  0.023897142280 -0.377577934320  0.177355824579  0.531983265016  0.217871718003 -0.316999929501 -0.166837507442  0.419963856204 -0.130161630424  0.531983265016 -0.030480371405
  0.960784313725 -0.390173205151  0.026434240055 -0.390876365550  0.182739381180  0.543213910123  0.222820777528 -0.328756949467 -0.169325845832  0.423892147403 -0.130603265410  0.543213910123 -0.028315993212
  0.964705882353 -0.394046434287  0.029048498026 -0.404508369595  0.188242556338  0.554680500666  0.227845294131 -0.340811121529 -0.171825384701  0.427724864201 -0.130981952422  0.554680500666 -0.026039466566
  0.968627450980 -0.397837996001  0.031739406072 -0.418475371114  0.193865855558  0.566388813922  0.232945573112 -0.353172936669 -0.174336105126  0.431461530736 -0.131297396807  0.566388813922 -0.023650292317
  0.972549019608 -0.401547730379  0.034510573633 -0.432787491304  0.199612133376  0.578343117268  0.238121457571 -0.365842551351 -0.176856437985  0.435089492796 -0.131543968711  0.578343117268 -0.021142160236
  0.976470588235 -0.405163919988  0.037361459860 -0.447446157080  0.205481895197  0.590549442869  0.243373250447 -0.378830642581 -0.179386381075  0.438608262439 -0.131721368695  0.590549442869 -0.018514567006
  0.980392156863 -0.408686436633  0.040295779325 -0.462461618852  0.211477976424  0.603012232079  0.248700617378 -0.392137329322 -0.181924209201  0.442004324308 -0.131823628232  0.603012232079 -0.015760913311
  0.984313725490 -0.412102729184  0.043312959452 -0.477835305048  0.217600882284  0.615737783217  0.254103859375 -0.405773461294 -0.184469938781  0.445277180974 -0.131850444145  0.615737783217 -0.012880692628
  0.988235294118 -0.415412706407  0.046416820145 -0.493577577694  0.223853418893  0.628730718687  0.259582448502 -0.419739118773 -0.187021679433  0.448412412605 -0.131795494112  0.628730718687 -0.009867008051
  0.992156862745 -0.418602940352  0.049606756116 -0.509689866093  0.230236091287  0.000000000000  0.265136684371 -0.434045309116 -0.189579468220  0.451409515154 -0.131658472362  0.000000000000 -0.006719350865
  0.996078431373 -0.421673382383  0.052886692571 -0.526182624286  0.236751665255  0.000123052942  0.270765828381 -0.448692072886 -0.192141240073  0.454253119474 -0.131432687230  0.000123052942 -0.003430518127
  1.000000000000 -0.424609683049  0.056255990545 -0.543057281942  0.243400645698  0.000258329436  0.276470179386 -0.463690558111 -0.194707054860  0.456942718058 -0.131117831599  0.000258329436  0.000000000000
