             Rad             v_r             v_t             v_x             p              p_mg      p_no_phase
  0.000000000000 -0.162164816641  0.000000000000  0.058936957896 -0.029526802494  0.394578142688 -0.000000000000
  0.003921568627 -0.211046675243 -0.019459859296 -0.039882077642  0.019979195408  0.380065396840 -0.000087718228
  0.007843137255 -0.310932979227 -0.040481946870 -0.164586004340  0.082451754903  0.292792265401 -0.000275810965
  0.011764705882 -0.391134412426 -0.059851200940 -0.369191085280  0.184947608528  0.116688939590 -0.000889142680
  0.015686274510 -0.376978441182 -0.072258106221 -0.578847767859  0.289990614174  0.080039501115 -0.000407859668
  0.019607843137 -0.289932708435 -0.074584418159 -0.768447565893  0.384955002733  0.295959843795 -0.001956644753
  0.023529411765 -0.115688936241 -0.075385917435 -0.885939387423  0.443856586858  0.456775242628  0.000681084832
  0.027450980392  0.079747882122 -0.061985425009 -0.890976092585  0.446338826636  0.549242813028 -0.002069954129
  0.031372549020  0.293721745665 -0.053126337003 -0.801502003483  0.401584356047  0.555937380994  0.002690605212
  0.035294117647  0.453016773497 -0.032064853392 -0.579905635768  0.290518668238  0.450315812135 -0.000536836218
  0.039215686275  0.544983434811 -0.019110729005 -0.321710980531  0.161230210442  0.299801854753  0.003772573878
  0.043137254902  0.550645430149 -0.001409610479 -0.002726765849  0.001393786288  0.070907014786  0.001854571182
  0.047058823529  0.446681925994  0.009582521575  0.261516087884 -0.130983515038  0.126337209390  0.002230651656
  0.050980392157  0.296143315922  0.016374267619  0.470351132031 -0.235592949308  0.310705719959  0.003217970235
  0.054901960784  0.069985589541  0.021554607074  0.575220130727 -0.288201760459  0.415545718749 -0.001503594099
  0.058823529412 -0.125879741594  0.017229417501  0.544489193526 -0.272751344337  0.424593342395  0.002147074574
  0.062745098039 -0.308668411846  0.016174890941  0.441938374128 -0.221476634623  0.373653486817 -0.004693086396
  0.066666666667 -0.411819305238  0.006844165624  0.217607437725 -0.109031857716  0.212547517729 -0.000856581648
  0.070588235294 -0.421485062986  0.002038634703  0.005763449752 -0.002953676689  0.059437828167 -0.004434664461
  0.074509803922 -0.369270037828 -0.004672492753 -0.228766875393  0.114557510956  0.138412361196 -0.003501807146
  0.078431372549 -0.210671973927 -0.009578497137 -0.385395656910  0.193073455794  0.272269949780 -0.000385383348
  0.082352941176 -0.056991719436 -0.009593944006 -0.451896725966  0.226343407736  0.350574588477 -0.003490831412
  0.086274509804  0.137818116819 -0.011776088074 -0.445820950645  0.223418463436  0.367792873942  0.004472076433
  0.090196078431  0.270246205260 -0.006531506869 -0.305967382152  0.153278249229  0.272916218178 -0.000550564170
  0.094117647059  0.348331425947 -0.005272282937 -0.159614609177  0.080055412021  0.172239941062  0.006034914184
  0.098039215686  0.363636257038  0.000326205111  0.062914377200 -0.031473179046  0.012256203988  0.003097255014
  0.101960784314  0.270830444028  0.003616146473  0.225569520657 -0.112969112894  0.143921687211  0.002601907109
  0.105882352941  0.168868728329  0.005291210245  0.349742685695 -0.175151465743  0.264868328234  0.004416680559
  0.109803921569 -0.011931753025  0.008202266164  0.404501767608 -0.202701204299  0.325426531447 -0.003348924852
  0.113725490196 -0.143390067540  0.005312698307  0.337135496405 -0.168869842812  0.289821428659  0.002110752278
  0.117647058824 -0.263473706661  0.006007604952  0.252679194570 -0.126692985812  0.239156575555 -0.006917526038
  0.121568627451 -0.322017758366  0.001467395791  0.058136984792 -0.029157687042  0.082337841499 -0.002119504289
  0.125490196078 -0.287897945222 -0.000240197764 -0.088407588142  0.044218865303  0.033557131355 -0.004847541456
  0.129411764706 -0.235162287293 -0.002662164113 -0.246750109067  0.123547312212  0.177496627334 -0.004814610785
  0.133333333333 -0.081277210618 -0.005346846791 -0.337558737981  0.169135825443  0.262096667293  0.001500192573
  0.137254901961  0.033011161477 -0.004015557604 -0.332849355807  0.166700255386  0.278277461337 -0.003601880686
  0.141176470588  0.176826064626 -0.005719646632 -0.302667069451  0.151737274487  0.270839140722  0.006976676312
  0.145098039216  0.259751853622 -0.002132107372 -0.145623287554  0.072966326077  0.148790481611  0.000707867033
  0.149019607843  0.276709017843 -0.001736451445 -0.027553383762  0.013906074538  0.063139674126  0.006835648144
  0.152941176471  0.266723895726  0.001003246103  0.147397228232 -0.073775332936  0.093715242889  0.004628519969
  0.156862745098  0.147528527383  0.003053777973  0.255020849373 -0.127749936684  0.186852990485  0.000860487694
  0.160784313725  0.059422841558  0.002840897983  0.303647021515 -0.152051896674  0.246720173649  0.004826425350
  0.164705882353 -0.093573880927  0.004941072827  0.318049417587 -0.159431620673  0.273629076158 -0.006170040474
  0.168627450980 -0.185697927205  0.002230117564  0.204590243934 -0.102483151487  0.191262551879  0.000966035387
  0.172549019608 -0.245587736543  0.002830646514  0.121398459495 -0.060943442388  0.136300704263 -0.008305760405
  0.176470588235 -0.269857998918  0.000032192168 -0.055456807237  0.027725563133  0.017831847566 -0.003863783609
  0.180392156863 -0.189988886405 -0.001229099362 -0.164480257974  0.082350988930  0.106852871784 -0.003474749353
  0.184313725490 -0.132258292725 -0.001844584859 -0.256657387296  0.128498684802  0.201313948305 -0.005622622648
  0.188235294118  0.017540321198 -0.003923623468 -0.304664109870  0.152701337144  0.252607067897  0.004537797156
  0.192156862745  0.106702655083 -0.002031435912 -0.238117922168  0.119254138260  0.212198935011 -0.002708555117
  0.196078431373  0.200618912917 -0.003313567634 -0.191710681296  0.096180200220  0.188551998327  0.009046552895
  0.200000000000  0.249569865213 -0.000640870347 -0.025704938189  0.012916556129  0.049127687637  0.002587206342
  0.203921568627  0.211062389627 -0.000181970639  0.072656164753 -0.036309528507  0.030066452028  0.006054979582
  0.207843137255  0.184181659763  0.001038632846  0.197795284156 -0.099005578432  0.147294905292  0.005877351361
  0.211764705882  0.048217881524  0.002814437810  0.267837026286 -0.134216512441  0.212737566383 -0.002205666372
  0.215686274510 -0.028700697260  0.001685295614  0.248884786530 -0.124624140831  0.214062674517  0.004320765728
  0.219607843137 -0.146978455767  0.003353842108  0.237526849155 -0.119131689593  0.218965071643 -0.008917099473
  0.223529411765 -0.210707749415  0.000948968850  0.093283483830 -0.046747803140  0.102249122478 -0.000920333215
  0.227450980392 -0.213155549349  0.001216295027  0.014351302167 -0.007313974832  0.048358243505 -0.008308714165
  0.231372549020 -0.214634329206 -0.000417846765 -0.132416356881  0.066256517576  0.089389177799 -0.005535873772
  0.235294117647 -0.101368420707 -0.001713159758 -0.213075482122  0.106739289268  0.159238767647 -0.000623184614
  0.239215686275 -0.043096800289 -0.001282263471 -0.239777966589  0.120042352062  0.199615530298 -0.005617176726
  0.243137254902  0.089335943315 -0.003073118558 -0.258831609285  0.129789399448  0.227935505140  0.007862578109
  0.247058823529  0.158313007056 -0.001045713375 -0.145219973262  0.072739162989  0.141192072540 -0.000972783822
  0.250980392157  0.198976951314 -0.001905473908 -0.091184513426  0.045831375007  0.109167469461  0.009966216158
  0.254901960784  0.224048615490 -0.000031747822  0.065450250151 -0.032721078785  0.032014659354  0.004606498797
  0.258823529412  0.140365510228  0.000692531119  0.146194905164 -0.073187074256  0.097692452291  0.003685157046
  0.262745098039  0.104294422115  0.000879965440  0.214092035526 -0.107161621066  0.171980725451  0.006443676308
  0.266666666667 -0.031917966537  0.002569355807  0.256782127627 -0.128733644588  0.217016253710 -0.005922263304
  0.270588235294 -0.097621115537  0.000998594138  0.180332927242 -0.090301567534  0.165207146153  0.002901990997
  0.274509803922 -0.171603997848  0.002282648600  0.153452178273 -0.077039393847  0.156449850012 -0.010807439643
  0.278431372549 -0.213932144372  0.000329502720 -0.001339390226  0.000623823166  0.022585544241 -0.003159393759
  0.282352941176 -0.164502020267  0.000193868707 -0.073184409389  0.036564834995  0.035250657909 -0.006680103958
  0.286274509804 -0.151476882782 -0.000515004585 -0.175522797824  0.087835115254  0.134581900742 -0.006692636125
  0.290196078431 -0.021557437983 -0.001926611556 -0.233748085380  0.117153590249  0.188856758083  0.003228670698
  0.294117647059  0.033893964597 -0.000860563970 -0.198381425967  0.099317266509  0.174459446044 -0.004669945933
  0.298039215686  0.134422637087 -0.002385672064 -0.197947281910  0.099329152870  0.187155478835  0.010685287798
  0.301960784314  0.186827924810 -0.000498189354 -0.056088187279  0.028119310464  0.068647713652  0.001319547973
  0.305882352941  0.173919029256 -0.000908706187 -0.000053498145  0.000165727666  0.035419984365  0.009299683110
  0.309803921569  0.182360402896  0.000209164104  0.128050002200 -0.064057401030  0.091017208837  0.006313602480
  0.313725490196  0.067986035805  0.001218682887  0.193211954329 -0.096797143108  0.147075273683  0.000002347861
  0.317647058824  0.027826732600  0.000673544605  0.200059177391 -0.100136563427  0.169927801703  0.006091690160
  0.321568627451 -0.090995920299  0.002257962181  0.222808883107 -0.111767486453  0.200132050911 -0.009542631438
  0.325490196078 -0.146173170838  0.000562449578  0.103752216734 -0.051967644279  0.105532598216  0.000745474560
  0.329411764706 -0.169564902213  0.001429691960  0.068014412118 -0.034242684735  0.088906840894 -0.011257443893
  0.333333333333 -0.195890391128  0.000026880062 -0.075760392640  0.037875716310  0.044938394835 -0.005318509754
  0.337254901961 -0.104978677902 -0.000509848380 -0.139561114888  0.069866531877  0.096142913313 -0.003489859285
  0.341176470588 -0.082990479126 -0.000470218223 -0.186924669069  0.093542548232  0.153306083810 -0.007013000718
  0.345098039216  0.044895978915 -0.001947831052 -0.227601654141  0.114136923409  0.195606056288  0.007421205820
  0.349019607843  0.096079004588 -0.000547383052 -0.139428339866  0.069809693642  0.131374977988 -0.002841835273
  0.352941176471  0.153105745022 -0.001748770470 -0.125905154410  0.063261183759  0.133544292263  0.012317750620
  0.356862745098  0.192265370770 -0.000190959997  0.022644527244 -0.011288190367  0.004962058719  0.003780911692
  0.360784313725  0.130935266032 -0.000145683402  0.077800122275 -0.038873780994  0.042138227740  0.006912929044
  0.364705882353  0.127795417526  0.000275068838  0.161276115136 -0.080688217180  0.126869267697  0.007325776512
  0.368627450980  0.000476035363  0.001506817281  0.213301115908 -0.106928285061  0.175075205783 -0.004461284196
  0.372549019608 -0.041054188161  0.000477243039  0.161813715491 -0.080995755959  0.145394258857  0.004768226950
  0.376470588235 -0.126794091345  0.001871113542  0.169921944102 -0.085313181659  0.164831714937 -0.012320721993
  0.380392156863 -0.172879533614  0.000287326183  0.027608068099 -0.013858682363  0.042616963319 -0.001829308736
  0.384313725490 -0.145078936565  0.000704745874 -0.013211631300  0.006470393894  0.025875555698 -0.009940314283
  0.388235294118 -0.159403746696 -0.000105161463 -0.125982584692  0.063011706042  0.093312054304 -0.006979008449
  0.392156862745 -0.042063172709 -0.000987414496 -0.182182978092  0.091285099731  0.141177907998  0.000891898893
  0.396078431373 -0.014302620034 -0.000374286863 -0.170541501396  0.085344874175  0.147640764153 -0.006335405077
  0.400000000000  0.093305725163 -0.001813676250 -0.197466048227  0.099095759363  0.180852554376  0.011200696323
  0.403921568627  0.140185486700 -0.000324813402 -0.071796307499  0.035963753319  0.077682932074 -0.000364788646
  0.407843137255  0.147445017230 -0.001136097583 -0.049004795599  0.024734072601  0.072835728669  0.012262072123
  0.411764705882  0.176094285169 -0.000029097323  0.084284669565 -0.042136344157  0.055582136651  0.005984306503
  0.415686274510  0.077304245875  0.000440517285  0.137623702499 -0.068903409744  0.097577153868  0.002987721609
  0.419607843137  0.065616935749  0.000257840500  0.166141876706 -0.083125034301  0.138920801202  0.007384602218
  0.423529411765 -0.055556399437  0.001603257887  0.207277361620 -0.103978194245  0.181082968681 -0.008996294321
  0.427450980392 -0.097486167815  0.000315174459  0.107362717486 -0.053748719558  0.104520010057  0.002602926934
  0.431372549020 -0.138824483121  0.001420913472  0.104086925551 -0.052349934309  0.115716138033 -0.013620143682
  0.435294117647 -0.177338395148  0.000123109218 -0.039579219934  0.019762815608  0.016931656762 -0.004415472256
  0.439215686275 -0.104252462965  0.000087141346 -0.083826741625  0.041894233890  0.049445202430 -0.006833985008
  0.443137254902 -0.109034293550 -0.000143626113 -0.149952216470  0.075007931275  0.120694292601 -0.007803094239
  0.447058823529  0.016511094223 -0.001274120297 -0.199474328210  0.100021967465  0.166278745934  0.005850900566
  0.450980392157  0.048670871418 -0.000271573569 -0.132505591979  0.066314033167  0.121825336423 -0.004678390084
  0.454901960784  0.120665697679 -0.001552715631 -0.148029702179  0.074368017782  0.147675376021  0.013835003422
  0.458823529412  0.163792531220 -0.000177115799 -0.004797041353  0.002439153125  0.021583746055  0.002402164242
  0.462745098039  0.121653343011 -0.000555327009  0.025494744693 -0.012618884921  0.021013742038  0.010289804076
  0.466666666667  0.141475384980  0.000043381043  0.123982999100 -0.062001621793  0.094941788270  0.007535459141
  0.470588235294  0.021001559036  0.000865284026  0.175496652788 -0.087951922636  0.138379370429 -0.002003256211
  0.474509803922  0.002085214472  0.000207266248  0.146241340974 -0.073169845420  0.129070633328  0.006395737927
  0.478431372549 -0.094941405707  0.001536673702  0.177846573446 -0.089290883177  0.166239097046 -0.012825763943
  0.482352941176 -0.137207662404  0.000195131108  0.045770842739 -0.022932482401  0.054722159019 -0.000118254127
  0.486274509804 -0.128977609477  0.000932223217  0.032527874761 -0.016490595574  0.059512261205 -0.013017745918
  0.490196078431 -0.160831547900  0.000035226509 -0.090749091815  0.045365911959  0.064011765607 -0.006589475148
  0.494117647059 -0.054457910097 -0.000417663745 -0.137955106827  0.069080740927  0.100416604753 -0.002231228397
  0.498039215686 -0.050635762804 -0.000134502608 -0.148414214868  0.074240601221  0.126444563896 -0.007589372208
  0.501960784314  0.063990294660 -0.001388283204 -0.191753058882  0.096224961304  0.170358888563  0.010621674825
  0.505882352941  0.100262449802 -0.000183822178 -0.080709931315  0.040401461855  0.081934274436 -0.002234036127
  0.509803921569  0.126408180875 -0.001195787022 -0.085615466236  0.043112541574  0.100946373836  0.014732427621
  0.513725490196  0.166086482135 -0.000088402741  0.053078197560 -0.026516391409  0.030491109963  0.005036105970
  0.517647058824  0.081780788911 -0.000028775944  0.090399991495 -0.045192547856  0.056825584662  0.006486954941
  0.521568627451  0.093169140393  0.000063686712  0.139654410273 -0.069843813632  0.114789304491  0.008139395303
  0.525490196078 -0.030343946963  0.001131493018  0.189259497060 -0.094927042774  0.160241211420 -0.007363704354
  0.529411764706 -0.056332971148  0.000151398055  0.107564423351 -0.053822287631  0.101527224250  0.004442737119
  0.533333333333 -0.114783605698  0.001334446136  0.129698135226 -0.065204919916  0.133583823593 -0.015229121548
  0.537254901961 -0.157355842897  0.000115792114 -0.013909428941  0.006923609530  0.005028468749 -0.003003571073
  0.541176470588 -0.101445869365  0.000437661582 -0.037026034660  0.018394591255  0.021974117597 -0.010380167887
  0.545098039216 -0.126482898768 -0.000002812117 -0.121289067384  0.060645300132  0.095504624184 -0.007983281719
  0.549019607843 -0.003449337710 -0.000796402534 -0.171166969049  0.085802104828  0.137277609437  0.003295779419
  0.552941176471  0.009216592578 -0.000106570881 -0.124964293590  0.062511610509  0.112580684262 -0.006305745268
  0.556862745098  0.095503163927 -0.001347096543 -0.161550525897  0.081150336888  0.154384327463  0.014405810650
  0.560784313725  0.135842685916 -0.000119853222 -0.023904799850  0.011986005828  0.035184562419  0.000666046520
  0.564705882353  0.112547520423 -0.000778480356 -0.017663747443  0.009051679940  0.048246596239  0.013543723412
  0.568627450980  0.148207012852 -0.000042822990  0.095213675849 -0.047594662761  0.070424157481  0.007122272859
  0.572549019608  0.034992543213  0.000416684244  0.139467811085 -0.069853191620  0.103977278203  0.001253797018
  0.576470588235  0.037169023907  0.000057647498  0.132268554223 -0.066150893155  0.114828429402  0.007649626607
  0.580392156863 -0.070401231429  0.001242413562  0.179011541310 -0.089866314199  0.161874699915 -0.012276470793
  0.584313725490 -0.103713141910  0.000105110545  0.057781058354 -0.028921237944  0.062267496527  0.001771962708
  0.588235294118 -0.114821637806  0.001028337177  0.069209723331 -0.034907313777  0.088147946994 -0.015661464279
  0.592156862745 -0.156959974398  0.000070635550 -0.063733760301  0.031845966487  0.041678094173 -0.005621894736
  0.596078431373 -0.062189391771 -0.000026908318 -0.097159361965  0.048587700717  0.064165874096 -0.005899315073
  0.600000000000 -0.079089049726 -0.000011798893 -0.129565027431  0.064786053383  0.108625991591 -0.008345868676
  0.603921568627  0.041600255717 -0.001037540148 -0.181119537199  0.090873065036  0.155815642812  0.008974108882
  0.607843137255  0.063902706385 -0.000077350596 -0.085560361071  0.042803689050  0.083394185836 -0.004094140099
  0.611764705882  0.108625867790 -0.001173096629 -0.113536367800  0.057127013457  0.121404928177  0.016499027632
  0.615686274510  0.152427051147 -0.000080543576  0.029388302341 -0.014669356383  0.011677764246  0.003606540954
  0.619607843137  0.083366484943 -0.000340048352  0.047986098267 -0.023887700821  0.027262508041  0.010230773203
  0.623529411765  0.113274048922 -0.000025460425  0.117622900845 -0.058803512761  0.094889513095  0.008323075333
  0.627450980392 -0.011352740464  0.000756260637  0.168154056142 -0.084314286310  0.137140150084 -0.004742988115
  0.631372549020 -0.019868694840  0.000042829946  0.105627984265 -0.052827512958  0.097366147489  0.006092061396
  0.635294117647 -0.094880406982  0.001207852495  0.147256598311 -0.074011969948  0.144224188497 -0.015928160815
  0.639215686275 -0.135356007234  0.000074563551  0.005232892713 -0.002640277452  0.018275514725 -0.001248609490
  0.643137254902 -0.097361488227  0.000655334538  0.003869392639 -0.002145431347  0.038877547421 -0.013850281414
  0.647058823529 -0.137161022081  0.000050568447 -0.097803260055  0.048885269648  0.075003364142 -0.007573973813
  0.650980392157 -0.018117053409 -0.000426803376 -0.141582336283  0.070930088456  0.107905160408 -0.000079554320
  0.654901960784 -0.024691652123 -0.000007556186 -0.116991500406  0.058498224483  0.103573559509 -0.007584273866
  0.658823529412  0.074975010889 -0.001136716480 -0.167917287001  0.084333091282  0.154743430494  0.013942140430
  0.662745098039  0.107471881918 -0.000056274544 -0.037665769681  0.018851532680  0.044791505051 -0.001246818264
  0.666666666667  0.103573201072 -0.000896046013 -0.054122460212  0.027359912110  0.076709632611  0.016408523323
  0.670588235294  0.149075343265 -0.000061990325  0.071935330170 -0.035946880094  0.050703373143  0.006156580443
  0.674509803922  0.044761397378  0.000079439338  0.103916079851 -0.051984831232  0.071418161100  0.005090333271
  0.678431372549  0.066135515749 -0.000023307895  0.119313875238 -0.059649031216  0.101980785410  0.008432998611
  0.682352941176 -0.050649821378  0.000971966553  0.174168201182 -0.087415712709  0.152336397197 -0.010660639964
  0.686274509804 -0.071318557373  0.000030209456  0.065731318265 -0.032876025122  0.066840910482  0.003660359603
  0.690196078431 -0.101972015695  0.001046615983  0.098723502332 -0.049722936289  0.110456980168 -0.017637962221
  0.694117647059 -0.148340674933  0.000060091575 -0.042168080821  0.021063185099  0.023952047836 -0.004189407060
  0.698039215686 -0.066838164360  0.000255945333 -0.058490745099  0.029156042610  0.034547957258 -0.009854365708
  0.701960784314 -0.101158682029  0.000045880787 -0.112901544354  0.056434668921  0.093095324196 -0.008556922046
  0.705882352941  0.023859016944 -0.000732640192 -0.165842643827  0.083179900805  0.137533642998  0.006323308115
  0.709803921569  0.030040342128 -0.000001234049 -0.087667971016  0.043834423474  0.083014811577 -0.005778097596
  0.713725490196  0.093071922180 -0.001099595827 -0.134170372715  0.067477591143  0.135113440277  0.017379688973
  0.717647058824  0.135309577519 -0.000046843913  0.010808054496 -0.005387218550  0.003674294417  0.001841135364
  0.721568627451  0.083013113085 -0.000552127593  0.009185413050 -0.004393507550  0.031764866607  0.013942851341
  0.725490196078  0.127047965745 -0.000057819309  0.098650338737 -0.049304195698  0.077905204070  0.007938900791
  0.729411764706  0.003372967878  0.000442695626  0.143944939350 -0.072133923374  0.111987095876 -0.001272323804
  0.733333333333  0.012878763744 -0.000026030168  0.102229659546 -0.051105285378  0.092443539042  0.007410931046
  0.737254901961 -0.077867687410  0.001055793445  0.157772481238 -0.079275435066  0.148415155322 -0.015601307506
  0.741176470588 -0.111313677618  0.000025408309  0.019845283361 -0.009932057701  0.029096916842  0.000684308518
  0.745098039216 -0.092429903615  0.000786516861  0.039894361868 -0.020240197020  0.066303703715 -0.016971762799
  0.749019607843 -0.141882952272  0.000058392759 -0.077954770705  0.038955516691  0.057788113941 -0.006627868852
  0.752941176471 -0.029092839012 -0.000128892027 -0.110547104512  0.055322076314  0.078550707608 -0.004074803813
  0.756862745098 -0.053897407800  0.000047691859 -0.108744658813  0.054354281311  0.094775115867 -0.008411743775
  0.760784313725  0.057742964955 -0.000923784140 -0.167846947317  0.084274873900  0.149380851289  0.012403997618
  0.764705882353  0.078538444863  0.000000353877 -0.047655699385  0.023827714387  0.051552309723 -0.003165927813
  0.768627450980  0.094744716099 -0.000942682833 -0.084745707879  0.042735139891  0.100319682859  0.018637586770
  0.772549019608  0.144672238883 -0.000048386429  0.052588360521 -0.026275489817  0.034399093048  0.004734764477
  0.776470588235  0.051548221962 -0.000181444174  0.068604002688 -0.034231558312  0.042610108352  0.009260011609
  0.780392156863  0.089698685193 -0.000060949221  0.107133138504 -0.053542787105  0.090169591722  0.008688828763
  0.784313725490 -0.034356754758  0.000718854467  0.163832610973 -0.082198209199  0.138174837327 -0.008017822852
  0.788235294118 -0.039833374990 -0.000026389194  0.070787915035 -0.035383557071  0.069320614589  0.005385430489
  0.792156862745 -0.090124809705  0.001011345422  0.121783936461 -0.061292540339  0.126638198048 -0.018746927886
  0.796078431373 -0.135414570879  0.000029860338 -0.024564255625  0.012270242227  0.009547297391 -0.002422838279
  0.800000000000 -0.069297756646  0.000462596301 -0.021702466067  0.010666194513  0.027795970398 -0.013824121325
  0.803921568627 -0.117449544948  0.000064301442 -0.097884150280  0.048916228482  0.079263485689 -0.008214343718
  0.807843137255  0.009516734712 -0.000461479515 -0.146314202578  0.073343502819  0.116076511084  0.002785383792
  0.811764705882 -0.001526755948  0.000048930148 -0.087818607162  0.043889443697  0.081341106847 -0.007146814307
  0.815686274510  0.079212764183 -0.000990773144 -0.148120059050  0.074464109552  0.142526851127  0.017237156513
  0.819607843137  0.115081179904 -0.000005799592 -0.004013710132  0.002009231761  0.014957339133 -0.000106785378
  0.823529411765  0.081295090510 -0.000692416498 -0.026235189080  0.013402707216  0.056809858786  0.017347537145
  0.827450980392  0.135017922812 -0.000057605772  0.081995422784 -0.040973878416  0.063104660116  0.007027026231
  0.831372549020  0.014951518853  0.000175465690  0.116956011618 -0.058550944488  0.085531968305  0.002865036153
  0.835294117647  0.042110284800 -0.000064900112  0.097814521214 -0.048880155266  0.087007605619  0.008293987479
  0.839215686275 -0.063060335987  0.000886581954  0.161779196371 -0.081261614927  0.146661421492 -0.014186013936
  0.843137254902 -0.085521780682 -0.000020300605  0.031099181453 -0.015541032628  0.037368118975  0.002632991263
  0.847058823529 -0.086942355673  0.000853926796  0.071269509366 -0.035996417797  0.090734843078 -0.019488601780
  0.850980392157 -0.141131218193  0.000041988057 -0.060881645273  0.030422957130  0.043062952226 -0.005228917647
  0.854901960784 -0.037330525353  0.000114087875 -0.078351428559  0.039126947305  0.050954634227 -0.008454717854
  0.858823529412 -0.078605327632  0.000072212207 -0.100373972993  0.050155977725  0.086185032151 -0.008724829627
  0.862745098039  0.043037698551 -0.000710971717 -0.161843573505  0.081228480434  0.138862992044  0.009809023767
  0.866666666667  0.049302589943  0.000044869647 -0.054840836149  0.027400974561  0.056195723281 -0.004934386356
  0.870588235294  0.086110925585 -0.000936453190 -0.109758917814  0.055287091472  0.118524513178  0.020016131685
  0.874509803922  0.135464471829 -0.000019627309  0.036258756824 -0.018120796275  0.020726897878  0.002976387690
  0.878431372549  0.056123914776 -0.000382847183  0.033801216227 -0.016732455625  0.027829181936  0.013495231399
  0.882352941176  0.108082928177 -0.000069941436  0.095630597779 -0.047784442374  0.079198075364  0.008400420850
  0.886274509804 -0.020725215598  0.000481478791  0.148509838308 -0.074468280344  0.120060916094 -0.004444617295
  0.890196078431 -0.009489940621 -0.000064671960  0.073700623108 -0.036821526192  0.070249414366  0.006809064110
  0.894117647059 -0.079129508167  0.000936222375  0.138646717272 -0.069741905110  0.136828256659 -0.018833085780
  0.898039215686 -0.118652205985 -0.000006555062 -0.010013020374  0.005009453539  0.002474206703 -0.000466267488
  0.901960784314 -0.070149482231  0.000609161780  0.012961202295 -0.006755321166  0.048306523289 -0.017531165251
  0.905882352941 -0.128226179278  0.000058362512 -0.084220753810  0.042083942120  0.066790109052 -0.007348604545
  0.909803921569 -0.002204254414 -0.000219357582 -0.123057235920  0.061628404154  0.092325639070 -0.001472028700
  0.913725490196 -0.030602825291  0.000077154516 -0.086545632011  0.043237566981  0.078722090397 -0.008092637305
  0.917647058824  0.066741794426 -0.000856393721 -0.155697843896  0.078241855538  0.143971913663  0.015989036565
  0.921568627451  0.092223919016  0.000033264028 -0.015935709605  0.007952527260  0.024235558271 -0.002081659547
  0.925490196078  0.078606923710 -0.000775700355 -0.058075189721  0.029396546397  0.081558136772  0.020181124004
  0.929411764706  0.137507678034 -0.000038858860  0.067218334088 -0.033591109103  0.050056681721  0.005661562329
  0.933333333333  0.024104239043 -0.000052271136  0.087730184174 -0.043840698890  0.059366719902  0.007444416858
  0.937254901961  0.067684803668 -0.000080701260  0.092708592250 -0.046316477300  0.081229681176  0.008672914591
  0.941176470588 -0.050037805630  0.000706543032  0.159667284049 -0.080166132863  0.139446496722 -0.011680050016
  0.945098039216 -0.058469208514 -0.000057217402  0.039767134540 -0.019856529243  0.043627866100  0.004444231465
  0.949019607843 -0.081116801837  0.000870686044  0.097864630648 -0.049345464388  0.110590762989 -0.021173322874
  0.952941176471 -0.135301899882  0.000013719973 -0.046042740176  0.023014832925  0.030364764641 -0.003487620439
  0.956862745098 -0.043466707085  0.000310353448 -0.045545475660  0.022624255004  0.031584890230 -0.012956522614
  0.960784313725 -0.098751849129  0.000074774913 -0.092014290455  0.045971223946  0.077821307587 -0.008499900178
  0.964705882353  0.030364651720 -0.000501656295 -0.150387603303  0.075435777041  0.123846645121  0.006235662485
  0.968627450980  0.020243965685  0.000075510513 -0.059881318978  0.029904088711  0.059202324909 -0.006414783615
  0.972549019608  0.077729344954 -0.000888648130 -0.129131248306  0.064997751087  0.131142617113  0.020372497764
  0.976470588235  0.121924318054  0.000014146172  0.022347307459 -0.011180560390  0.009374138613  0.001018027375
  0.980392156863  0.059020077479 -0.000533763505  0.000040162105  0.000241567724  0.041113882689  0.017517429530
  0.984313725490  0.121324908620 -0.000059938462  0.084771569664 -0.042356285706  0.068960032690  0.007590219357
  0.988235294118 -0.009223540538  0.000260727762  0.128769513041 -0.064513586709  0.098889676466 -0.000093776228
  0.992156862745  0.019266386210 -0.000085923953  0.074999588272 -0.037457169116  0.000000000000  0.007821538491
  0.996078431373 -0.068903743392  0.000830646611  0.149406465473 -0.075116927323  0.151877726152 -0.017795539312
  1.000000000000 -0.098594936796 -0.000041552417  0.002103537954 -0.001030992768  0.313425857934  0.001530104668
