             Rad             v_r             v_t             v_x             p              p_mg      p_no_phase
  0.000000000000 -0.031533486748  0.000000000000  0.011898261697 -0.005530056693  0.372255093052 -0.026009975262
  0.003921568627 -0.040811963508  0.147283583862 -0.007866165007  0.003644291162  0.336387084525  0.017807694924
  0.007843137255 -0.058427228743  0.302979007821 -0.032689863375  0.015156778716  0.222975832003  0.073378871346
  0.011764705882 -0.074018140974  0.448885180182 -0.071646232502  0.033182615191  0.027006796559  0.162724381461
  0.015686274510 -0.064191126852  0.516311610025 -0.113612727495  0.052756860924  0.175767915301  0.250859250864
  0.019607843137 -0.048270394939  0.533495626385 -0.141711827596  0.065625564519  0.373241155072  0.322255253310
  0.023529411765 -0.006186519470  0.489333265193 -0.166552196600  0.077519236356  0.492310926307  0.358384769737
  0.027450980392  0.029174485946  0.396090400256 -0.148509991747  0.068818460968  0.519257071340  0.335381669185
  0.031372549020  0.068681158278  0.280335063533 -0.134898868395  0.063052021436  0.454232671352  0.276432896019
  0.035294117647  0.097030193465  0.145018031071 -0.073654918827  0.034268317689  0.281894209013  0.159181602116
  0.039215686275  0.097077740561  0.031206324027 -0.028853526704  0.013814874646  0.090158317706  0.041982890662
  0.043137254902  0.098138205503 -0.066840437347  0.032218799260 -0.014667743138  0.138873893127 -0.086437034237
  0.047058823529  0.055418888791 -0.121829552347  0.078769749441 -0.036518297018  0.298542836446 -0.177001814455
  0.050980392157  0.029232800108 -0.141601293914  0.092780745377 -0.042780927942  0.393036917752 -0.220637700155
  0.054901960784 -0.020793431233 -0.128793201114  0.111212623344 -0.052070812034  0.396909011164 -0.223211870945
  0.058823529412 -0.054957485161 -0.086105553206  0.070333737024 -0.032634352241  0.288422758238 -0.156634045154
  0.062745098039 -0.069315510166 -0.039333852290  0.051313888304 -0.024422940943  0.152049205894 -0.082268504954
  0.066666666667 -0.087330497060  0.015054262143 -0.005076144215  0.002036263370  0.051845964889  0.027945027740
  0.070588235294 -0.054876163859  0.051077090869 -0.044518576163  0.020456567227  0.199284859642  0.109561362376
  0.074509803922 -0.044957603985  0.073081010943 -0.064967202039  0.029760975122  0.311622054809  0.164677554800
  0.078431372549  0.003115014968  0.075019527983 -0.094297266027  0.044206690739  0.343784516294  0.186350484468
  0.082352941176  0.032201010234  0.056263333339 -0.061860690257  0.028613619638  0.271653394031  0.142422248080
  0.086274509804  0.051160582419  0.032442100323 -0.059404265338  0.028302669518  0.173919509555  0.093721571803
  0.090196078431  0.076632942279 -0.002088908034 -0.006381470409  0.003284940861  0.010036649229 -0.002687120230
  0.094117647059  0.049733180813 -0.026117171144  0.024727155669 -0.011134534487  0.138322032433 -0.072733402171
  0.098039215686  0.051799143736 -0.044651734974  0.047810783755 -0.021716581340  0.256452281936 -0.130848150334
  0.101960784314  0.005530193883 -0.049650717665  0.082091958479 -0.038514766182  0.302188229317 -0.160668642289
  0.105882352941 -0.017283581708 -0.040103364043  0.054149648231 -0.024951704843  0.253413960692 -0.129633450192
  0.109803921569 -0.038663247807 -0.026498812479  0.063623781444 -0.030357053958  0.183288346351 -0.098082046236
  0.113725490196 -0.067808703741 -0.002369193188  0.012397037547 -0.006063799945  0.020728138471 -0.011352277979
  0.117647058824 -0.044351622329  0.014532054660 -0.010836898160  0.004563622335  0.096050820451  0.048368128616
  0.121568627451 -0.055612430289  0.029977547458 -0.035837977562  0.016096824132  0.216110936966  0.107546778309
  0.125490196078 -0.010398481829  0.035454783924 -0.072454303374  0.034002537794  0.268871616603  0.141314014649
  0.129411764706  0.006162857650  0.030334203047 -0.047480267769  0.021777332511  0.236882851524  0.118944388999
  0.133333333333  0.029440453528  0.022092396109 -0.066254565751  0.031654456468  0.187577870873  0.099938279662
  0.137254901961  0.060304467578  0.004132679158 -0.015860361928  0.007646565728  0.038168055726  0.020326976256
  0.141176470588  0.039364984334 -0.008248470032 -0.000035342823  0.000599916355  0.064628611743 -0.030357056457
  0.145098039216  0.058012352652 -0.021343588217  0.026851643810 -0.011877365505  0.184853805587 -0.090134965187
  0.149019607843  0.013311677859 -0.026591359220  0.064272374734 -0.030154870406  0.241177021741 -0.125769095014
  0.152941176471  0.002821201254 -0.023917916307  0.041650276663 -0.018996121202  0.222302948203 -0.109932172177
  0.156862745098 -0.022292798529 -0.018805090647  0.068001544065 -0.032525862962  0.189364458317 -0.100656449321
  0.160784313725 -0.053637948706 -0.004848294935  0.017882898336 -0.008551684281  0.051065159925 -0.026569334356
  0.164705882353 -0.034825160486  0.004484373154  0.009119802628 -0.004929202633  0.040925030137  0.016080435856
  0.168627450980 -0.059575522676  0.015801226986 -0.019797219619  0.008566349495  0.159577562792  0.076397000626
  0.172549019608 -0.015056582217  0.020621344097 -0.056948977502  0.026695392397  0.217378238437  0.112666231535
  0.176470588235 -0.010457873284  0.019436281620 -0.036467184337  0.016518626143  0.209397368638  0.102174928758
  0.180392156863  0.016570132118  0.016284217321 -0.069131053040  0.033096753977  0.189697503651  0.100730471388
  0.184313725490  0.047496616390  0.005101552119 -0.018984377722  0.009022045823  0.060937036232  0.031146106728
  0.188235294118  0.030683209578 -0.002071444671 -0.017023175502  0.008706547250  0.025456487667 -0.004229345791
  0.192156862745  0.060544337125 -0.012015829548  0.014101726307 -0.005896401099  0.138471556792 -0.065135978919
  0.196078431373  0.016029306574 -0.016370692684  0.050143804959 -0.023466932608  0.196365042494 -0.101209547358
  0.200000000000  0.017163205665 -0.016155680727  0.031792413953 -0.014280638904  0.197843835659 -0.095359339991
  0.203921568627 -0.011891063423 -0.014294861756  0.069757646561 -0.033421307964  0.189054234963 -0.100361929593
  0.207843137255 -0.041683778914 -0.005133953356  0.019444118825 -0.009188530926  0.068731860335 -0.034612645021
  0.211764705882 -0.026882603168  0.000448636277  0.024073992192 -0.012084498760  0.023197321337 -0.005921980715
  0.215686274510 -0.061032940585  0.009307932309 -0.009424358781  0.003708382769  0.120409393930  0.055645416959
  0.219607843137 -0.016453661300  0.013213435426 -0.043653900587  0.020376063267  0.177408356486  0.090908322375
  0.223529411765 -0.023172573140  0.013664383270 -0.027530911522  0.012238259984  0.187368652742  0.089263033572
  0.227450980392  0.008016387669  0.012683920582 -0.069935386139  0.033525207984  0.187670306990  0.099639981170
  0.231372549020  0.036075142051  0.005055946707 -0.019429253947  0.009129723335  0.075025263816  0.037287141617
  0.235294117647  0.023377098917  0.000681004428 -0.030461264014  0.015150513839  0.032028823536  0.014807160679
  0.239215686275  0.061100021197 -0.007300288136  0.005547766357 -0.001900711460  0.104653113956 -0.047479550692
  0.243137254902  0.016468306658 -0.010789064969  0.037354893355 -0.017365834858  0.160018809204 -0.081446056875
  0.247058823529  0.028625492330 -0.011715867967  0.023617825356 -0.010361658399  0.177755848921 -0.083728036366
  0.250980392157 -0.004787449411 -0.011349879071  0.069691950822 -0.033421676861  0.185670376113 -0.098606450105
  0.254901960784 -0.030592072100 -0.004921930273  0.019048912821 -0.008897151572  0.080183176710 -0.039366046030
  0.258823529412 -0.020132041882 -0.001486711554  0.036297760553 -0.017956482311  0.043745431202 -0.022699994158
  0.262745098039 -0.060778281962  0.005769000485 -0.002325270025  0.000404746714  0.090698603224  0.040342104097
  0.266666666667 -0.016165986334  0.008877064780 -0.031170086735  0.014401434730  0.143863229669  0.072611576195
  0.270588235294 -0.033606939574  0.010154631366 -0.020008676110  0.008630476164  0.168838226999  0.078640681993
  0.274509803922  0.002093860402  0.010223675527 -0.069042976907  0.033118238872  0.183125008662  0.097282120244
  0.278431372549  0.025185577060  0.004760166783 -0.018379750052  0.008527185141  0.084449068715  0.040978220997
  0.282352941176  0.017122258351  0.002070712115 -0.041651830309  0.020533579326  0.055412963569  0.029780759090
  0.286274509804  0.060087664741 -0.004573962726 -0.000346981080  0.000828195008  0.078189688361 -0.034027748049
  0.290196078431  0.015612900801 -0.007335860975  0.025053175558 -0.011462168736  0.128714811130 -0.064260494058
  0.294117647059  0.038169156456 -0.008878298014  0.016672726184 -0.007030731031  0.160486489661 -0.073917924350
  0.298039215686  0.000144495859 -0.009257076985  0.067998659455 -0.032619843745  0.180077448827 -0.095678257872
  0.301960784314 -0.019826532495 -0.004585897813  0.017479025337 -0.008047132018  0.087991484692 -0.042212592700
  0.305882352941 -0.014329682076 -0.002497733543  0.046564670586 -0.022900328987  0.066365436842 -0.036172036482
  0.309803921569 -0.059041783113  0.003623642273  0.002545693681 -0.001834156134  0.066867942170  0.028389182450
  0.313725490196 -0.014858998250  0.006070877473 -0.018978055817  0.008536733403  0.114423319616  0.056292500564
  0.317647058824 -0.042343932119  0.007817024018 -0.013588565124  0.005552755218  0.152600084276  0.069498180882
  0.321568627451 -0.001988033853  0.008415563063 -0.066567017893  0.031930418415  0.176556998583  0.093801978879
  0.325490196078  0.014499538591  0.004407535113 -0.016391766493  0.007478578512  0.090931127881  0.043133254694
  0.329411764706  0.011741391408  0.002810386671 -0.051060299369  0.025067262468  0.076461957180  0.041959288012
  0.333333333333  0.057651261015 -0.002856063798 -0.004329744980  0.002640883123  0.056542254412 -0.023317603859
  0.337254901961  0.013943771676 -0.005016799774  0.012932531680 -0.005620295682  0.100898154303 -0.048637366152
  0.341176470588  0.046149907085 -0.006921702285  0.010741143720 -0.004189810882  0.145100184448 -0.065335163921
  0.345098039216  0.003483951554 -0.007673875368  0.064755606444 -0.031053683551  0.172586047357 -0.091658862894
  0.349019607843 -0.009198933840 -0.004229762126  0.015154907464 -0.006839318773  0.093356987391 -0.043788187457
  0.352941176471 -0.009348114317 -0.003037658420  0.055151618716 -0.027039751990  0.085694309128 -0.047203285157
  0.356862745098 -0.055925558091  0.002227979639  0.005745958883 -0.003270520906  0.047070138588  0.018730588087
  0.360784313725 -0.012899684391  0.004127230770 -0.006914266122  0.002712613000  0.088100960256  0.041245979198
  0.364705882353 -0.049597121534  0.006156903937 -0.008119749218  0.002937145067  0.137924470387  0.061393661735
  0.368627450980 -0.004670358090  0.007013163998 -0.062572450095  0.029993602663  0.168183926125  0.089254264845
  0.372549019608  0.003926124630  0.004055164228 -0.013799784485  0.006144518514  0.095336331836  0.044214529451
  0.376470588235  0.007143119012  0.003199829956 -0.058844267903  0.028819813019  0.094089002508  0.051947940386
  0.380392156863  0.053874009097 -0.001708421626 -0.006832817605  0.003741343896  0.038346900317 -0.014564286290
  0.384313725490  0.011754274878 -0.003368401796  0.000928076189  0.000183223427  0.076047345166 -0.034084411812
  0.388235294118  0.052689963022 -0.005496491847  0.005716598542 -0.001791333207  0.131023277215 -0.057646601999
  0.392156862745  0.005578982209 -0.006419112192  0.060026572012 -0.028754636557  0.163369105852 -0.086593981625
  0.396078431373  0.001312259967 -0.003885119946  0.012353695385 -0.005407441585  0.096921124854 -0.044441889804
  0.400000000000 -0.005121395614 -0.003311442452  0.062139167692 -0.030407295355  0.101679186041 -0.056225422283
  0.403921568627 -0.051506433106  0.001274713343  0.007622917381 -0.004068900797  0.030301806950  0.010768236585
  0.407843137255 -0.010531492036  0.002715210685  0.005015937286 -0.003061658665  0.064820161471  0.027129873001
  0.411764705882 -0.055429145047  0.004920804426 -0.003525844293  0.000749815353  0.124356748127  0.054072971415
  0.415686274510 -0.006236995077  0.005880674633 -0.057128293709  0.027341888989  0.158160506799  0.083684587467
  0.419607843137 -0.006505682307  0.003720304046 -0.010840901208  0.004639916226  0.098152275592  0.044494500350
  0.423529411765  0.003279051427  0.003383148680 -0.065034257992  0.031800697511  0.108496269430  0.060059602181
  0.427450980392  0.048833495783 -0.000909922062 -0.008144632393  0.004266789735  0.022905055013 -0.007301819005
  0.431372549020  0.009252564301 -0.002148647751 -0.010903726122  0.005915296890  0.054600416206 -0.020367875062
  0.435294117647  0.057813077034 -0.004414795344  0.001542861777  0.000189436334  0.117892718050 -0.050656316756
  0.439215686275  0.006668262607 -0.005389210045  0.053889402282 -0.025761188347  0.152578324855 -0.080533593885
  0.443137254902  0.011640660109 -0.003560978986  0.009283283732 -0.003852640640  0.099062536048 -0.044392654040
  0.447058823529 -0.001612862024 -0.003422904346  0.067525720676 -0.032997740543  0.114567795757 -0.063468440399
  0.450980392157 -0.045866923443  0.000601183603  0.008423263768 -0.004347192892  0.016204615900  0.004131775334
  0.454901960784 -0.007936576972  0.001654077842  0.016718280348 -0.008735361801  0.045724007052  0.013790201411
  0.458823529412 -0.059838839506  0.003966773542  0.000236268787 -0.001028158912  0.111605128343  0.047383647682
  0.462745098039 -0.006894220004  0.004937872874 -0.050323235886  0.024019129709  0.146644602252  0.077149514304
  0.466666666667 -0.016701494312  0.003407167247 -0.007700784090  0.003055386354  0.099678528094  0.044153690293
  0.470588235294  0.000119936535  0.003436755097 -0.069608863198  0.033995783341  0.119917395330  0.066465678155
  0.474509803922  0.042619624286 -0.000338573167 -0.008481844477  0.004321250382  0.010485843807 -0.001230437874
  0.478431372549  0.006600861655 -0.001220066178 -0.022440377483  0.011512047709  0.038756341333 -0.007393416735
  0.482352941176  0.061502895436 -0.003567530627 -0.001815141844  0.001767975367  0.105472829289 -0.044244621976
  0.486274509804  0.006934489898 -0.004521178872  0.046444716279 -0.022123091119  0.140383679935 -0.073541875765
  0.490196078431  0.021670834427 -0.003258754788  0.006111698533 -0.002257134858  0.100022196225 -0.043792684520
  0.494117647059  0.001202532591 -0.003429368665  0.071278772102 -0.034792130263  0.124565400708 -0.069062062614
  0.498039215686 -0.039105748937  0.000114327140  0.008341708716 -0.004199324057  0.006966186465 -0.001425558406
  0.501960784314 -0.005261261851  0.000837558746  0.028049169159 -0.014234795402  0.034485692888  0.001177752198
  0.505882352941 -0.062801620338  0.003209724446  0.003197306295 -0.002410524625  0.099478667664  0.041230932505
  0.509803921569 -0.006807322619  0.004134689661 -0.042270345279  0.020081232138  0.133822625015  0.069721200617
  0.513725490196 -0.026530129811  0.003115553782 -0.004532879004  0.001466169805  0.100111872530  0.043322939646
  0.517647058824 -0.002357456553  0.003404402219 -0.072530806092  0.035384263648  0.128529614929  0.071266250440
  0.521568627451  0.035340709606  0.000077703947 -0.008022896651  0.003991184355  0.007943358426  0.003856227089
  0.525490196078  0.003932315270 -0.000499299267 -0.033522653387  0.016892515129  0.033577567766  0.004853744858
  0.529411764706  0.063731704524 -0.002887435773 -0.004386471877  0.002957557173  0.093608785329 -0.038335840485
  0.533333333333  0.006529910699 -0.003774780199  0.037818175315 -0.017902479604  0.126991709432 -0.065698970793
  0.537254901961  0.031259999306 -0.002977340789  0.002979869208 -0.000690139137  0.099963074239 -0.042756342174
  0.541176470588  0.003347989143 -0.003364760691  0.073360974206 -0.035770022445  0.131826052796 -0.073085485085
  0.545098039216 -0.031341169823 -0.000242446835  0.007544441937 -0.003706142321  0.011864594926 -0.006078942567
  0.549019607843 -0.002627379319  0.000199407355  0.038838064793 -0.019473771670  0.035950167138 -0.010695871322
  0.552941176471 -0.064290462851  0.002595844323  0.005386660544 -0.003411004879  0.087852075120  0.035553816407
  0.556862745098 -0.006118612920  0.003438464954 -0.033107760422  0.015596503695  0.119925016801  0.061487581738
  0.560784313725 -0.035840541340  0.002843879926 -0.001466996488 -0.000063903382  0.099589113217  0.042103623764
  0.564705882353 -0.004177628710  0.003312781488 -0.073766229543  0.035947741175  0.134469598552  0.074526111607
  0.568627450980  0.027125012379  0.000383890147 -0.006924574379  0.003353141952  0.016446391746  0.008108979782
  0.572549019608  0.001358717368  0.000066931429 -0.043972204808  0.021966941642  0.040745974934  0.016341790081
  0.576470588235  0.064476075820 -0.002330988471 -0.006202315912  0.003773031104  0.082199754724 -0.032880261229
  0.580392156863  0.005589112330 -0.003123266289  0.028160091842 -0.013173686292  0.112661271152 -0.057100289934
  0.584313725490  0.040251599748 -0.002714936730  0.000007433224  0.000789470786  0.099001570701 -0.041374555746
  0.588235294118  0.004850291216 -0.003250368577  0.073744699293 -0.035916358888  0.136474570284 -0.075593972611
  0.592156862745 -0.022711290504 -0.000505294351  0.006180860333 -0.002940823407  0.021039154794 -0.009959927465
  0.596078431373 -0.000137557802 -0.000303696509  0.048901726974 -0.024360350018  0.046979650501 -0.021783449005
  0.600000000000 -0.064287778411  0.002089584664  0.006838380173 -0.004046065486  0.076645029554  0.030311288193
  0.603921568627 -0.004956525446  0.002827113637 -0.022997521004  0.010645083051  0.105245016031  0.052551156296
  0.607843137255 -0.044472995943  0.002590286217  0.001386762756 -0.001480625228  0.098210673730  0.040578095334
  0.611764705882 -0.005370360388  0.003179091156 -0.073295865450  0.035675504842  0.137855198693  0.076294715680
  0.615686274510  0.018120165731  0.000609348737 -0.005330296867  0.002477564606  0.025472343585  0.011644007317
  0.619607843137 -0.001025865785  0.000514206565 -0.053603387923  0.026642390752  0.053936415653  0.027011922582
  0.623529411765  0.063726008145 -0.001868890007 -0.007300345359  0.004232826623  0.071182823086 -0.027843550982
  0.627450980392  0.004235475002 -0.002548265407  0.017643671888 -0.008022380130  0.097728331122 -0.047854986731
  0.631372549020  0.048484734959 -0.002469717299 -0.002704622106  0.002131966907  0.097225598519 -0.039722496548
  0.635294117647  0.005742719454 -0.003100257172  0.072420706367 -0.035225565612  0.138626033279 -0.076634033734
  0.639215686275 -0.013372834843 -0.000698290187  0.004389371298 -0.001971506628  0.029692061639 -0.013172322366
  0.643137254902  0.002122287387 -0.000701252585  0.058054271472 -0.028801634905  0.061176143054 -0.032017694486
  0.647058823529 -0.062792520511  0.001666596545  0.007594284072 -0.004336335036  0.065809558630  0.025474107681
  0.650980392157 -0.003440135249  0.002285247899 -0.012123344246  0.005317846336  0.090173365162  0.043027270616
  0.654901960784 -0.052267190674  0.002353034922  0.003936247434 -0.002738627309  0.096054718556  0.038815395097
  0.658823529412 -0.005972767875  0.003014968734 -0.071121806400  0.034567737029  0.138802289943  0.076617853785
  0.662745098039  0.008491447730  0.000773994063 -0.003374094605  0.001430566917  0.033679897920  0.014555051377
  0.666666666667 -0.003143390105  0.000867200550 -0.062231991097  0.030826928698  0.068435394755  0.036790894432
  0.670588235294  0.061490477618 -0.001480749051 -0.007726863554  0.004359918223  0.060522980591 -0.023200312719
  0.674509803922  0.002584256496 -0.002036807068  0.006462408847 -0.002544281255  0.082656097223 -0.038084117647
  0.678431372549  0.055801274010 -0.002240060776 -0.005072802861  0.003296265184  0.094705810062 -0.037863873824
  0.682352941176  0.006066425716 -0.002924164312  0.069403438921 -0.033704063401  0.138400153423 -0.076252485293
  0.686274509804 -0.003499017497 -0.000838044452  0.002300015089 -0.000862443272  0.037430244394 -0.015801601756
  0.690196078431  0.004081793312 -0.001014071458  0.066114874512 -0.032707483184  0.075551843677 -0.041321499108
  0.694117647059 -0.059824514400  0.001309680505  0.007705346044 -0.004307209197  0.055322006461  0.021019730885
  0.698039215686 -0.001681173896  0.001801870098 -0.000687695721 -0.000285040135  0.075271907150  0.033042193343
  0.701960784314 -0.059068586810  0.002130633136  0.006106507114 -0.003801064011  0.093186223909  0.036874513547
  0.705882352941 -0.006030127712  0.002828651183 -0.067271626603  0.032637465825  0.137437047170  0.075544736452
  0.709803921569 -0.001580676045  0.000891788993 -0.001182217098  0.000274610887  0.040942577644  0.016920730184
  0.713725490196 -0.004931043184  0.001143604278 -0.069682133019  0.034432956747  0.082420404283  0.045599504502
  0.717647058824  0.057800785542 -0.001151960983 -0.007537577748  0.004182139579  0.050206603462 -0.018930068935
  0.721568627451  0.000743804339 -0.001579514556 -0.005173123765  0.003156425958  0.068143669193 -0.027918653412
  0.725490196078  0.062051563317 -0.002024606177 -0.007030628234  0.004249730083  0.091503030650 -0.035853432854
  0.729411764706  0.005870808682 -0.002729130602  0.064734181875 -0.031371760953  0.135931882769 -0.074502004590
  0.733333333333  0.006723188593 -0.000936382017  0.000035308536  0.000325685805  0.044218453032 -0.017920638001
  0.737254901961  0.005685604886 -0.001257305881  0.072914017474 -0.035993531275  0.088969335234 -0.049615075104
  0.741176470588 -0.055426995543  0.001006356847  0.007231968256 -0.003988928136  0.045177686192  0.016929121340
  0.745098039216  0.000215365598  0.001368943430  0.011091660219 -0.006055828642  0.061432900240  0.022731077117
  0.749019607843 -0.064733600610  0.001921848996  0.007839478480 -0.004639490531  0.089663143536  0.034806319516
  0.752941176471 -0.005595881603  0.002626217488 -0.061800729795  0.029911671255  0.133905301128  0.073132345395
  0.756862745098 -0.011903518447  0.000972818790  0.001126599961 -0.000931445131  0.047260233895  0.018809046635
  0.760784313725 -0.006340855141  0.001356490964 -0.075791962213  0.037379982583  0.095147194651  0.053358674115
  0.764705882353  0.052712413780 -0.000871797899 -0.006797461893  0.003732065437  0.040237034594 -0.015014727506
  0.768627450980 -0.001184298297 -0.001169464796 -0.017038934217  0.008968908481  0.055353160218 -0.017497399801
  0.772549019608  0.067099178941 -0.001822244475 -0.008528408347  0.004968090765  0.087673423209 -0.033738455512
  0.776470588235  0.005213209465 -0.002520455932  0.058482715042 -0.028262827571  0.131379918567 -0.071444524556
  0.780392156863  0.017096217768 -0.001001962879 -0.002289921886  0.001535922929  0.050070537436 -0.019593257198
  0.784313725490  0.006893074201 -0.001442314207  0.078298717798 -0.038583745484  0.100915551339 -0.056821177859
  0.788235294118 -0.049667876001  0.000747350760  0.006243502229 -0.003416295238  0.035387235904  0.013184738360
  0.792156862745  0.002151428505  0.000980475138  0.022985508285 -0.011881099197  0.050180523879  0.012235844693
  0.796078431373 -0.069133972622  0.001725688090  0.009093798876 -0.005233790972  0.085540766858  0.032654737215
  0.800000000000 -0.004731071797  0.002412331505 -0.054793394428  0.026431764612  0.128380592823  0.069448054595
  0.803921568627 -0.022275507297  0.001024568181  0.003441625922 -0.002132649191  0.052652002718  0.020280197426
  0.807843137255 -0.007339436518  0.001515796344 -0.080418473224  0.039596973775  0.106244794677  0.059993976778
  0.811764705882  0.046305773429 -0.000632197149 -0.005579990780  0.003046593056  0.030631662838 -0.011436990671
  0.815686274510 -0.003105689978 -0.000801445582 -0.028901622193  0.014777675177  0.046246248826 -0.006964854134
  0.819607843137  0.070824951894 -0.001632086707 -0.009533051643  0.005435361355  0.083272184049 -0.031559691903
  0.823529411765  0.004158126680 -0.002302281087  0.050747816024 -0.024425909917  0.124934727206 -0.067153219085
  0.827450980392  0.027415393906 -0.001041296767 -0.004569269724  0.002715445877  0.055007212225 -0.020876458469
  0.831372549020  0.007677999519 -0.001577845443  0.082136967940 -0.040412595276  0.111111659907 -0.062869064926
  0.835294117647 -0.042640030407  0.000525616042  0.004817240783 -0.002628142385  0.025974520037  0.009769287765
  0.839215686275  0.004036544183  0.000631910470  0.034757330911 -0.017643820045  0.043885958300  0.001703020376
  0.843137254902 -0.072160476028  0.001541357424  0.009844575962 -0.005572075914  0.080874860993  0.030457491516
  0.847058823529 -0.003503368907  0.002190700756 -0.046362785842  0.022253566719  0.121072635971  0.064571085968
  0.850980392157 -0.032489790356  0.001052733421  0.005661035185 -0.003278445342  0.057138689319  0.021388323512
  0.854901960784 -0.007907690123  0.001629274376 -0.083441593930  0.041024362036  0.115497733225  0.065439119381
  0.858823529412  0.038686071407 -0.000426968948 -0.003965926814  0.002166308896  0.021421044419 -0.008179385593
  0.862745098039 -0.004934010019 -0.000471457825 -0.040522644563  0.020464696245  0.043332738126  0.003530983895
  0.866666666667  0.073130377828 -0.001453426446 -0.010027772962  0.005643704607  0.078356214787 -0.029351964382
  0.870588235294  0.002776084913 -0.002077952159  0.041656822886 -0.019923891092  0.116828001056 -0.061713511374
  0.874509803922  0.037472636638 -0.001059397549 -0.006705764193  0.003816108868  0.059048933544 -0.021821789805
  0.878431372549  0.008028288654 -0.001670815237  0.084321487963 -0.041426895720  0.119388534003 -0.067697570721
  0.882352941176 -0.034460778091  0.000335687674  0.003037030932 -0.001666612969  0.016978114966  0.006664983288
  0.886274509804  0.005788693755  0.000319721342  0.046167669723 -0.023225515300  0.044604921974 -0.008718475144
  0.890196078431 -0.073726039592  0.001368228038  0.010083016312 -0.005650503773  0.075723938962  0.028246605457
  0.894117647059 -0.001985805014  0.001964367689 -0.036650103266  0.017446863725  0.112238460342  0.058593135059
  0.898039215686 -0.042338022327  0.001061752989  0.007692994011 -0.004323244916  0.060740474176  0.022182585374
  0.901960784314 -0.008040409968  0.001703131314 -0.084767614051  0.041615728198  0.122772946963  0.069638665456
  0.905882352941  0.029982437032 -0.000251264117 -0.002041785967  0.001134700848  0.012656185666 -0.005223717501
  0.909803921569 -0.006591818465 -0.000176373645 -0.051662751415  0.025911608425  0.047487740224  0.013840828513
  0.913725490196  0.073940460551 -0.001285703540 -0.010011629419  0.005593204758  0.072986041660 -0.027144585553
  0.917647058824  0.001142253446 -0.001850254691  0.031364394037 -0.014833256631  0.107346381319 -0.055223368391
  0.921568627451  0.047060309341 -0.001060216113 -0.008612991587  0.004795026747  0.062215931528 -0.022476181445
  0.925490196078  0.007945481648 -0.001726827061  0.084772836101 -0.041587337293  0.125642872505 -0.071257521091
  0.929411764706 -0.025270678693  0.000173241712  0.000991616516 -0.000576314700  0.008476877540  0.003853159952
  0.933333333333  0.007335252382  0.000041120567  0.056978615154 -0.028508497175  0.051629746165 -0.018879547101
  0.937254901961 -0.073768315753  0.001205800451  0.009815859018 -0.005473000701  0.070150877787  0.026048759882
  0.941176470588 -0.000255296675  0.001735898917 -0.025822977369  0.012094595076  0.102199892160  0.051618375676
  0.945098039216 -0.051614254535  0.001055162567  0.009456786171 -0.005227009122  0.063478080231  0.022707801424
  0.949019607843 -0.007745719176  0.001742456462 -0.084331980703  0.041339177677  0.127993016761  0.072550174390
  0.952941176471  0.020346408173 -0.000101208221  0.000101921840 -0.000002738179  0.004519981668 -0.002550817698
  0.956862745098 -0.008011535672  0.000086303713 -0.062086508393  0.031001963792  0.056663650540  0.023816330817
  0.960784313725  0.073206006353 -0.001128471581 -0.009498845123  0.005291531458  0.067227176626 -0.024961676212
  0.964705882353 -0.000665109599 -0.001621567350  0.020050565627 -0.009243115033  0.096854264485 -0.047793049460
  0.968627450980  0.055975131558 -0.001046932882 -0.010216199740  0.005615143834  0.064529911179 -0.022882427120
  0.972549019608  0.007444098066 -0.001750530056  0.083441889999 -0.040869706855  0.129820773927 -0.073513623273
  0.976470588235 -0.015231728249  0.000034789650 -0.001227204588  0.000596616759  0.001717682056  0.001314135723
  0.980392156863  0.008613905191 -0.000206140828  0.066958340726 -0.033378120937  0.062275895686 -0.028633144611
  0.984313725490 -0.072251701250  0.001053674270  0.009064587345 -0.005050866695  0.064224066666  0.023885582867
  0.988235294118  0.001608974340  0.001507510535 -0.014073207936  0.006291716409  0.091373765521  0.043762980399
  0.992156862745 -0.060118851409  0.001035837170  0.010883874773 -0.005955793865  0.000000000000  0.023004802792
  0.996078431373 -0.007044322967  0.001751520876 -0.082101464561  0.040178406197  0.150076670568  0.074145862687
  1.000000000000  0.009949855211  0.000026354924  0.002372601176 -0.001199478050  0.308835881538 -0.000140501495
