             Rad         v_r[Re]         v_t[Re]         v_x[Re]         p[Re]          p_mg[Re]  p_no_phase[Re]         v_r[Im]         v_t[Im]         v_x[Im]         p[Im]          p_mg[Im]  p_no_phase[Im]
  0.000000000000  0.077005206201  0.000000000000 -0.140067028353  0.000000000000  0.207761529861  0.000000000000 -0.008055944842  0.000000000000  0.123155018260  0.000000000000  0.207761529861  0.000000000000
  0.032258064516  0.041965862993  0.043751940362 -0.163131374834  0.000000000000  0.052694135545  0.000000000000 -0.041058985903 -0.011175110523 -0.033834681425 -0.000000000000  0.052694135545 -0.000000000000
  0.064516129032 -0.047261196532  0.108387216618  0.084195013428 -0.000000000000  0.102778469272 -0.000000000000 -0.121994944139 -0.137922257667 -0.160014019594  0.000000000000  0.102778469272  0.000000000000
  0.096774193548 -0.165970485538 -0.037070771551 -0.223392543678  0.000000000000  0.090065667817  0.000000000000 -0.124974602301 -0.113364735164 -0.296594861537  0.000000000000  0.090065667817  0.000000000000
  0.129032258065 -0.049496881678 -0.202083978634 -0.091990462460  0.000000000000  0.169879772438  0.000000000000 -0.018075691549  0.077053622709  0.053232221262 -0.000000000000  0.169879772438 -0.000000000000
  0.161290322581 -0.071037095701 -0.273398188787 -0.723941598125  0.000000000000  0.053953807811  0.000000000000  0.074277485016 -0.075488826292 -0.276058401875 -0.000000000000  0.053953807811 -0.000000000000
  0.193548387097 -0.045852665479 -0.065726739360 -0.096604555883 -0.000000000000  0.034870215741 -0.000000000000  0.077520046361 -0.147137917156 -0.029986915311 -0.000000000000  0.034870215741 -0.000000000000
  0.225806451613 -0.149975539250  0.038999146012 -0.046487121752  0.000000000000  0.081074978443  0.000000000000  0.079790191818  0.106797540967  0.085195661511  0.000000000000  0.081074978443  0.000000000000
  0.258064516129  0.047031666277  0.096953464693  0.038125904184 -0.000000000000  0.045782993730 -0.000000000000  0.026439284116  0.233511239883 -0.206011231986  0.000000000000  0.045782993730  0.000000000000
  0.290322580645 -0.018395741428 -0.142831518365 -0.021723856623  0.000000000000  0.004823174233  0.000000000000  0.029623109950 -0.165471908685 -0.101315294798  0.000000000000  0.004823174233  0.000000000000
  0.322580645161 -0.009350520446 -0.041229193784  0.113134715322  0.000000000000  0.074793646752  0.000000000000  0.080533967349 -0.023958370995 -0.122408607234  0.000000000000  0.074793646752  0.000000000000
  0.354838709677 -0.010314326739  0.217524065065  0.088948859635 -0.000000000000  0.047338750698 -0.000000000000  0.044606021777 -0.007745201825 -0.083308442675 -0.000000000000  0.047338750698 -0.000000000000
  0.387096774194  0.000457851135 -0.053002140930  0.079741048003  0.000000000000  0.074552389413  0.000000000000  0.004801393758  0.061515526938  0.241737492388  0.000000000000  0.074552389413  0.000000000000
  0.419354838710 -0.021077394117  0.109546439164  0.047726466613 -0.000000000000  0.051201817101 -0.000000000000  0.071762337278  0.135166858630  0.094034657337 -0.000000000000  0.051201817101 -0.000000000000
  0.451612903226  0.033156825636  0.021269955230 -0.071132302771  0.000000000000  0.084605654995  0.000000000000 -0.033787308732 -0.050468777499  0.016650327945  0.000000000000  0.084605654995  0.000000000000
  0.483870967742 -0.042382163620 -0.119005125529  0.055629645335 -0.000000000000  0.027243003113 -0.000000000000  0.061333603955  0.004041445383 -0.086995701606 -0.000000000000  0.027243003113 -0.000000000000
  0.516129032258  0.051110751374 -0.039320990022  0.023754022646  0.000000000000  0.081820285268  0.000000000000 -0.003052403699 -0.003239591607 -0.075086310144  0.000000000000  0.081820285268  0.000000000000
  0.548387096774 -0.039892349296 -0.030003403573 -0.015302478139 -0.000000000000  0.062610546286 -0.000000000000  0.074610437103 -0.085173673214  0.072604236808 -0.000000000000  0.062610546286 -0.000000000000
  0.580645161290  0.026394816032  0.053515512507  0.075740092314 -0.000000000000  0.049104899387 -0.000000000000 -0.006744991120 -0.017260108227 -0.078942411019  0.000000000000  0.049104899387  0.000000000000
  0.612903225806 -0.036474568688 -0.111142328650  0.047183064269 -0.000000000000  0.027918709424 -0.000000000000  0.073240459586  0.028859533726 -0.189637312468 -0.000000000000  0.027918709424 -0.000000000000
  0.645161290323  0.060779266267 -0.033944581569 -0.235156769700 -0.000000000000  0.050116952495 -0.000000000000  0.015032009122  0.079296509484 -0.133490599272  0.000000000000  0.050116952495  0.000000000000
  0.677419354839 -0.009468599963  0.026944641329 -0.001338658303 -0.000000000000  0.033897122440 -0.000000000000  0.048183365994 -0.121202359864  0.086436020573 -0.000000000000  0.033897122440 -0.000000000000
  0.709677419355  0.027441838996  0.111256554354  0.016591676468 -0.000000000000  0.051727486262 -0.000000000000  0.005138074385  0.176876964444 -0.156742112794  0.000000000000  0.051727486262  0.000000000000
  0.741935483871  0.040420924229 -0.130309538335  0.066812836853 -0.000000000000  0.025763725381 -0.000000000000  0.029628665374 -0.078587048635  0.094046034842 -0.000000000000  0.025763725381 -0.000000000000
  0.774193548387 -0.001875309024  0.025584108397 -0.144716624278  0.000000000000  0.032107827238  0.000000000000  0.033845208314  0.023365675962 -0.055109892763  0.000000000000  0.032107827238  0.000000000000
  0.806451612903  0.051582433213  0.118760450621  0.048763165730  0.000000000000  0.012033289247  0.000000000000  0.003871100472 -0.008910834137  0.059983846773  0.000000000000  0.012033289247  0.000000000000
  0.838709677419 -0.015167488340 -0.020345948956  0.168195485128  0.000000000000  0.017126656712  0.000000000000  0.020825869561 -0.132648129964  0.117222614988  0.000000000000  0.017126656712  0.000000000000
  0.870967741935  0.017216259767  0.058116561468 -0.039219640088  0.000000000000  0.005701604970  0.000000000000  0.027101899741 -0.035643979803 -0.084062668127 -0.000000000000  0.005701604970 -0.000000000000
  0.903225806452 -0.010876560554 -0.014954626382 -0.111430950726  0.000000000000  0.000000000000  0.000000000000  0.005147861753 -0.047762969626  0.015836078716 -0.000000000000  0.000000000000 -0.000000000000
  0.935483870968  0.009126510579 -0.047129409995 -0.038396852057  0.000000000000  0.000000000000  0.000000000000  0.014492383337  0.006719301662 -0.084184111086  0.000000000000  0.000000000000  0.000000000000
  0.967741935484  0.000283291099  0.055914151547 -0.051595823490  0.000000000000  0.045156565200  0.000000000000  0.005694562791 -0.056993385517  0.011690924885  0.000000000000  0.045156565200  0.000000000000
  1.000000000000  0.000000000000  0.041589450706 -0.022626024962  0.000000000000  0.175414759602  0.000000000000 -0.000000000000  0.012370215427 -0.049578217489  0.000000000000  0.175414759602  0.000000000000
