             Rad         v_r[Re]         v_t[Re]         v_x[Re]         p[Re]          p_mg[Re]  p_no_phase[Re]         v_r[Im]         v_t[Im]         v_x[Im]         p[Im]          p_mg[Im]  p_no_phase[Im]
  0.250000000000  0.000000000000  0.013429763277 -0.349705317031  0.121698799206  0.380902321607  0.160955470110  0.000000000000  0.011453190232  0.398847839908 -0.105337864182  0.380902321607 -0.000000000002
  0.252941176471 -0.225892016984  0.013939470781 -0.367248211425  0.127803794121  0.126080527067  0.169029767745  0.264876095890  0.011887879727  0.418855958723 -0.110622116198  0.126080527067 -0.000000000001
  0.255882352941 -0.460282587762  0.000942821782 -0.025128340719  0.008744759495  0.266676198125  0.011565577350  0.539717412238  0.000804058642  0.028659513965 -0.007569132104  0.266676198125 -0.000000000001
  0.258823529412 -0.247165182516 -0.010909945021  0.294117039899 -0.102353864349  0.672288146849 -0.135370393639  0.289820549923 -0.009304235166 -0.335447991007  0.088593622382  0.672288146849  0.000000000001
  0.261764705882 -0.081812881458 -0.012104007918  0.330015363170 -0.114846619314  0.410885720447 -0.151892966266  0.095932016205 -0.010322557621 -0.376390944966  0.099406877192  0.410885720447  0.000000000002
  0.264705882353  0.173044550909 -0.014931146963  0.411671338813 -0.143263213800  0.242984997259 -0.189475969173 -0.202908299601 -0.012733602449 -0.469521669359  0.124003203449  0.242984997259  0.000000000001
  0.267647058824  0.436243659056 -0.002918939630  0.081373211706 -0.028318191546  0.183872099214 -0.037452857898 -0.511529884100 -0.002489334336 -0.092808224913  0.024511152406  0.183872099214  0.000000000001
  0.270588235294  0.266621226300  0.007633872932 -0.215153148754  0.074874125652  0.616155655492  0.099026450319 -0.312634286273  0.006510330607  0.245387657694 -0.064808202958  0.616155655492 -0.000000000000
  0.273529411765  0.157671475835  0.010590469234 -0.301726255944  0.105001900883  0.425477403092  0.138872613612 -0.184882164096  0.009031779361  0.344126496127 -0.090885662359  0.425477403092 -0.000000000001
  0.276470588235 -0.119313478507  0.015338776236 -0.441706222919  0.153715469319  0.347837740874  0.203299833597  0.139904405634  0.013081237438  0.503777221288 -0.133050279340  0.347837740874 -0.000000000001
  0.279411764706 -0.399819629366  0.004476800171 -0.130288554852  0.045340919636  0.102277738642  0.059966647846  0.468819854282  0.003817911227  0.148597422279 -0.039245380117  0.102277738642 -0.000000000001
  0.282352941176 -0.276089679758 -0.004514942198  0.132781747493 -0.046208560292  0.543270666371 -0.061114165410  0.323736790114 -0.003850439566 -0.151440972119  0.039996376955  0.543270666371  0.000000000000
  0.285294117647 -0.225709778683 -0.008965475713  0.266415829143 -0.092713736157  0.425560136884 -0.122620626385  0.264662407196 -0.007645950025 -0.303854053101  0.080249493100  0.425560136884  0.000000000001
  0.288235294118  0.066367397900 -0.015225347753  0.457096871450 -0.159071474372  0.438156948834 -0.210383537930 -0.077820976077 -0.012984503194 -0.521330648766  0.137686234144  0.438156948834  0.000000000001
  0.291176470588  0.352525006526 -0.005640073130  0.171054648948 -0.059527677624  0.024224189558 -0.078729662077 -0.413363201934 -0.004809975362 -0.195092193105  0.051524899684  0.024224189558  0.000000000001
  0.294117647059  0.276143365209  0.001613687280 -0.049434976025  0.017203562336  0.456316132885  0.022752956327 -0.323799740512  0.001376187131  0.056381851927 -0.014890750974  0.456316132885 -0.000000000000
  0.297058823529  0.284317359299  0.007295363586 -0.225726873944  0.078553822803  0.412347921463  0.103893116126 -0.333384389276  0.006221642574  0.257447261157 -0.067993209230  0.412347921463 -0.000000000001
  0.300000000000 -0.015718928172  0.014655943971 -0.457961448214  0.159372350421  0.511907341803  0.210781468281  0.018431675368  0.012498903434  0.522316720633 -0.137946661039  0.511907341803 -0.000000000001
  0.302941176471 -0.296100742560  0.006437912822 -0.203140851449  0.070693799857  0.048241210957  0.093497666897  0.347201329759  0.005490390168  0.231687326022 -0.061189871523  0.048241210957 -0.000000000001
  0.305882352941 -0.267570039580  0.001020201597 -0.032503811477  0.011311451767  0.358257148325  0.014960213648  0.313746844213  0.000870049808  0.037071426613 -0.009790763572  0.358257148325 -0.000000000000
  0.308823529412 -0.332173537392 -0.005636974821  0.181321935497 -0.063100732946  0.387333432718 -0.083455286345  0.389499509175 -0.004807333057 -0.206802295471  0.054617600832  0.387333432718  0.000000000001
  0.311764705882 -0.031303426191 -0.013697142176  0.444785664340 -0.154787126812  0.567542876497 -0.204717178193  0.036705720852 -0.011681216694 -0.507289402827  0.133977865414  0.567542876497  0.000000000001
  0.314705882353  0.232470868333 -0.006903787286  0.226300822122 -0.078753558983  0.113389666727 -0.104157281681 -0.272590314762 -0.005887697905 -0.258101863706  0.068166093291  0.113389666727  0.000000000002
  0.317647058824  0.251338291110 -0.003347553811  0.110755748048 -0.038543427526  0.252266060478 -0.050976472550 -0.294713846847 -0.002854865706 -0.126319757563  0.033361728795  0.252266060478  0.000000000000
  0.320588235294  0.368275094950  0.004038074751 -0.134839087331  0.046924522491  0.352230445484  0.062061077237 -0.431831415141  0.003443756777  0.153787420716 -0.040616086676  0.352230445484 -0.000000000000
  0.323529411765  0.073577859944  0.012416271354 -0.418406895084  0.145607213363  0.604037909157  0.192576078245 -0.086275808003  0.010588862578  0.477203743203 -0.126032080555  0.604037909157 -0.000000000001
  0.326470588235 -0.163693900888  0.007074354773 -0.240560748606  0.083716068403  0.169836195653  0.110720559558  0.191943929524  0.006033161517  0.274365673829 -0.072461453202  0.169836195653 -0.000000000002
  0.329411764706 -0.228560177787  0.005339411883 -0.183200391993  0.063754443052  0.141641600683  0.084319865273  0.268004723570  0.004553565000  0.208944723049 -0.055183427502  0.141641600683 -0.000000000000
  0.332352941176 -0.391956498020 -0.002537747915  0.087850022177 -0.030572146571  0.308912985029 -0.040433876552  0.459599716448 -0.002164245865 -0.100195192563  0.026462090376  0.308912985029  0.000000000000
  0.335294117647 -0.110205666689 -0.010880567850  0.379989297805 -0.132237741326  0.620905631494 -0.174893983838  0.129224782390 -0.009279181685 -0.433387492941  0.114459972705  0.620905631494  0.000000000001
  0.338235294118  0.091910366777 -0.006988388209  0.246201001303 -0.085678898097  0.216554783086 -0.113316543892 -0.107772109207 -0.005959847387 -0.280798525992  0.074160404129  0.216554783086  0.000000000002
  0.341176470588  0.200451743125 -0.006976692225  0.247926246891 -0.086279290216  0.029724259056 -0.114110605923 -0.235045380719 -0.005949872801 -0.282766212615  0.074680080771  0.029724259056  0.000000000000
  0.344117647059  0.402901859688  0.001166810930 -0.041821663457  0.014554100197  0.259353029111  0.019248850888 -0.472434010928  0.000995081393  0.047698674621 -0.012597477048  0.259353029111  0.000000000000
  0.347058823529  0.140521071806  0.009156269031 -0.330990481172  0.115185964140  0.618203001310  0.152341774357 -0.164771971086  0.007808662660  0.377503091931 -0.099700601199  0.618203001310 -0.000000000001
  0.350000000000 -0.019287889566  0.006685754313 -0.243731873494  0.084819632095  0.252883203102  0.112180102414  0.022616562349  0.005701754708  0.277982422703 -0.073416656072  0.252883203102 -0.000000000001
  0.352941176471 -0.168292591408  0.008249779135 -0.303276332799  0.105541333607  0.080189755696  0.139586052432  0.197336254617  0.007035588630  0.345894398340 -0.091352574861  0.080189755696 -0.000000000001
  0.355882352941 -0.401148139522  0.000051733428 -0.001917659853  0.000667353026  0.205558586853  0.000882622678  0.470377636572  0.000044119377  0.002187140011 -0.000577635465  0.205558586853 -0.000000000001
  0.358823529412 -0.164094360953 -0.007307680738  0.273120531144 -0.095046998315  0.596521805245 -0.125706534461  0.192413500344 -0.006232146906 -0.311500936859  0.082269076315  0.596521805245  0.000000000000
  0.361764705882 -0.052034641110 -0.006206457371  0.233864251429 -0.081385661556  0.278517652658 -0.107638427836  0.061014695305 -0.005292999994 -0.266728147878  0.070444341434  0.278517652658  0.000000000001
  0.364705882353  0.133385707452 -0.009158030898  0.347887433934 -0.121066168876  0.184933587087 -0.160118770711 -0.156405197090 -0.007810165218 -0.396774497831  0.104790283365  0.184933587087  0.000000000001
  0.367647058824  0.387079344247 -0.001102187746  0.042206617016 -0.014688065521  0.149513922519 -0.019426029726 -0.453880871364 -0.000939969355 -0.048137723986  0.012713432352  0.149513922519  0.000000000001
  0.370588235294  0.180728398195  0.005396251223 -0.208294430418  0.072487265216  0.556965908479  0.095869654639 -0.211918212828  0.004602038810  0.237565114369 -0.062742227105  0.556965908479 -0.000000000000
  0.373529411765  0.120002271483  0.005589758922 -0.217476207561  0.075682559078  0.293497675690  0.100095662037 -0.140712069389  0.004767066326  0.248037165560 -0.065507952265  0.293497675690 -0.000000000001
  0.376470588235 -0.097018668179  0.009709186967 -0.380721835993  0.132492667441  0.281551464607  0.175231142075  0.113761993002  0.008280202937  0.434222971441 -0.114680627080  0.281551464607 -0.000000000001
  0.379411764706 -0.361411765213  0.001975592334 -0.078073202605  0.027169775650  0.093123576939  0.035933994757  0.423783623059  0.001684827525  0.089044480305 -0.023517127170  0.093123576939 -0.000000000001
  0.382352941176 -0.190448843350 -0.003479681235  0.138579109311 -0.048226064566  0.501115157588 -0.063782460832  0.223316196685 -0.002967546807 -0.158053011242  0.041742652124  0.501115157588  0.000000000000
  0.385294117647 -0.182697020182 -0.004873384547  0.195576617084 -0.068061417121  0.298182154332 -0.090016150205  0.214226576407 -0.004156126891 -0.223060123658  0.058911380881  0.298182154332  0.000000000001
  0.388235294118  0.060427318463 -0.009918673228  0.401090583526 -0.139581070148  0.367374814611 -0.184606067691 -0.070855767340 -0.008458857315 -0.457454047891  0.120816079579  0.367374814611  0.000000000001
  0.391176470588  0.325170555185 -0.002669100048  0.108750546046 -0.037845609496  0.038161673308 -0.050053557700 -0.381287963625 -0.002276265781 -0.124032773505  0.032757723980  0.038161673308  0.000000000001
  0.394117647059  0.193488572837  0.001611096928 -0.066136532318  0.023015768348  0.430976798736  0.030440019445 -0.226880517769  0.001373978023  0.075430403168 -0.019921576022  0.430976798736 -0.000000000000
  0.397058823529  0.238387266119  0.004092827887 -0.169266963208  0.058905556091  0.293217405965  0.077906861322 -0.279527754907  0.003490451426  0.193053291888 -0.050986414883  0.293217405965 -0.000000000001
  0.400000000000 -0.024762875976  0.009808808882 -0.408667530363  0.142217876873  0.440090608230  0.188093435429  0.029036413054  0.008365162644  0.466095749152 -0.123098399458  0.440090608230 -0.000000000001
  0.402941176471 -0.279658203898  0.003185300091 -0.133685982896  0.046523237700  0.013772215203  0.061530349059  0.327921164370  0.002716492252  0.152472275681 -0.040268749784  0.013772215203 -0.000000000001
  0.405882352941 -0.190266978044  0.000161690946 -0.006835648769  0.002378832138  0.348925644238  0.003146177675  0.223102945357  0.000137893507  0.007796231894 -0.002059026862  0.348925644238 -0.000000000000
  0.408823529412 -0.285572099033 -0.003280760208  0.139702520381 -0.048617015951  0.279498641935 -0.064299522336  0.334855669963 -0.002797902688 -0.159334290243  0.042081044814  0.279498641935  0.000000000001
  0.411764705882 -0.008936706054 -0.009407923781  0.403493718602 -0.140417370424  0.497800012768 -0.185712135335  0.010478988333 -0.008023279230 -0.460194884782  0.121539949374  0.497800012768  0.000000000001
  0.414705882353  0.226415712510 -0.003531500867  0.152543385977 -0.053085686708  0.061289602695 -0.070209662841 -0.265490169941 -0.003011739701 -0.173979625208  0.045948956712  0.061289602695  0.000000000001
  0.417647058824  0.181364956126 -0.001796821476  0.078164261026 -0.027201464331  0.257634556505 -0.035975905331 -0.212664626896 -0.001532367902 -0.089148334754  0.023544555690  0.257634556505  0.000000000000
  0.420588235294  0.323019378024  0.002466551646 -0.108054088225  0.037603239487  0.258126211973  0.049733005821 -0.378765539790  0.002103528159  0.123238445578 -0.032547937693  0.258126211973 -0.000000000000
  0.423529411765  0.039770447636  0.008749399372 -0.385971897520  0.134319709103  0.539065675642  0.177647536908 -0.046633967163  0.007461675486  0.440210800613 -0.116262045037  0.539065675642 -0.000000000001
  0.426470588235 -0.167177485065  0.003718984510 -0.165198965731  0.057489877278  0.103241269241  0.076034523630  0.196028705022  0.003171629774  0.188413636938 -0.049761057005  0.103241269241 -0.000000000001
  0.429411764706 -0.167496517283  0.003258895133 -0.145759944330  0.050725022850  0.159997110261  0.067087514030  0.196402795309  0.002779255683  0.166242936864 -0.043905655622  0.159997110261 -0.000000000000
  0.432352941176 -0.349796413809 -0.001675907668  0.075471394596 -0.026264336427  0.230358174310 -0.034736485851  0.410163713098 -0.001429250013 -0.086077051857  0.022733413323  0.230358174310 -0.000000000000
  0.435294117647 -0.066992626999 -0.007870649749  0.356851275999 -0.124185620490  0.562946281854 -0.164244471245  0.078554106208 -0.006712258956 -0.406997988498  0.107490362351  0.562946281854  0.000000000000
  0.438235294118  0.103821144469 -0.003762247329  0.171730946380 -0.059763031739  0.138736603670 -0.079040934928 -0.121738429647 -0.003208525234 -0.195863527589  0.051728613278  0.138736603670  0.000000000001
  0.441176470588  0.149478007792 -0.004519349629  0.207674011574 -0.072271357065  0.059044533399 -0.095584100483 -0.175274680595 -0.003854198317 -0.236857510843  0.062555345200  0.059044533399  0.000000000000
  0.444117647059  0.365292392852  0.000930621658 -0.043049196992  0.014981286602  0.197560793454  0.019813835827 -0.428333963138  0.000793654114  0.049098707949 -0.012967233396  0.197560793454  0.000000000000
  0.447058823529  0.090025332013  0.006812061896 -0.317202882813  0.110387826730  0.569017378927  0.145995890359 -0.105561758198  0.005809472525  0.361777984090 -0.095547515465  0.569017378927 -0.000000000000
  0.450000000000 -0.038313635929  0.003678241197 -0.172403702062  0.059997153311  0.167153925633  0.079350577652  0.044925741243  0.003136883002  0.196630822615 -0.051931260030  0.167153925633 -0.000000000001
  0.452941176471 -0.128195988321  0.005556691190 -0.262151251210  0.091229646587  0.042140793097  0.120657810514  0.150319844627  0.004738865455  0.298990193116 -0.078964921463  0.042140793097 -0.000000000000
  0.455882352941 -0.369231890542 -0.000248441777  0.011796991792 -0.004105398647  0.161158575628 -0.005429686845  0.432953332968 -0.000211876477 -0.013454770241  0.003553477338  0.161158575628 -0.000000000001
  0.458823529412 -0.108465158108 -0.005615915953  0.268386180747 -0.093399426115  0.557377847693 -0.123527500982  0.127183899654 -0.004789373603 -0.306101289392  0.080843000316  0.557377847693  0.000000000000
  0.461764705882 -0.027344902423 -0.003485631045  0.167647090100 -0.058341834001  0.188141891360 -0.077161298058  0.032064041453 -0.002972620932 -0.191205785265  0.050498478426  0.188141891360  0.000000000001
  0.464705882353  0.104574812228 -0.006356576294  0.307677191844 -0.107072849530  0.140512880642 -0.141611593085 -0.122622164171 -0.005421024632 -0.350913690407  0.092678196949  0.140512880642  0.000000000000
  0.467647058824  0.361679070046 -0.000356952310  0.017386904704 -0.006050709902  0.122585407389 -0.008002501776 -0.424097058927 -0.000304416588 -0.019830208600  0.005237264970  0.122585407389  0.000000000001
  0.470588235294  0.122084120465  0.004325307383 -0.212007835179  0.073779544396  0.528641802362  0.097578787385 -0.143153200506  0.003688714927  0.241800347279 -0.063860774943  0.528641802362 -0.000000000000
  0.473529411765  0.091177947258  0.003204083135 -0.158031842737  0.054995690831  0.201612364274  0.072735781532 -0.106913289914  0.002732510835  0.180239350228 -0.047602183828  0.201612364274 -0.000000000001
  0.476470588235 -0.079544919715  0.006911742845 -0.343018496036  0.119371759707  0.233148282071  0.157877791949  0.093272653293  0.005894482577  0.391221349885 -0.103323667062  0.233148282071 -0.000000000000
  0.479411764706 -0.343032426310  0.000875869764 -0.043736305131  0.015220402885  0.083238269186  0.020130084419  0.402232407577  0.000746960525  0.049882372325 -0.013174203381  0.083238269186 -0.000000000001
  0.482352941176 -0.130825027798 -0.002983093228  0.149873768131 -0.052156649401  0.483916117689 -0.068980943760  0.153402599488 -0.002544045901 -0.170934857910  0.045144817258  0.483916117689  0.000000000000
  0.485294117647 -0.151288491624 -0.002853597736  0.144241971019 -0.050196762283  0.207725387125 -0.066388851197  0.177397614795 -0.002433609368 -0.164511649563  0.043448413315  0.207725387125  0.000000000001
  0.488235294118  0.054012802834 -0.007221793666  0.367255337510 -0.127806274026  0.317328426508 -0.169033047598 -0.063334244979 -0.006158900568 -0.418864086203  0.110624262709  0.317328426508  0.000000000000
  0.491176470588  0.314010203581 -0.001302435009  0.066632711249 -0.023188440530  0.044434857106 -0.030668390905 -0.368201576593 -0.001110744517 -0.075996307909  0.020071034515  0.044434857106  0.000000000001
  0.494117647059  0.134791730869  0.001630884273 -0.083935827943  0.029209991880  0.424764192661  0.038632328385 -0.158053869758  0.001390853095  0.095730954135 -0.025283060946  0.424764192661  0.000000000000
  0.497058823529  0.205912471537  0.002453898417 -0.127045193005  0.044212217203  0.206867118978  0.058473857187 -0.241448512805  0.002092737214  0.144898285309 -0.038268418105  0.206867118978 -0.000000000001
  0.500000000000 -0.028833506504  0.007292838877 -0.379804837786  0.132173548527  0.390615817048  0.174809084216  0.033809546415  0.006219489448  0.433177111579 -0.114404409854  0.390615817048 -0.000000000000
  0.502941176471 -0.275626881883  0.001634331268 -0.085615254567  0.029794438823  0.007376268743  0.039405301769  0.323194123323  0.001393792767  0.097646383071 -0.025788936052  0.007376268743 -0.000000000001
  0.505882352941 -0.134234805928 -0.000308103978  0.016234566822 -0.005649691874  0.353156957146 -0.007472126409  0.157400831611 -0.000262757682 -0.018515937828  0.004890158975  0.353156957146 -0.000000000000
  0.508823529412 -0.253468210191 -0.002023888321  0.107262422146 -0.037327736638  0.199621791526 -0.049368633363  0.297211343913 -0.001726015379 -0.122335530210  0.032309472878  0.199621791526  0.000000000001
  0.511764705882  0.004786415591 -0.007137007241  0.380434888521 -0.132392808614  0.450921931042 -0.175099071549 -0.005612447448 -0.006086592886 -0.433895700524  0.114594193067  0.450921931042  0.000000000000
  0.514705882353  0.229161385530 -0.001872473656  0.100384975477 -0.034934358670  0.026884300073 -0.046203217776 -0.268709686768 -0.001596885704 -0.114491626749  0.030237855698  0.026884300073  0.000000000001
  0.517647058824  0.129533357340 -0.000948866550  0.051160261663 -0.017803968393  0.271412498549 -0.023547036793 -0.151888014630 -0.000809213750 -0.058349584235  0.015410439682  0.271412498549  0.000000000000
  0.520588235294  0.292600478037  0.001581181744 -0.085737340921  0.029836925346  0.186738889682  0.039461493269 -0.343096995246  0.001348465713  0.097785625669 -0.025825710772  0.186738889682 -0.000000000000
  0.523529411765  0.017445057582  0.006771839709 -0.369267957522  0.128506673553  0.496564889682  0.169959376665 -0.020455697406  0.005775170181  0.421159530696 -0.111230501972  0.496564889682 -0.000000000000
  0.526470588235 -0.176117907234  0.002020625466 -0.110803583267  0.038560074367  0.057466134094  0.050998489204  0.206512050787  0.001723232746  0.126374314858 -0.033376137671  0.057466134094 -0.000000000001
  0.529411764706 -0.121173721273  0.002107440361 -0.116209799171  0.040441458354  0.182126018757  0.053486755694  0.142085686093  0.001797270351  0.132540242077 -0.035004592282  0.182126018757 -0.000000000000
  0.532352941176 -0.322217914223 -0.001141717050  0.063307040846 -0.022031094402  0.169096867364 -0.029137716884  0.377825760661 -0.000973680794 -0.072203295924  0.019069279606  0.169096867364 -0.000000000000
  0.535294117647 -0.037289422289 -0.006219581196  0.346774761808 -0.120678954684  0.526315248281 -0.159606651916  0.043724770475 -0.005304192273 -0.395505466870  0.104455125448  0.526315248281  0.000000000000
  0.538235294118  0.118180457598 -0.002084971956  0.116887012801 -0.040677131310  0.083678388266 -0.053798450236 -0.138575849808 -0.001778108813 -0.133312621514  0.035208581854  0.083678388266  0.000000000001
  0.541176470588  0.109725921093 -0.003139458578  0.176965062030 -0.061584524174  0.088092117399 -0.081449990506 -0.128662243073 -0.002677397627 -0.201833170077  0.053305228033  0.088092117399  0.000000000000
  0.544117647059  0.341522739623  0.000719454618 -0.040774635303  0.014189730361  0.147664768678  0.018766945408 -0.400462181603  0.000613566333  0.046504512288 -0.012282092340  0.147664768678  0.000000000000
  0.547058823529  0.054298393405  0.005506388968 -0.313757981876  0.109188987916  0.539428593412  0.144410339259 -0.063669122315  0.004695966641  0.357848986643 -0.094509846063  0.539428593412 -0.000000000000
  0.550000000000 -0.057162435198  0.002073666276 -0.118794250983  0.041340857554  0.105030079050  0.054676276232  0.067027435802  0.001768467087  0.135487875339 -0.035783078114  0.105030079050 -0.000000000001
  0.552941176471 -0.095818763581  0.004021694706 -0.231623116630  0.080605738001  0.007778373047  0.106606922485  0.112355010812  0.003429787523  0.264172076432 -0.069769269188  0.007778373047 -0.000000000000
  0.555882352941 -0.350031908927 -0.000326161109  0.018884649636 -0.006571930915  0.123463136659 -0.008691854289  0.410439849581 -0.000278157191 -0.021538424917  0.005688414106  0.123463136659 -0.000000000001
  0.558823529412 -0.068153374723 -0.004661477861  0.271326479062 -0.094422661270  0.535664008332 -0.124880803532  0.079915173898 -0.003975408323 -0.309454774667  0.081728673852  0.535664008332  0.000000000000
  0.561764705882 -0.005047338608 -0.001996362017  0.116812042504 -0.040651041358  0.121232722301 -0.053763944385  0.005918400142 -0.001702540356 -0.133227115976  0.035185999381  0.121232722301  0.000000000001
  0.564705882353  0.080114472859 -0.004736220803  0.278578837625 -0.096946510024  0.102544608732 -0.128218776178 -0.093940498999 -0.004039150707 -0.317726274718  0.083913221596  0.102544608732  0.000000000000
  0.567647058824  0.347589092736 -0.000028720980  0.001698132298 -0.000590956590  0.097525557394 -0.000781582862 -0.407575456123 -0.000024493868 -0.001936763232  0.000511509608  0.097525557394  0.000000000001
  0.570588235294  0.078667170647  0.003716223868 -0.220860754023  0.076860394301  0.515287873217  0.101653434366 -0.092243423717  0.003169275439  0.251897327181 -0.066527441754  0.515287873217 -0.000000000000
  0.573529411765  0.066540568266  0.001863746388 -0.111336195894  0.038745425616  0.132195906240  0.051243629644 -0.078024031906  0.001589442903  0.126981773151 -0.033536570680  0.132195906240 -0.000000000001
  0.576470588235 -0.063283736607  0.005270630398 -0.316470757148  0.110133044174  0.193322523645  0.145658921989  0.074205141507  0.004494906675  0.360942976081 -0.095326985350  0.193322523645 -0.000000000000
  0.579411764706 -0.334367143514  0.000338121724 -0.020405829466  0.007101307363  0.070862109098  0.009391992958  0.392071684291  0.000288357460  0.023273369346 -0.006146622280  0.070862109098 -0.000000000001
  0.582352941176 -0.085781113528 -0.002703248379  0.163970640776 -0.057062415455  0.479062889930 -0.075469174430  0.100585079354 -0.002305388211 -0.187012700967  0.049391062264  0.479062889930 -0.000000000000
  0.585294117647 -0.125445801012 -0.001687087125  0.102850294524 -0.035792299207  0.138016313675 -0.047337906232  0.147095034439 -0.001438784093 -0.117303386045  0.030980456482  0.138016313675  0.000000000001
  0.588235294118  0.045981988388 -0.005618116584  0.344219678911 -0.119789775980  0.277369672752 -0.158430648725 -0.053917485565 -0.004791250349 -0.392591329611  0.103685486092  0.277369672752  0.000000000000
  0.591176470588  0.310860973827 -0.000597315401  0.036780253825 -0.012799670200  0.044425867574 -0.016928490238 -0.364508857861 -0.000509403388 -0.041948818267  0.011078908995  0.044425867574  0.000000000001
  0.594117647059  0.089557940248  0.001655505518 -0.102446459562  0.035651763083  0.428222650029  0.047152037034 -0.105013704720  0.001411850621  0.116842801958 -0.030858813742  0.428222650029  0.000000000000
  0.597058823529  0.179983481071  0.001477805041 -0.091902671046  0.031982484010  0.138960908105  0.042299149891 -0.211044739106  0.001260303842  0.104817342041 -0.027682824965  0.138960908105 -0.000000000001
  0.600000000000 -0.028827673251  0.005777407211 -0.361058936675  0.125649902635  0.352165663720  0.166181090362  0.033802706469  0.004927096813  0.411796932894 -0.108757789431  0.352165663720 -0.000000000000
  0.602941176471 -0.277871053678  0.000803822427 -0.050481114220  0.017567622464  0.019083466476  0.023234452196  0.325825590655  0.000685517010  0.057574999247 -0.015205867612  0.019083466476 -0.000000000001
  0.605882352941 -0.090170881786 -0.000605394620  0.038205046229 -0.013295503452  0.364432486757 -0.017584265600  0.105732426716 -0.000516293519 -0.043573830364  0.011508083448  0.364432486757 -0.000000000000
  0.608823529412 -0.228518141299 -0.001247082654  0.079082526639 -0.027521024307  0.135445167629 -0.036398546527  0.267955432489 -0.001063538841 -0.090195640125  0.023821154683  0.135445167629  0.000000000001
  0.611764705882  0.012383144464 -0.005752562604  0.366555416134 -0.127562698687  0.415485832984 -0.168710901584 -0.014520207503 -0.004905908799 -0.418065808008  0.110413433135  0.415485832984  0.000000000000
  0.614705882353  0.236478007604 -0.000957250141  0.061289584502 -0.021329011812  0.004409470857 -0.028209161847 -0.277288999644 -0.000816363456 -0.069902335478  0.018461583551  0.004409470857  0.000000000001
  0.617647058824  0.087889539334 -0.000416081062  0.026767770263 -0.009315287300  0.289737754473 -0.012320141664 -0.103057373873 -0.000354842856 -0.030529325202  0.008062959329  0.289737754473  0.000000000000
  0.620588235294  0.269606211142  0.001005517612 -0.064996068737  0.022618882623  0.128007383827  0.029915109349 -0.316134414964  0.000857526991  0.074129675346 -0.019578046794  0.128007383827 -0.000000000000
  0.623529411765  0.002861278618  0.005552644513 -0.360620726133  0.125497403676  0.465466012628  0.165979399452 -0.003355073458  0.004735414362  0.411297142586 -0.108625792117  0.465466012628 -0.000000000000
  0.626470588235 -0.188009053515  0.001059082206 -0.069107347988  0.024049623660  0.025427414497  0.031807367924  0.220455351859  0.000903208026  0.078818694273 -0.020816441965  0.025427414497 -0.000000000001
  0.629411764706 -0.083063207000  0.001380089857 -0.090476562015  0.031486192566  0.206501050128  0.041642768536  0.097398120912  0.001176970237  0.103190828289 -0.027253253917  0.206501050128 -0.000000000000
  0.632352941176 -0.302038043460 -0.000762827785  0.050243503498 -0.017484933016  0.117280136517 -0.023125089415  0.354163280443 -0.000650555900 -0.057303998147  0.015134294761  0.117280136517  0.000000000000
  0.635294117647 -0.016499693459 -0.005191268020  0.343512191489 -0.119543567629  0.500656489527 -0.158105020360  0.019347183872 -0.004427224736 -0.391784422148  0.103472377482  0.500656489527  0.000000000000
  0.638235294118  0.133997266098 -0.001112427231  0.073951382530 -0.025735366365  0.043488129851 -0.034036884660 -0.157122297534 -0.000948701808 -0.084343439306  0.022275556905  0.043488129851  0.000000000001
  0.641176470588  0.076102361952 -0.002260663772  0.150975828121 -0.052540170528  0.117330219886 -0.069488178209 -0.089235984483 -0.001927942563 -0.172191785458  0.045476778598  0.117330219886  0.000000000000
  0.644117647059  0.324872928291  0.000527612917 -0.035397654512  0.012318520305  0.103960107368  0.016292134678 -0.380938972762  0.000449959614  0.040371928454 -0.010662443896  0.103960107368  0.000000000000
  0.647058823529  0.028219180985  0.004686050858 -0.315823637208  0.109907843939  0.520063570594  0.145361078378 -0.033089201599  0.003996364702  0.360204919272 -0.095132060569  0.520063570594 -0.000000000000
  0.650000000000 -0.076134860746  0.001121737715 -0.075944888364  0.026429114085  0.058259825920  0.034954416231  0.089274091862  0.000956641988  0.086617083592 -0.022876038615  0.058259825920 -0.000000000001
  0.652941176471 -0.067459076656  0.003035291988 -0.206427903694  0.071837706717  0.024999269722  0.095010566510  0.079101054991  0.002588562124  0.235436293000 -0.062179993907  0.024999269722 -0.000000000000
  0.655882352941 -0.337466064279 -0.000307175717  0.020984889935 -0.007302822640  0.088777405261 -0.009658511495  0.395705411789 -0.000261966041 -0.023933802584  0.006321046258  0.088777405261 -0.000000000000
  0.658823529412 -0.037804444050 -0.004057976901  0.278466233841 -0.096907323473  0.523177528592 -0.128166949127  0.044328673861 -0.003460729757 -0.317597847226  0.083879303203  0.523177528592 -0.000000000000
  0.661764705882  0.016221872941 -0.001092510579  0.075304880101 -0.026206388740  0.069562299355 -0.034659845843 -0.019021417532 -0.000931716459 -0.085887137832  0.022683256006  0.069562299355  0.000000000001
  0.664705882353  0.057607114291 -0.003685403344  0.255157546179 -0.088795810260  0.067635486733 -0.117438885819 -0.067548856896 -0.003142991035 -0.291013694021  0.076858285061  0.067635486733  0.000000000000
  0.667647058824  0.339486692543  0.000107403292 -0.007468930237  0.002599216532  0.072465544748  0.003437651985 -0.398074756811  0.000091595832  0.008518505568 -0.002249783232  0.072465544748  0.000000000001
  0.670588235294  0.045138549807  0.003330692419 -0.232639967142  0.080959605901  0.509986101676  0.107074938395 -0.052928487726  0.002840485949  0.265331820393 -0.070075563819  0.509986101676  0.000000000000
  0.673529411765  0.043888252905  0.001030980341 -0.072327061157  0.025170096262  0.077362336442  0.033289274036 -0.051462416602  0.000879242153  0.082490859321 -0.021786280546  0.077362336442 -0.000000000001
  0.676470588235 -0.047022447955  0.004196728426 -0.295701586644  0.102905292728  0.157721563465  0.136099697581  0.055137505964  0.003579060035  0.337255207013 -0.089070917869  0.157721563465 -0.000000000000
  0.679411764706 -0.330926856448  0.000067292097 -0.004762017559  0.001657200479  0.055733148372  0.002191767577  0.388037678047  0.000057388144  0.005431202575 -0.001434409873  0.055733148372 -0.000000000001
  0.682352941176 -0.050199946078 -0.002529755061  0.179796573407 -0.062569901054  0.480973144770 -0.082753222748  0.058863371578 -0.002157429387 -0.205062581071  0.054158132882  0.480973144770 -0.000000000000
  0.685294117647 -0.102344556096 -0.000943815502  0.067368670929 -0.023444557337  0.081763831387 -0.031007123919  0.120007014042 -0.000804906108 -0.076835688707  0.020292719507  0.081763831387  0.000000000001
  0.688235294118  0.036164898475 -0.004559535173  0.326852175474 -0.113745817795  0.242496167309 -0.150437076582 -0.042406178156 -0.003888469411 -0.372783248655  0.098454065152  0.242496167309  0.000000000000
  0.691176470588  0.312100526488 -0.000213975742  0.015404491086 -0.005360822316  0.039238337395 -0.007090075513 -0.365962330515 -0.000182483103 -0.017569215271  0.004640124446  0.039238337395  0.000000000001
  0.694117647059  0.053056049177  0.001681856321 -0.121595036364  0.042315541669  0.437102469725  0.055965366518 -0.062212376331  0.001434323151  0.138682242546 -0.036626727709  0.437102469725  0.000000000000
  0.697058823529  0.157354277076  0.000837827873 -0.060830040116  0.021169088593  0.082993252663  0.027997651815 -0.184510223689  0.000714517584  0.069378213374 -0.018323160078  0.082993252663 -0.000000000001
  0.700000000000 -0.025461516704  0.004768735237 -0.347692337831  0.120998274679  0.319369241978  0.160028975722  0.029855624071  0.004066879714  0.396551985745 -0.104731516723  0.319369241978 -0.000000000000
  0.702941176471 -0.283633114268  0.000331141045 -0.024245205404  0.008437424999  0.023566638379  0.011159105235  0.332582058341  0.000282404187  0.027652275600 -0.007303115023  0.023566638379 -0.000000000001
  0.705882352941 -0.053853813110 -0.000814038529  0.059850964673 -0.020828366563  0.379787350781 -0.027547022268  0.063147817073 -0.000694229521 -0.068261552836  0.018028244012  0.379787350781 -0.000000000000
  0.708823529412 -0.207236744191 -0.000719703563  0.053135607144 -0.018491396240  0.081381234266 -0.024456209875  0.243001326291 -0.000613778638 -0.060602516176  0.016005451150  0.081381234266  0.000000000001
  0.711764705882  0.015292247241 -0.004823861785  0.357622779313 -0.124454106619  0.386001217592 -0.164599563583 -0.017931358532 -0.004113892817 -0.407877907718  0.107722753759  0.386001217592  0.000000000000
  0.714705882353  0.246441684783 -0.000418613681  0.031162668760 -0.010844728929  0.009213070796 -0.014342938916 -0.288972192113 -0.000357002728 -0.035541819119  0.009386785989  0.009213070796  0.000000000001
  0.717647058824  0.052807784250 -0.000047072884  0.003518646055 -0.001224502399  0.310846599209 -0.001619493049 -0.061921266243 -0.000040144765 -0.004013105637  0.001059882828  0.310846599209  0.000000000000
  0.720588235294  0.250473824880  0.000595763022 -0.044715138550  0.015561040690  0.077341181109  0.020580602570 -0.293700192428  0.000508079487  0.050998756821 -0.013469046543  0.077341181109 -0.000000000000
  0.723529411765 -0.005978305189  0.004728922708 -0.356379139666  0.124021315225  0.440373144302  0.164027165640  0.007010031424  0.004032926735  0.406459504958 -0.107348145946  0.440373144302 -0.000000000000
  0.726470588235 -0.201706453521  0.000477416254 -0.036125104039  0.012571675547  0.003431100286  0.016626950809  0.236516627001  0.000407150824  0.041201603216 -0.010881565473  0.003431100286 -0.000000000001
  0.729411764706 -0.050186218512  0.000876001928 -0.066553621879  0.023160917124  0.232448513095  0.030631989208  0.058847274930  0.000747073237  0.075906104459 -0.020047211297  0.232448513095 -0.000000000000
  0.732352941176 -0.285755434960 -0.000471756164  0.035985859751 -0.012523217997  0.071345854419 -0.016562862191  0.335070645706 -0.000402323778 -0.041042791544  0.010839622454  0.071345854419  0.000000000000
  0.735294117647 -0.002226419949 -0.004492136419  0.344039174990 -0.119726959920  0.480847110381 -0.158347569938  0.002610651908 -0.003830990308 -0.392385460281  0.103631114892  0.480847110381 -0.000000000000
  0.738235294118  0.150834415825 -0.000509601166  0.039184930992 -0.013636507129  0.014086655369 -0.018035267645 -0.176865175326 -0.000434598806 -0.044691413954  0.011803243298  0.014086655369  0.000000000001
  0.741176470588  0.046295887760 -0.001649100807  0.127310052528 -0.044304389339  0.147044373027 -0.058595761507 -0.054285557188 -0.001406388547 -0.145200364353  0.038348198809  0.147044373027  0.000000000000
  0.744117647059  0.312018743545  0.000352696981 -0.027336141622  0.009513082725  0.063902941953  0.012581740429 -0.365866433604  0.000300787552  0.031177567243 -0.008234163546  0.063902941953  0.000000000000
  0.747058823529  0.009140744350  0.004125560358 -0.321019648027  0.111716075746  0.506215130516  0.147752595817 -0.010718239230  0.003518366379  0.366131102233 -0.096697197429  0.506215130516  0.000000000000
  0.750000000000 -0.095416192646  0.000518059973 -0.040470183286  0.014083779885  0.022589662091  0.018626818237  0.111882964832  0.000441812659  0.046157276999 -0.012190385629  0.022589662091 -0.000000000001
  0.752941176471 -0.041466227467  0.002345158092 -0.183919188641  0.064004587058  0.057293470686  0.084650698826  0.048622401934  0.002000001132  0.209764528972 -0.055399942665  0.057293470686 -0.000000000000
  0.755882352941 -0.328479896368 -0.000242740524  0.019111305738 -0.006650808113  0.055530618829 -0.008796175092  0.385168425555 -0.000207014326 -0.021796931987  0.005756687216  0.055530618829 -0.000000000000
  0.758823529412 -0.014658293310 -0.003644624925  0.288063013147 -0.100247039688  0.515735030911 -0.132583965539  0.017187997865 -0.003108214324 -0.328543218971  0.086770034873  0.515735030911 -0.000000000000
  0.761764705882  0.037177382064 -0.000506317784  0.040173336101 -0.013980475919  0.028889768872 -0.018490191266 -0.043593394524 -0.000431798668 -0.045818715208  0.012100969635  0.028889768872  0.000000000001
  0.764705882353  0.036033478294 -0.002945921740  0.234644028189 -0.081657026875  0.034018084623 -0.107997328111 -0.042252077695 -0.002512345259 -0.267617503170  0.070679224960  0.034018084623  0.000000000000
  0.767647058824  0.334657301402  0.000145103466 -0.011602010310  0.004037544339  0.046734068556  0.005339944612 -0.392411917157  0.000123747349  0.013232388883 -0.003494745222  0.046734068556  0.000000000001
  0.770588235294  0.018746393996  0.003067587848 -0.246214288276  0.085683522014  0.509152244041  0.113322659356 -0.021981616356  0.002616104726  0.280813680114 -0.074164406414  0.509152244041  0.000000000000
  0.773529411765  0.022074126666  0.000478321179 -0.038538101108  0.013411407834  0.033043837875  0.017737557536 -0.025883643742  0.000407922563  0.043953687960 -0.011608405887  0.033043837875 -0.000000000001
  0.776470588235 -0.030325450723  0.003436524966 -0.277931891154  0.096721370157  0.124062344831  0.127921012408  0.035558967958  0.002930742215  0.316988415754 -0.083718349066  0.124062344831 -0.000000000000
  0.779411764706 -0.330385771338 -0.000062027931  0.005035564011 -0.001752395699  0.037983862746 -0.002317670143  0.387403213344 -0.000052898750 -0.005743189277  0.001516807242  0.037983862746 -0.000000000001
  0.782352941176 -0.021441943918 -0.002414925798  0.196788801101 -0.068483261834  0.486706846332 -0.090574070369  0.025142359923 -0.002059500528 -0.224442650462  0.059276513661  0.486706846332 -0.000000000000
  0.785294117647 -0.080503295371 -0.000438227870  0.035844803825 -0.012474129991  0.035205374088 -0.016497939751  0.094396423870 -0.000373730129 -0.040881913665  0.010797133739  0.035205374088  0.000000000001
  0.788235294118  0.024647495790 -0.003805805812  0.312461397872 -0.108737771681  0.210055731414 -0.143813573132 -0.028901120746 -0.003245672843 -0.356370199493  0.094119290407  0.210055731414  0.000000000000
  0.791176470588  0.315821090299 -0.000005213228  0.000429609591 -0.000149505795  0.029696995342 -0.000197732235 -0.370324983209 -0.000004445953 -0.000489980709  0.000129406546  0.029696995342  0.000000000001
  0.794117647059  0.022844551522  0.001708681389 -0.141331772481  0.049184001966  0.449125614025  0.065049402377 -0.026787027279  0.001457200145  0.161192493844 -0.042571806400  0.449125614025  0.000000000000
  0.797058823529  0.136303877002  0.000390205722 -0.032394991992  0.011273582167  0.035610355090  0.014910128361 -0.159826979619  0.000332775811  0.036947315216 -0.009757985083  0.035610355090 -0.000000000001
  0.800000000000 -0.019270198310  0.004046514315 -0.337182430895  0.117340786527  0.289343874405  0.155191682923  0.022595817964  0.003450954218  0.384565168630 -0.101565733718  0.289343874405 -0.000000000000
  0.802941176471 -0.291434858933  0.000056272816 -0.004706263616  0.001637797892  0.022221237512  0.002166106251  0.341730215480  0.000047990665  0.005367613782 -0.001417615730  0.022221237512 -0.000000000001
  0.805882352941 -0.023107341213 -0.000971784556  0.081570947676 -0.028387004426  0.397599322924 -0.037543867911  0.027095168789 -0.000828758717 -0.093033747828  0.024570714223  0.397599322924 -0.000000000000
  0.808823529412 -0.187753467152 -0.000338247987  0.028495932024 -0.009916694259  0.034560187095 -0.013115545895  0.220155656816 -0.000288465139 -0.032500337803  0.008583514380  0.034560187095  0.000000000001
  0.811764705882  0.014419224863 -0.004155404332  0.351347867967 -0.122270413267  0.359482518600 -0.161711471077 -0.016907671364 -0.003543817961 -0.400721211168  0.105832631628  0.359482518600  0.000000000000
  0.814705882353  0.257999764364 -0.000091651664  0.007777411427 -0.002706569176  0.015823327951 -0.003579633629 -0.302524946372 -0.000078162505 -0.008870336248  0.002342703612  0.015823327951  0.000000000001
  0.817647058824  0.022425893636  0.000227367589 -0.019363698225  0.006738641672  0.333745962999  0.008912341331 -0.026296118091  0.000193903958  0.022084792060 -0.005832712613  0.333745962999  0.000000000000
  0.820588235294  0.233266003597  0.000286010615 -0.024445634100  0.008507174958  0.032402603312  0.011251354604 -0.273522673183  0.000243915988  0.027880869640 -0.007363487941  0.032402603312 -0.000000000000
  0.823529411765 -0.010267660552  0.004133210295 -0.354536118812  0.123379936859  0.418312046114  0.163178896330  0.012039636798  0.003524890410  0.404357492633 -0.106792993161  0.418312046114  0.000000000000
  0.826470588235 -0.216565710369  0.000112592222 -0.009692362779  0.003372979633  0.010681346276  0.004461009691  0.253940270360  0.000096021062  0.011054387143 -0.002919523224  0.010681346276 -0.000000000001
  0.829411764706 -0.021025850740  0.000501907096 -0.043359812616  0.015089382037  0.259560965482  0.019956799864  0.024654458056  0.000428037139  0.049452972999 -0.013060796705  0.259560965482 -0.000000000000
  0.832352941176 -0.271440123524 -0.000236676388  0.020519006125 -0.007140693277  0.029511377854 -0.009444083679  0.318284820978 -0.000201842701 -0.023402450210  0.006180713232  0.029511377854  0.000000000000
  0.835294117647  0.006931060151 -0.003984512263  0.346663773519 -0.120640330331  0.464023351464 -0.159555568414 -0.008127211296 -0.003398077538 -0.395378881892  0.104421693673  0.464023351464 -0.000000000000
  0.838235294118  0.168427520048 -0.000120949378  0.010559988642 -0.003674916780  0.006881440932 -0.004860343421 -0.197494469018 -0.000103148224 -0.012043936585  0.003180868565  0.006881440932  0.000000000001
  0.841176470588  0.019149752257 -0.001194488135  0.104655685253 -0.036420582145  0.177355935176 -0.048168855889 -0.022454585531 -0.001018685107 -0.119362480249  0.031524274359  0.177355935176  0.000000000000
  0.844117647059  0.301101909471  0.000192849371 -0.016955674672  0.005900640187  0.026265750891  0.007804023716 -0.353065589964  0.000164466081  0.019338379737 -0.005107370316  0.026265750891  0.000000000000
  0.847058823529 -0.004465324857  0.003717495671 -0.327987967421  0.114141077773  0.495213061486  0.150959836511  0.005235943393  0.003170360060  0.374078648358 -0.098796187195  0.495213061486  0.000000000000
  0.850000000000 -0.115085179591  0.000119044968 -0.010539592954  0.003667819001  0.004418904306  0.004850956095  0.134946393729  0.000101524103  0.012020674782 -0.003174724998  0.004418904306 -0.000000000001
  0.852941176471 -0.017043684809  0.001830528201 -0.162625773091  0.056594396314  0.089687732041  0.074850185242  0.019985056368  0.001561113720  0.185478845047 -0.048985962649  0.089687732041 -0.000000000000
  0.855882352941 -0.321340721190 -0.000156481889  0.013949929758 -0.004854629363  0.023030448351 -0.006420598695  0.376797183072 -0.000133451112 -0.015910250944  0.004201983025  0.023030448351 -0.000000000000
  0.858823529412  0.002867399930 -0.003343614911  0.299098377423 -0.104087389021  0.510926410141 -0.137663105484 -0.003362251166 -0.002851506527 -0.341129333592  0.090094095579  0.510926410141 -0.000000000000
  0.861764705882  0.058197819763 -0.000109512713  0.009829854992 -0.003420827453  0.003203413237 -0.004524291896 -0.068241505359 -0.000093394791 -0.011211200521  0.002960938482  0.003203413237  0.000000000001
  0.864705882353  0.014944316815 -0.002392413376  0.215475801385 -0.074986410012  0.000719957053 -0.099174954512 -0.017523382841 -0.002040301452 -0.245755651253  0.064905392040  0.000719957053  0.000000000000
  0.867647058824  0.331537016849  0.000128834937 -0.011643153349  0.004051862275  0.020137133293  0.005358881119 -0.388753138943  0.000109873198  0.013279313570 -0.003507138285  0.020137133293  0.000000000001
  0.870588235294 -0.002078675224  0.002877172376 -0.260899078529  0.090793885664  0.510686448358  0.120081485154  0.002437409625  0.002453714326  0.297562058210 -0.078587743337  0.510686448358  0.000000000000
  0.873529411765  0.000467175719  0.000095140296 -0.008656371754  0.003012450760  0.003068089274  0.003984184162 -0.000547800151  0.000081137685  0.009872812936 -0.002607463108  0.003068089274 -0.000000000001
  0.876470588235 -0.013066862403  0.002865215516 -0.261570348299  0.091027490134  0.091060182572  0.120390443973  0.015321920383  0.002443517260  0.298327658519 -0.078789942505  0.091060182572 -0.000000000000
  0.879411764706 -0.331381307119 -0.000110471618  0.010118982707 -0.003521445013  0.017868048471 -0.004657365899  0.388570557079 -0.000094212565 -0.011540958049  0.003048029223  0.017868048471 -0.000000000001
  0.882352941176  0.001990864333 -0.002334826682  0.214580797310 -0.074674945142  0.494508680465 -0.098763019677 -0.002334444473 -0.001991190283 -0.244734876259  0.064635799862  0.494508680465 -0.000000000000
  0.885294117647 -0.059088394501 -0.000078715069  0.007258373757 -0.002525942064  0.003781885763 -0.003340741201  0.069285774048 -0.000067129899 -0.008278360537  0.002186359636  0.003781885763  0.000000000001
  0.888235294118  0.011594467166 -0.003237056625  0.299483011555 -0.104221243183  0.178528896872 -0.137840137301 -0.013595421556 -0.002760631335 -0.341568018639  0.090209954665  0.178528896872  0.000000000000
  0.891176470588  0.320883652662  0.000101282015 -0.009401343329  0.003271703741  0.016442503939  0.004327064992 -0.376261234396  0.000086375475  0.010722472020 -0.002831862651  0.016442503939  0.000000000001
  0.894117647059 -0.002454042502  0.001735045516 -0.161584391886  0.056231991637  0.462900659178  0.074370878827  0.002877557180  0.001479684038  0.184291123200 -0.048672278907  0.462900659178  0.000000000000
  0.897058823529  0.115846307248  0.000062879416 -0.005875208560  0.002044595241  0.005064683497  0.002704125188 -0.135838875568  0.000053624915  0.006700825326 -0.001769724084  0.005064683497 -0.000000000001
  0.900000000000 -0.010669440055  0.003499376925 -0.328040226073  0.114159263986  0.260411098009  0.150983889094  0.012510754761  0.002984343714  0.374138250687 -0.098811928491  0.260411098009 -0.000000000000
  0.902941176471 -0.300373401327 -0.000100536799  0.009455366811 -0.003290504121  0.016006734340 -0.004351929855  0.352211357061 -0.000085739939 -0.010784087179  0.002848135547  0.016006734340 -0.000000000001
  0.905882352941  0.003286442091 -0.001097519770  0.103556656671 -0.036038115959  0.416846527347 -0.047663016676 -0.003853610944 -0.000935988405 -0.118109010096  0.031193226136  0.416846527347 -0.000000000000
  0.908823529412 -0.168979165834 -0.000050001144  0.004733183836 -0.001647166232  0.006604377498 -0.002178496559  0.198141316944 -0.000042642048 -0.005398316978  0.001425724609  0.006604377498  0.000000000001
  0.911764705882  0.010386671833 -0.003647101151  0.346357387030 -0.120533706651  0.334164325732 -0.159414550881 -0.012179186856 -0.003110326103 -0.395029440282  0.104329404260  0.334164325732 -0.000000000000
  0.914705882353  0.270489157377  0.000106965897 -0.010191090969  0.003546538966  0.016627502821  0.004690554468 -0.317169738629  0.000091222812  0.011623199359 -0.003069749596  0.016627502821  0.000000000001
  0.917647058824 -0.004285540094  0.000442556403 -0.042299786423  0.014720488833  0.357776952805  0.019468911902  0.005025131664  0.000377421594  0.048243986067 -0.012741496740  0.357776952805  0.000000000000
  0.920588235294  0.216837183382  0.000042063474 -0.004033336197  0.001403616554  0.008075168032  0.001856384482 -0.254258593748  0.000035872633  0.004600122882 -0.001214917246  0.008075168032 -0.000000000001
  0.923529411765 -0.010789484697  0.003678700550 -0.353866163463  0.123146789813  0.397496956436  0.162870542488  0.012651516511  0.003137274748  0.403593391457 -0.106591189922  0.397496956436  0.000000000000
  0.926470588235 -0.232159272405 -0.000118857774  0.011469727460 -0.003991509397  0.018289668341 -0.005279060068  0.272224944108 -0.000101364460 -0.013081516913  0.003454899122  0.018289668341 -0.000000000001
  0.929411764706  0.005239927058  0.000209532266 -0.020283969342  0.007058899570  0.287525348872  0.009335905582 -0.006144225188  0.000178693612  0.023134384762 -0.006109915703  0.287525348872 -0.000000000000
  0.932352941176 -0.257933339376 -0.000040578227  0.003940644745 -0.001371359571  0.009156231285 -0.001813722287  0.302447057869 -0.000034605983 -0.004494405913  0.001186996825  0.009156231285  0.000000000000
  0.935294117647  0.011868053719 -0.003596151054  0.350332152920 -0.121916940513  0.448438895754 -0.161243977776 -0.013916223229 -0.003066874768 -0.399562762230  0.105526679020  0.448438895754 -0.000000000000
  0.938235294118  0.186573437078  0.000134174279 -0.013112180062  0.004563089237  0.020897766562  0.006035015777 -0.218771979057  0.000114426703  0.014954776027 -0.003949636950  0.020897766562  0.000000000001
  0.941176470588 -0.005941422379 -0.000839025372  0.082250779902 -0.028623588663  0.208271693636 -0.037856767688  0.006966783437 -0.000715538837 -0.093809113837  0.024775492565  0.208271693636  0.000000000000
  0.944117647059  0.290989251654  0.000046524801 -0.004575141275  0.001592166811  0.009549940415  0.002105755843 -0.341207706019  0.000039677348  0.005218065399 -0.001378119196  0.009549940415 -0.000000000000
  0.947058823529 -0.013560432674  0.003404791009 -0.335862319897  0.116881382808  0.485402493048  0.154584088254  0.015900670205  0.002903678816  0.383059548341 -0.101168091285  0.485402493048  0.000000000000
  0.950000000000 -0.135146225821 -0.000150675603  0.014909408439 -0.005188531645  0.024281487984 -0.006862208628  0.158469542867 -0.000128499387 -0.017004560863  0.004490996173  0.024281487984 -0.000000000001
  0.952941176471  0.006196897820  0.001427359671 -0.141675053244  0.049303464996  0.122475643154  0.065207400881 -0.007266348418  0.001217282949  0.161584014320 -0.042675209068  0.122475643154 -0.000000000000
  0.955882352941 -0.314974703445 -0.000060316388  0.006005285203 -0.002089862414  0.008998835664 -0.002763994300  0.369332528282 -0.000051439109 -0.006849181052  0.001808905631  0.008998835664 -0.000000000000
  0.958823529412  0.015756108771 -0.003113084600  0.310901971052 -0.108195085133  0.507231794831 -0.143095830893 -0.018475272531 -0.002654905332 -0.354591633399  0.093649561516  0.507231794831 -0.000000000000
  0.961764705882  0.079473694377  0.000166049737 -0.016634160898  0.005788752153  0.028204776857  0.007656043693 -0.093189135998  0.000141610778  0.018971685066 -0.005010524277  0.028204776857  0.000000000001
  0.964705882353 -0.005839289324 -0.001957649499  0.196708774845 -0.068455412389  0.032800965327 -0.090537237462  0.006847024427 -0.001669525490 -0.224351378478  0.059252408238  0.032800965327  0.000000000000
  0.967647058824  0.329139603614  0.000081793819 -0.008243873814  0.002868899885  0.007300601555  0.003794327740 -0.385941984009  0.000069755523  0.009402348498 -0.002483210914  0.007300601555  0.000000000000
  0.970588235294 -0.018301906881  0.002732299698 -0.276221339072  0.096126091434  0.513238605412  0.127133713213  0.021460420360  0.002330163799  0.315037487442 -0.083203098384  0.513238605412  0.000000000000
  0.973529411765 -0.021284345414 -0.000178040831  0.018053547739 -0.006282704249  0.032378126642 -0.008309331090  0.024957563316 -0.000151837040 -0.020590531986  0.005438070474  0.032378126642 -0.000000000001
  0.976470588235  0.004737315616  0.002415146528 -0.245638547482  0.085483161997  0.057966407884  0.113057668733 -0.005554873880  0.002059688771  0.280157033046 -0.073990982384  0.057966407884 -0.000000000000
  0.979411764706 -0.333037386193 -0.000110246305  0.011246651245 -0.003913878014  0.004320397315 -0.005176386946  0.390512439600 -0.000094020414 -0.012827092799  0.003387704342  0.004320397315 -0.000000000001
  0.982352941176  0.021009967985 -0.002276111111  0.232892164902 -0.081047371694  0.503224222381 -0.107191015008 -0.024635834268 -0.001941116385 -0.265619458373  0.070151530560  0.503224222381 -0.000000000000
  0.985294117647 -0.037614046887  0.000184571097 -0.018941896239  0.006591852953  0.036473517985  0.008718202626  0.044105418259  0.000157406191  0.021603716124 -0.005705657865  0.036473517985  0.000000000001
  0.988235294118 -0.002803479345 -0.002787627334  0.286938579505 -0.099855732443  0.147004210630 -0.132066433387  0.003287299275 -0.002377348394 -0.327260773704  0.086431334166  0.147004210630  0.000000000000
  0.991176470588  0.326539114407  0.000144457331 -0.014913666905  0.005190013608  0.000000000000  0.006864168631 -0.382892706581  0.000123196311  0.017009417755 -0.004492278904  0.000000000000  0.000000000001
  0.994117647059 -0.023667442333  0.001760142136 -0.182254975084  0.063425434320  0.017650328841  0.083884727413  0.027751931241  0.001501086974  0.207866450929 -0.054898650024  0.017650328841  0.000000000000
  0.997058823529  0.095390131512 -0.000183851341  0.019093320026 -0.006644549015  0.018320221888 -0.008787896983 -0.111852406113 -0.000156792368 -0.021776418820  0.005751269578  0.018320221888 -0.000000000001
  1.000000000000  0.000000000000  0.003065699019 -0.319317988064  0.111123891515  0.001239121952  0.146969389312  0.000000000000  0.002614493892  0.364190315612 -0.096184625222  0.001239121952  0.000000000000
