             Rad         v_r[Re]         v_t[Re]         v_x[Re]         p[Re]          p_mg[Re]  p_no_phase[Re]         v_r[Im]         v_t[Im]         v_x[Im]         p[Im]          p_mg[Im]  p_no_phase[Im]
  0.000000000000 -0.134815802083  0.000000000000  0.035239885337 -0.011182778782  0.356569006539  0.011391955166 -0.022872269743  0.000000000000  0.004757568989  0.002173039628  0.356569006539 -0.000000000000
  0.003921568627 -0.175829564503  0.021551285979 -0.024379741713  0.007736496749  0.425521910616 -0.007881209655 -0.029830488459 -0.127029540043 -0.003291392751 -0.001503357470  0.425521910616  0.000000000000
  0.007843137255 -0.274222667470  0.044085240807 -0.099742241391  0.031651505390  0.369938481413 -0.032243553895 -0.046523439561 -0.259851215734 -0.013465724703 -0.006150526343  0.369938481413  0.000000000000
  0.011764705882 -0.351545618316  0.069215014742 -0.234897005726  0.074540573173  0.353377480886 -0.075934871307 -0.059641719183 -0.407973403307 -0.031712325377 -0.014484737876  0.353377480886  0.000000000000
  0.015686274510 -0.419527105360  0.081684339586 -0.369619354128  0.117292421108  0.172748401814 -0.119486402142 -0.071175166191 -0.481471226183 -0.049900547635 -0.022792284822  0.172748401814  0.000000000000
  0.019607843137 -0.364726742376  0.098469141798 -0.556962643899  0.176742630601  0.074819813538 -0.180048641132 -0.061877972058 -0.580405726273 -0.075192872431 -0.034344660454  0.074819813538  0.000000000000
  0.023529411765 -0.348399055270  0.095708207763 -0.649615448638  0.206144423740  0.141814153565 -0.210000401403 -0.059107886816 -0.564131979039 -0.087701486075 -0.040058022300  0.141814153565  0.000000000000
  0.027450980392 -0.170314700984  0.104111036608 -0.824424180092  0.261617004150  0.288775475182 -0.266510608867 -0.028894860409 -0.613660693206 -0.111301579884 -0.050837464318  0.288775475182  0.000000000000
  0.031372549020 -0.073765742760  0.086228586027 -0.780363884583  0.247635218085  0.419253071612 -0.252267290359 -0.012514778981 -0.508256334771 -0.105353209350 -0.048120521081  0.419253071612  0.000000000000
  0.035294117647  0.139816258246  0.086537374686 -0.881053205282  0.279587263000  0.566797281898 -0.284817005438  0.023720625652 -0.510076424831 -0.118946794718 -0.054329448320  0.566797281898  0.000000000000
  0.039215686275  0.284707170605  0.059494618561 -0.673028716334  0.213574226383  0.524919277383 -0.217569180170  0.048302195317 -0.350678564519 -0.090862399775 -0.041501782914  0.524919277383  0.000000000000
  0.043137254902  0.413346582534  0.053238871901 -0.662487121180  0.210229030293  0.622482274056 -0.214161411438  0.070126605243 -0.313805376460 -0.089439229247 -0.040851743796  0.622482274056  0.000000000000
  0.047058823529  0.558812171756  0.026203313720 -0.355707787151  0.112877821726  0.410974194099 -0.114989226689  0.094805672116 -0.154449942921 -0.048022413271 -0.021934439059  0.410974194099  0.000000000000
  0.050980392157  0.517524149742  0.015877300188 -0.233494104005  0.074095386152  0.421419619316 -0.075481356962  0.087800923696 -0.093585419542 -0.031522926301 -0.014398229052  0.421419619316  0.000000000000
  0.054901960784  0.613712666863 -0.002625995010  0.041588939155 -0.013197543122  0.137239191276  0.013444406125  0.104119854235  0.015478377423  0.005614724489  0.002564549004  0.137239191276 -0.000000000000
  0.058823529412  0.405184338871 -0.014004967633  0.237645326993 -0.075412706225  0.051112613229  0.076823317803  0.068741834053  0.082549347561  0.032083363134  0.014654210931  0.051112613229 -0.000000000000
  0.062745098039  0.415482607647 -0.019483204147  0.352643817395 -0.111905522990  0.162522681400  0.113998740887  0.070488994087  0.114839664963  0.047608761315  0.021745501790  0.162522681400 -0.000000000000
  0.066666666667  0.135305748592 -0.028942970049  0.556606055565 -0.176629473353  0.319240870047  0.179933367252  0.022955391963  0.170598273176  0.075144731139  0.034322671717  0.319240870047 -0.000000000000
  0.070588235294  0.050392532418 -0.022419601901  0.456516324587 -0.144867698047  0.349574743515  0.147577480818  0.008549380538  0.132147646321  0.061632093522  0.028150717704  0.349574743515 -0.000000000000
  0.074509803922 -0.160233041783 -0.027696211210  0.595291763604 -0.188905725414  0.519898545144  0.192439249361 -0.027184449425  0.163249514404  0.080367504230  0.036708195273  0.519898545144 -0.000000000000
  0.078431372549 -0.314743365224 -0.014740751825  0.333507450551 -0.105832922156  0.348197985214  0.107812550692 -0.053398007045  0.086886273332  0.045025251619  0.020565472880  0.348197985214 -0.000000000000
  0.082352941176 -0.344649891333 -0.014887427848  0.353667273825 -0.112230299497  0.462955748588  0.114329592411 -0.058471819771  0.087750824418  0.047746933291  0.021808612420  0.462955748588 -0.000000000000
  0.086274509804 -0.512574150200 -0.002769443519  0.068924099963 -0.021871891899  0.178692754620  0.022281010541 -0.086961128041  0.016323904605  0.009305114289  0.004250150053  0.178692754620 -0.000000000000
  0.090196078431 -0.343292528974  0.001530805537 -0.039829400611  0.012639183465  0.185018166505 -0.012875602225 -0.058241535505 -0.009023012523 -0.005377177575 -0.002456048453  0.185018166505 -0.000000000000
  0.094117647059 -0.456433570798  0.007168266025 -0.194617220755  0.061758467885  0.059241467995 -0.062913673873 -0.077436558548 -0.042251842274 -0.026274343555 -0.012000916827  0.059241467995  0.000000000000
  0.098039215686 -0.176175309013  0.013798190462 -0.390227664237  0.123832118125  0.171403669421 -0.126148425658 -0.029889145988 -0.081330542849 -0.052682777377 -0.024063079948  0.171403669421  0.000000000000
  0.101960784314 -0.182411607713  0.011215191098 -0.329864771158  0.104676979750  0.241520638552 -0.106634986125 -0.030947169631 -0.066105594255 -0.044533470833 -0.020340849939  0.241520638552  0.000000000000
  0.105882352941  0.058406866874  0.017360868151 -0.530262742061  0.168269870463  0.428830490568 -0.171417396116  0.009909058088 -0.102330000077 -0.071588245918 -0.032698232147  0.428830490568  0.000000000000
  0.109803921569  0.168988913347  0.008998526293 -0.285026560198  0.090448335436  0.283053697521 -0.092140191829  0.028669932975 -0.053039927969 -0.038480077641 -0.017575937162  0.283053697521  0.000000000000
  0.113725490196  0.238118065953  0.012209093385 -0.400532096471  0.127102054592  0.462788250387 -0.129479527019  0.040398087992 -0.071963943058 -0.054073929669 -0.024698494603  0.462788250387  0.000000000000
  0.117647058824  0.422789073629  0.003012212807 -0.102226340876  0.032439792149  0.176978646856 -0.033046585735  0.071728577713 -0.017754857311 -0.013801091137 -0.006303706371  0.176978646856  0.000000000000
  0.121568627451  0.279066002055  0.002166109591 -0.075962286628  0.024105340838  0.262782723020 -0.024556236642  0.047345138898 -0.012767679167 -0.010255306331 -0.004684154261  0.262782723020  0.000000000000
  0.125490196078  0.456268432332 -0.003094192855  0.112009089674 -0.035544181243  0.008473347870  0.036209043122  0.077408541866  0.018238071528  0.015121813434  0.006906951830  0.008473347870 -0.000000000000
  0.129411764706  0.174485349811 -0.007348023338  0.274309202293 -0.087047364024  0.064273037623  0.088675604484  0.029602434770  0.043311384096  0.037033178222  0.016915059772  0.064273037623 -0.000000000000
  0.133333333333  0.259080607548 -0.006394820896  0.245959279830 -0.078050997879  0.170937522572  0.079510959294  0.043954502733  0.037692932004  0.033205790288  0.015166884250  0.170937522572 -0.000000000000
  0.137254901961 -0.008353974299 -0.011951508031  0.473202098943 -0.150162644998  0.349671770083  0.152971470939 -0.001417299387  0.070445660153  0.063884760405  0.029179632768  0.349671770083 -0.000000000000
  0.141176470588 -0.063367551127 -0.005882075358  0.239546039710 -0.076015865107  0.229078057634  0.077437758907 -0.010750666465  0.034670660859  0.032339969300  0.014771416875  0.229078057634 -0.000000000000
  0.145098039216 -0.168529333632 -0.010143246357  0.424555633596 -0.134725515867  0.449139590714  0.137245586847 -0.028591962655  0.059787240564  0.057317232935  0.026179886999  0.449139590714 -0.000000000000
  0.149019607843 -0.344745550980 -0.002562812165  0.110168207637 -0.034960008610  0.162609684908  0.035613943410 -0.058488048975  0.015105959379  0.014873284723  0.006793435297  0.162609684908 -0.000000000000
  0.152941176471 -0.225850777652 -0.003624305624  0.159898846311 -0.050741181723  0.315743287424  0.051690306903 -0.038316872565  0.021362710178  0.021587181266  0.009860035756  0.315743287424 -0.000000000000
  0.156862745098 -0.442812056663  0.001397015699 -0.063214570035  0.020060069598  0.017646700763 -0.020435297698 -0.075125590985 -0.008234416355 -0.008534297861 -0.003898076410  0.017646700763  0.000000000000
  0.160784313725 -0.160318819574  0.003881815722 -0.180042353667  0.057133381485  0.022446161620 -0.058202074195 -0.027199002117 -0.022880549505 -0.024306660204 -0.011102169188  0.022446161620 -0.000000000000
  0.164705882353 -0.311295056977  0.003920872296 -0.186289294594  0.059115742034  0.122829085174 -0.060221515243 -0.052812981883 -0.023110760298 -0.025150029929 -0.011487381854  0.122829085174  0.000000000000
  0.168627450980 -0.017398091862  0.008614101678 -0.419019620939  0.132968756324  0.276862630878 -0.135455966722 -0.002951685514 -0.050774017619 -0.056569842248 -0.025838513161  0.276862630878  0.000000000000
  0.172549019608 -0.022129937321  0.004010985875 -0.199645589067  0.063354135122  0.185408068105 -0.064539188424 -0.003754470084 -0.023641915908 -0.026953199599 -0.012310987178  0.185408068105  0.000000000000
  0.176470588235  0.121098653844  0.008564983389 -0.436008493159  0.138359886232  0.427463542719 -0.140947938924  0.020545077309 -0.050484500154 -0.058863428928 -0.026886118516  0.427463542719  0.000000000000
  0.180392156863  0.272962155924  0.002050066723 -0.106679688333  0.033852986289  0.144033012282 -0.034486213988  0.046309586588 -0.012083688795 -0.014402316356 -0.006578318516  0.144033012282  0.000000000000
  0.184313725490  0.182796016332  0.004259274599 -0.226458907873  0.071862886208  0.353570072499 -0.073207097606  0.031012386745 -0.025105401771 -0.030573137996 -0.013964409253  0.353570072499  0.000000000000
  0.188235294118  0.421441383510 -0.000619718286  0.033650495112 -0.010678412802  0.029885041989  0.010878154908  0.071499934398  0.003652799599  0.004542992989  0.002075031138  0.029885041989 -0.000000000000
  0.192156862745  0.142003857408 -0.001751302683  0.097076297357 -0.030805513353  0.096642923649  0.031381737387  0.024091764326  0.010322686752  0.013105808304  0.005986133015  0.096642923649  0.000000000000
  0.196078431373  0.348588933629 -0.002522270700  0.142665055493 -0.045272331060  0.089798147306  0.046119160163  0.059140100762  0.014866996208  0.019260529293  0.008797327690  0.089798147306 -0.000000000000
  0.200000000000  0.029464017825 -0.006321063422  0.364683600758 -0.115726143649  0.207285185693  0.117890827112  0.004998738672  0.037258184026  0.049234195093  0.022487925498  0.207285185693 -0.000000000000
  0.203921568627  0.095281406199 -0.002809778648  0.165284208303 -0.052450134838  0.150456513547  0.053431226370  0.016165033998  0.016561651571  0.022314233326  0.010192119839  0.150456513547 -0.000000000000
  0.207843137255 -0.088533059911 -0.007302535292  0.437829927900 -0.138937887595  0.399160392126  0.141536751933 -0.015020138561  0.043043264342  0.059109332153  0.026998435847  0.399160392126 -0.000000000000
  0.211764705882 -0.204364926384 -0.001593109916  0.097318501021 -0.030882372570  0.124565705321  0.031460034273 -0.034671675354  0.009390252630  0.013138507066  0.006001068312  0.124565705321 -0.000000000000
  0.215686274510 -0.148336863593 -0.004515412165  0.280941565754 -0.089152031865  0.379907430061  0.090819640609 -0.025166194946  0.026615150993  0.037928582008  0.017324039213  0.379907430061 -0.000000000000
  0.219607843137 -0.393536971200  0.000261372220 -0.016557827891  0.005254345315  0.033529564860 -0.005352629022 -0.066765791697 -0.001540603792 -0.002235393440 -0.001021025347  0.033529564860  0.000000000000
  0.223529411765 -0.122810808272  0.000328342065 -0.021171776041  0.006718503356  0.161633869226 -0.006844174467 -0.020835554073 -0.001935343512 -0.002858300592 -0.001305540807  0.161633869226 -0.000000000000
  0.227450980392 -0.374555247243  0.001689294149 -0.110838127865  0.035172596411  0.067694495060 -0.035830507712 -0.063545433966 -0.009957190438 -0.014963727461 -0.006834745397  0.067694495060  0.000000000000
  0.231372549020 -0.033057196207  0.004625376840 -0.308713089089  0.097964852875  0.139499011451 -0.099797307412 -0.005608341878 -0.027263314732 -0.041677883032 -0.019036548211  0.139499011451 -0.000000000000
  0.235294117647 -0.159356751305  0.002006873802 -0.136215718149  0.043225743447  0.123014690730 -0.044034290669 -0.027035781748 -0.011829097171 -0.018389834992 -0.008399634409  0.123014690730  0.000000000000
  0.239215686275  0.066740806649  0.006246563288 -0.431049246038  0.136786153430  0.364757364583 -0.139344769098  0.011322958503 -0.036819058597 -0.058193904607 -0.026580310469  0.364757364583  0.000000000000
  0.243137254902  0.137533732141  0.001211622486 -0.084979647318  0.026966847021  0.105892580128 -0.027471267941  0.023333382079 -0.007141654898 -0.011472697227 -0.005240202668  0.105892580128  0.000000000000
  0.247058823529  0.121281644567  0.004566775115 -0.325466344132  0.103281213676  0.396292175656 -0.105213111933  0.020576122729 -0.026917899140 -0.043939660160 -0.020069624419  0.396292175656  0.000000000000
  0.250980392157  0.359618617760 -0.000112248388  0.008126733073 -0.002578880644  0.031687586110  0.002627119184  0.061011349583  0.000661624603  0.001097151505  0.000501128561  0.031687586110  0.000000000000
  0.254901960784  0.104400752374  0.000671714368 -0.049391692107  0.015673614179  0.218776790652 -0.015966792647  0.017712183089 -0.003959279612 -0.006668136983 -0.003045699587  0.218776790652  0.000000000000
  0.258823529412  0.390709162518 -0.001182312563  0.088273866618 -0.028012211538  0.053873036112  0.028536186235  0.066286037825  0.006968893699  0.011917434076  0.005443338093  0.053873036112 -0.000000000000
  0.262745098039  0.031241167481 -0.003305712200  0.250550776826 -0.079508031428  0.073035796537  0.080995246981  0.005300242247  0.019484827989  0.033825666417  0.015450015276  0.073035796537  0.000000000000
  0.266666666667  0.215694636192 -0.001459317620  0.112257314681 -0.035622951231  0.102189938014  0.036289286520  0.036593825241  0.008601641971  0.015155325110  0.006922258429  0.102189938014 -0.000000000000
  0.270588235294 -0.053114066122 -0.005331275628  0.416136813504 -0.132053946372  0.324649117359  0.134524045045 -0.009011104253  0.031424087247  0.056180648154  0.025660747124  0.324649117359 -0.000000000000
  0.274509803922 -0.072006859211 -0.000902702588  0.071482319733 -0.022683699471  0.089036832620  0.023108003156 -0.012216374355  0.005320791279  0.009650487349  0.004407900649  0.089036832620 -0.000000000000
  0.278431372549 -0.100750273541 -0.004492852408  0.360858060908 -0.114512173585  0.403437454243  0.116654149465 -0.017092858534  0.026482177228  0.048717727188  0.022252026612  0.403437454243 -0.000000000000
  0.282352941176 -0.320075420479  0.000071975736 -0.005862387509  0.001860329057  0.026448486452 -0.001895126929 -0.054302620630 -0.000424245897 -0.000791453001 -0.000361499484  0.026448486452 -0.000000000000
  0.286274509804 -0.087782470720 -0.001394274499  0.115140219932 -0.036537792223  0.268505231592  0.037221239818 -0.014892796824  0.008218258922  0.015544532410  0.007100030499  0.268505231592 -0.000000000000
  0.290196078431 -0.397753777537  0.000875046491 -0.073251876987  0.023245238396  0.046445041207 -0.023680045792 -0.067481196942 -0.005157778209 -0.009889386841 -0.004517018996  0.046445041207  0.000000000000
  0.294117647059 -0.026075876907  0.002241903325 -0.190210310609  0.060360009837  0.008001601944 -0.061489057353 -0.004423921241 -0.013214429451 -0.025679387617 -0.011729168202  0.008001601944 -0.000000000000
  0.298039215686 -0.264722496712  0.001084856911 -0.093269996984  0.029597648610  0.087268176770 -0.030151279263 -0.044911681408 -0.006394461778 -0.012591937829 -0.005751420516  0.087268176770  0.000000000000
  0.301960784314  0.045790717727  0.004516746428 -0.393434414016  0.124849725675  0.279299650759 -0.127185067785  0.007768656429 -0.026623015529 -0.053115705384 -0.024260821634  0.279299650759  0.000000000000
  0.305882352941  0.007888874387  0.000658647430 -0.058117043721  0.018442456245  0.074683379678 -0.018787426524  0.001338392534 -0.003882259285 -0.007846105125 -0.003583741486  0.074683379678  0.000000000000
  0.309803921569  0.086038731912  0.004334631707 -0.387378225199  0.122927897067  0.401737817338 -0.125227290942  0.014596961590 -0.025549578458 -0.052298088191 -0.023887371546  0.401737817338  0.000000000000
  0.313725490196  0.275364842768 -0.000087666835  0.007933799590 -0.002517656481  0.019357709710  0.002564749810  0.046717216115  0.000516733793  0.001071104475  0.000489231470  0.019357709710  0.000000000000
  0.317647058824  0.073631230997  0.001920580746 -0.175984127694  0.055845572434  0.310800017353 -0.056890176387  0.012491958293 -0.011320460828 -0.023758778454 -0.010851921897  0.310800017353  0.000000000000
  0.321568627451  0.396078085327 -0.000694892439  0.064459561805 -0.020455146580  0.043929262967  0.020837764683  0.067196906202  0.004095897895  0.008702378267  0.003974847842  0.043929262967 -0.000000000000
  0.325490196078  0.019084995904 -0.001364103427  0.128079995189 -0.040644010016  0.055147856772  0.041404265335  0.003237878406  0.008040421858  0.017291469804  0.007897951494  0.055147856772  0.000000000000
  0.329411764706  0.306421428305 -0.000832532067  0.079110871117 -0.025104490622  0.077616802666  0.025574075747  0.051986142982  0.004907185846  0.010680381718  0.004878309230  0.077616802666 -0.000000000000
  0.333333333333 -0.043310382082 -0.003778413604  0.363315839538 -0.115292107868  0.229297083447  0.117448672594 -0.007347853340  0.022271067382  0.049049540169  0.022403583586  0.229297083447 -0.000000000000
  0.337254901961  0.054370926952 -0.000471410235  0.045862040072 -0.014553539085  0.063300357913  0.014825766297  0.009224337861  0.002778628869  0.006191615481  0.002828046389  0.063300357913 -0.000000000000
  0.341176470588 -0.076523327560 -0.004115661009  0.405055710605 -0.128537546668  0.391495936585  0.130941870296 -0.012982618970  0.024258901555  0.054684641256  0.024977439687  0.391495936585 -0.000000000000
  0.345098039216 -0.226066717802  0.000129422678 -0.012883947995  0.004088501960  0.011629590060 -0.004164978306 -0.038353508044 -0.000762854858 -0.001739400422 -0.000794478452  0.011629590060 -0.000000000000
  0.349019607843 -0.062408574649 -0.002299421074  0.231507158418 -0.073464862733  0.345430746228  0.074839039462 -0.010587970636  0.013553455776  0.031254678245  0.014275705625  0.345430746228 -0.000000000000
  0.352941176471 -0.385980493456  0.000597123091 -0.060794219263  0.019292012410  0.045079993692 -0.019652873827 -0.065483792149 -0.003519616957 -0.008207537837 -0.003748827396  0.045079993692 -0.000000000000
  0.356862745098 -0.011465750959  0.000629524099 -0.064805171248  0.020564819864  0.115743144088 -0.020949489430 -0.001945230045 -0.003710597910 -0.008749037351 -0.003996159575  0.115743144088 -0.000000000000
  0.360784313725 -0.340564275192  0.000668717373 -0.069596330860  0.022085212951  0.072626024812 -0.022498321811 -0.057778671690 -0.003941614456 -0.009395868979 -0.004291602639  0.072626024812  0.000000000000
  0.364705882353  0.044444901171  0.003101090105 -0.326252046139  0.103530542856  0.175361397050 -0.105467104872  0.007540330975 -0.018278725920 -0.044045734044 -0.020118074111  0.175361397050  0.000000000000
  0.368627450980 -0.114112540373  0.000333624196 -0.035476543899  0.011257878355  0.055189029214 -0.011468459494 -0.019359843314 -0.001966477928 -0.004789519134 -0.002187632991  0.055189029214  0.000000000000
  0.372549019608  0.071602860401  0.003850955295 -0.413854796162  0.131329786946  0.373034242282 -0.133786340055  0.012147833653 -0.022698649179 -0.055872563867 -0.025520028331  0.373034242282  0.000000000000
  0.376470588235  0.172890884020 -0.000179486043  0.019492063934 -0.006185475262  0.004248774335  0.006301175963  0.029331924555  0.001057942879  0.002631530665  0.001201962689  0.004248774335  0.000000000000
  0.380392156863  0.054411519351  0.002561990255 -0.281128657171  0.089211402147  0.372092226049 -0.090880121425  0.009231224593 -0.015101114804 -0.037953840328 -0.017335576058  0.372092226049  0.000000000000
  0.384313725490  0.367778889783 -0.000552607740  0.061263097271 -0.019440802878  0.048800307734  0.019804447454  0.062395786274  0.003257230548  0.008270838822  0.003777740387  0.048800307734  0.000000000000
  0.388235294118  0.004188917077 -0.000010808993  0.001210532195 -0.000384141821  0.172990536051  0.000391327280  0.000710673674  0.000063711345  0.000163428183  0.000074646509  0.172990536051 -0.000000000000
  0.392156862745  0.366850144791 -0.000569982532  0.064478875786 -0.020461275544  0.071676474565  0.020844008291  0.062238219389  0.003359642621  0.008704985755  0.003976038823  0.071676474565 -0.000000000000
  0.396078431373 -0.048112802968 -0.002475474929  0.282836735809 -0.089753431877  0.118334840120  0.091432289943 -0.008162611434  0.014591168340  0.038184439885  0.017440903374  0.118334840120 -0.000000000000
  0.400000000000  0.170553424004 -0.000238703995  0.027543287133 -0.008740394130  0.050506393622  0.008903885162  0.028935361131  0.001406990688  0.003718487942  0.001698434993  0.050506393622 -0.000000000000
  0.403921568627 -0.070666687535 -0.003551110800  0.413768436389 -0.131302382140  0.346752775093  0.133758422636 -0.011989006587  0.020931278625  0.055860904845  0.025514703024  0.346752775093 -0.000000000000
  0.407843137255 -0.116667724271  0.000227002104 -0.026706632664  0.008474896051  0.001980021153 -0.008633420882 -0.019793344835 -0.001338016346 -0.003605535209 -0.001646843358  0.001980021153 -0.000000000000
  0.411764705882 -0.049794853308 -0.002729438410  0.324204104094 -0.102880663249  0.390488039278  0.104805069121 -0.008447980868  0.016088102869  0.043769251148  0.019991789387  0.390488039278 -0.000000000000
  0.415686274510 -0.341867679151  0.000541510777 -0.064933510030  0.020605545996  0.054099214898 -0.020990977353 -0.057999801606 -0.003191821823 -0.008766363758 -0.004004073484  0.054099214898 -0.000000000000
  0.419607843137  0.001952126370 -0.000510203987  0.061756622514 -0.019597414727  0.226035932899  0.019963988764  0.000331189373  0.003007290511  0.008337467314  0.003808173231  0.226035932899 -0.000000000000
  0.423529411765 -0.384986795531  0.000519216526 -0.063434887373  0.020129983562  0.074123933706 -0.020506519417 -0.065315205629 -0.003060413034 -0.008564041855 -0.003911662105  0.074123933706  0.000000000000
  0.427450980392  0.053337058474  0.001896045834 -0.233792857857  0.074190190610  0.059164843155 -0.075577934758  0.009048936177 -0.011175844931 -0.031563259634 -0.014416651472  0.059164843155  0.000000000000
  0.431372549020 -0.222851510747  0.000180724001 -0.022488704025  0.007136408073  0.049277395069 -0.007269896186 -0.037808029829 -0.001065239762 -0.003036092764 -0.001386748128  0.049277395069  0.000000000000
  0.435294117647  0.073079666569  0.003224334371 -0.404873136364  0.128479609835  0.313158893792 -0.130882849742  0.012398382242 -0.019005163427 -0.054659992778 -0.024966181391  0.313158893792  0.000000000000
  0.439215686275  0.058331321534 -0.000265302579  0.033613629175 -0.010666714024  0.006407502688  0.010866237301  0.009896241390  0.001563770468  0.004538015894  0.002072757829  0.006407502688  0.000000000000
  0.443137254902  0.048583169039  0.002816957076 -0.360092920604  0.114269369311  0.400384928135 -0.116406803483  0.008242411721 -0.016603963312 -0.048614429242 -0.022204844841  0.400384928135  0.000000000000
  0.447058823529  0.308747072601 -0.000549855577  0.070910311894 -0.022502182504  0.060072618987  0.022923090873  0.052380701801  0.003241008497  0.009573263296  0.004372628239  0.060072618987  0.000000000000
  0.450980392157 -0.006317232998  0.000946029065 -0.123071708624  0.039054715380  0.274013891829 -0.039785242587 -0.001071754608 -0.005576170121 -0.016615324901 -0.007589119469  0.274013891829  0.000000000000
  0.454901960784  0.394744255794 -0.000503418252  0.066060652239 -0.020963225423  0.079295303061  0.021355347254  0.066970614414  0.002967293419  0.008918533857  0.004073577816  0.079295303061 -0.000000000000
  0.458823529412 -0.059226308508 -0.001359736028  0.179968450243 -0.057109929489  0.001116916071  0.058178183524 -0.010048081035  0.008014679139  0.024296682855  0.011097611992  0.001116916071 -0.000000000000
  0.462745098039  0.270153550262 -0.000154272823  0.020593366330 -0.006534954863  0.051403730930  0.006657192658  0.045833090619  0.000909328836  0.002780212254  0.001269873630  0.051403730930 -0.000000000000
  0.466666666667 -0.078178181034 -0.002877491409  0.387361904583 -0.122922717996  0.272880572172  0.125222014996 -0.013263374301  0.016960770255  0.052295884823  0.023886365148  0.272880572172 -0.000000000000
  0.470588235294  0.001101180819  0.000290410867 -0.039423031762  0.012510229216  0.008527827123 -0.012744235858  0.000186821607 -0.001711766013 -0.005322315654 -0.002430990040  0.008527827123 -0.000000000000
  0.474509803922 -0.050679548817 -0.002836105489  0.388207267132 -0.123190979436  0.401649494653  0.125495294326 -0.008598074507  0.016716829617  0.052410013192  0.023938493760  0.401649494653 -0.000000000000
  0.478431372549 -0.269036196953  0.000567554115 -0.078329078650  0.024856402067  0.065897557563 -0.025321346641 -0.045643525257 -0.003345328826 -0.010574835643 -0.004830100617  0.065897557563  0.000000000000
  0.482352941176  0.008407686041 -0.001305647667  0.181671590757 -0.057650392190  0.316087285998  0.058728755701  0.001426411890  0.007695866632  0.024526615739  0.011202634803  0.316087285998 -0.000000000000
  0.486274509804 -0.395991006943  0.000512386730 -0.071874604707  0.022808184442  0.086492081074 -0.023234816645 -0.067182132857 -0.003020156231 -0.009703447874 -0.004432090592  0.086492081074  0.000000000000
  0.490196078431  0.064969184630  0.000865070947 -0.122325683155  0.038817976874  0.061417738726 -0.039544075835  0.011022392723 -0.005098979456 -0.016514607558 -0.007543116399  0.061417738726  0.000000000000
  0.494117647059 -0.311634209256  0.000154336378 -0.021998585632  0.006980877329  0.056672345251 -0.007111456205 -0.052870521002 -0.000909703445 -0.002969924215 -0.001356525365  0.056672345251  0.000000000000
  0.498039215686  0.085273569949  0.002516661042 -0.361563313329  0.114735973456  0.226669103931 -0.116882135564  0.014467147498 -0.014833931252 -0.048812939957 -0.022295515444  0.226669103931  0.000000000000
  0.501960784314 -0.060552478034 -0.000300173487  0.043464852544 -0.013792832359  0.007972601138  0.014050830380 -0.010273073259  0.001769309732  0.005867982617  0.002680225718  0.007972601138  0.000000000000
  0.505882352941  0.055873938249  0.002796187949 -0.408048682765  0.129487315523  0.394273101940 -0.131909404791  0.009479332300 -0.016481544040 -0.055088708165 -0.025161998945  0.394273101940  0.000000000000
  0.509803921569  0.223475761587 -0.000587227197  0.086358566322 -0.027404423535  0.070833837381  0.027917029421  0.037913937544  0.003461287682  0.011658858510  0.005325232617  0.070833837381  0.000000000000
  0.513725490196 -0.007860282148  0.001595820574 -0.236489174805  0.075045820975  0.351480461000 -0.076449569881 -0.001333541697 -0.009406230037 -0.031927276537 -0.014582917721  0.351480461000  0.000000000000
  0.517647058824  0.388718533762 -0.000537919460  0.080324327404 -0.025489560354  0.094998907313  0.025966348295  0.065948316304  0.003170653561  0.010844204669  0.004953136052  0.094998907313 -0.000000000000
  0.521568627451 -0.069835921528 -0.000411584737  0.061925113679 -0.019650882535  0.120608581287  0.020018456699 -0.011848062395  0.002426000002  0.008360214503  0.003818563105  0.120608581287  0.000000000000
  0.525490196078  0.346528760835 -0.000176217307  0.026712176135 -0.008476655178  0.064764976311  0.008635212913  0.058790580698  0.001038676000  0.003606283607  0.001647185192  0.064764976311 -0.000000000000
  0.529411764706 -0.093660550968 -0.002147430317  0.327950848554 -0.104069628935  0.175394347502  0.106016274677 -0.015890046663  0.012657578101  0.044275081263  0.020222829417  0.175394347502 -0.000000000000
  0.533333333333  0.118909432691  0.000293728437 -0.045189841002  0.014340228133  0.004507261978 -0.014608465316  0.020173663454 -0.001731320735 -0.006100865088 -0.002786595766  0.004507261978 -0.000000000000
  0.537254901961 -0.063852559323 -0.002705093041  0.419236111973 -0.133037456075  0.378388135889  0.135525951518 -0.010832950871  0.015944604192  0.056599069671  0.025851862910  0.378388135889 -0.000000000000
  0.541176470588 -0.172923370262  0.000603470079 -0.094208640990  0.029895511335  0.074229564231 -0.030454713577 -0.029337436031 -0.003557027951 -0.012718659683 -0.005809301256  0.074229564231 -0.000000000000
  0.545098039216  0.004443763115 -0.001821928076  0.286485033707 -0.090911157220  0.379507363687  0.092611670798  0.000753909757  0.010738973333  0.038676979199  0.017665872776  0.379507363687 -0.000000000000
  0.549019607843 -0.373057357075  0.000573308799 -0.090797220405  0.028812954983  0.104095482549 -0.029351907765 -0.063291308355 -0.003379248605 -0.012258100046 -0.005598938707  0.104095482549 -0.000000000000
  0.552941176471  0.073183808958 -0.000000587015  0.000093631944 -0.000029712506  0.177549581301  0.000030268286  0.012416050593  0.000003460036  0.000012640803  0.000005773740  0.177549581301 -0.000000000000
  0.556862745098 -0.374160817055  0.000215486124 -0.034614938414  0.010984462496  0.075269321202 -0.011189929329 -0.063478516634 -0.001270137809 -0.004673197883 -0.002134502771  0.075269321202  0.000000000000
  0.560784313725  0.102628972529  0.001775044038 -0.287144882049  0.091120548879  0.120034361250 -0.092824979175  0.017411590532 -0.010462625197 -0.038766062180 -0.017706561801  0.120034361250  0.000000000000
  0.564705882353 -0.175048240861 -0.000271162032  0.044172022214 -0.014017240636  0.001972207887  0.014279436265 -0.029697932447  0.001598307786  0.005963454224  0.002723832776  0.001972207887  0.000000000000
  0.568627450980  0.074208917705  0.002569813981 -0.421527196526  0.133764492825  0.354277406586 -0.136266587654  0.012589966138 -0.015147230115 -0.056908378078 -0.025993140825  0.354277406586  0.000000000000
  0.572549019608  0.118343302337 -0.000612378063  0.101141267188 -0.032095462453  0.075528363004  0.032695815274  0.020077616211  0.003609534192  0.013654600510  0.006236796161  0.075528363004  0.000000000000
  0.576470588235  0.001944423179  0.001988520833 -0.330676544200  0.104934582131  0.399595361669 -0.106897407016  0.000329882482 -0.011720919437 -0.044643064443 -0.020390907281  0.399595361669  0.000000000000
  0.580392156863  0.349286302707 -0.000613018426  0.102633976202 -0.032569148293  0.113070627733  0.033178361514  0.059258413404  0.003613308681  0.013856124040  0.006328842881  0.113070627733  0.000000000000
  0.584313725490 -0.074464310094  0.000370999388 -0.062533879402  0.019844063993  0.231115903527 -0.020215251659 -0.012633294914 -0.002186778164 -0.008442401062 -0.003856102161  0.231115903527  0.000000000000
  0.588235294118  0.393965812839 -0.000267956983  0.045468669730 -0.014428709692  0.087691965111  0.014698601942  0.066838547127  0.001579416296  0.006138508426  0.002803789519  0.087691965111 -0.000000000000
  0.592156862745 -0.111477674758 -0.001404472051  0.239908678680 -0.076130942422  0.061660648712  0.077554988769 -0.018912823334  0.008278366257  0.032388927460  0.014793778720  0.061660648712 -0.000000000000
  0.596078431373  0.227859914121  0.000233274644 -0.040111327377  0.012728648133  0.011443425107 -0.012966740350  0.038657734026 -0.001374988518 -0.005415239165 -0.002473433244  0.011443425107 -0.000000000000
  0.600000000000 -0.086456549871 -0.002396772652  0.414833844939 -0.131640471439  0.322377754662  0.134102835971 -0.014667846789  0.014127274257  0.056004740577  0.025580400599  0.322377754662 -0.000000000000
  0.603921568627 -0.060791965874  0.000611228137 -0.106482924236  0.033790546547  0.074276830659 -0.034422606296 -0.010313703737 -0.003602756196 -0.014375752173 -0.006566185214  0.074276830659 -0.000000000000
  0.607843137255 -0.011282208720 -0.002099686457  0.368164623726 -0.116830787135  0.411305059982  0.119016133202 -0.001914091057  0.012376161922  0.049704151416  0.022702580023  0.411305059982 -0.000000000000
  0.611764705882 -0.317836057020  0.000652471137 -0.115144132784  0.036539033900  0.121237520464 -0.037222504721 -0.053922699847 -0.003845854417 -0.015545060665 -0.007100271781  0.121237520464 -0.000000000000
  0.615686274510  0.073230409491 -0.000699112111  0.124165913677 -0.039401942760  0.280223392578  0.040138964933  0.012423956639  0.004120769871  0.016763048311  0.007656592757  0.280223392578 -0.000000000000
  0.619607843137 -0.405510543474  0.000329681460 -0.058926076156  0.018699188940  0.101472991350 -0.019048961461 -0.068797176524 -0.001943238298 -0.007955328738 -0.003633629831  0.101472991350 -0.000000000000
  0.623529411765  0.119529511295  0.001040428331 -0.187139387699  0.059385504635  0.001419918978 -0.060496323814  0.020278863326 -0.006132586818 -0.025264796949 -0.011539802173  0.001419918978  0.000000000000
  0.627450980392 -0.276275570798 -0.000181411141  0.032835213743 -0.010419697114  0.023763295161  0.010614599885 -0.046871726320  0.001069289963  0.004432925736  0.002024757458  0.023763295161  0.000000000000
  0.631372549020  0.100043427309  0.002192018695 -0.399232639562  0.126689694023  0.283278559242 -0.129059453154  0.016972938039 -0.012920394952 -0.053898496184 -0.024618364622  0.283278559242  0.000000000000
  0.635294117647  0.001399914984 -0.000598256387  0.109637284097 -0.034791529047  0.070131221877  0.035442312398  0.000237503561  0.003526296934  0.014801607266  0.006760696317  0.070131221877  0.000000000000
  0.639215686275  0.023428514922  0.002159294452 -0.398157942583  0.126348657199  0.414346203426 -0.128712037160  0.003974781181 -0.012727508757 -0.053753406466 -0.024552094283  0.414346203426  0.000000000000
  0.643137254902  0.279287695897 -0.000687906460  0.127623057873 -0.040499008723  0.127949325213  0.041256551761  0.047382750522  0.004054720506  0.017229780875  0.007869774817  0.127949325213  0.000000000000
  0.647058823529 -0.069143204558  0.000984448446 -0.183752320483  0.058310676411  0.323853519700 -0.059401390686 -0.011730539011 -0.005802625114 -0.024807525144 -0.011330941355  0.323853519700  0.000000000000
  0.650980392157  0.408508842914 -0.000396954840  0.074542696637 -0.023654858077  0.116002048891  0.024097327501  0.069305855125  0.002339767137  0.010063654251  0.004596616368  0.116002048891  0.000000000000
  0.654901960784 -0.126146759309 -0.000687361838  0.129854737348 -0.041207194282  0.059486888477  0.041977984089 -0.021401517193  0.004051510347  0.017531069286  0.008007389565  0.059486888477 -0.000000000000
  0.658823529412  0.319291031298  0.000117330746 -0.022298570641  0.007076072474  0.038675612616 -0.007208431996  0.054169544532 -0.000691581503 -0.003010423762 -0.001375023703  0.038675612616 -0.000000000000
  0.662745098039 -0.114367797693 -0.001961346776  0.374970412697 -0.118990488615  0.237715661746  0.121216232382 -0.019403149174  0.011560747651  0.050622968553  0.023122253612  0.237715661746 -0.000000000000
  0.666666666667  0.058648829842  0.000572495071 -0.110097278471  0.034937500445  0.062862666293 -0.035591014224  0.009950108485 -0.003374452254 -0.014863708914 -0.006789061506  0.062862666293 -0.000000000000
  0.670588235294 -0.038130745807 -0.002171158123  0.419994375558 -0.133278078138  0.408589648379  0.135771074471 -0.006469098504  0.012797436681  0.056701439224  0.025898620633  0.408589648379 -0.000000000000
  0.674509803922 -0.234366694130  0.000716282303 -0.139369768437  0.044226627709  0.132614556014 -0.045053896696 -0.039761646366 -0.004221975968 -0.018815648291 -0.008594126423  0.132614556014 -0.000000000000
  0.678431372549  0.061977049282 -0.001226713604  0.240074036808 -0.076183416014  0.361077115636  0.077608443891  0.010514759896  0.007230606335  0.032411251673  0.014803975398  0.361077115636 -0.000000000000
  0.682352941176 -0.402833386926  0.000466330555 -0.091790773721  0.029128242244  0.130635565529 -0.029673092546 -0.068342981647 -0.002748687755 -0.012392234945 -0.005660205385  0.130635565529 -0.000000000000
  0.686274509804  0.130746265762  0.000349431274 -0.069176045439  0.021951842515  0.119827640233 -0.022362456651  0.022181849696 -0.002059649439 -0.009339128247 -0.004265686071  0.119827640233 -0.000000000000
  0.690196078431 -0.355990216615 -0.000043101604  0.008581476328 -0.002723185688  0.055820719546  0.002774123487 -0.060395770634  0.000254053374  0.001158544225  0.000529169943  0.055820719546 -0.000000000000
  0.694117647059  0.128795155540  0.001710359071 -0.342465219923  0.108675518047  0.186561140337 -0.110708317977  0.021850832719 -0.010081353210 -0.046234597375 -0.021117846636  0.186561140337  0.000000000000
  0.698039215686 -0.118139493631 -0.000533647265  0.107455883803 -0.034099298732  0.052360426527  0.034737133760 -0.020043038901  0.003145472000  0.014507106807  0.006626181995  0.052360426527  0.000000000000
  0.701960784314  0.055034310352  0.002139138051 -0.433159410890  0.137455778388  0.394075351982 -0.140026919540  0.009336884639 -0.012608701077 -0.058478787908 -0.026710432114  0.394075351982  0.000000000000
  0.705882352941  0.183932843940 -0.000735204176  0.149705025893 -0.047506346037  0.134711602681  0.048394962890  0.031205256033  0.004333506985  0.020210962149  0.009231441891  0.134711602681  0.000000000000
  0.709803921569 -0.051622766368  0.001425882249 -0.291956499308  0.092647433852  0.391076395065 -0.094380424874 -0.008758096744 -0.008404564182 -0.039415655697 -0.018003266370  0.391076395065  0.000000000000
  0.713725490196  0.388523569730 -0.000534639367  0.110074882853 -0.034930393576  0.144714737221  0.035583774419  0.065915239544  0.003151319735  0.014860685389  0.006787680498  0.144714737221  0.000000000000
  0.717647058824 -0.132813768977 -0.000030471427  0.006308117761 -0.002001773978  0.178363467276  0.002039217609 -0.022532613408  0.000179607442  0.000851628919  0.000388985087  0.178363467276  0.000000000000
  0.721568627451  0.385566862488 -0.000038988647  0.008115436807 -0.002575295966  0.074747213519  0.002623467454  0.065413617296  0.000229810413  0.001095626450  0.000500431985  0.074747213519  0.000000000000
  0.725490196078 -0.142675978122 -0.001444490488  0.302302908178 -0.095930690891  0.130809348152  0.097725095972 -0.024205793439  0.008514246551  0.040812475054  0.018641269481  0.130809348152 -0.000000000000
  0.729411764706  0.175850660710  0.000481985283 -0.101415102122  0.032182359316  0.038632865129 -0.032784337563  0.029834067551 -0.002840961272 -0.013691569659 -0.006253681976  0.038632865129 -0.000000000000
  0.733333333333 -0.073694165539 -0.002067203265  0.437301230196 -0.138770114363  0.371016333700  0.141365840464 -0.012502635497  0.012184696549  0.059037955195  0.026965834122  0.371016333700 -0.000000000000
  0.737254901961 -0.128966489892  0.000742871301 -0.157989178387  0.050135181058  0.133801928526 -0.051072970860 -0.021879900569 -0.004378699248 -0.021329366100 -0.009742277595  0.133801928526 -0.000000000000
  0.741176470588  0.038088600552 -0.001582261419  0.338295291511 -0.107352262125  0.413164802834  0.109360310256  0.006461948321  0.009326308440  0.045671635211  0.020860711302  0.413164802834 -0.000000000000
  0.745098039216 -0.365789409747  0.000599010586 -0.128749042799  0.040856320906  0.157583887944 -0.041620547548 -0.062058259638 -0.003530742403 -0.017381794734 -0.007939207786  0.157583887944 -0.000000000000
  0.749019607843  0.131916910424 -0.000266043820  0.057483400738 -0.018241380411  0.233874022704  0.018582589522  0.022380456240  0.001568139561  0.007760560005  0.003544668393  0.233874022704 -0.000000000000
  0.752941176471 -0.407344086040  0.000126511388 -0.027478103690  0.008719709272  0.094925579103 -0.008882813389 -0.069108247478 -0.000745694869 -0.003709687836 -0.001694415508  0.094925579103 -0.000000000000
  0.756862745098  0.155363826659  0.001169008395 -0.255229488013  0.080992740918  0.071559638458 -0.082507728295  0.026358359308 -0.006890475067 -0.034457316919 -0.015738524297  0.071559638458  0.000000000000
  0.760784313725 -0.230579176574 -0.000418264180  0.091792735649 -0.029128864829  0.021805916504  0.029673726776 -0.039119072411  0.002465370576  0.012392499816  0.005660326366  0.021805916504  0.000000000000
  0.764705882353  0.093588255815  0.001959461076 -0.432242197570  0.137164716327  0.339798598628 -0.139730413098  0.015877781378 -0.011549632791 -0.058354959308 -0.026653872880  0.339798598628  0.000000000000
  0.768627450980  0.070551497429 -0.000738032532  0.163639252715 -0.051928136135  0.129541517332  0.052899463563  0.011969463928  0.004350178138  0.022092155711  0.010090684955  0.129541517332  0.000000000000
  0.772549019608 -0.021498712058  0.001696533270 -0.378080707757  0.119977487899  0.426804248391 -0.122221693709 -0.003647379118 -0.009999859922 -0.051042874667 -0.023314047494  0.426804248391  0.000000000000
  0.776470588235  0.335011473984 -0.000656893232  0.147134964123 -0.046690780607  0.168608774692  0.047564142126  0.056836607295  0.003871919530  0.019863990357  0.009072961067  0.168608774692  0.000000000000
  0.780392156863 -0.127716520430  0.000537038316 -0.120896647930  0.038364496830  0.285182927245 -0.039082113344 -0.021667836120 -0.003165459843 -0.016321680322 -0.007454996073  0.285182927245  0.000000000000
  0.784313725490  0.420791377402 -0.000216967577  0.049088611142 -0.015577436585  0.115763525918  0.015868816029  0.071389657154  0.001278869926  0.006627219466  0.003027010340  0.115763525918  0.000000000000
  0.788235294118 -0.166233393441 -0.000888995043  0.202139555855 -0.064145553102  0.009996226279  0.065345410055 -0.028202443307  0.005239995030  0.027289898170  0.012464775665  0.009996226279  0.000000000000
  0.792156862745  0.281165234927  0.000343644841 -0.078526656763  0.024919100124  0.002118968277 -0.025385217479  0.047701285727 -0.002025542518 -0.010601509723 -0.004842284115  0.002118968277 -0.000000000000
  0.796078431373 -0.114132635060 -0.001820163284  0.417986540857 -0.132640925915  0.300977063624  0.135122004172 -0.019363252492  0.010728571136  0.056430371029  0.025774809096  0.300977063624 -0.000000000000
  0.800000000000 -0.009855398208  0.000719947391 -0.166144833223  0.052723239532  0.121690214864 -0.053709439548 -0.001672024516 -0.004243579063 -0.022430422195 -0.010245189594  0.121690214864 -0.000000000000
  0.803921568627  0.002089115990 -0.001769780724  0.410420676643 -0.130240027473  0.431619341765  0.132676196387  0.000354430443  0.010431601697  0.055408939755  0.025308266070  0.431619341765 -0.000000000000
  0.807843137255 -0.296736861562  0.000706075466 -0.164541045372  0.052214304711  0.177194406413 -0.053190984987 -0.050343100999 -0.004161813907 -0.022213902440 -0.010146293286  0.177194406413 -0.000000000000
  0.811764705882  0.119975828081 -0.000779867848  0.182619551359 -0.057951211378  0.331182803448  0.059035201780  0.020354583514  0.004596767640  0.024654595383  0.011261090043  0.331182803448 -0.000000000000
  0.815686274510 -0.425538635146  0.000307851981 -0.072437123737  0.022986690297  0.136622745134 -0.023416661493 -0.072195056506 -0.001814569003 -0.009779390887 -0.004466777882  0.136622745134 -0.000000000000
  0.819607843137  0.174698069720  0.000609318572 -0.144061061990  0.045715329999  0.052634331057 -0.046570445496  0.029638523916 -0.003591500665 -0.019448997478 -0.008883411326  0.052634331057 -0.000000000000
  0.823529411765 -0.326517059190 -0.000259623256  0.061676368796 -0.019571947574  0.020081848481  0.019938045241 -0.055395481377  0.001530294887  0.008326632642  0.003803224449  0.020081848481  0.000000000000
  0.827450980392  0.134697987019  0.001653694346 -0.394724067309  0.125258975233  0.255267589534 -0.127601972447  0.022852281746 -0.009747354861 -0.053289815329 -0.024340347083  0.255267589534  0.000000000000
  0.831372549020 -0.051892812097 -0.000688349107  0.165082305136 -0.052386064299  0.110118677840  0.053365957376 -0.008803911542  0.004057329596  0.022286975341  0.010179669640  0.110118677840  0.000000000000
  0.835294117647  0.019798932918  0.001803498372 -0.434561521030  0.137900714215  0.427408301224 -0.140480177992  0.003359001893 -0.010630343306 -0.058668080116 -0.026796892125  0.427408301224  0.000000000000
  0.839215686275  0.251671348191 -0.000744701020  0.180281694839 -0.057209332339  0.182801952115  0.058279445726  0.042697479625  0.004389484140  0.024338972515  0.011116927972  0.182801952115  0.000000000000
  0.843137254902 -0.108567312300  0.000992349929 -0.241356618822  0.076590421621  0.370859317291 -0.078023062629 -0.018419063744 -0.005849198751 -0.032584406958 -0.014883064803  0.370859317291  0.000000000000
  0.847058823529  0.421386920264 -0.000396711867  0.096935946081 -0.030760975261  0.156836741346  0.031336366200  0.071490694397  0.002338334985  0.013086860147  0.005977478365  0.156836741346  0.000000000000
  0.850980392157 -0.180226615626 -0.000334596972  0.082136775666 -0.026064710011  0.115047518657  0.026552256256 -0.030576473261  0.001972211750  0.011088894672  0.005064899239  0.115047518657  0.000000000000
  0.854901960784  0.365634605404  0.000167963898 -0.041421741029  0.013144485638  0.044352876007 -0.013390356189  0.062031996199 -0.000990028008 -0.005592151867 -0.002554238864  0.044352876007  0.000000000000
  0.858823529412 -0.154627205955 -0.001464545788  0.362829825109 -0.115137879448  0.203535290534  0.117291559297 -0.026233387404  0.008632458316  0.048983925677  0.022373613891  0.203535290534  0.000000000000
  0.862745098039  0.113426714998  0.000643407634 -0.160127085995  0.050813609708  0.094812712193 -0.051764089670  0.019243489127 -0.003792431498 -0.021617994819 -0.009874109975  0.094812712193 -0.000000000000
  0.866666666667 -0.043728027209 -0.001799590426  0.449906075689 -0.142770047887  0.414150267806  0.145440593642 -0.007418709218  0.010607308739  0.060739675319  0.027743101939  0.414150267806 -0.000000000000
  0.870588235294 -0.200667860211  0.000771281605 -0.193696537907  0.061466304829  0.184964331074 -0.062616045841 -0.034044446991 -0.004546157830 -0.026150046551 -0.011944143649  0.184964331074 -0.000000000000
  0.874509803922  0.093476978988 -0.001172787875  0.295855904356 -0.093884843782  0.403313671596  0.095640980834  0.015858902630  0.006912752423  0.039942095790  0.018243720095  0.403313671596 -0.000000000000
  0.878431372549 -0.408315667660  0.000481200472 -0.121935446651  0.038694141951  0.175729355860 -0.039417924552 -0.069273081841 -0.002836335368 -0.016461923587 -0.007519052774  0.175729355860 -0.000000000000
  0.882352941176  0.182358530723  0.000069158361 -0.017602855282  0.005585966999  0.175946568883 -0.005690453764  0.030938164817 -0.000407639468 -0.002376477608 -0.001085466134  0.175946568883 -0.000000000000
  0.886274509804 -0.397631738756 -0.000070636077  0.018058884640 -0.005730680167  0.070164493396  0.005837873824 -0.067460492367  0.000416349560  0.002438043958  0.001113586823  0.070164493396 -0.000000000000
  0.890196078431  0.173253658981  0.001257280179 -0.322859698198  0.102454038883  0.146779361214 -0.104370464651  0.029393471396 -0.007410774605 -0.043587749314 -0.019908887661  0.146779361214 -0.000000000000
  0.894117647059 -0.173467811880 -0.000585691400  0.151063521367 -0.047937441490  0.075874852696  0.048834122081 -0.029429803657  0.003452235248  0.020394366149  0.009315212439  0.075874852696  0.000000000000
  0.898039215686  0.069176007343  0.001760357272 -0.456028737389  0.144712970535  0.392008834038 -0.147419859094  0.011736104190 -0.010376057130 -0.061566266698 -0.028120651025  0.392008834038  0.000000000000
  0.901960784314  0.144711515436 -0.000784704591  0.204169064886 -0.064789583306  0.183300105914  0.066001486988  0.024551133954  0.004625276808  0.027563892513  0.012589923733  0.183300105914  0.000000000000
  0.905882352941 -0.074805918396  0.001319988223 -0.344935542279  0.109459432868  0.427783030291 -0.111506896101 -0.012691250710 -0.007780394030 -0.046568103824 -0.021270177108  0.427783030291  0.000000000000
  0.909803921569  0.386486165147 -0.000559125229  0.146741510052 -0.046565924643  0.192633569505  0.047436950704  0.065569582236  0.003295646518  0.019810871997  0.009048699033  0.192633569505  0.000000000000
  0.913725490196 -0.180717751373  0.000182999787 -0.048235014869  0.015306562313  0.234048918406 -0.015592874993 -0.030659797242 -0.001078653907 -0.006511979501 -0.002974374001  0.234048918406  0.000000000000
  0.917647058824  0.421756370102 -0.000030247282  0.008006784259 -0.002540816926  0.096914799015  0.002588343476  0.071553373669  0.000178286268  0.001080957788  0.000493732012  0.096914799015  0.000000000000
  0.921568627451 -0.189919723975 -0.001036487422  0.275542001573 -0.087438571927  0.086114730478  0.089074130018 -0.032220964377  0.006109357957  0.037199612578  0.016991079363  0.086114730478  0.000000000000
  0.925490196078  0.230751608323  0.000516127091 -0.137792179198  0.043726006572  0.053523107225 -0.044543911329  0.039148326441 -0.003042203005 -0.018602665486 -0.008496845632  0.053523107225 -0.000000000000
  0.929411764706 -0.095549451351 -0.001688471941  0.452687084797 -0.143652553870  0.361331671425  0.146339607097 -0.016210509387  0.009952344107  0.061115126106  0.027914590664  0.361331671425 -0.000000000000
  0.933333333333 -0.084901535515  0.000784235424 -0.211144281203  0.067003049675  0.177525336617 -0.068256356741 -0.014404029735 -0.004622511406 -0.028505583229 -0.013020044924  0.177525336617 -0.000000000000
  0.937254901961  0.052769067077 -0.001433270841  0.387509252738 -0.122969476430  0.443658396505  0.125269648056  0.008952573197  0.008448114691  0.052315777595  0.023895451255  0.443658396505 -0.000000000000
  0.941176470588 -0.356241186191  0.000628490576 -0.170634137647  0.054147844004  0.206910157433 -0.055160691566 -0.060438349054 -0.003704506026 -0.023036501792 -0.010522018996  0.206910157433 -0.000000000000
  0.945098039216  0.175024337739 -0.000418250352  0.114027412094 -0.036184661566  0.288112835767  0.036861503773  0.029693877146  0.002465289072  0.015394297526  0.007031410084  0.288112835767 -0.000000000000
  0.949019607843 -0.437408082195  0.000132488552 -0.036270173294  0.011509723158  0.123945124422 -0.011725015110 -0.074208775895 -0.000780926014 -0.004896663256 -0.002236571519  0.123945124422 -0.000000000000
  0.952941176471  0.203995181569  0.000806735674 -0.221765225220  0.070373425778  0.022750916089 -0.071689776484  0.034608946037 -0.004755134413 -0.029939466268 -0.013674977028  0.022750916089 -0.000000000000
  0.956862745098 -0.284053866536 -0.000435957191  0.120334340446 -0.038186058105  0.028086860194  0.038900336883 -0.048191358555  0.002569658324  0.016245765868  0.007420321828  0.028086860194  0.000000000000
  0.960784313725  0.122198970194  0.001586947767 -0.439829776074  0.139572505430  0.322646222216 -0.142183240436  0.020731752254 -0.009353931137 -0.059379322125 -0.027121754901  0.322646222216  0.000000000000
  0.964705882353  0.022430398372 -0.000769514486  0.214144940087 -0.067955257782  0.167463098933  0.069226376114  0.003805445015  0.004535741918  0.028910687886  0.013205078179  0.167463098933  0.000000000000
  0.968627450980 -0.027691169037  0.001512471348 -0.422610243716  0.134108179447  0.450499520584 -0.136616703010 -0.004697964763 -0.008914945486 -0.057054595118 -0.026059926072  0.450499520584  0.000000000000
  0.972549019608  0.318100742370 -0.000687535099  0.192886780808 -0.061209342173  0.217965764435  0.062354276642  0.053967605226  0.004052531595  0.026040725104  0.011894210618  0.217965764435  0.000000000000
  0.976470588235 -0.165103858103  0.000633373502 -0.178408338081  0.056614854405  0.336963633948 -0.057673847950 -0.028010811195 -0.003733287412 -0.024086059546 -0.011001408911  0.336963633948  0.000000000000
  0.980392156863  0.444152827672 -0.000233861839  0.066138642857 -0.020987974420  0.150557041737  0.021380559187  0.075353060434  0.001378449613  0.008929062998  0.004078387046  0.150557041737  0.000000000000
  0.984313725490 -0.214895035813 -0.000572518883  0.162562154797 -0.051586337414  0.042031487278  0.052551271421 -0.036458168477  0.003374592610  0.021946741854  0.010024266565  0.042031487278  0.000000000000
  0.988235294118  0.332216448637  0.000346695294 -0.098833550751  0.031363147857  0.000000000000 -0.031949802569  0.056362415303 -0.002043522778 -0.013343046710 -0.006094492654  0.000000000000 -0.000000000000
  0.992156862745 -0.148435975530 -0.001459098423  0.417600509112 -0.132518425301  0.000000000000  0.134997212156 -0.025183009851  0.008600349959  0.056378254723  0.025751004754  0.000000000000 -0.000000000000
  0.996078431373  0.041439342491  0.000740548243 -0.212785966641  0.067524010651  0.128844720384 -0.068787062409  0.007030420802 -0.004365006465 -0.028727219357 -0.013121278157  0.128844720384 -0.000000000000
  1.000000000000  0.000000000000 -0.001557935624  0.449412966792 -0.142613568158  0.263564342762  0.145281186924  0.000000000000  0.009182925136  0.060673103036  0.027712694769  0.263564342762 -0.000000000000
