             Rad         v_r[Re]         v_t[Re]         v_x[Re]         p[Re]          p_mg[Re]  p_no_phase[Re]         v_r[Im]         v_t[Im]         v_x[Im]         p[Im]          p_mg[Im]  p_no_phase[Im]
  0.000000000000 -0.091346259011  0.000000000000 -0.056314244192  0.000000000000  0.054110407526  0.000000000000  0.117286318822  0.000000000000 -0.034568767338 -0.000000000000  0.054110407526  0.000000000000
  0.003921568627 -0.103325500261 -0.022434530783  0.073937097925  0.000000000000  0.129627750380 -0.000000000000  0.092379352734 -0.069074121516  0.117680358412  0.000000000000  0.129627750380  0.000000000000
  0.007843137255 -0.130225637779  0.043454904000 -0.057083770715  0.000000000000  0.047402922805  0.000000000000  0.002935776247 -0.053057019279  0.107088659376 -0.000000000000  0.047402922805  0.000000000000
  0.011764705882 -0.051216865909  0.020933073069 -0.043768834941 -0.000000000000  0.119464529510 -0.000000000000  0.017457630111 -0.043274351703  0.101820291758  0.000000000000  0.119464529510 -0.000000000000
  0.015686274510 -0.127160511991  0.021953562126 -0.005756342775  0.000000000000  0.012099150742  0.000000000000 -0.025170575255 -0.149336912711  0.346360201786 -0.000000000000  0.012099150742  0.000000000000
  0.019607843137 -0.046421835882 -0.014814136313 -0.028603343576  0.000000000000  0.022585869303  0.000000000000  0.009594281829 -0.009242398102 -0.011804308630 -0.000000000000  0.022585869303  0.000000000000
  0.023529411765 -0.119071789880  0.023701242079 -0.031426924390 -0.000000000000  0.026333175293 -0.000000000000 -0.009678980616 -0.010676085485  0.011249731170  0.000000000000  0.026333175293 -0.000000000000
  0.027450980392 -0.010907523391 -0.036106816603 -0.009291201481 -0.000000000000  0.060203201613 -0.000000000000  0.005235970031  0.102013415610  0.147098026642  0.000000000000  0.060203201613 -0.000000000000
  0.031372549020 -0.019204973848 -0.017450332613  0.001064376167  0.000000000000  0.067475686834  0.000000000000  0.011886566860 -0.003870657311  0.122774514765 -0.000000000000  0.067475686834  0.000000000000
  0.035294117647  0.024056303773 -0.013086682295 -0.004455007832  0.000000000000  0.034442320489  0.000000000000  0.010711226344 -0.057257345297 -0.030229215434 -0.000000000000  0.034442320489  0.000000000000
  0.039215686275 -0.057901591010  0.002454456564  0.007312480289 -0.000000000000  0.022904805567 -0.000000000000  0.016487305511 -0.113595250227  0.295005377665  0.000000000000  0.022904805567 -0.000000000000
  0.043137254902  0.067324110816  0.009195616898  0.039688659215 -0.000000000000  0.017787651002 -0.000000000000  0.004520223063 -0.020854062953  0.428832095173  0.000000000000  0.017787651002 -0.000000000000
  0.047058823529  0.034387332008  0.029722713272  0.020940593234 -0.000000000000  0.009325423637  0.000000000000  0.001945466026 -0.109934249927 -0.171878589896 -0.000000000000  0.009325423637  0.000000000000
  0.050980392157 -0.019987440219  0.007633292203 -0.005759662078  0.000000000000  0.035389127418 -0.000000000000 -0.011186257263  0.022341221131 -0.236762416296  0.000000000000  0.035389127418  0.000000000000
  0.054901960784 -0.017562126229  0.003946499290 -0.041467943975 -0.000000000000  0.063444489005 -0.000000000000  0.002823517396 -0.069235803909  0.107579750257  0.000000000000  0.063444489005 -0.000000000000
  0.058823529412 -0.009134798399 -0.013976726029 -0.081947924403 -0.000000000000  0.043545135516 -0.000000000000 -0.001875895574  0.032412637363  0.111111537551  0.000000000000  0.043545135516 -0.000000000000
  0.062745098039  0.021347984841  0.013756842896 -0.008428338683  0.000000000000  0.031037719640 -0.000000000000  0.028225057708 -0.011782629220 -0.184927805472  0.000000000000  0.031037719640  0.000000000000
  0.066666666667 -0.063096092495 -0.003772482629  0.055139206804  0.000000000000  0.070283757947  0.000000000000 -0.006639751274 -0.106348271139  0.141346778500 -0.000000000000  0.070283757947  0.000000000000
  0.070588235294  0.040701338069 -0.028621719691 -0.020007150398  0.000000000000  0.031597207195  0.000000000000  0.015478368985  0.028181417735  0.116612326533 -0.000000000000  0.031597207195  0.000000000000
  0.074509803922 -0.030869043364  0.001024386606  0.050965925909 -0.000000000000  0.036215777647  0.000000000000  0.003231439658  0.044132646536  0.065116003145 -0.000000000000  0.036215777647 -0.000000000000
  0.078431372549  0.070265586208 -0.018707149328 -0.050068023386  0.000000000000  0.009885544451 -0.000000000000  0.001598132030  0.030155177178  0.215751598762  0.000000000000  0.009885544451  0.000000000000
  0.082352941176  0.024541080186 -0.040443577216 -0.065252367158 -0.000000000000  0.064894890999  0.000000000000  0.019902735637  0.108293020271 -0.236588558798 -0.000000000000  0.064894890999 -0.000000000000
  0.086274509804  0.026702364446  0.009005819408  0.059265439068  0.000000000000  0.061849470812  0.000000000000  0.024465614310  0.033859324784 -0.070377821956 -0.000000000000  0.061849470812  0.000000000000
  0.090196078431  0.009870402802 -0.006334456201  0.008738693729  0.000000000000  0.047528453946  0.000000000000  0.000546934735  0.082451199384 -0.385468704371 -0.000000000000  0.047528453946  0.000000000000
  0.094117647059 -0.060592724288  0.005356294966  0.014200546011  0.000000000000  0.018716525117 -0.000000000000  0.023235073513  0.051591611618 -0.325418294830  0.000000000000  0.018716525117  0.000000000000
  0.098039215686 -0.061558279958 -0.014823616029 -0.005929287116 -0.000000000000  0.054494413530  0.000000000000 -0.005994598267  0.294708030905 -0.115334111749 -0.000000000000  0.054494413530 -0.000000000000
  0.101960784314 -0.038667485900 -0.019040488972 -0.036017131723 -0.000000000000  0.060526432245  0.000000000000  0.027636560361 -0.162377321875  0.249893280202 -0.000000000000  0.060526432245 -0.000000000000
  0.105882352941 -0.018233407884 -0.003933483416  0.003934089675 -0.000000000000  0.018497169901  0.000000000000  0.004225062058 -0.057492471361 -0.006007667714 -0.000000000000  0.018497169901 -0.000000000000
  0.109803921569 -0.047404898341 -0.015150841911  0.059356724951  0.000000000000  0.024073298294 -0.000000000000  0.026877810908  0.043535152876 -0.194621587632  0.000000000000  0.024073298294  0.000000000000
  0.113725490196 -0.059509496982 -0.034367658884  0.053431808141 -0.000000000000  0.131655594163  0.000000000000 -0.011048473618 -0.070162134683  0.209461841886 -0.000000000000  0.131655594163 -0.000000000000
  0.117647058824  0.001782934934 -0.021173317449  0.003932584249 -0.000000000000  0.042060185746  0.000000000000  0.018411041181 -0.026687258245  0.324584285027 -0.000000000000  0.042060185746 -0.000000000000
  0.121568627451  0.021671976198  0.011334334856 -0.011190816113 -0.000000000000  0.074652913544  0.000000000000 -0.010480893971  0.010096464639  0.490955227166 -0.000000000000  0.074652913544 -0.000000000000
  0.125490196078  0.130041820308 -0.010271965749 -0.042936982901  0.000000000000  0.107399008043 -0.000000000000  0.020550436628  0.111768450786  0.055608558413  0.000000000000  0.107399008043  0.000000000000
  0.129411764706  0.042053603983  0.024183900876 -0.044036627729 -0.000000000000  0.061643100952  0.000000000000  0.000744054465 -0.025243222502 -0.212976150623 -0.000000000000  0.061643100952 -0.000000000000
  0.133333333333  0.068753293112 -0.041169619705 -0.082831190882 -0.000000000000  0.153167103223  0.000000000000  0.029086804344  0.060105137570 -0.571457104757 -0.000000000000  0.153167103223 -0.000000000000
  0.137254901961 -0.104320064984  0.023410065330  0.052792028674 -0.000000000000  0.040451164274  0.000000000000  0.025531763948 -0.099814688348 -0.474044684338 -0.000000000000  0.040451164274 -0.000000000000
  0.141176470588 -0.060626204079  0.004244704892  0.042174339359  0.000000000000  0.103546635109 -0.000000000000  0.011150572805 -0.168115646115 -0.126022547204  0.000000000000  0.103546635109  0.000000000000
  0.145098039216 -0.152578529935  0.009473452255  0.012843751309 -0.000000000000  0.068620017746  0.000000000000  0.013414682730  0.085012205890  0.012205729703 -0.000000000000  0.068620017746 -0.000000000000
  0.149019607843 -0.039997166785  0.020258272772 -0.004318321768 -0.000000000000  0.010469632392 -0.000000000000  0.006043454339 -0.035596022360  0.196537406789  0.000000000000  0.010469632392 -0.000000000000
  0.152941176471 -0.102838037043 -0.006804351848 -0.042573623249 -0.000000000000  0.053173875546 -0.000000000000  0.012093129431 -0.040100034472 -0.105492743425  0.000000000000  0.053173875546 -0.000000000000
  0.156862745098 -0.066416047546  0.019762715615  0.053214093380 -0.000000000000  0.050108045914 -0.000000000000  0.017251535116 -0.133234683180  0.395750899447  0.000000000000  0.050108045914 -0.000000000000
  0.160784313725 -0.009376415547 -0.003369964029  0.034413458877  0.000000000000  0.042025047514  0.000000000000 -0.004657900162 -0.041088607182  0.067046258033 -0.000000000000  0.042025047514  0.000000000000
  0.164705882353 -0.052438872552 -0.007322992462  0.011836179807 -0.000000000000  0.062093613572  0.000000000000  0.008810544023 -0.113344486755  0.257122161807 -0.000000000000  0.062093613572 -0.000000000000
  0.168627450980  0.049547440809  0.009849922049  0.010122454380 -0.000000000000  0.103395366194  0.000000000000 -0.007474448117  0.084361230820  0.338691184611 -0.000000000000  0.103395366194 -0.000000000000
  0.172549019608  0.041650866603  0.008127724539 -0.024220523207  0.000000000000  0.054236179848 -0.000000000000  0.005595527653  0.027810548730  0.045419692300  0.000000000000  0.054236179848  0.000000000000
  0.176470588235  0.062056880662  0.012483270374 -0.015633124240 -0.000000000000  0.056809706280  0.000000000000 -0.002135511402 -0.047852847528  0.261600173668 -0.000000000000  0.056809706280 -0.000000000000
  0.180392156863  0.103031398838 -0.016688218725 -0.025314642327  0.000000000000  0.004881011294  0.000000000000  0.008667906542  0.038106605037 -0.026545977053 -0.000000000000  0.004881011294  0.000000000000
  0.184313725490  0.053950747735 -0.003235220014  0.018007657303  0.000000000000  0.099683834548  0.000000000000  0.005556979695 -0.114888373594 -0.131155807416 -0.000000000000  0.099683834548  0.000000000000
  0.188235294118  0.056668788438 -0.015937964856  0.035570755939 -0.000000000000  0.016938353113  0.000000000000  0.003998892932 -0.036343097528 -0.169899537636 -0.000000000000  0.016938353113 -0.000000000000
  0.192156862745  0.004142776982 -0.012471423347  0.003337533483  0.000000000000  0.112253496601 -0.000000000000 -0.002581021142 -0.172770303258  0.218779318440  0.000000000000  0.112253496601  0.000000000000
  0.196078431373  0.099593204710 -0.016601806991 -0.006579756126  0.000000000000  0.095700627483 -0.000000000000  0.004249758336 -0.029902977430  0.073321167521  0.000000000000  0.095700627483  0.000000000000
  0.200000000000  0.016935743284 -0.000581194087  0.061648051636  0.000000000000  0.136956955210 -0.000000000000  0.000297330764  0.133654805789  0.008477122171  0.000000000000  0.136956955210  0.000000000000
  0.203921568627  0.111628028871  0.001963450116 -0.007430205186 -0.000000000000  0.182674948316  0.000000000000 -0.011833455527  0.148335382132  0.273923693008 -0.000000000000  0.182674948316 -0.000000000000
  0.207843137255  0.095666808956 -0.003523585734 -0.014604714043 -0.000000000000  0.066246077362  0.000000000000  0.002543966348 -0.099002651514  0.138411478069 -0.000000000000  0.066246077362 -0.000000000000
  0.211764705882  0.136732069719  0.017784215968  0.085893164231  0.000000000000  0.088716636349  0.000000000000 -0.007845297365 -0.078820845351  0.369903876941 -0.000000000000  0.088716636349  0.000000000000
  0.215686274510  0.181470973021  0.003070684835  0.026972955425 -0.000000000000  0.016459668921  0.000000000000 -0.020938545625 -0.089087450288 -0.225609396573 -0.000000000000  0.016459668921  0.000000000000
  0.219607843137  0.064671189175 -0.010244024802 -0.047068123657 -0.000000000000  0.081805832875  0.000000000000 -0.014358971291 -0.089338177548 -0.322721227216 -0.000000000000  0.081805832875 -0.000000000000
  0.223529411765  0.088408426626  0.001007634928 -0.002792304444  0.000000000000  0.041711851256  0.000000000000 -0.007388617358 -0.154520650494 -0.230368065149 -0.000000000000  0.041711851256  0.000000000000
  0.227450980392 -0.009501360440  0.002706745647  0.046325994549 -0.000000000000  0.118574225518  0.000000000000 -0.013440418549  0.012386360371 -0.038537322997 -0.000000000000  0.118574225518 -0.000000000000
  0.231372549020  0.079515174371  0.000342996767  0.006858801105  0.000000000000  0.013720603594  0.000000000000 -0.019223197887 -0.053319965893 -0.088967982692 -0.000000000000  0.013720603594  0.000000000000
  0.235294117647 -0.039071306340  0.002526182603  0.011493899887 -0.000000000000  0.079769028528  0.000000000000 -0.014605189356 -0.019307704422  0.141532945675 -0.000000000000  0.079769028528 -0.000000000000
  0.239215686275  0.116532448255  0.010311770584 -0.032401897924  0.000000000000  0.053534654781  0.000000000000 -0.021909711563  0.001009454926  0.210833553046 -0.000000000000  0.053534654781  0.000000000000
  0.243137254902  0.012294034567  0.002037521737 -0.051429591611  0.000000000000  0.018158768538 -0.000000000000 -0.006091935410 -0.048780655060 -0.128761370894  0.000000000000  0.018158768538 -0.000000000000
  0.247058823529  0.079325623957  0.002389844736 -0.012176017852  0.000000000000  0.072406682234  0.000000000000 -0.008399005667  0.002161326031 -0.242408208862 -0.000000000000  0.072406682234  0.000000000000
  0.250980392157 -0.053461707287 -0.003666532965 -0.014904121987  0.000000000000  0.024198058555  0.000000000000 -0.002793763842 -0.018573225899 -0.372957258905 -0.000000000000  0.024198058555  0.000000000000
  0.254901960784 -0.017669690036  0.029520737250  0.130407444767  0.000000000000  0.128815763029  0.000000000000 -0.004186039756  0.042780177270 -0.042037279000 -0.000000000000  0.128815763029  0.000000000000
  0.258823529412 -0.061275536524 -0.014147746438 -0.050529179895  0.000000000000  0.082650970421 -0.000000000000 -0.038575072985  0.049051883759 -0.033229399866  0.000000000000  0.082650970421  0.000000000000
  0.262745098039 -0.021527438957 -0.003023338699 -0.061215335680  0.000000000000  0.027428491314  0.000000000000  0.011050584137  0.077230424404 -0.270710818654 -0.000000000000  0.027428491314  0.000000000000
  0.266666666667 -0.126796225036  0.008925988397  0.089066533292  0.000000000000  0.046078544916 -0.000000000000 -0.022720434007  0.032742198547 -0.252027634293  0.000000000000  0.046078544916  0.000000000000
  0.270588235294 -0.081761704135 -0.013713606372 -0.107341844817  0.000000000000  0.146342279636 -0.000000000000 -0.012091594125  0.027418609698  0.367914501151  0.000000000000  0.146342279636  0.000000000000
  0.274509803922 -0.026650038262 -0.019273514443 -0.068222268379  0.000000000000  0.014735086293 -0.000000000000  0.006488266058 -0.162002096221  0.170835494524  0.000000000000  0.014735086293  0.000000000000
  0.278431372549 -0.045594662726  0.005466953092  0.075459992869  0.000000000000  0.068386677428 -0.000000000000  0.006660257685  0.024507562177  0.649030721123  0.000000000000  0.068386677428 -0.000000000000
  0.282352941176  0.145696260444  0.006264858391  0.053775069331  0.000000000000  0.112590285799 -0.000000000000 -0.013735446902  0.013274586075  0.235875044450  0.000000000000  0.112590285799  0.000000000000
  0.286274509804  0.012762374220 -0.004044740238 -0.005945233607 -0.000000000000  0.186332418812 -0.000000000000 -0.007365091467  0.011981085703 -0.300777963733  0.000000000000  0.186332418812 -0.000000000000
  0.290196078431  0.067368342442 -0.019718050186 -0.026518106120  0.000000000000  0.078661470660 -0.000000000000 -0.011757724533 -0.051349703621 -0.461877221884  0.000000000000  0.078661470660  0.000000000000
  0.294117647059 -0.112586266319  0.002794116670  0.053252316795  0.000000000000  0.152828632263 -0.000000000000  0.000951363624 -0.003436558231  0.437360652629  0.000000000000  0.152828632263  0.000000000000
  0.298039215686  0.184530014054  0.024292210398  0.091969532053 -0.000000000000  0.024862942902 -0.000000000000 -0.025854288110 -0.032486954090  0.168847386252  0.000000000000  0.024862942902 -0.000000000000
  0.301960784314 -0.075009051492 -0.009249942695 -0.083460249338  0.000000000000  0.096394431346 -0.000000000000 -0.023691119868  0.004728542170 -0.129757634597  0.000000000000  0.096394431346  0.000000000000
  0.305882352941  0.152800375059 -0.000914687760 -0.017664282700 -0.000000000000  0.067568772494 -0.000000000000 -0.002938744814  0.167642019033  0.330573907116  0.000000000000  0.067568772494 -0.000000000000
  0.309803921569  0.016094567670  0.000851285461 -0.005957793512  0.000000000000  0.113994790745 -0.000000000000 -0.018950747248  0.072166188227 -0.228188398938  0.000000000000  0.113994790745 -0.000000000000
  0.313725490196  0.096389804102 -0.000068802227 -0.030233072783 -0.000000000000  0.001818622564 -0.000000000000 -0.000944489047  0.115947062122  0.180470994908  0.000000000000  0.001818622564 -0.000000000000
  0.317647058824  0.066664135127  0.011727288465 -0.036874652622 -0.000000000000  0.022315457379 -0.000000000000 -0.011019623595  0.168905850918  0.040548423364  0.000000000000  0.022315457379 -0.000000000000
  0.321568627451  0.113685700746  0.002487805909 -0.040612822212 -0.000000000000  0.024906811274 -0.000000000000  0.008388907126  0.046715856036 -0.246725956520  0.000000000000  0.024906811274 -0.000000000000
  0.325490196078  0.001666617358 -0.002617978403 -0.045923037521  0.000000000000  0.059162603469  0.000000000000 -0.000727856174 -0.097441535647 -0.383354916434 -0.000000000000  0.059162603469  0.000000000000
  0.329411764706  0.008726056106  0.014202573848  0.006863778310 -0.000000000000  0.005901763215  0.000000000000  0.020538636344 -0.025108374282  0.093211771324 -0.000000000000  0.005901763215 -0.000000000000
  0.333333333333  0.024632307789 -0.002946662739 -0.047597703810  0.000000000000  0.037134764770  0.000000000000 -0.003687636212 -0.004028773033  0.156851235725 -0.000000000000  0.037134764770  0.000000000000
  0.337254901961  0.048963742087 -0.011413803538 -0.007167922694 -0.000000000000  0.075575649424  0.000000000000  0.033207914870 -0.004026018724 -0.110308268074 -0.000000000000  0.075575649424 -0.000000000000
  0.341176470588 -0.005532403467  0.001941304755  0.036629500142 -0.000000000000  0.092871021915 -0.000000000000 -0.002055072001  0.005145210821 -0.078977905172  0.000000000000  0.092871021915 -0.000000000000
  0.345098039216  0.028679666848  0.009899475395  0.009212168351  0.000000000000  0.015743372261  0.000000000000  0.023589562607 -0.021718724619 -0.260893634260 -0.000000000000  0.015743372261  0.000000000000
  0.349019607843 -0.075378914914 -0.013796825624 -0.078393137183  0.000000000000  0.093934901669 -0.000000000000 -0.005449584604 -0.075927766891 -0.414236793264  0.000000000000  0.093934901669  0.000000000000
  0.352941176471 -0.081336109710 -0.009125560462 -0.024474405202  0.000000000000  0.024159300006  0.000000000000  0.044827045059  0.131097074263  0.198921482817 -0.000000000000  0.024159300006  0.000000000000
  0.356862745098 -0.015739292752 -0.002401917068  0.075521477713 -0.000000000000  0.047686084115 -0.000000000000  0.000358376611  0.143476725366 -0.060486503377  0.000000000000  0.047686084115 -0.000000000000
  0.360784313725 -0.090496986877 -0.003761015918  0.007245089335 -0.000000000000  0.047287985024  0.000000000000  0.025180570242  0.071320235045 -0.051300236892 -0.000000000000  0.047287985024 -0.000000000000
  0.364705882353 -0.024082913804  0.005895949129  0.039447221772  0.000000000000  0.126086100070 -0.000000000000 -0.001919645661  0.054021536309  0.161710729459  0.000000000000  0.126086100070  0.000000000000
  0.368627450980 -0.045378252923 -0.002129587260 -0.009552655745 -0.000000000000  0.027216500763  0.000000000000  0.014655264579  0.054800575646 -0.101366940303 -0.000000000000  0.027216500763  0.000000000000
  0.372549019608 -0.047286640536 -0.000934177850  0.063700395104 -0.000000000000  0.038205263847 -0.000000000000  0.000356587272 -0.030261228922 -0.307583016487  0.000000000000  0.038205263847 -0.000000000000
  0.376470588235 -0.126070762228  0.004711622212  0.042139750767 -0.000000000000  0.007266436615  0.000000000000 -0.001966606784 -0.025865458547  0.079417441523 -0.000000000000  0.007266436615 -0.000000000000
  0.380392156863 -0.024975163952  0.004733091012 -0.007619312383  0.000000000000  0.039518410750 -0.000000000000 -0.010815687650 -0.005398794325  0.334967544598  0.000000000000  0.039518410750  0.000000000000
  0.384313725490 -0.038205226813  0.000809581398 -0.050845112973 -0.000000000000  0.011141943120  0.000000000000  0.000053195168 -0.039885950894  0.124950925418 -0.000000000000  0.011141943120 -0.000000000000
  0.388235294118  0.006843445164  0.004001821572  0.004160223002 -0.000000000000  0.081754128611 -0.000000000000  0.002443022588 -0.017995143536  0.300527701734  0.000000000000  0.081754128611 -0.000000000000
  0.392156862745  0.039498779049 -0.006954810589 -0.023731599138  0.000000000000  0.017373817495  0.000000000000 -0.001245488585 -0.001533186315 -0.048301371798 -0.000000000000  0.017373817495  0.000000000000
  0.396078431373 -0.006635667490  0.008459027456  0.040892017628 -0.000000000000  0.024556305209 -0.000000000000  0.008950464427  0.068470389071  0.147105477741  0.000000000000  0.024556305209 -0.000000000000
  0.400000000000  0.080800825412  0.000926890351 -0.020102076044 -0.000000000000  0.025943743133  0.000000000000 -0.012448460056  0.035823987776  0.063171631431 -0.000000000000  0.025943743133 -0.000000000000
  0.403921568627  0.009700324064  0.007019858197  0.044122087665  0.000000000000  0.051414144512 -0.000000000000  0.014413647956  0.018154254451 -0.314845250276  0.000000000000  0.051414144512  0.000000000000
  0.407843137255 -0.000994994537  0.000282383856  0.020663897217 -0.000000000000  0.072268067410  0.000000000000 -0.024536138885  0.078753562398 -0.141146885984 -0.000000000000  0.072268067410 -0.000000000000
  0.411764705882 -0.024152704919  0.003903266025 -0.020963837026 -0.000000000000  0.101705292740  0.000000000000  0.009472309793  0.064486859948 -0.189496610887 -0.000000000000  0.101705292740 -0.000000000000
  0.415686274510 -0.047619898349 -0.001676504791  0.026542330502 -0.000000000000  0.082429964074  0.000000000000 -0.019384517976  0.090678253743  0.352051969120 -0.000000000000  0.082429964074 -0.000000000000
  0.419607843137  0.072207335114 -0.012821600692 -0.038541771411 -0.000000000000  0.078558463618 -0.000000000000  0.002962148374 -0.012523556416 -0.198436314427  0.000000000000  0.078558463618 -0.000000000000
  0.423529411765 -0.101316513511 -0.009820701256  0.005151687979 -0.000000000000  0.078457458776  0.000000000000 -0.008884292952 -0.006533962334  0.032743989020 -0.000000000000  0.078457458776 -0.000000000000
  0.427450980392  0.082402088246  0.002712406185  0.061649562309 -0.000000000000  0.107890437969  0.000000000000  0.002143555463 -0.004887889283  0.109321770026 -0.000000000000  0.107890437969 -0.000000000000
  0.431372549020 -0.074426995608 -0.000126845316  0.026800260952 -0.000000000000  0.008495094752  0.000000000000 -0.025140694716  0.026227959831 -0.024384920280 -0.000000000000  0.008495094752 -0.000000000000
  0.435294117647  0.078333907785  0.005790465527 -0.013336137138 -0.000000000000  0.095131796097 -0.000000000000 -0.004401332610 -0.065064479603 -0.105131619180  0.000000000000  0.095131796097 -0.000000000000
  0.439215686275 -0.105668473937  0.001769536607 -0.001604674464 -0.000000000000  0.041614807206  0.000000000000 -0.021783485050  0.005785098247 -0.278304430335 -0.000000000000  0.041614807206 -0.000000000000
  0.443137254902  0.007668127279 -0.005231454684 -0.059442046866  0.000000000000  0.022907866836 -0.000000000000 -0.003656016806  0.060421806833  0.033363720754  0.000000000000  0.022907866836  0.000000000000
  0.447058823529 -0.094942826609  0.009959954778  0.077201909473  0.000000000000  0.048100241335  0.000000000000 -0.005993188142 -0.036303957575 -0.160640674761 -0.000000000000  0.048100241335  0.000000000000
  0.450980392157 -0.033937594199 -0.003755406634 -0.019543124051  0.000000000000  0.036810307743 -0.000000000000 -0.024083850996  0.016247305699  0.446350380205  0.000000000000  0.036810307743  0.000000000000
  0.454901960784  0.022905425954 -0.007032123741  0.010950920509  0.000000000000  0.053249452180  0.000000000000 -0.000334402242 -0.013636275500  0.286159593695 -0.000000000000  0.053249452180  0.000000000000
  0.458823529412  0.040010233940  0.014281700650  0.112931442100 -0.000000000000  0.058533149961 -0.000000000000 -0.026698584169 -0.028665901277  0.000925421942  0.000000000000  0.058533149961 -0.000000000000
  0.462745098039  0.021483399895 -0.002690511772 -0.038372071730  0.000000000000  0.058775511650  0.000000000000 -0.029890839484  0.056397739297  0.035225130280 -0.000000000000  0.058775511650  0.000000000000
  0.466666666667  0.050767080677  0.001408224868 -0.014129217238  0.000000000000  0.023471383759 -0.000000000000 -0.016068841804 -0.104137655570  0.135117042856  0.000000000000  0.023471383759 -0.000000000000
  0.470588235294  0.052454463338  0.010037275022  0.033210953709  0.000000000000  0.028593318725 -0.000000000000 -0.025974197202 -0.086764897570 -0.383861486743  0.000000000000  0.028593318725  0.000000000000
  0.474509803922 -0.053355267877 -0.005814401300 -0.026720937314 -0.000000000000  0.036978753676 -0.000000000000 -0.024653116628  0.157745402969 -0.279751050213  0.000000000000  0.036978753676 -0.000000000000
  0.478431372549 -0.014586436811 -0.002431956815 -0.001392674195 -0.000000000000  0.011238469955 -0.000000000000 -0.018388630093  0.086886963764  0.132280782698  0.000000000000  0.011238469955 -0.000000000000
  0.482352941176 -0.015684181889  0.004623431672  0.029644112194  0.000000000000  0.112898363223 -0.000000000000 -0.023907829558  0.022030868154 -0.048876763681  0.000000000000  0.112898363223  0.000000000000
  0.486274509804 -0.026393197337 -0.011355593839 -0.114436232293 -0.000000000000  0.053041117626  0.000000000000 -0.025900335090 -0.017667169067  0.026301395245 -0.000000000000  0.053041117626 -0.000000000000
  0.490196078431 -0.008952212074  0.001140267388  0.012445856744  0.000000000000  0.058209381537  0.000000000000  0.006794196488  0.050150080220  0.511308320173 -0.000000000000  0.058209381537  0.000000000000
  0.494117647059  0.109030218447  0.006971492363  0.011927471606 -0.000000000000  0.033496707321  0.000000000000 -0.029299349547 -0.014964743873  0.245006599284 -0.000000000000  0.033496707321 -0.000000000000
  0.498039215686  0.052896091189 -0.014700839137 -0.120132090734  0.000000000000  0.010253526449  0.000000000000  0.003919655080 -0.037664320366 -0.186872856404 -0.000000000000  0.010253526449  0.000000000000
  0.501960784314  0.058155282597 -0.005439255044  0.014611381169 -0.000000000000  0.027179234582 -0.000000000000  0.002509024702 -0.026228440516 -0.323838616761  0.000000000000  0.027179234582 -0.000000000000
  0.505882352941 -0.033495914525 -0.003171840442 -0.026535006516  0.000000000000  0.052069791902  0.000000000000  0.000230459356 -0.078069224007 -0.200806588545 -0.000000000000  0.052069791902  0.000000000000
  0.509803921569  0.003755393447 -0.007351403207 -0.076387150254 -0.000000000000  0.031239700060  0.000000000000  0.009541059935 -0.058050640738  0.065962822517 -0.000000000000  0.031239700060 -0.000000000000
  0.513725490196 -0.018094681012 -0.000291970622 -0.028977684690 -0.000000000000  0.021892017336  0.000000000000  0.020280367639  0.028886653703  0.169699596970 -0.000000000000  0.021892017336 -0.000000000000
  0.517647058824  0.049279591052 -0.002774464162 -0.001974548969 -0.000000000000  0.091779127806 -0.000000000000  0.016816216414  0.033479171927  0.157931923283  0.000000000000  0.091779127806 -0.000000000000
  0.521568627451  0.023462570587  0.005721360614  0.011250416915 -0.000000000000  0.094175050150  0.000000000000  0.020625873105  0.000723984019 -0.120988711829 -0.000000000000  0.094175050150 -0.000000000000
  0.525490196078  0.017317508624 -0.004237867956 -0.028598983728 -0.000000000000  0.047278739874  0.000000000000  0.013392696445  0.021497064270  0.243073009132 -0.000000000000  0.047278739874 -0.000000000000
  0.529411764706  0.087394302839  0.000878910024  0.015916345891 -0.000000000000  0.022701588949  0.000000000000  0.028029344125 -0.107564890997 -0.407743403416 -0.000000000000  0.022701588949 -0.000000000000
  0.533333333333 -0.093763912262  0.002138473776 -0.067718805515  0.000000000000  0.077226153793  0.000000000000  0.008790268943 -0.018983482251 -0.288849361908 -0.000000000000  0.077226153793  0.000000000000
  0.537254901961  0.012698673141 -0.003575303978  0.020579186056  0.000000000000  0.021616584747  0.000000000000  0.045541442056  0.065921854557  0.265847222262 -0.000000000000  0.021616584747  0.000000000000
  0.541176470588 -0.022522026903  0.009114316251  0.107529358057  0.000000000000  0.074217915215 -0.000000000000  0.002849639449  0.090425857967  0.228190506879  0.000000000000  0.074217915215  0.000000000000
  0.545098039216  0.075303767546 -0.008657928462 -0.064642020224  0.000000000000  0.064167406642 -0.000000000000  0.017123709382 -0.019184431359  0.058811534703  0.000000000000  0.064167406642  0.000000000000
  0.549019607843 -0.008782039689  0.001783465826  0.025609738674 -0.000000000000  0.069995915989 -0.000000000000  0.019752278730  0.026383595811 -0.010155051310  0.000000000000  0.069995915989 -0.000000000000
  0.552941176471  0.073528126904 -0.004819965181  0.010529154843 -0.000000000000  0.098281351255  0.000000000000  0.010095221289 -0.020700496512  0.276504101490 -0.000000000000  0.098281351255 -0.000000000000
  0.556862745098  0.061876414013 -0.007939077685 -0.013702127713  0.000000000000  0.017248226660 -0.000000000000  0.016993100483 -0.030728454570 -0.537185902807  0.000000000000  0.017248226660  0.000000000000
  0.560784313725 -0.068649721058 -0.003504409917  0.026940117350 -0.000000000000  0.088784802153 -0.000000000000  0.013661773448 -0.059238453865  0.140019043388  0.000000000000  0.088784802153 -0.000000000000
  0.564705882353  0.097785816136  0.007772095265 -0.012242983515 -0.000000000000  0.079769794099 -0.000000000000  0.009856884246  0.026414504843  0.245875643077  0.000000000000  0.079769794099 -0.000000000000
  0.568627450980 -0.004992907272 -0.003880727836 -0.049286750584 -0.000000000000  0.074202632277 -0.000000000000  0.016509760746  0.042202524018 -0.050353636803  0.000000000000  0.074202632277 -0.000000000000
  0.572549019608  0.085854541891  0.005033230591  0.029927104174  0.000000000000  0.051237963277  0.000000000000  0.022621642958 -0.009125339896 -0.278935371150 -0.000000000000  0.051237963277  0.000000000000
  0.576470588235 -0.079343286238 -0.000443924130 -0.019757861798 -0.000000000000  0.032404482967 -0.000000000000  0.008237898975 -0.060065585761 -0.062943826946  0.000000000000  0.032404482967 -0.000000000000
  0.580392156863  0.068843702206  0.016624051173  0.018430642656 -0.000000000000  0.082826212748  0.000000000000  0.027687096333 -0.061022432083  0.117621440523 -0.000000000000  0.082826212748 -0.000000000000
  0.584313725490 -0.051172158055  0.007771843058  0.112778917346  0.000000000000  0.026877127293  0.000000000000  0.002595981676  0.003231716500 -0.142585275272 -0.000000000000  0.026877127293  0.000000000000
  0.588235294118  0.032340138152 -0.005939155841 -0.032611087024 -0.000000000000  0.065951186531 -0.000000000000 -0.002041073414 -0.004250599562 -0.116027701956  0.000000000000  0.065951186531 -0.000000000000
  0.592156862745 -0.082050748945 -0.004633047468 -0.007401092955 -0.000000000000  0.024811727477  0.000000000000  0.011307347863  0.008770089015 -0.231550278746 -0.000000000000  0.024811727477 -0.000000000000
  0.596078431373 -0.026876797310  0.004729146193  0.001750396867 -0.000000000000  0.026825762036 -0.000000000000 -0.000133183614 -0.005919521438  0.064183216262  0.000000000000  0.026825762036 -0.000000000000
  0.600000000000 -0.065072957935 -0.003849551560 -0.041893672545 -0.000000000000  0.005214379280 -0.000000000000  0.010727028967 -0.017513645774  0.015821736834  0.000000000000  0.005214379280 -0.000000000000
  0.603921568627 -0.022347641715  0.000459515392  0.023941201427 -0.000000000000  0.043074947966 -0.000000000000  0.010779829785  0.057016340208  0.140857512116  0.000000000000  0.043074947966 -0.000000000000
  0.607843137255 -0.026476291557  0.003608134327  0.026926761624 -0.000000000000  0.034561308522 -0.000000000000  0.004315958085  0.051141011450  0.064664586676  0.000000000000  0.034561308522 -0.000000000000
  0.611764705882 -0.003780469814 -0.005225309498 -0.049512662638 -0.000000000000  0.034143366499  0.000000000000  0.003591350618 -0.066017313728 -0.043246897255 -0.000000000000  0.034143366499 -0.000000000000
  0.615686274510 -0.039426953996  0.007823622992  0.066071719698 -0.000000000000  0.032738165690 -0.000000000000  0.017348384388 -0.030214401920  0.136174352671  0.000000000000  0.032738165690 -0.000000000000
  0.619607843137  0.031553128650  0.004167428046  0.055365528126  0.000000000000  0.039933331608 -0.000000000000 -0.014102628092 -0.037193551288  0.025826401371  0.000000000000  0.039933331608  0.000000000000
  0.623529411765 -0.034015969223 -0.005908565706 -0.091650723774 -0.000000000000  0.024595515684  0.000000000000  0.002946746284 -0.032374254025 -0.238487581388 -0.000000000000  0.024595515684 -0.000000000000
  0.627450980392 -0.031183138646 -0.001927475655  0.008481416076 -0.000000000000  0.022196914274 -0.000000000000  0.009969922615  0.030190000517  0.278457793393  0.000000000000  0.022196914274 -0.000000000000
  0.631372549020  0.039927993132 -0.003469600973  0.038164969341 -0.000000000000  0.078728427225  0.000000000000  0.000652945462  0.103445143626  0.205419667591 -0.000000000000  0.078728427225 -0.000000000000
  0.635294117647  0.024595415379 -0.009457655200 -0.003516080379  0.000000000000  0.061712185083  0.000000000000  0.000070242995  0.123064545340 -0.247807954974 -0.000000000000  0.061712185083  0.000000000000
  0.639215686275 -0.022123416679 -0.002245248993  0.034500889238 -0.000000000000  0.037889658085  0.000000000000  0.001804837316  0.014423293222 -0.395668212237  0.000000000000  0.037889658085 -0.000000000000
  0.643137254902 -0.078221855675  0.000165950767  0.014039705931  0.000000000000  0.087455753219  0.000000000000 -0.008916644437  0.061732850902 -0.160738902489 -0.000000000000  0.087455753219  0.000000000000
  0.647058823529 -0.061687054801 -0.001872487582 -0.050680466741  0.000000000000  0.156759425115  0.000000000000 -0.001760982052  0.003263668703  0.152088462043 -0.000000000000  0.156759425115  0.000000000000
  0.650980392157 -0.037633325135  0.007603105975  0.020250413882  0.000000000000  0.109537601922 -0.000000000000  0.004399889665 -0.017642102383 -0.097508881133  0.000000000000  0.109537601922  0.000000000000
  0.654901960784 -0.087151270089  0.004000190177  0.019790051980 -0.000000000000  0.178711782528 -0.000000000000 -0.007291425995 -0.017558742263 -0.458033446258  0.000000000000  0.178711782528 -0.000000000000
  0.658823529412 -0.156757472237 -0.005655572525 -0.017685921910  0.000000000000  0.142247917996  0.000000000000 -0.000782470605  0.032427202071  0.742132464734 -0.000000000000  0.142247917996  0.000000000000
  0.662745098039  0.109508525942 -0.002909784180  0.007312671869 -0.000000000000  0.139954350523 -0.000000000000 -0.002523683946 -0.001888817586 -0.078775095899  0.000000000000  0.139954350523 -0.000000000000
  0.666666666667 -0.178692933179  0.006942384561  0.065571863464 -0.000000000000  0.185978449874  0.000000000000 -0.002595543530 -0.059557835019  0.117250788272 -0.000000000000  0.185978449874 -0.000000000000
  0.670588235294  0.140863235776 -0.004095849938 -0.066921783712  0.000000000000  0.020327613205 -0.000000000000 -0.019799469205 -0.023974105110  0.159800071622  0.000000000000  0.020327613205  0.000000000000
  0.674509803922 -0.139123457683 -0.008194014294 -0.124814123537  0.000000000000  0.275121767703  0.000000000000  0.015227729731 -0.005978944801  0.165211003505 -0.000000000000  0.275121767703  0.000000000000
  0.678431372549  0.185534324389  0.008798401092  0.108517117305  0.000000000000  0.027282632956 -0.000000000000  0.012845166050  0.028984657030  0.479639898721  0.000000000000  0.027282632956  0.000000000000
  0.682352941176 -0.015202145733 -0.005971210462 -0.002020331441 -0.000000000000  0.197579522895  0.000000000000 -0.013494688722  0.035272180178  0.337603076283 -0.000000000000  0.197579522895 -0.000000000000
  0.686274509804  0.274782158579  0.003926620018 -0.011514389666 -0.000000000000  0.170168193377  0.000000000000  0.013665737847  0.017367884085  0.164587597644 -0.000000000000  0.170168193377 -0.000000000000
  0.690196078431  0.025083904240  0.001101541795  0.053728140402 -0.000000000000  0.153845452341  0.000000000000 -0.010730321946 -0.052666903859 -0.289632137441 -0.000000000000  0.153845452341 -0.000000000000
  0.694117647059  0.197579318879 -0.004186137554 -0.043053727043 -0.000000000000  0.138859101355  0.000000000000 -0.000283934371  0.011361810272 -0.739277583572 -0.000000000000  0.138859101355  0.000000000000
  0.698039215686 -0.170167051610 -0.004399587587 -0.026908135748 -0.000000000000  0.043740309907 -0.000000000000  0.000623364682 -0.106036427962 -0.166063391206  0.000000000000  0.043740309907 -0.000000000000
  0.701960784314  0.153693201470 -0.005372760181 -0.019658164179  0.000000000000  0.040227406376 -0.000000000000  0.006842735400  0.036269461622  0.123685777101  0.000000000000  0.040227406376  0.000000000000
  0.705882352941 -0.138737652446 -0.006114197973 -0.044910651262  0.000000000000  0.028258222640 -0.000000000000  0.005806360546 -0.017142190336 -0.440989297027  0.000000000000  0.028258222640 -0.000000000000
  0.709803921569  0.039562473894 -0.002423067083 -0.046465717616  0.000000000000  0.073264211609  0.000000000000  0.018655438084  0.038980818162  0.391064926861 -0.000000000000  0.073264211609  0.000000000000
  0.713725490196 -0.036074155744  0.006881497212  0.111463617349  0.000000000000  0.026728780149 -0.000000000000  0.017801671582 -0.012049847205 -0.251660796809  0.000000000000  0.026728780149 -0.000000000000
  0.717647058824 -0.026099610987 -0.003137053573 -0.046617965710  0.000000000000  0.035712028787  0.000000000000 -0.010832241371  0.050172244735 -0.122663034873 -0.000000000000  0.035712028787  0.000000000000
  0.721568627451 -0.066761020293 -0.002867750974 -0.010891028312  0.000000000000  0.080278103881 -0.000000000000  0.030176329665  0.029103593932 -0.002609666132  0.000000000000  0.080278103881  0.000000000000
  0.725490196078 -0.025423526554 -0.000498059286 -0.000841216398  0.000000000000  0.021375742216  0.000000000000 -0.008250574878  0.014745790129  0.182009939756 -0.000000000000  0.021375742216  0.000000000000
  0.729411764706 -0.018583045487 -0.001220245266 -0.025543209639  0.000000000000  0.036605048813 -0.000000000000  0.030496219774  0.020445260593  0.401778944274  0.000000000000  0.036605048813  0.000000000000
  0.733333333333  0.080256221033 -0.001716797253  0.035193759562 -0.000000000000  0.033507232278 -0.000000000000 -0.001874286082  0.012175285490  0.069515118210  0.000000000000  0.033507232278 -0.000000000000
  0.737254901961 -0.001007079765 -0.001943705220  0.034921767980  0.000000000000  0.099513935064 -0.000000000000  0.021352005658  0.021037984939 -0.442044947069  0.000000000000  0.099513935064  0.000000000000
  0.741176470588 -0.034852755075 -0.001091351164  0.000959999070  0.000000000000  0.083735046177 -0.000000000000 -0.011189953630  0.001919242323  0.101403655383  0.000000000000  0.083735046177  0.000000000000
  0.745098039216  0.025913110921 -0.000927313823  0.025232479839  0.000000000000  0.071238801708 -0.000000000000  0.021242535096 -0.004282798992 -0.239668740079  0.000000000000  0.071238801708  0.000000000000
  0.749019607843 -0.097874182992  0.000951821344  0.021863769089 -0.000000000000  0.135416664278 -0.000000000000 -0.017990763622 -0.008850936481  0.212281310690  0.000000000000  0.135416664278 -0.000000000000
  0.752941176471  0.082250993429 -0.000683751786 -0.021020449842  0.000000000000  0.086359279604 -0.000000000000  0.015694968562 -0.049906593942  0.113461060137  0.000000000000  0.086359279604  0.000000000000
  0.756862745098 -0.070107662622 -0.002566897104  0.028826377102 -0.000000000000  0.183530047275 -0.000000000000 -0.012644465606 -0.001160431639  0.199687849946  0.000000000000  0.183530047275 -0.000000000000
  0.760784313725  0.135159421150  0.009850963816  0.022243319261  0.000000000000  0.144467038233  0.000000000000  0.008342891494 -0.119546220202 -0.039525923716 -0.000000000000  0.144467038233  0.000000000000
  0.764705882353 -0.084299504064 -0.001730420293 -0.023958398775  0.000000000000  0.086895804426 -0.000000000000 -0.018748834319 -0.021521350287  0.181102217562  0.000000000000  0.086895804426  0.000000000000
  0.768627450980  0.182929552836 -0.001455960799 -0.027589284349  0.000000000000  0.104365431726 -0.000000000000  0.014834316699  0.022975535067 -0.222992441789  0.000000000000  0.104365431726  0.000000000000
  0.772549019608 -0.143995921275 -0.002506198344  0.100584565106 -0.000000000000  0.070685261975 -0.000000000000 -0.011657606614  0.103196181038 -0.383754384226  0.000000000000  0.070685261975 -0.000000000000
  0.776470588235  0.086158850703 -0.009628024880 -0.033095487228 -0.000000000000  0.094899767599 -0.000000000000 -0.011293063018  0.114605493628  0.146192885121  0.000000000000  0.094899767599 -0.000000000000
  0.780392156863 -0.104330588076 -0.001967771080 -0.018532378687 -0.000000000000  0.031342509851 -0.000000000000 -0.002696614756  0.006029153018 -0.064764761778  0.000000000000  0.031342509851 -0.000000000000
  0.784313725490  0.070396624469  0.002617718531  0.006734746501 -0.000000000000  0.136475953837  0.000000000000 -0.006381341851  0.017279752208  0.037842213875 -0.000000000000  0.136475953837 -0.000000000000
  0.788235294118 -0.094795570028 -0.000201276945 -0.003135500975 -0.000000000000  0.004141205531 -0.000000000000 -0.004445873748  0.011285597982 -0.391749743977  0.000000000000  0.004141205531 -0.000000000000
  0.792156862745 -0.030853780733 -0.005048724880  0.005434556678 -0.000000000000  0.119872072730  0.000000000000 -0.005513359973 -0.085211622085 -0.153684358454 -0.000000000000  0.119872072730 -0.000000000000
  0.796078431373 -0.136356363146 -0.002509842975 -0.009967098757  0.000000000000  0.195805696976  0.000000000000 -0.005712110406 -0.026487292995  0.103209300521 -0.000000000000  0.195805696976  0.000000000000
  0.800000000000 -0.003049461726 -0.002251033831  0.027254300852  0.000000000000  0.040357558564  0.000000000000 -0.002801850536  0.061416773445  0.972745699148 -0.000000000000  0.040357558564  0.000000000000
  0.803921568627  0.119190385082 -0.000010469343 -0.008697008160 -0.000000000000  0.208636795925  0.000000000000 -0.012765810778 -0.016166714039 -0.731636585357 -0.000000000000  0.208636795925 -0.000000000000
  0.807843137255 -0.195805281486 -0.000638648729 -0.010793376297  0.000000000000  0.013110658990 -0.000000000000 -0.000403374137  0.020155795479 -0.315047468164  0.000000000000  0.013110658990 -0.000000000000
  0.811764705882  0.039117430747  0.001247421682  0.036763440612  0.000000000000  0.074906949126  0.000000000000 -0.009927695853 -0.004497029631 -0.046395764985 -0.000000000000  0.074906949126  0.000000000000
  0.815686274510 -0.208399738561  0.000230724532 -0.005619542303 -0.000000000000  0.007425474065 -0.000000000000 -0.009942916160 -0.019460369823 -0.194464638036  0.000000000000  0.007425474065 -0.000000000000
  0.819607843137 -0.010093391738  0.000854849071 -0.007568712650  0.000000000000  0.056918035531  0.000000000000 -0.008367366514  0.027881872803  0.509797432666 -0.000000000000  0.056918035531  0.000000000000
  0.823529411765 -0.074489152167  0.000835449273 -0.022866944623  0.000000000000  0.039013779706 -0.000000000000 -0.007900458010  0.020107292030  0.007460466150  0.000000000000  0.039013779706  0.000000000000
  0.827450980392 -0.007050526536 -0.000536654664 -0.001644688172 -0.000000000000  0.109275213349  0.000000000000 -0.002329751200 -0.037018896116  0.071505254525 -0.000000000000  0.109275213349 -0.000000000000
  0.831372549020 -0.056429918363  0.004221913997  0.027992587076  0.000000000000  0.086223267214 -0.000000000000 -0.007438217676 -0.031340204988  0.171777118091  0.000000000000  0.086223267214  0.000000000000
  0.835294117647  0.037799557043 -0.000127991570  0.007461550363 -0.000000000000  0.060703371607  0.000000000000 -0.009657561508 -0.016185931159 -0.198097891500 -0.000000000000  0.060703371607 -0.000000000000
  0.839215686275 -0.108879103361 -0.004074056021 -0.010718237312  0.000000000000  0.036455751877 -0.000000000000 -0.009295864871 -0.001250052798  0.180422957996  0.000000000000  0.036455751877  0.000000000000
  0.843137254902  0.085963154067  0.001496650809  0.067568110930  0.000000000000  0.053105752263  0.000000000000 -0.006692380141  0.009900805355  0.210718670357 -0.000000000000  0.053105752263  0.000000000000
  0.847058823529 -0.054404711119 -0.001103698586 -0.037175422490 -0.000000000000  0.034761089205 -0.000000000000 -0.026926320441 -0.042376960679 -0.188862182765  0.000000000000  0.034761089205 -0.000000000000
  0.850980392157  0.036306408805  0.000486457895 -0.007580030490  0.000000000000  0.054291994728 -0.000000000000  0.003296441207  0.018197198536  0.387341069096  0.000000000000  0.054291994728  0.000000000000
  0.854901960784  0.046861738812  0.000039459208 -0.008930284568 -0.000000000000  0.013359218440 -0.000000000000 -0.024983962035 -0.027422668100 -0.004244462824  0.000000000000  0.013359218440 -0.000000000000
  0.858823529412  0.034263652890 -0.006308838744 -0.017426690076  0.000000000000  0.183791199163 -0.000000000000  0.005859642765  0.010252236510  0.013736382658  0.000000000000  0.183791199163  0.000000000000
  0.862745098039  0.050327295354  0.002530986385  0.003467041794  0.000000000000  0.067250907768  0.000000000000 -0.020366247418 -0.031247472261 -0.174376272470 -0.000000000000  0.067250907768  0.000000000000
  0.866666666667 -0.012350571802 -0.001747120995  0.009263845302  0.000000000000  0.175585608826  0.000000000000  0.005092356379  0.067170925194  0.499990019463 -0.000000000000  0.175585608826  0.000000000000
  0.870588235294  0.182371173544 -0.005229901054 -0.038528232220 -0.000000000000  0.127516472672  0.000000000000 -0.022802630332 -0.061174229907 -0.192599676918 -0.000000000000  0.127516472672 -0.000000000000
  0.874509803922 -0.065448650435 -0.001275673695  0.033195161179  0.000000000000  0.110891268981 -0.000000000000  0.015464758382  0.014185861085 -0.040137093578  0.000000000000  0.110891268981  0.000000000000
  0.878431372549  0.172719254065  0.001632436989  0.021024807672  0.000000000000  0.068380583577  0.000000000000 -0.031596919188  0.012559411033 -0.230799234108 -0.000000000000  0.068380583577  0.000000000000
  0.882352941176 -0.127106180483 -0.003876800061 -0.040141935804 -0.000000000000  0.136257061813 -0.000000000000  0.010221041328 -0.036941712837 -0.246068744783  0.000000000000  0.136257061813 -0.000000000000
  0.886274509804  0.108860647236  0.005449051464  0.049845022889 -0.000000000000  0.116068765128  0.000000000000 -0.021124228259 -0.016184961402  0.229612979996 -0.000000000000  0.116068765128 -0.000000000000
  0.890196078431 -0.068326471282 -0.000751704909 -0.001992518007  0.000000000000  0.136477422033 -0.000000000000 -0.002719840521 -0.045017715795  0.099551968388  0.000000000000  0.136477422033  0.000000000000
  0.894117647059  0.134696037265  0.000748183553  0.005556922396 -0.000000000000  0.074607293141  0.000000000000 -0.020566099264 -0.003549944217 -0.177592225935 -0.000000000000  0.074607293141 -0.000000000000
  0.898039215686 -0.115999635306 -0.001969906441 -0.045761754677 -0.000000000000  0.130697991038  0.000000000000 -0.004005352338 -0.016732597053  0.003035340080 -0.000000000000  0.130697991038 -0.000000000000
  0.901960784314  0.136210415042 -0.006483032183 -0.022405606196 -0.000000000000  0.080121908340 -0.000000000000 -0.008532851743  0.088789488926  0.157056377331  0.000000000000  0.080121908340 -0.000000000000
  0.905882352941 -0.074579417867 -0.000179961469 -0.013594096540  0.000000000000  0.025567473670  0.000000000000  0.002039269581 -0.036467328915 -0.021504480515 -0.000000000000  0.025567473670  0.000000000000
  0.909803921569  0.130602568979 -0.000877103317 -0.018361928278 -0.000000000000  0.037498852488  0.000000000000 -0.004993379373  0.030030501671 -0.017736099172 -0.000000000000  0.037498852488  0.000000000000
  0.913725490196 -0.079824423485 -0.004460979990 -0.043973470624 -0.000000000000  0.024308124127  0.000000000000  0.006897942551  0.023742165268 -0.409172764384 -0.000000000000  0.024308124127 -0.000000000000
  0.917647058824  0.024722076249  0.007008274015  0.071360355369  0.000000000000  0.009316977200  0.000000000000  0.006520326356  0.024145016133  0.440533652648 -0.000000000000  0.009316977200  0.000000000000
  0.921568627451  0.035549208808 -0.001986924371 -0.003782234027  0.000000000000  0.023167369818 -0.000000000000 -0.011933888347  0.000266948789 -0.005161000215  0.000000000000  0.023167369818  0.000000000000
  0.925490196078  0.023074792498  0.002912327694 -0.011162758525  0.000000000000  0.098497668011 -0.000000000000  0.007644530706  0.013519026798 -0.143214237552  0.000000000000  0.098497668011  0.000000000000
  0.929411764706 -0.001858834967  0.000310878962  0.017067945562 -0.000000000000  0.068488525995 -0.000000000000 -0.009129665750 -0.025093772404 -0.174437777270  0.000000000000  0.068488525995 -0.000000000000
  0.933333333333 -0.022937692368 -0.001810395117 -0.034105322686  0.000000000000  0.091878437201  0.000000000000  0.003254119407  0.003776592633  0.382882702381 -0.000000000000  0.091878437201  0.000000000000
  0.937254901961  0.098497443806 -0.002869703672 -0.004420518275  0.000000000000  0.085487636246 -0.000000000000 -0.000210160251  0.041242640060 -0.173163464988  0.000000000000  0.085487636246  0.000000000000
  0.941176470588 -0.068343179484  0.002274867778 -0.009841203871  0.000000000000  0.018056683975  0.000000000000  0.004459597635 -0.020874673446 -0.026274328147 -0.000000000000  0.018056683975  0.000000000000
  0.945098039216  0.091849953680 -0.000725916897 -0.010991375611  0.000000000000  0.121467608219  0.000000000000  0.002287625730  0.034962060895 -0.063678581980 -0.000000000000  0.121467608219  0.000000000000
  0.949019607843 -0.085173131884  0.002621052488 -0.015106495334 -0.000000000000  0.008337949912  0.000000000000  0.007326223854  0.071760442896 -0.423516080749 -0.000000000000  0.008337949912  0.000000000000
  0.952941176471 -0.016983171482 -0.000565755703 -0.021136985614  0.000000000000  0.122217665196 -0.000000000000  0.006133165788 -0.039451966658 -0.134285674664  0.000000000000  0.122217665196  0.000000000000
  0.956862745098 -0.120790133709  0.008763848537 -0.004246425511 -0.000000000000  0.025989760104  0.000000000000  0.012811067285 -0.115561376743  0.051060867159 -0.000000000000  0.025989760104 -0.000000000000
  0.960784313725 -0.004538290902 -0.000828095236  0.020754475027  0.000000000000  0.156505849786  0.000000000000  0.006994663996 -0.016481846813 -0.003728574598 -0.000000000000  0.156505849786  0.000000000000
  0.964705882353 -0.121996968557 -0.006674871459 -0.019337778572 -0.000000000000  0.050416544637  0.000000000000  0.007341481367  0.029949444885 -0.076279077113 -0.000000000000  0.050416544637 -0.000000000000
  0.968627450980 -0.023001705168 -0.000053472482  0.034802054141  0.000000000000  0.002559182403  0.000000000000  0.012099140036  0.047798344059 -0.135627645402 -0.000000000000  0.002559182403  0.000000000000
  0.972549019608 -0.156494865629  0.000101780297 -0.021058243856  0.000000000000  0.013721606400  0.000000000000 -0.001854197673 -0.011542619884  0.264552013026 -0.000000000000  0.013721606400  0.000000000000
  0.976470588235  0.047238103886 -0.003034209982  0.001201500878  0.000000000000  0.052932808648  0.000000000000  0.017617874856 -0.020193677993  0.596699877348 -0.000000000000  0.052932808648  0.000000000000
  0.980392156863 -0.001198716649  0.007149661676  0.035551827071 -0.000000000000  0.011173734255  0.000000000000 -0.002261082256  0.022675424612 -0.224115454360 -0.000000000000  0.011173734255 -0.000000000000
  0.984313725490 -0.010981775237 -0.004844079192 -0.028499968475  0.000000000000  0.028003559175  0.000000000000  0.008226973614  0.002546786786  0.205583216548 -0.000000000000  0.028003559175  0.000000000000
  0.988235294118  0.052676619936  0.004345940969  0.009679001842  0.000000000000  0.000000000000  0.000000000000  0.005201532801 -0.000236700172  0.080633656636 -0.000000000000  0.000000000000  0.000000000000
  0.992156862745  0.009677093750  0.006887475930  0.026840066950  0.000000000000  0.000000000000  0.000000000000  0.005586250420  0.003595515826 -0.094564264263 -0.000000000000  0.000000000000  0.000000000000
  0.996078431373  0.027934283803 -0.007114228684  0.021855230543  0.000000000000  0.072626045154  0.000000000000 -0.001968531149  0.208381452043 -0.048725666844 -0.000000000000  0.072626045154  0.000000000000
  1.000000000000  0.000000000000  0.001342302839 -0.051566472601 -0.000000000000  0.068581163423  0.000000000000  0.000000000000  0.076662418313 -0.394979403694 -0.000000000000  0.068581163423  0.000000000000
