             Rad         v_r[Re]         v_t[Re]         v_x[Re]         p[Re]          p_mg[Re]  p_no_phase[Re]         v_r[Im]         v_t[Im]         v_x[Im]         p[Im]          p_mg[Im]  p_no_phase[Im]
  0.000000000000 -0.055412570342  0.000000000000  0.014476310011 -0.007096784245  0.304079424263  0.009190320817 -0.101894923853  0.000000000000  0.024456474741 -0.005839319318  0.304079424263 -0.000000000000
  0.003921568627 -0.070459633905  0.091010556579 -0.009380644644  0.004598714110  0.347496602863 -0.005955325195 -0.129564086040 -0.049493425949 -0.015847788463  0.003783877207  0.347496602863  0.000000000000
  0.007843137255 -0.106697939203  0.188903945422 -0.038941433838  0.019090428011  0.350020131975 -0.024722064516 -0.196200579098 -0.102729878661 -0.065788187206  0.015707833469  0.350020131975  0.000000000000
  0.011764705882 -0.145272591979  0.291937624324 -0.090271828285  0.044254349916  0.311171304110 -0.057309290977 -0.267133244430 -0.158761727587 -0.152506452725  0.036413010665  0.311171304110  0.000000000000
  0.015686274510 -0.166014955876  0.361585217142 -0.149077318408  0.073082820396  0.229689566028 -0.094642100209 -0.305275160187 -0.196637531309 -0.251853246399  0.060133422445  0.229689566028  0.000000000000
  0.019607843137 -0.167220560681  0.419382702744 -0.216133174656  0.105955903646  0.118694722005 -0.137212674555 -0.307492076115 -0.228069001253 -0.365138320659  0.087181790193  0.118694722005  0.000000000000
  0.023529411765 -0.148660706022  0.446051528837 -0.275852673056  0.135232452368  0.014352859853 -0.175125744179 -0.273363448520 -0.242572061327 -0.466029252332  0.111270886132  0.014352859853  0.000000000000
  0.027450980392 -0.109733168195  0.455766758257 -0.328837698857  0.161207531379  0.153981539110 -0.208763417401 -0.201781883577 -0.247855404336 -0.555542874532  0.132643493137  0.153981539110  0.000000000000
  0.031372549020 -0.056705875321  0.435429588417 -0.359044962676  0.176016169339  0.282747140899 -0.227940572718 -0.104273106485 -0.236795630093 -0.606575436286  0.144828218322  0.282747140899  0.000000000000
  0.035294117647  0.006857014933  0.400828859304 -0.371828270263  0.182282985662  0.394042507299 -0.236056086805  0.012608962374 -0.217979036848 -0.628171729737  0.149984630066  0.394042507299  0.000000000000
  0.039215686275  0.073563995188  0.343300085784 -0.353846436272  0.173467673192  0.463611784007 -0.224640275516  0.135272513832 -0.186693698101 -0.597792975175  0.142731285082  0.463611784007  0.000000000000
  0.043137254902  0.135081188517  0.278760879855 -0.316057008993  0.154941998353  0.500543707080 -0.200649565181  0.248392870661 -0.151595940989 -0.533951003496  0.127488137306  0.500543707080  0.000000000000
  0.047058823529  0.188252054620  0.203285781266 -0.251436986676  0.123263044536  0.480795262344 -0.159625385963  0.346165656138 -0.110551018912 -0.424781060161  0.101422313599  0.480795262344  0.000000000000
  0.050980392157  0.221488467028  0.129362081066 -0.173336993640  0.084975746207  0.427756756960 -0.110043414365  0.407282144519 -0.070349779415 -0.292837871218  0.069919064652  0.427756756960  0.000000000000
  0.054901960784  0.239132528952  0.057878628365 -0.083519364323  0.040944060221  0.326306552751 -0.053022472715  0.439726774594 -0.031475597059 -0.141098748399  0.033689264543  0.326306552751  0.000000000000
  0.058823529412  0.229697797348 -0.005146669635  0.007957166853 -0.003900876419  0.204581671832  0.005051626839  0.422377800300  0.002798865560  0.013442945751 -0.003209687972  0.204581671832 -0.000000000000
  0.062745098039  0.204358887388 -0.054950650255  0.090622018783 -0.044426025323  0.063247907839  0.057531610270  0.375783565727  0.029883301910  0.153098069307 -0.036554267252  0.063247907839 -0.000000000000
  0.066666666667  0.155891503717 -0.092960841613  0.162888296845 -0.079853436258  0.078146655272  0.103410033649  0.286659738081  0.050554031351  0.275185700945 -0.065704366500  0.078146655272 -0.000000000000
  0.070588235294  0.097737983458 -0.112547186467  0.208808446277 -0.102365070283  0.201633364789  0.132562552829  0.179724642270  0.061205491413  0.352763825055 -0.084227209371  0.201633364789 -0.000000000000
  0.074509803922  0.030216406556 -0.121012256658  0.236986646145 -0.116178991422  0.306674303134  0.150451551934  0.055563176842  0.065808971936  0.400368458613 -0.095593469608  0.306674303134 -0.000000000000
  0.078431372549 -0.037334216853 -0.112405103189  0.231716488456 -0.113595379160  0.363545287866  0.147105779436 -0.068651700505  0.061128223583  0.391464982637 -0.093467642406  0.363545287866 -0.000000000000
  0.082352941176 -0.096329442886 -0.096410765452  0.208682360101 -0.102303258510  0.392558831937  0.132482506712 -0.177134559670  0.052430171399  0.352550813357 -0.084176349902  0.392558831937 -0.000000000000
  0.086274509804 -0.146512283814 -0.069980173868  0.158685999650 -0.077793325877  0.363532576186  0.100742194997 -0.269412840997  0.038056668187  0.268086282990 -0.064009282934  0.363532576186 -0.000000000000
  0.090196078431 -0.173682143730 -0.041172813500  0.097606624765 -0.047850119008  0.309244634464  0.061965804462 -0.319373902001  0.022390628875  0.164897957515 -0.039371652664  0.309244634464 -0.000000000000
  0.094117647059 -0.187543235317 -0.010919509046  0.027011908392 -0.013242165010  0.211859066405  0.017148576109 -0.344862249918  0.005938255216  0.045634284897 -0.010895812426  0.211859066405 -0.000000000000
  0.098039215686 -0.173676070781  0.017298971567 -0.044576011583  0.021852691498  0.101472514073 -0.028299189979 -0.319362734812 -0.009407539086 -0.075307319374  0.017980657045  0.101472514073  0.000000000000
  0.101960784314 -0.147740248170  0.039053181621 -0.104657578767  0.051306738770  0.018672017436 -0.066442119855 -0.271670872592 -0.021237929151 -0.176809934967  0.042215800923  0.018672017436  0.000000000000
  0.105882352941 -0.101214726335  0.056265102946 -0.156582706701  0.076762219452  0.135963200066 -0.099406914324 -0.186117820724 -0.030598128512 -0.264532951316  0.063160876183  0.135963200066  0.000000000000
  0.109803921569 -0.048478042109  0.062851928752 -0.181391760105  0.088924469307  0.225834317376 -0.115157002556 -0.089143426822 -0.034180180831 -0.306445703079  0.073168121448  0.225834317376  0.000000000000
  0.113725490196  0.008920473252  0.064680396098 -0.193335489708  0.094779695674  0.300255744977 -0.122739508507  0.016403334786 -0.035174539250 -0.326623602084  0.077985872032  0.300255744977  0.000000000000
  0.117647058824  0.064955813881  0.056474688863 -0.174628858728  0.085609062832  0.322566388792 -0.110863558076  0.119443434375 -0.030712105675 -0.295020365643  0.070440165178  0.322566388792  0.000000000000
  0.121568627451  0.107891340305  0.045095411269 -0.144090371120  0.070638047597  0.324764772222 -0.091476124526  0.198395054353 -0.024523818798 -0.243428229921  0.058121834021  0.324764772222  0.000000000000
  0.125490196078  0.143445846213  0.028145639015 -0.092832918833  0.045509884444  0.273486206445 -0.058935205575  0.263774148840 -0.015306181533 -0.156833193879  0.037446079555  0.273486206445  0.000000000000
  0.129411764706  0.154104657027  0.010389731938 -0.035339402025  0.017324588333  0.206175168337 -0.022435305810  0.283374010560 -0.005650151451 -0.059702865741  0.014254879372  0.206175168337  0.000000000000
  0.133333333333  0.155154924930 -0.006848105699  0.023998841975 -0.011765056392  0.107820247830  0.015235723525  0.285305286573  0.003724141737  0.040543969571 -0.009680429713  0.107820247830 -0.000000000000
  0.137254901961  0.130656818287 -0.022810285495  0.082288601094 -0.040340697825  0.003353736445  0.052241119668  0.240257155878  0.012404705767  0.139019480284 -0.033192810716  0.003353736445 -0.000000000000
  0.141176470588  0.098499269323 -0.033162894924  0.123054032366 -0.060325312009  0.096074359622  0.078121153417  0.181124526174  0.018034669228  0.207889153528 -0.049636391309  0.096074359622 -0.000000000000
  0.145098039216  0.051510643668 -0.041158326946  0.156964106009 -0.076949194489  0.190747243139  0.099649046607  0.094719899868  0.022382750787  0.265177292487 -0.063314721489  0.190747243139 -0.000000000000
  0.149019607843  0.001602232665 -0.041387995177  0.162105929409 -0.079469892876  0.246904766230  0.102913345769  0.002946251624  0.022507649129  0.273863958772 -0.065388782399  0.246904766230 -0.000000000000
  0.152941176471 -0.045899097839 -0.039349823167  0.158178810788 -0.077544684482  0.291048064862  0.100420204908 -0.084401157542  0.021399248969  0.267229431239 -0.063804697807  0.291048064862 -0.000000000000
  0.156862745098 -0.091128646704 -0.030878479664  0.127308328068 -0.062410913843  0.280860245013  0.080822003449 -0.167571120767  0.016792356888  0.215076418467 -0.051352449549  0.280860245013 -0.000000000000
  0.160784313725 -0.117957653495 -0.021081917572  0.089091214996 -0.043675572743  0.257360095681  0.056559775742 -0.216905406961  0.011464783487  0.150511908599 -0.035936785855  0.257360095681 -0.000000000000
  0.164705882353 -0.139046918006 -0.008750418065  0.037880788211 -0.018570463105  0.188431553229  0.024048711045 -0.255685217900  0.004758658608  0.063996318078 -0.015280000099  0.188431553229 -0.000000000000
  0.168627450980 -0.134179732403  0.003683308166 -0.016324783320  0.008002969332  0.110366292749 -0.010363828618 -0.246735235913 -0.002003059281 -0.027579310654  0.006584939293  0.110366292749  0.000000000000
  0.172549019608 -0.122952640620  0.014077804203 -0.063845238139  0.031299128009  0.016347347371 -0.040532305587 -0.226090395668 -0.007655801547 -0.107861012421  0.025753298470  0.016347347371  0.000000000000
  0.176470588235 -0.090022336153  0.023616529641 -0.109539185641  0.053699870081  0.079806246377 -0.069541219918 -0.165536791215 -0.012843158034 -0.185056987919  0.044184898110  0.079806246377  0.000000000000
  0.180392156863 -0.052727005300  0.027860229343 -0.132094103862  0.064757065468  0.155346497663 -0.083860264917 -0.096956595894 -0.015150969841 -0.223161573091  0.053282891286  0.155346497663  0.000000000000
  0.184313725490 -0.007809872471  0.030863196115 -0.149513246063  0.073296527101  0.226503800074 -0.094918849947 -0.014361116184 -0.016784045378 -0.252589708501  0.060309262889  0.226503800074  0.000000000000
  0.188235294118  0.038127079119  0.027896146136 -0.138015022607  0.067659703145  0.250076955602 -0.087619174664  0.070109648399 -0.015170502137 -0.233164453633  0.055671216432  0.250076955602  0.000000000000
  0.192156862745  0.074216098064  0.023880237221 -0.120607865305  0.059126116921  0.265691842213 -0.076568198275  0.136471627543 -0.012986567679 -0.203756565672  0.048649679187  0.265691842213  0.000000000000
  0.196078431373  0.108211182685  0.015862570087 -0.081749380904  0.040076353572  0.228639202069 -0.051898794412  0.198983193737 -0.008626394206 -0.138108514372  0.032975305090  0.228639202069  0.000000000000
  0.200000000000  0.119473152853  0.007337232331 -0.038569442482  0.018908065075  0.183742210320 -0.024485904894  0.219692169798 -0.003990138932 -0.065159739957  0.015557783055  0.183742210320  0.000000000000
  0.203921568627  0.126933095455 -0.001646926439  0.008827108388 -0.004327351631  0.105256313390  0.005603911350  0.233409820480  0.000895632714  0.014912636795 -0.003560596899  0.105256313390 -0.000000000000
  0.207843137255  0.109231361487 -0.010555479869  0.057662672321 -0.028268221952  0.021830426672  0.036607288556  0.200859140669  0.005740288609  0.097416101761 -0.023259432562  0.021830426672 -0.000000000000
  0.211764705882  0.087782023443 -0.016464384028  0.091638961996 -0.044924565805  0.060737003188  0.058177219156  0.161417211640  0.008953673094  0.154816106983 -0.036964472348  0.060737003188 -0.000000000000
  0.215686274510  0.050285735397 -0.021911077811  0.124213083996 -0.060893518917  0.144318704006  0.078856980179  0.092467487929  0.011915698001  0.209847271093 -0.050103918778  0.144318704006 -0.000000000000
  0.219607843137  0.010429389211 -0.022481190879  0.129762216174 -0.063613894053  0.193068345566  0.082379860315  0.019177991797  0.012225737297  0.219222050360 -0.052342276115  0.193068345566 -0.000000000000
  0.223529411765 -0.029016833031 -0.022488092049  0.132119943718 -0.064769733053  0.239548860308  0.083876669412 -0.053357351481  0.012229490297  0.223205227293 -0.053293314327  0.239548860308 -0.000000000000
  0.227450980392 -0.068947618711 -0.018026160057  0.107763609763 -0.052829421817  0.233324128907  0.068413991229 -0.126783730029  0.009802999250  0.182057305916 -0.043468682823  0.233324128907 -0.000000000000
  0.231372549020 -0.092237543061 -0.013130276724  0.079848507845 -0.039144480328  0.223079676739  0.050692020501 -0.169610205205  0.007140516476  0.134897153610 -0.032208548591  0.223079676739 -0.000000000000
  0.235294117647 -0.114443402170 -0.006117941041  0.037835323517 -0.018548174751  0.166582217703  0.024019847674 -0.210443256424  0.003327063071  0.063919509407 -0.015261660973  0.166582217703 -0.000000000000
  0.239215686275 -0.111469564439  0.001099781951 -0.006914763598  0.003389854550  0.105855586149 -0.004389854583 -0.204974840734 -0.000598084207 -0.011681895535  0.002789213041  0.105855586149 -0.000000000000
  0.243137254902 -0.106575322997  0.007303595169 -0.046673384663  0.022880895800  0.026677330714 -0.029630712409 -0.195975107353 -0.003971846346 -0.078850649941  0.018826675894  0.026677330714  0.000000000000
  0.247058823529 -0.079583913321  0.013507732197 -0.087712987900  0.042999918496  0.055914379035 -0.055684804899 -0.146342188023 -0.007345784581 -0.148183513025  0.035380849425  0.055914379035  0.000000000000
  0.250980392157 -0.050572035292  0.016221744571 -0.107008541982  0.052459261664  0.120634373483 -0.067934634602 -0.092993948004 -0.008821720731 -0.180781684152  0.043164110603  0.120634373483  0.000000000000
  0.254901960784 -0.012744976051  0.018814814161 -0.126053295356  0.061795653713  0.187469248940 -0.080025242862 -0.023435988553 -0.010231885689 -0.212956149157  0.050846206124  0.187469248940  0.000000000000
  0.258823529412  0.026712845800  0.017150539496 -0.116670923523  0.057196092876  0.208366971147 -0.074068821156  0.049120684565 -0.009326818651 -0.197105442757  0.047061632220  0.208366971147  0.000000000000
  0.262745098039  0.057632535184  0.015320599734 -0.105801416722  0.051867487412  0.229867640985 -0.067168288178  0.105977086928 -0.008331659501 -0.178742350344  0.042677191641  0.229867640985  0.000000000000
  0.266666666667  0.089562599560  0.010412165574 -0.072977821087  0.035776233758  0.198614449421 -0.046330148209  0.164691408574 -0.005662351327 -0.123289722087  0.029437114857  0.198614449421  0.000000000000
  0.270588235294  0.099546393363  0.005329196346 -0.037901092287  0.018580416860  0.166284413586 -0.024061601138  0.183050021124 -0.002898127367 -0.064030620060  0.015288190168  0.166284413586  0.000000000000
  0.274509803922  0.109818242714 -0.000345326078  0.002491542675 -0.001221439772  0.098818519002  0.001581761961  0.201938322116  0.000187795475  0.004209246034 -0.001005015316  0.098818519002 -0.000000000000
  0.278431372549  0.094887169501 -0.006197728741  0.045355695098 -0.022234919129  0.028536412434  0.028794173965  0.174482447779  0.003370453275  0.076624527293 -0.018295158531  0.028536412434 -0.000000000000
  0.282352941176  0.079441638729 -0.010029203008  0.074428597043 -0.036487453948  0.042948794165  0.047251176872  0.146080567625  0.005454088350  0.125740682690 -0.030022315371  0.042948794165 -0.000000000000
  0.286274509804  0.047210107773 -0.014032342618  0.105582989413 -0.051760406845  0.118628896063  0.067029619067  0.086811896776  0.007631078595  0.178373336282 -0.042589084464  0.118628896063 -0.000000000000
  0.290196078431  0.013633144071 -0.014450678428  0.110220117724 -0.054033686370  0.160963353899  0.069973511317  0.025069188605  0.007858578275  0.186207363828 -0.044459566162  0.160963353899 -0.000000000000
  0.294117647059 -0.020518595317 -0.014995170207  0.115918720065 -0.056827336912  0.207814824516  0.073591282951 -0.037730440846  0.008154684183  0.195834660018 -0.046758215383  0.207814824516 -0.000000000000
  0.298039215686 -0.056674427270 -0.012084584741  0.094664302173 -0.046407691442  0.202182073553  0.060097863767 -0.104215278509  0.006571847514  0.159927157767 -0.038184805937  0.202182073553 -0.000000000000
  0.301960784314 -0.076899526139 -0.009191904565  0.072951990451 -0.035763570694  0.199729543446  0.046313749566 -0.141406025961  0.004998748112  0.123246083460 -0.029426695535  0.199729543446 -0.000000000000
  0.305882352941 -0.099282607767 -0.004523132519  0.036364266227 -0.017827011955  0.149987408988  0.023085943355 -0.182564961270  0.002459773160  0.061434285242 -0.014668279563  0.149987408988 -0.000000000000
  0.309803921569 -0.096591586056  0.000284597387 -0.002317388857  0.001136063591  0.100421941281 -0.001471199984 -0.177616599363 -0.000154769955 -0.003915028209  0.000934766768  0.100421941281 -0.000000000000
  0.313725490196 -0.095419900710  0.004470775763 -0.036864961856  0.018072470145  0.030749802593 -0.023403811200 -0.175462055937 -0.002431300472 -0.062280167239  0.014870245510  0.030749802593  0.000000000000
  0.317647058824 -0.071655817294  0.008942363177 -0.074658324110  0.036600074044  0.042535572466 -0.047397019663 -0.131763677479 -0.004863042337 -0.126128786717  0.030114980539  0.042535572466  0.000000000000
  0.321568627451 -0.047976135632  0.010789228914 -0.091189571301  0.044704259055  0.099321267463 -0.057891922375 -0.088220500454 -0.005867406182 -0.154056900239  0.036783201309  0.099321267463  0.000000000000
  0.325490196078 -0.014690581372  0.012978474930 -0.111030595466  0.054431010388  0.162710287944 -0.070488045094 -0.027013648004 -0.007057963516 -0.187576595933  0.044786489137  0.162710287944  0.000000000000
  0.329411764706  0.020321180489  0.011818706702 -0.102326979618  0.050164199041  0.180556986364 -0.064962533285  0.037367426304 -0.006427257529 -0.172872589113  0.041275705510  0.180556986364  0.000000000000
  0.333333333333  0.047450293613  0.010914631929 -0.095624446528  0.046878387173  0.205578226539 -0.060707413759  0.087253560423 -0.005935602939 -0.161549238680  0.038572100038  0.205578226539  0.000000000000
  0.337254901961  0.077734116107  0.007485547921 -0.066353366227  0.032528698520  0.177110750390 -0.042124596838  0.142940704476 -0.004070796023 -0.112098278077  0.026765003856  0.177110750390  0.000000000000
  0.341176470588  0.086260296870  0.004091734437 -0.036691680739  0.017987521791  0.153190980696 -0.023293803259  0.158618997944 -0.002225169947 -0.061987423765  0.014800348984  0.153190980696  0.000000000000
  0.345098039216  0.098214083035  0.000105467380 -0.000956625041  0.000468970443  0.092704851675 -0.000607315747  0.180600113844 -0.000057355346 -0.001616135337  0.000385874514  0.092704851675  0.000000000000
  0.349019607843  0.084613872967 -0.004117073700  0.037767615161 -0.018514981790  0.031607944505  0.023976862858  0.155591485645  0.002238949963  0.063805121990 -0.015234349406  0.031607944505 -0.000000000000
  0.352941176471  0.073186309424 -0.006812053479  0.063191908548 -0.030978843410  0.032047067516  0.040117537698  0.134578009644  0.003704535793  0.106757268536 -0.025489764455  0.032047067516 -0.000000000000
  0.356862745098  0.044289330409 -0.009942105471  0.093252540548 -0.045715597417  0.101948309525  0.059201603447  0.081441050681  0.005406722906  0.157542108504 -0.037615342661  0.101948309525 -0.000000000000
  0.360784313725  0.015100554852 -0.010204880607  0.096769092758 -0.047439532060  0.139080119151  0.061434095218  0.027767524178  0.005549625468  0.163483019567 -0.039033816791  0.139080119151 -0.000000000000
  0.364705882353 -0.015310343916 -0.010922598867  0.104700763117 -0.051327909221  0.185935449910  0.066469535545 -0.028153292978  0.005939935525  0.176882891194 -0.042233220224  0.185935449910 -0.000000000000
  0.368627450980 -0.048705351269 -0.008789743020  0.085161822265 -0.041749249502  0.179821653056  0.054065191157 -0.089561412297  0.004780044334  0.143873539154 -0.034351783954  0.179821653056 -0.000000000000
  0.372549019608 -0.066444908105 -0.006921642583  0.067775649630 -0.033225950681  0.182780404020  0.043027536935 -0.122181642360  0.003764132618  0.114501102974 -0.027338711309  0.182780404020 -0.000000000000
  0.376470588235 -0.088829833898 -0.003515721609  0.034787772835 -0.017054160762  0.137171248905  0.022085102669 -0.163343968799  0.001911922239  0.058770935894 -0.014032368318  0.137171248905 -0.000000000000
  0.380392156863 -0.085908994654 -0.000043094538  0.000430858714 -0.000211221736  0.095639141534  0.000273531709 -0.157973008914  0.000023435703  0.000727898564 -0.000173795782  0.095639141534 -0.000000000000
  0.384313725490 -0.087322524762  0.003003905726 -0.030342634696  0.014875001412  0.032596241253 -0.019263095850 -0.160572266481 -0.001633586160 -0.051261259152  0.012239329831  0.032596241253  0.000000000000
  0.388235294118 -0.065532953838  0.006445544401 -0.065771192041  0.032243296744  0.033829741223 -0.041755002132 -0.120504703175 -0.003505220565 -0.111114745100  0.026530171846  0.033829741223  0.000000000000
  0.392156862745 -0.045691174334  0.007764015739 -0.080025301889  0.039231150839  0.084564224118 -0.050804258632 -0.084018819210 -0.004222232590 -0.135195831868  0.032279862129  0.084564224118  0.000000000000
  0.396078431373 -0.015572709226  0.009645387847 -0.100411159799  0.049224998382  0.145305784524 -0.063746270387 -0.028635741149 -0.005245361715 -0.169635977091  0.040502919927  0.145305784524  0.000000000000
  0.400000000000  0.016162008348  0.008734750377 -0.091831480070  0.045018944775  0.160305624421 -0.058299439726  0.029719368724 -0.004750138195 -0.155141349631  0.037042128499  0.160305624421  0.000000000000
  0.403921568627  0.040400181815  0.008303948521 -0.088158214755  0.043218183988  0.187846436118 -0.055967458258  0.074289523555 -0.004515859222 -0.148935685322  0.035560440894  0.187846436118  0.000000000000
  0.407843137255  0.069419192037  0.005709485041 -0.061202786106  0.030003707288  0.160792348940 -0.038854738451  0.127650878544 -0.003104936237 -0.103396818069  0.024687410741  0.160792348940  0.000000000000
  0.411764705882  0.076585298808  0.003282887462 -0.035529263782  0.017417665085  0.143119607699 -0.022555840011  0.140828211760 -0.001785302207 -0.060023620771  0.014331464041  0.143119607699  0.000000000000
  0.415686274510  0.089742799057  0.000287486766 -0.003140976137  0.001539814355  0.087424703163 -0.001994056383  0.165022766853 -0.000156341259 -0.005306407745  0.001266977747  0.087424703163  0.000000000000
  0.419607843137  0.076817829281 -0.002947550317  0.032507675762 -0.015936378884  0.033252900049  0.020637577466  0.141255798402  0.001602938921  0.054918908933 -0.013112643963  0.033252900049 -0.000000000000
  0.423529411765  0.068374755786 -0.004949533300  0.055097122759 -0.027010501463  0.024550788589  0.034978543142  0.125730326012  0.002691658738  0.093081827486 -0.022224565036  0.024550788589 -0.000000000000
  0.427450980392  0.041766762951 -0.007507423743  0.084344805589 -0.041348719873  0.090039482123  0.053546506121  0.076802449412  0.004082692548  0.142493260084 -0.034022223365  0.090039482123 -0.000000000000
  0.431372549020  0.015886425044 -0.007652358128  0.086761866401 -0.042533646078  0.122909576005  0.055080983089  0.029212614758  0.004161510868  0.146576675447 -0.034997194879  0.122909576005 -0.000000000000
  0.435294117647 -0.011729030013 -0.008424861685  0.096388821952 -0.047253110253  0.169742944361  0.061192679367 -0.021567825002  0.004581614305  0.162840584902 -0.038880426689  0.169742944361 -0.000000000000
  0.439215686275 -0.043015961965 -0.006745429411  0.077869706648 -0.038174404034  0.162752635301  0.049435773722 -0.079099528173  0.003668304245  0.131554139992 -0.031410358165  0.162752635301 -0.000000000000
  0.443137254902 -0.058719503066 -0.005475765791  0.063777019842 -0.031265685057  0.169861778540  0.040488997034 -0.107975848380  0.002977834867  0.107745763503 -0.025725781208  0.169861778540 -0.000000000000
  0.447058823529 -0.081093936419 -0.002838462285  0.033352538450 -0.016350559584  0.126959107772  0.021173940610 -0.149118880885  0.001543614589  0.056346231432 -0.013453436818  0.126959107772 -0.000000000000
  0.450980392157 -0.077754347368 -0.000193791398  0.002297064820 -0.001126100050  0.091641738068  0.001458297219 -0.142977906555  0.000105387777  0.003880692505 -0.000926568647  0.091641738068 -0.000000000000
  0.454901960784 -0.081150708919  0.002140749360 -0.025595565317  0.012547825001  0.033489467684 -0.016249407244 -0.149223276505 -0.001164183847 -0.043241495671  0.010324501127  0.033489467684  0.000000000000
  0.458823529412 -0.060654148850  0.004911171754 -0.059225931283  0.029034585174  0.027601620965 -0.037599727332 -0.111533354983 -0.002670796935 -0.100057092682  0.023890005425  0.027601620965  0.000000000000
  0.462745098039 -0.043781432614  0.005885257166 -0.071579451509  0.035090704975  0.073551628060 -0.045442389862 -0.080507107229 -0.003200524760 -0.120927297530  0.028873053540  0.073551628060  0.000000000000
  0.466666666667 -0.015999444179  0.007534752304 -0.092418061629  0.045306507197  0.132236785082 -0.058671832464 -0.029420439013 -0.004097554385 -0.156132328485  0.037278738314  0.132236785082  0.000000000000
  0.470588235294  0.013186551606  0.006767850847 -0.083709151360  0.041037100343  0.144678966598 -0.053142959479  0.024247975929 -0.003680497487 -0.141419377197  0.033765819073  0.144678966598  0.000000000000
  0.474509803922  0.035138963047  0.006608624962 -0.082420907274  0.040405558857  0.174227755856 -0.052325114571  0.064614977105 -0.003593907152 -0.139243000142  0.033246179153  0.174227755856  0.000000000000
  0.478431372549  0.063175535702  0.004538378633 -0.057069158741  0.027977261216  0.147863519118 -0.036230495008  0.116169785304 -0.002468064313 -0.096413411858  0.023020026573  0.147863519118  0.000000000000
  0.482352941176  0.069119732562  0.002723288449 -0.034525475569  0.016925573636  0.135153477620 -0.021918582608  0.127100220089 -0.001480980671 -0.058327807331  0.013926565286  0.135153477620  0.000000000000
  0.486274509804  0.083236535156  0.000365171878 -0.004667237751  0.002288040206  0.082921101912 -0.002963007302  0.153058779970 -0.000198588032 -0.007884894845  0.001882626964  0.082921101912  0.000000000000
  0.490196078431  0.070641138359 -0.002218165125  0.028578853355 -0.014010335235  0.034255523279  0.018143354951  0.129897843929  0.001206284144  0.048281502999 -0.011527872115  0.034255523279  0.000000000000
  0.494117647059  0.064568972585 -0.003764365578  0.048888110537 -0.023966630471  0.018996399174  0.031036736546  0.118732094617  0.002047139980  0.082592237911 -0.019720031423  0.018996399174 -0.000000000000
  0.498039215686  0.039615187491 -0.005922826922  0.077530694955 -0.038008208862  0.080987275539  0.049220551319  0.072846043559  0.003220955972  0.130981409034 -0.031273610781  0.080987275539 -0.000000000000
  0.501960784314  0.016365423831 -0.005981986227  0.078921674730 -0.038690114910  0.110300126207  0.050103618231  0.030093417518  0.003253128027  0.133331349158 -0.031834691268  0.110300126207 -0.000000000000
  0.505882352941 -0.009075445183 -0.006764129374  0.089937855903 -0.044090625187  0.157163113834  0.057097267793 -0.016688303578  0.003678473672  0.151942235246 -0.036278295991  0.157163113834 -0.000000000000
  0.509803921569 -0.038691310546 -0.005376469406  0.072041284083 -0.035317111161  0.149148159170  0.045735585401 -0.071147180460  0.002923835436  0.121707523753 -0.029059343269  0.149148159170 -0.000000000000
  0.513725490196 -0.052695394529 -0.004488427232  0.060604712919 -0.029710511275  0.159649736892  0.038475050225 -0.096898468702  0.002440899706  0.102386425103 -0.024446165540  0.159649736892 -0.000000000000
  0.517647058824 -0.075083978357 -0.002358690515  0.032091188816 -0.015732202683  0.118589726522  0.020373169710 -0.138067521685  0.001282704762  0.054215290230 -0.012944645332  0.118589726522 -0.000000000000
  0.521568627451 -0.071254869428 -0.000268525418  0.003681102892 -0.001804603037  0.088326177402  0.002336957174 -0.131026397977  0.000146029685  0.006218905221 -0.001484849054  0.088326177402 -0.000000000000
  0.525490196078 -0.076271951459  0.001587749582 -0.021929448989  0.010750568892  0.033923861646 -0.013921964326 -0.140252015709 -0.000863451113 -0.037047908955  0.008845697213  0.033923861646  0.000000000000
  0.529411764706 -0.056655714196  0.003891068016 -0.054143148244  0.026542830399  0.022846250896 -0.034372910088 -0.104180868136 -0.002116043391 -0.091470169984  0.021839759667  0.022846250896  0.000000000000
  0.533333333333 -0.042197438258  0.004628543504 -0.064881991612  0.031807380161  0.064904913555 -0.041190491065 -0.077594392961 -0.002517097838 -0.109612517818  0.026171494445  0.064904913555  0.000000000000
  0.537254901961 -0.016206973962  0.006099793825 -0.086134400866  0.042226040927  0.121962222538 -0.054682635060 -0.029802053352 -0.003317194239 -0.145516626651  0.034744093666  0.121962222538  0.000000000000
  0.541176470588  0.010914694714  0.005425290797 -0.077169026552  0.037830906592  0.132118676139 -0.048990945249  0.020070391608 -0.002950385520 -0.130370401521  0.031127724344  0.132118676139  0.000000000000
  0.545098039216  0.031008033665  0.005434461781 -0.077859615232  0.038169456876  0.163376437799 -0.049429367161  0.057018853477 -0.002955372891 -0.131537091417  0.031406287584  0.163376437799  0.000000000000
  0.549019607843  0.058266909162  0.003718676543 -0.053660826072  0.026306379508  0.137281675378 -0.034066706677  0.107143600010 -0.002022293336 -0.090655328356  0.021645205034  0.137281675378  0.000000000000
  0.552941176471  0.063119109680  0.002317842465 -0.033685573217  0.016513824663  0.128700436155 -0.021385368546  0.116066026804 -0.001260490747 -0.056908864891  0.013587773286  0.128700436155  0.000000000000
  0.556862745098  0.078052366236  0.000396835273 -0.005808172772  0.002847365730  0.079057056934 -0.003687332690  0.143525915963 -0.000215807242 -0.009812405965  0.002342846723  0.079057056934  0.000000000000
  0.560784313725  0.065585709595 -0.001729285848  0.025488468362 -0.012495322396  0.034943977369  0.016181416480  0.120601712640  0.000940421466  0.043060564621 -0.010281301353  0.034943977369  0.000000000000
  0.564705882353  0.061486060737 -0.002958723901  0.043914490277 -0.021528391039  0.014662231365  0.027879221560  0.113063108933  0.001609015347  0.074189736296 -0.017713818732  0.014662231365 -0.000000000000
  0.568627450980  0.037769157196 -0.004824415945  0.072103054058 -0.035347392923  0.073793373961  0.045774800220  0.069451486778  0.002623617328  0.121811878787 -0.029084259467  0.073793373961 -0.000000000000
  0.572549019608  0.016694329709 -0.004820973896  0.072548518765 -0.035565775019  0.100084120375  0.046057604579  0.030698223237  0.002621745471  0.122564452913 -0.029263946878  0.100084120375 -0.000000000000
  0.576470588235 -0.007004815797 -0.005594103435  0.084759569267 -0.041552051269  0.147038503909  0.053809819856 -0.012880744709  0.003042189330  0.143193967474 -0.034189526880  0.147038503909 -0.000000000000
  0.580392156863 -0.035254456076 -0.004407697365  0.067237939711 -0.032962346816  0.137953329159  0.042686170478 -0.064827350458  0.002396997132  0.113592688535 -0.027121814882  0.137953329159 -0.000000000000
  0.584313725490 -0.047814743198 -0.003778683242  0.058032017620 -0.028449287700  0.151349487837  0.036841768323 -0.087923725377  0.002054926223  0.098040078725 -0.023408415634  0.151349487837 -0.000000000000
  0.588235294118 -0.070246991013 -0.002004295390  0.030988025217 -0.015191394007  0.111568112315  0.019672823601 -0.129173069505  0.001089977352  0.052351590663 -0.012499661458  0.111568112315 -0.000000000000
  0.592156862745 -0.065906589200 -0.000306831292  0.004775485275 -0.002341106859  0.085566376587  0.003031728507 -0.121191759316  0.000166861213  0.008067769681 -0.001926290843  0.085566376587 -0.000000000000
  0.596078431373 -0.072306544404  0.001211333742 -0.018977907115  0.009303621718  0.034118878368 -0.012048170748 -0.132960261375 -0.000658748382 -0.032061534026  0.007655131698  0.034118878368  0.000000000000
  0.600000000000 -0.053301169250  0.003173264839 -0.050042461590  0.024532532995  0.019039259569 -0.031769579136 -0.098012392288 -0.001725687154 -0.084542414259  0.020185662817  0.019039259569  0.000000000000
  0.603921568627 -0.040878955698  0.003741378558 -0.059387259932  0.029113674017  0.057863295726 -0.037702147219 -0.075169912753 -0.002034639162 -0.100329643492  0.023955080675  0.057863295726  0.000000000000
  0.607843137255 -0.016300142333  0.005072188203 -0.081034129631  0.039725712838  0.113606631830 -0.051444715392 -0.029973375202 -0.002758361015 -0.136900159158  0.032686793683  0.113606631830  0.000000000000
  0.611764705882  0.009095921546  0.004461960248 -0.071744928849  0.035171827649  0.121713153054 -0.045547443556  0.016725956360 -0.002426506412 -0.121206857196  0.028939802250  0.121713153054  0.000000000000
  0.615686274510  0.027643932078  0.004581435325 -0.074138215186  0.036345098791  0.154486357576 -0.047066827241  0.050832804483 -0.002491479434 -0.125250107638  0.029905183838  0.154486357576  0.000000000000
  0.619607843137  0.054275062878  0.003118573296 -0.050787163376  0.024897611381  0.128399637076 -0.032242354886  0.099803228130 -0.001695944760 -0.085800523569  0.020486053698  0.128399637076  0.000000000000
  0.623529411765  0.058147917325  0.002013034173 -0.032990521883  0.016173086632  0.123369686283 -0.020944113506  0.106924792902 -0.001094729683 -0.055734635727  0.013307409942  0.123369686283  0.000000000000
  0.627450980392  0.073805169965  0.000406471307 -0.006703332950  0.003286203986  0.075706458897 -0.004255627318  0.135715995976 -0.000221047517 -0.011324701726  0.002703928112  0.075706458897  0.000000000000
  0.631372549020  0.061342355315 -0.001383798450  0.022963581842 -0.011257536326  0.035471454220  0.014578486097  0.112798857466  0.000752538262  0.038794987041 -0.009262836107  0.035471454220  0.000000000000
  0.635294117647  0.058939318704 -0.002383703831  0.039802304984 -0.019512456607  0.011150876201  0.025268590669  0.108380054457  0.001296307522  0.067242554612 -0.016055083667  0.011150876201 -0.000000000000
  0.639215686275  0.036168423892 -0.004026452566  0.067647399435 -0.033163078032  0.067883101721  0.042946116986  0.066507992240  0.002189668313  0.114284435354 -0.027286978938  0.067883101721 -0.000000000000
  0.643137254902  0.016946329428 -0.003976780425  0.067222765406 -0.032954907850  0.091567796225  0.042676537034  0.031161610732  0.002162655574  0.113567052858 -0.027115694012  0.091567796225 -0.000000000000
  0.647058823529 -0.005327281491 -0.004733080068  0.080494963840 -0.039461395254  0.138667814427  0.051102424671 -0.009796025315  0.002573946987  0.135989285148 -0.032469310000  0.138667814427 -0.000000000000
  0.650980392157 -0.032430849810 -0.003692818605  0.063183979760 -0.030974956445  0.128512675657  0.040112504088 -0.059635186592  0.002008231254  0.106743873534 -0.025486566214  0.128512675657 -0.000000000000
  0.654901960784 -0.043746107227 -0.003248008772  0.055908080090 -0.027408060593  0.144454300706  0.035493381387 -0.080442149449  0.001766334452  0.094451869815 -0.022551681463  0.144454300706 -0.000000000000
  0.658823529412 -0.066247931358 -0.001733567206  0.030018630740 -0.014716163547  0.105562220289  0.019057401146 -0.121819433379  0.000942749757  0.050713882467 -0.012108636128  0.105562220289 -0.000000000000
  0.662745098039 -0.061396358995 -0.000326270600  0.005683365148 -0.002786180747  0.083254550678  0.003608098265 -0.112898161663  0.000177432711  0.009601554269 -0.002292502984  0.083254550678 -0.000000000000
  0.666666666667 -0.069012399431  0.000943255036 -0.016527949142  0.008102568195  0.034181361510 -0.010492808938 -0.126902851494 -0.000512961628 -0.027922541754  0.006666890433  0.034181361510  0.000000000000
  0.670588235294 -0.050431881057  0.002646033185 -0.046637183099  0.022863148550  0.015880190300 -0.029607729757 -0.092736226607 -0.001438967659 -0.078789490527  0.018812073244  0.015880190300 -0.000000000000
  0.674509803922 -0.039774491156  0.003088943387 -0.054762001107  0.026846213322  0.051969726542 -0.034765790341 -0.073138977719 -0.001679831401 -0.092515668416  0.022089386780  0.051969726542  0.000000000000
  0.678431372549 -0.016329993376  0.004306517835 -0.076791520590  0.037645840207  0.106632578348 -0.048751284666 -0.030028266534 -0.002341973608 -0.129732637824  0.030975449499  0.106632578348  0.000000000000
  0.682352941176  0.007586690259  0.003743743268 -0.067142301072  0.032915461471  0.112889827815 -0.042625454054  0.013950719511 -0.002035925141 -0.113431115319  0.027083237057  0.112889827815  0.000000000000
  0.686274509804  0.024828305623  0.003938426900 -0.071039803551  0.034826151016  0.147042725168 -0.045099793036  0.045655314222 -0.002141798133 -0.120015608941  0.028655375365  0.147042725168  0.000000000000
  0.690196078431  0.050943239858  0.002663579953 -0.048319153740  0.023687708313  0.120793257260 -0.030675532932  0.093676534298 -0.001448509954 -0.081631034571  0.019490530921  0.120793257260  0.000000000000
  0.694117647059  0.053932612950  0.001776941075 -0.032418073821  0.015892452936  0.118894713231 -0.020580693454  0.099173517052 -0.000966337366 -0.054767534197  0.013076501166  0.118894713231  0.000000000000
  0.698039215686  0.070249007701  0.000405033728 -0.007431082884  0.003642971993  0.072767924471 -0.004717641144  0.129176777874 -0.000220265731 -0.012554172348  0.002997481113  0.072767924471  0.000000000000
  0.701960784314  0.057708441202 -0.001129544923  0.020839987441 -0.010216477432  0.035915155469  0.013230316998  0.106116666050  0.000614269928  0.035207357819 -0.008406240345  0.035915155469  0.000000000000
  0.705882352941  0.056801420239 -0.001957614782  0.036319566377 -0.017805098554  0.008224944982  0.023057565546  0.104448798429  0.001064591470  0.061358768709 -0.014650248953  0.008224944982 -0.000000000000
  0.709803921569  0.034764552144 -0.003425324502  0.063902994562 -0.031327442190  0.062900571952  0.040568972393  0.063926494867  0.001862762420  0.107958586906 -0.025776595719  0.062900571952 -0.000000000000
  0.713725490196  0.017158305725 -0.003341080440  0.062675705894 -0.030725783144  0.084310261044  0.039789825181  0.031551401506  0.001816948754  0.105885188762 -0.025281543428  0.084310261044 -0.000000000000
  0.717647058824 -0.003929430869 -0.004077537382  0.076911265104 -0.037704543079  0.131598975485  0.048827304763 -0.007225599837  0.002217449295  0.129934935830 -0.031023750928  0.131598975485 -0.000000000000
  0.721568627451 -0.030050468382 -0.003147686091  0.059696676341 -0.029265360565  0.120395305464  0.037898580983 -0.055258042871  0.001711776901  0.100852375776 -0.024079890189  0.120395305464 -0.000000000000
  0.725490196078 -0.040278852086 -0.002838687403  0.054129026060 -0.026535907219  0.138624977941  0.034363944584 -0.074066417437  0.001543737013  0.091446311774 -0.021834063192  0.138624977941 -0.000000000000
  0.729411764706 -0.062870825005 -0.001521013823  0.029159966398 -0.014295216803  0.100341738423  0.018512275988 -0.115609470684  0.000827158825  0.049263243267 -0.011762276090  0.100341738423 -0.000000000000
  0.733333333333 -0.057518321502 -0.000335397255  0.006464605461 -0.003169171574  0.081305297489  0.004104070588 -0.105767066091  0.000182395975  0.010921392264 -0.002607632437  0.081305297489 -0.000000000000
  0.737254901961 -0.066227466417  0.000745530284 -0.014446546925  0.007082193358  0.034166902918 -0.009171425649 -0.121781801601 -0.000405434812 -0.024406192579  0.005827313762  0.034166902918  0.000000000000
  0.741176470588 -0.047937819074  0.002245544549 -0.043744594343  0.021445102218  0.013184329024 -0.027771362710 -0.088150042384 -0.001221173642 -0.073902711796  0.017645287689  0.013184329024 -0.000000000000
  0.745098039216 -0.038843244118  0.002593472962 -0.050789769250  0.024898888870  0.046931499207 -0.032244009231 -0.071426562190 -0.001410384321 -0.085804925968  0.020487104831  0.046931499207  0.000000000000
  0.749019607843 -0.016323085848  0.003717875227 -0.073192923117  0.035881684159  0.100690158343 -0.046466706258 -0.030015564686 -0.002021857564 -0.123653118378  0.029523880713  0.100690158343  0.000000000000
  0.752941176471  0.006298754529  0.003191781883 -0.063164832393  0.030965569749  0.105268927300 -0.040100348335  0.011582410077 -0.001735757106 -0.106711525713  0.025478842728  0.105268927300  0.000000000000
  0.756862745098  0.022421314931  0.003439298073 -0.068417632112  0.033540672538  0.140699964785 -0.043435101084  0.041229240287 -0.001870361537 -0.115585676898  0.027597668233  0.140699964785  0.000000000000
  0.760784313725  0.048104275140  0.002308789487 -0.046166503118  0.022632405062  0.114172078958 -0.029308917420  0.088456128676 -0.001255567549 -0.077994317375  0.018622214730  0.114172078958  0.000000000000
  0.764705882353  0.050291761637  0.001589538530 -0.031948214020  0.015662111528  0.115087861054 -0.020282401811  0.092478569227 -0.000864423980 -0.053973746668  0.012886973488  0.115087861054  0.000000000000
  0.768627450980  0.067218782149  0.000397912671 -0.008038680251  0.003940837086  0.070162586373 -0.005103375819  0.123604673928 -0.000216393153 -0.013580655593  0.003242568089  0.070162586373  0.000000000000
  0.772549019608  0.054545202728 -0.000936338489  0.019012534535 -0.009320597268  0.036316160202  0.012070154051  0.100299972447  0.000509200266  0.032120034060 -0.007669099385  0.036316160202  0.000000000000
  0.776470588235  0.054982713549 -0.001632368718  0.033313814873 -0.016331575957  0.005733493411  0.021149356852  0.101104485423  0.000887715924  0.056280811295 -0.013437816862  0.005733493411 -0.000000000000
  0.780392156863  0.033519863460 -0.002959179015  0.060696720866 -0.029755616730  0.058612677121  0.038533461695  0.061637709888  0.001609262848  0.102541864578 -0.024483278850  0.058612677121  0.000000000000
  0.784313725490  0.017349883952 -0.002848799229  0.058726315349 -0.028789656287  0.078016377675  0.037282544934  0.031903683465  0.001549236034  0.099213034738 -0.023688474996  0.078016377675 -0.000000000000
  0.788235294118 -0.002739150966 -0.003564633621  0.073850233102 -0.036203920084  0.125526158645  0.046884001110 -0.005036863972  0.001938521604  0.124763586794 -0.029789020303  0.125526158645 -0.000000000000
  0.792156862745 -0.028001945705 -0.002720853415  0.056649675768 -0.027771616258  0.113305057374  0.035964185217 -0.051491134732  0.001479656450  0.095704731625 -0.022850819432  0.113305057374 -0.000000000000
  0.796078431373 -0.037271977310 -0.002514910438  0.052621045836 -0.025796643533  0.133625278985  0.033406599651 -0.068537251863  0.001367660392  0.088898709503 -0.021225788152  0.133625278985 -0.000000000000
  0.800000000000 -0.059969563780 -0.001350310698  0.028392575548 -0.013919015458  0.095741967283  0.018025096030 -0.110274511671  0.000734326929  0.047966802742 -0.011452733105  0.095741967283 -0.000000000000
  0.803921568627 -0.054130987024 -0.000338676938  0.007156165887 -0.003508198241  0.079652137590  0.004543109416 -0.099538295496  0.000184179534  0.012089723840 -0.002886587651  0.079652137590 -0.000000000000
  0.807843137255 -0.063838882486  0.000595581551 -0.012645889157  0.006199449090  0.034105867404 -0.008028273661 -0.117389574778 -0.000323889585 -0.021364136891  0.005100981175  0.034105867404  0.000000000000
  0.811764705882 -0.045740298878  0.001932992883 -0.041242170625  0.020218328185  0.010831709097 -0.026182692893 -0.084109151451 -0.001051201572 -0.069675083181  0.016635883280  0.010831709097 -0.000000000000
  0.815686274510 -0.038053454331  0.002207338487 -0.047323099832  0.023199408485  0.042551561564 -0.030043185673 -0.069974264098 -0.001200396394 -0.079948287571  0.019088751958  0.042551561564  0.000000000000
  0.819607843137 -0.016293926403  0.003253715709 -0.070091734033  0.034361374784  0.095540806321 -0.044497908783 -0.029961945093 -0.001769438003 -0.118413927421  0.028272951898  0.095540806321  0.000000000000
  0.823529411765  0.005174800827  0.002757019932 -0.059676056250  0.029255251889  0.098587462138 -0.037885490268  0.009515637570 -0.001499324551 -0.100817539915  0.024071572649  0.098587462138  0.000000000000
  0.827450980392  0.020328819209  0.003042483569 -0.066168548945  0.032438094742  0.135216631832 -0.042007265135  0.037381472698 -0.001654565590 -0.111786045251  0.026690453979  0.135216631832  0.000000000000
  0.831372549020  0.045644195123  0.002025699504 -0.044264116149  0.021699789647  0.108329915844 -0.028101182400  0.083932431896 -0.001101617353 -0.074780398992  0.017854847565  0.108329915844  0.000000000000
  0.835294117647  0.047099721384  0.001437719744 -0.031564197657  0.015473853521  0.111813171529 -0.020038608083  0.086608913723 -0.000781861779 -0.053324984208  0.012732072539  0.111813171529  0.000000000000
  0.839215686275  0.064599144228  0.000387909533 -0.008556282986  0.004194583719  0.067829338812 -0.005431977181  0.118787575482 -0.000210953239 -0.014455100683  0.003451353867  0.067829338812  0.000000000000
  0.843137254902  0.051754135294 -0.000785655798  0.017410518049 -0.008535233778  0.036697165209  0.011053109967  0.095167642330  0.000427255898  0.029413565652 -0.007022892872  0.036697165209  0.000000000000
  0.847058823529  0.053418245200 -0.001378045969  0.030680212991 -0.015040493884  0.003575669185  0.019477408256  0.098227676381  0.000749409944  0.051831568508 -0.012375499024  0.003575669185 -0.000000000000
  0.850980392157  0.032405164820 -0.002589063143  0.057908629958 -0.028388798831  0.054859799394  0.036763435363  0.059587955970  0.001407986170  0.097831625932 -0.023358644666  0.054859799394  0.000000000000
  0.854901960784  0.017531907399 -0.002458760336  0.055247624114 -0.027084282395  0.072480239236  0.035074089295  0.032238395700  0.001337124804  0.093336086519 -0.022285272873  0.072480239236 -0.000000000000
  0.858823529412 -0.001708260043 -0.003154247876  0.071200140099 -0.034904753497  0.120234306431  0.045201583086 -0.003141219149  0.001715345335  0.120286483683 -0.028720050431  0.120234306431 -0.000000000000
  0.862745098039 -0.026209025069 -0.002379294894  0.053952536525 -0.026449385989  0.107030905705  0.034251899771 -0.048194238188  0.001293909850  0.091148147957 -0.021762872484  0.107030905705 -0.000000000000
  0.866666666667 -0.034627111804 -0.002253408743  0.051330224375 -0.025163838530  0.129285193567  0.032587118490 -0.063673763890  0.001225450353  0.086717978197 -0.020705108594  0.129285193567 -0.000000000000
  0.870588235294 -0.057441404930 -0.001210584779  0.027700595008 -0.013579782837  0.091641932836  0.017585790492 -0.105625628720  0.000658341080  0.046797761420 -0.011173608429  0.091641932836 -0.000000000000
  0.874509803922 -0.051133538980 -0.000338568687  0.007782024011 -0.003815015384  0.078243273562  0.004940436977 -0.094026464187  0.000184120665  0.013147057056 -0.003139040481  0.078243273562 -0.000000000000
  0.878431372549 -0.061765425988  0.000479268017 -0.011065406686  0.005424642314  0.034015435058 -0.007024900499 -0.113576817300 -0.000260635875 -0.018694048339  0.004463460853  0.034015435058  0.000000000000
  0.882352941176 -0.043781525663  0.001683584231 -0.039044357582  0.019140884765  0.008740910665 -0.024787405907 -0.080507278333 -0.000915567980 -0.065962067977  0.015749349892  0.008740910665 -0.000000000000
  0.886274509804 -0.037380375811  0.001899934288 -0.044257607576  0.021696598920  0.038691836978 -0.028097050416 -0.068736579504 -0.001033223623 -0.074769403319  0.017852222197  0.038691836978  0.000000000000
  0.890196078431 -0.016250722752  0.002879968150 -0.067383638236  0.033033773236  0.091015708683 -0.042778667543 -0.029882500435 -0.001566186338 -0.113838833602  0.027180585398  0.091015708683 -0.000000000000
  0.894117647059  0.004175931179  0.002407522591 -0.056577809899  0.027736385142  0.092656841217 -0.035918560994  0.007678874791 -0.001309260657 -0.095583320449  0.022821830846  0.092656841217  0.000000000000
  0.898039215686  0.018484852962  0.002720686772 -0.064217728769  0.031481735706  0.130418428038 -0.040768782175  0.033990711374 -0.001479565826 -0.108490303150  0.025903550277  0.130418428038  0.000000000000
  0.901960784314  0.043482349860  0.001795444806 -0.042563840681  0.020866256229  0.103115968644 -0.027021758361  0.079957141505 -0.000976400078 -0.071907930524  0.017169006257  0.103115968644  0.000000000000
  0.905882352941  0.044266393627  0.001312591796 -0.031252342802  0.015320971563  0.108969651460 -0.019840626266  0.081398873577 -0.000713814609 -0.052798132381  0.012606279427  0.108969651460  0.000000000000
  0.909803921569  0.062306823715  0.000376537978 -0.009004045593  0.004414092324  0.065720550930 -0.005716240367  0.114572361809 -0.000204769153 -0.015211556913  0.003631968184  0.065720550930  0.000000000000
  0.913725490196  0.049263195218 -0.000665582585  0.015984490045 -0.007836145884  0.037071008374  0.010147792600  0.090587198799  0.000361957597  0.027004414574 -0.006447674956  0.037071008374  0.000000000000
  0.917647058824  0.052059766139 -0.001175179420  0.028343987564 -0.013895195960  0.001681321428  0.017994249830  0.095729648955  0.000639086912  0.047884717543 -0.011433134136  0.001681321428 -0.000000000000
  0.921568627451  0.031397700792 -0.002289358886  0.055452694722 -0.027184815049  0.051528634826  0.035204278872  0.057735389490  0.001245000786  0.093682535590 -0.022367992348  0.051528634826  0.000000000000
  0.925490196078  0.017710509308 -0.002143786196  0.052147607387 -0.025564547749  0.067553271384  0.033106036094  0.032566816270  0.001165835342  0.088098876158 -0.021034816953  0.067553271384 -0.000000000000
  0.929411764706 -0.000803243831 -0.002819690309  0.068879608789 -0.033767149368  0.115567320502  0.043728388108 -0.001477037945  0.001533406000  0.116366146571 -0.027784016089  0.115567320502 -0.000000000000
  0.933333333333 -0.024617576018 -0.002100947019  0.051538642071 -0.025266012041  0.101417949636  0.032719432974 -0.045267815918  0.001142538510  0.087070081883 -0.020789178186  0.101417949636 -0.000000000000
  0.937254901961 -0.032273274834 -0.002038474224  0.050216222436 -0.024617716527  0.125478974239  0.031879891634 -0.059345431215  0.001108564510  0.084835968190 -0.020255752851  0.125478974239 -0.000000000000
  0.941176470588 -0.055211773168 -0.001094348606  0.027071221043 -0.013271242108  0.087950687980  0.017186230891 -0.101525689713  0.000595129442  0.045734488496 -0.010919737412  0.087950687980 -0.000000000000
  0.945098039216 -0.048451974192 -0.000336483738  0.008358378546 -0.004097564167  0.077038034017  0.005306337063 -0.089095492059  0.000182986827  0.014120758234 -0.003371525014  0.077038034017 -0.000000000000
  0.949019607843 -0.059947021640  0.000387348358 -0.009661799027  0.004736545643  0.033905565883 -0.006133816744 -0.110233060252 -0.000210648061 -0.016322774497  0.003897286648  0.033905565883  0.000000000000
  0.952941176471 -0.042018049857  0.001480821647 -0.037089411472  0.018182503054  0.006854647593 -0.023546303587 -0.077264526158 -0.000805301487 -0.062659355468  0.014960781909  0.006854647593 -0.000000000000
  0.956862745098 -0.036804577980  0.001650804948 -0.041517051459  0.020353084209  0.035252344312 -0.026357201662 -0.067677778663 -0.000897741927 -0.070139470595  0.016746762155  0.035252344312  0.000000000000
  0.960784313725 -0.016198233242  0.002573676632 -0.064992161033  0.031861388994  0.086991700403 -0.041260432392 -0.029785980556 -0.001399618666 -0.109798639535  0.026215933562  0.086991700403 -0.000000000000
  0.964705882353  0.003274777389  0.002121708657 -0.053797459775  0.026373362041  0.087337862889 -0.034153448917  0.006021795968 -0.001153829119 -0.090886159189  0.021700319067  0.087337862889  0.000000000000
  0.968627450980  0.016841650644  0.002455318182 -0.062509445611  0.030644276644  0.126176054014 -0.039684274434  0.030969123059 -0.001335252889 -0.105604306383  0.025214478902  0.126176054014  0.000000000000
  0.972549019608  0.041559897809  0.001605096118 -0.041029255766  0.020113950010  0.098417141524 -0.026047523374  0.076422057242 -0.000872884519 -0.069315381926  0.016549999664  0.098417141524  0.000000000000
  0.976470588235  0.041725275397  0.001207933181 -0.031001533173  0.015198016070  0.106480631284 -0.019681399159  0.076726160383 -0.000656899086 -0.052374411187  0.012505110171  0.106480631284  0.000000000000
  0.980392156863  0.060280048401  0.000364636783 -0.009395965190  0.004606224768  0.063798735668 -0.005965051482  0.110845443620 -0.000198297036 -0.015873671203  0.003790057066  0.063798735668  0.000000000000
  0.984313725490  0.047018351469 -0.000568153038  0.014698735282 -0.007205824750  0.037445019800  0.009331528044  0.086459287361  0.000308973391  0.024832243015 -0.005929039156  0.037445019800  0.000000000000
  0.988235294118  0.050870647824 -0.001010626800  0.026250178789 -0.012868739003  0.000000000000  0.016664990208  0.093543049067  0.000549599789  0.044347408561 -0.010588553022  0.000000000000 -0.000000000000
  0.992156862745  0.030479562101 -0.002042603196  0.053265430626 -0.026112543084  0.000000000000  0.033815688911  0.056047078130  0.001110809931  0.089987341921 -0.021485714096  0.000000000000  0.000000000000
  0.996078431373  0.017889191602 -0.001885300261  0.049357727760 -0.024196852959  0.103597879423  0.031334874189  0.032895384655  0.001025265336  0.083385615626 -0.019909461251  0.103597879423 -0.000000000000
  1.000000000000  0.000000000000 -0.002542588813  0.066827809562 -0.032761286934  0.215030529381  0.042425798350  0.000000000000  0.001382712466  0.112899809091 -0.026956380396  0.215030529381  0.000000000000
