             Rad         v_r[Re]         v_t[Re]         v_x[Re]         p[Re]          p_mg[Re]  p_no_phase[Re]         v_r[Im]         v_t[Im]         v_x[Im]         p[Im]          p_mg[Im]  p_no_phase[Im]
  0.000000000000  0.052048138367  0.000000000000 -0.034847588004  0.010804116486  0.007844542998  0.010202953721  0.012327723223  0.000000000000 -0.008507100354  0.001228743307  0.007844542998  0.003760116823
  0.003921568627  0.076395490462 -0.011246296259  0.031422432330 -0.009647245312  0.124757374867 -0.009285650647  0.016760417366  0.060950902073  0.005182596850 -0.000359663328  0.124757374867 -0.002641096719
  0.007843137255  0.084266893851 -0.024599912566  0.122795197809 -0.037803261796  0.115781928691 -0.036194476612  0.013721229859  0.119044617546  0.022951383398 -0.002216998645  0.115781928691 -0.011133802055
  0.011764705882  0.000489492350 -0.022043738565  0.205121816860 -0.062833235562  0.007125496936 -0.060744270724  0.007829256164  0.132672825826  0.030088352654 -0.001222221924  0.007125496936 -0.016113438238
  0.015686274510 -0.123004925440 -0.020129212447  0.124106804305 -0.038810803052  0.063629114151 -0.036037087125 -0.020837247927  0.060011801123  0.039020936194 -0.006999472927  0.063629114151 -0.016018720497
  0.019607843137 -0.109995111988  0.003443555203 -0.048459851753  0.014875558977  0.073697218164  0.014322614401 -0.036145958975 -0.018800244856 -0.007927708772  0.000535151371  0.073697218164  0.004053561224
  0.023529411765 -0.003374085021  0.010677831019 -0.103338249115  0.032257690149  0.023783980948  0.030059063136  0.006276006442 -0.033322207243 -0.030961664306  0.005368239616  0.023783980948  0.012877472332
  0.027450980392  0.062107689790 -0.001126607108 -0.055148326150  0.016389865497  0.096665603419  0.016784930486  0.013831089494 -0.015356794909  0.005100876512 -0.003638058333  0.096665603419  0.000359538624
  0.031372549020  0.073456864109  0.001092828517  0.024829546596 -0.007277439898  0.062562344283 -0.007648840980 -0.005947190969  0.006062189462 -0.004964848683  0.002440386285  0.062562344283  0.000641754123
  0.035294117647  0.000211588791  0.001766946014  0.095569033469 -0.028358896038  0.094192414977 -0.029126871261  0.023783039754  0.020703321341 -0.009988705746  0.006650139019  0.094192414977 -0.000276954928
  0.039215686275 -0.096504164340 -0.008638953088  0.026193063811 -0.009551831513  0.073119628536 -0.006379701551  0.005584366508  0.004934387086  0.043899655808 -0.012202369863  0.073119628536 -0.014122135945
  0.043137254902 -0.027064772045 -0.000584995628 -0.102523359127  0.030630832210  0.081833646893  0.031058655859 -0.056405186254 -0.018153342299  0.005255277599 -0.005492010050  0.081833646893  0.001941636564
  0.047058823529  0.093901536268  0.011602601178 -0.031626063846  0.012217842961  0.067372935205  0.007086011210  0.007396791581 -0.004909601443 -0.070952865234  0.020130659231  0.067372935205  0.022456793466
  0.050980392157  0.014062044484 -0.002770932172  0.090727690803 -0.027924623285  0.079885275062 -0.026748243030  0.071754714007  0.013532259983  0.016788452207 -0.001587136058  0.079885275062 -0.008175272551
  0.054901960784 -0.073835685128 -0.010556260135  0.000072603583 -0.002919577975  0.076083460250  0.002589041630 -0.035285087012 -0.000190502813  0.075949794142 -0.022837233132  0.076083460250 -0.022877063101
  0.058823529412  0.025299135534  0.007007881988 -0.062378221644  0.020774608254  0.102358100541  0.016970710458 -0.062442502668 -0.007961557382 -0.052837111938  0.013509499057  0.102358100541  0.018057848694
  0.062745098039  0.036889886867  0.006373898049  0.049622514238 -0.012887099981  0.108972563999 -0.016779446863  0.070857557244  0.006158093922 -0.053353843454  0.017938104070  0.108972563999  0.014363254734
  0.066666666667 -0.071332905904 -0.010488941127  0.016195304047 -0.008354904923  0.137869299277 -0.001738055145  0.026463360688  0.001655069808  0.091330527742 -0.026847468386  0.137869299277 -0.028063680431
  0.070588235294  0.016395455782 -0.000215059665 -0.095929089431  0.028702823418  0.148302579689  0.029022989397 -0.101036477453 -0.010377895604  0.003812337936 -0.004806488064  0.148302579689  0.002149531614
  0.074509803922  0.104257517105  0.011885995298  0.045941596028 -0.009354362913  0.172486329433 -0.017856501057  0.031707882798  0.004932526835 -0.116933805240  0.036917749608  0.172486329433  0.033638812578
  0.078431372549 -0.080942900367 -0.006535130258  0.119552234957 -0.038428466667  0.182435629845 -0.033775737288  0.111607305151  0.011511397378  0.064898999269 -0.014955426299  0.182435629845 -0.023656106967
  0.082352941176 -0.108514434524 -0.010504538569 -0.116033164881  0.030484551230  0.200369999958  0.038919924710 -0.101085471964 -0.010954932934  0.115573507341 -0.039182906940  0.200369999958 -0.030819596371
  0.086274509804  0.145972489659  0.012438149213 -0.107385964180  0.037581265385  0.208575724987  0.027578296800 -0.091888879109 -0.009264990479 -0.138588352580  0.037579843214  0.208575724987  0.045431637320
  0.090196078431  0.076058643851  0.006389574195  0.180343622930 -0.051221514203  0.221958211790 -0.057030059166  0.165824731968  0.015384189871 -0.078952953124  0.030623853918  0.221958211790  0.017579428247
  0.094117647059 -0.196661859791 -0.016235818549  0.055385500286 -0.024256035285  0.229582633855 -0.009833096972  0.038369907306  0.004183532703  0.199201803362 -0.057791819737  0.229582633855 -0.061899595154
  0.098039215686 -0.008285185430 -0.000260776910 -0.222286765947  0.066558197966  0.241669272333  0.067208739648 -0.208411105165 -0.017312442886  0.007574517018 -0.010758846716  0.241669272333  0.005360206529
  0.101960784314  0.217659490090  0.017076337519  0.030221586709 -0.000360892180  0.250997682034 -0.016965736677  0.043471762733  0.002587078583 -0.228747394844  0.069943121260  0.250997682034  0.067855244703
  0.105882352941 -0.083883982678 -0.006681721247  0.226688406882 -0.071543903901  0.264714995651 -0.065234892603  0.213709296050  0.016215810675  0.088406984920 -0.017937254530  0.264714995651 -0.034419239862
  0.109803921569 -0.197285760782 -0.014673300311 -0.133809901547  0.032087040881  0.277284102533  0.047646798141 -0.139579245530 -0.009581138842  0.213688433202 -0.069366763050  0.277284102533 -0.059758753631
  0.113725490196  0.181938341301  0.013031396843 -0.184172878160  0.062661873418  0.293589464759  0.048912995248 -0.172911180528 -0.012114350169 -0.190716367278  0.050326358126  0.293589464759  0.063771244291
  0.117647058824  0.131241086202  0.009359743780  0.233310748843 -0.064487493018  0.309015020297 -0.075381708909  0.229890857181  0.015316049254 -0.148738602734  0.053631021558  0.309015020297  0.036776639202
  0.121568627451 -0.263480033893 -0.017472674848  0.094497050611 -0.038969760679  0.326758493929 -0.018953011115  0.086398757268  0.005601554513  0.276571115367 -0.079566468142  0.326758493929 -0.086546221579
  0.125490196078 -0.024826531807 -0.002025084865 -0.304751611363  0.090154841925  0.343199357557  0.093129068598 -0.292537890086 -0.018576208061  0.039094580355 -0.023384034066  0.343199357557 -0.001298134775
  0.129411764706  0.306998948786  0.019045413335  0.032056525536  0.002706545086  0.360368258493 -0.020779378317  0.035241001876  0.002252789778 -0.323607814809  0.098540031946  0.360368258493  0.096362236997
  0.133333333333 -0.106948605606 -0.006051962447  0.327489559392 -0.102281509449  0.375839320582 -0.095212005048  0.308760601621  0.018634033447  0.099524655841 -0.017434707787  0.375839320582 -0.041232878938
  0.137254901961 -0.296749702215 -0.017329821898 -0.175659723919  0.040804902148  0.390890919543  0.063735738650 -0.172410594985 -0.010098638850  0.315053592515 -0.101446516181  0.390890919543 -0.088849261693
  0.141176470588  0.241511770170  0.013440990465 -0.289046400883  0.096201678241  0.404277966767  0.078695242741 -0.267464664206 -0.015373379768 -0.243181202966  0.062102563406  0.404277966767  0.083177821851
  0.145098039216  0.226689529107  0.012522024065  0.310188605484 -0.083971975951  0.416818316970 -0.101810626589  0.299778338592  0.016556614079 -0.244001676233  0.085212164064  0.416818316970  0.062825169821
  0.149019607843 -0.352757563665 -0.018822044674  0.188493608027 -0.070572350989  0.428216388872 -0.044257595509  0.168397779849  0.009297801178  0.363993790634 -0.102270363763  0.428216388872 -0.116107490146
  0.152941176471 -0.102596840858 -0.005391698179 -0.408131882555  0.118316501453  0.438986382175  0.126902755413 -0.391042916646 -0.020472705993  0.115820979144 -0.050401892444  0.438986382175 -0.020852720365
  0.156862745098  0.416172119310  0.021223349224 -0.037606956999  0.027927851197  0.449419638404 -0.003647033679 -0.023200785993 -0.001426772966 -0.435570366859  0.129552072437  0.449419638404  0.132477935863
  0.160784313725 -0.058154889809 -0.002865197196  0.446171700489 -0.136154903971  0.459745858999 -0.132594113083  0.424249083075  0.021128120573  0.051893419249  0.001417326059  0.459745858999 -0.030967206267
  0.164705882353 -0.414003783771 -0.020191961032 -0.140545190053  0.025534883225  0.470456515779  0.057403896152 -0.145979144945 -0.006897392331  0.438507802201 -0.137232546109  0.470456515779 -0.127238338088
  0.168627450980  0.229220588995  0.010847523134 -0.410282461387  0.132230689294  0.481438642838  0.115596303206 -0.386569441323 -0.018366562595 -0.231918636232  0.054090057701  0.481438642838  0.083953464600
  0.172549019608  0.339395293789  0.015868531863  0.315394499555 -0.080927851789  0.493103667437 -0.107531912985  0.310124312849  0.014254360866 -0.364820909823  0.121744152909  0.493103667437  0.099034557870
  0.176470588235 -0.379866124758 -0.017201194592  0.299265359864 -0.104957132599  0.504979200955 -0.076653105574  0.277544700003  0.012618199635  0.392115636577 -0.106500985413  0.504979200955 -0.128385205468
  0.180392156863 -0.198580095208 -0.008955726045 -0.454370382063  0.128233400932  0.517319811857  0.144422272742 -0.438576233516 -0.019397230890  0.220350908585 -0.083600814163  0.517319811857 -0.050745525705
  0.184313725490  0.480663906976  0.020856408030 -0.125931374054  0.057000023538  0.529394948062  0.020692248254 -0.110061052922 -0.004819178665 -0.501378636527  0.145972387090  0.529394948062  0.155334385564
  0.188235294118  0.010617824990  0.000589183617  0.529068237835 -0.158165945593  0.541405222737 -0.160190079245  0.504867562030  0.021466312645 -0.024587829212  0.027579937135  0.541405222737 -0.010782290532
  0.192156862745 -0.509213710720 -0.021208552463 -0.084397561120  0.004942423813  0.552544453055  0.043833823285 -0.091220527050 -0.003755716271  0.535680293280 -0.164312521264  0.552544453055 -0.158434933438
  0.196078431373  0.195374774288  0.007863258437 -0.520898506611  0.163978628882  0.563120222631  0.150278559460 -0.492024093521 -0.020129436718 -0.192156206852  0.037912120175  0.563120222631  0.075780433838
  0.200000000000  0.454773143312  0.018213280459  0.297872997096 -0.071148618670  0.572419461627 -0.106318429646  0.293770324113  0.011715078429 -0.483029950729  0.156624063647  0.572419461627  0.135239102221
  0.203921568627 -0.385047492929 -0.015036891819  0.425105487543 -0.142863379099  0.580961726551 -0.114496910339  0.396287522881  0.015627321872  0.393766126784 -0.102196098088  0.580961726551 -0.133208277050
  0.207843137255 -0.320873322176 -0.012382505436 -0.477902454072  0.130502642337  0.588211514718  0.155841237113 -0.462757707933 -0.017787188148  0.346353809362 -0.122390867747  0.588211514718 -0.087886136448
  0.211764705882  0.524835862950  0.019798378836 -0.252341006108  0.096665291188  0.594898431739  0.057276985050 -0.228498045969 -0.008719862063 -0.544644190598  0.154160462054  0.594898431739  0.172710664306
  0.215686274510  0.125367128224  0.004685807195  0.591682073750 -0.172451300640  0.600642142283 -0.183142502005  0.567273841172  0.021029499635 -0.143690968411  0.065786162679  0.600642142283  0.022936744575
  0.219607843137 -0.588071953458 -0.021428266207  0.027432898394 -0.031758946137  0.606277939685  0.012919865482  0.012812634516  0.000546356456  0.616175125621 -0.184252616872  0.606277939685 -0.186522745422
  0.223529411765  0.102162923475  0.003622260661 -0.616271347228  0.188929813143  0.611472386307  0.182363577716 -0.586060475678 -0.020976584805 -0.094397863849  0.004874940843  0.611472386307  0.049616175436
  0.227450980392  0.560047992280  0.019728603365  0.214486442270 -0.041909481796  0.617007469306 -0.084954721676  0.217065035021  0.007573235438 -0.592134557054  0.186253066242  0.617007469306  0.170965799545
  0.231372549020 -0.325214994405 -0.011216801397  0.543071054976 -0.175897616148  0.622465772082 -0.152225132350  0.511671913987  0.017703841275  0.329788626251 -0.078455673459  0.622465772082 -0.117994801349
  0.235294117647 -0.441074784680 -0.015040477680 -0.433830999078  0.112454620100  0.628443231837  0.146887823505 -0.423499130502 -0.014360205370  0.472021006797 -0.158500661298  0.628443231837 -0.127249630725
  0.239215686275  0.506557444175  0.016921397371 -0.379849444915  0.134194151898  0.634369432459  0.096415323223 -0.352275138109 -0.011799549238 -0.523253791591  0.142862951134  0.634369432459  0.170651629521
  0.243137254902  0.246937464385  0.008172127284  0.593359011718 -0.168072960542  0.640622325080 -0.188046887327  0.571389119687  0.018784152492 -0.271664752248  0.104335062037  0.640622325080  0.061422254944
  0.247058823529 -0.614697741961 -0.019894464113  0.149905146820 -0.069547058539  0.646520110624 -0.023103489468  0.130719477010  0.004253608794  0.641274928957 -0.187128020765  0.646520110624 -0.198292506871
  0.250980392157 -0.006622629478 -0.000253219006 -0.664704663062  0.199093633891  0.652303896230  0.200916352415 -0.634334862369 -0.020221461146  0.020959795543 -0.031663889905  0.652303896230  0.016537723907
  0.254901960784  0.629473044514  0.019753664774  0.111525602537 -0.008281441343  0.657304097755 -0.056346293553  0.118998527812  0.003715182094 -0.661987802151  0.203331376648  0.657304097755  0.195543668277
  0.258823529412 -0.242314978175 -0.007457577692  0.633472751004 -0.199692808196  0.661760782012 -0.182507537211  0.599392780064  0.018541191890  0.240914292851 -0.048279804233  0.661760782012 -0.094335338042
  0.262745098039 -0.545758308813 -0.016620640446 -0.363011663701  0.087068540092  0.665142817951  0.129242635616 -0.357278940603 -0.010862284725  0.579191852645 -0.188027616118  0.665142817951 -0.161961897482
  0.266666666667  0.459952344494  0.013778171099 -0.501980456021  0.168965031605  0.667800391867  0.134962012624 -0.469566308119 -0.014107567214 -0.471961642907  0.122778403254  0.667800391867  0.159401923952
  0.270588235294  0.374622370965  0.011082352501  0.563827415849 -0.154154453724  0.669399665113 -0.183691522050  0.545513896965  0.016116468136 -0.403700552780  0.142914799195  0.669399665113  0.102204012441
  0.274509803922 -0.610690022300 -0.017787713616  0.289148797961 -0.111159148273  0.670434215171 -0.065276936827  0.263576677525  0.007702498762  0.634408971245 -0.179750634250  0.670434215171 -0.201011363550
  0.278431372549 -0.141715005521 -0.004079216726 -0.680812627466  0.198564878680  0.670731435902  0.210608740148 -0.652590392656 -0.018742588560  0.161781335103 -0.074627023821  0.670731435902 -0.025321182887
  0.282352941176  0.669274560995  0.018961411354 -0.027550610027  0.035034234332  0.670870422781 -0.015803599019 -0.012941161386 -0.000384515399 -0.701092533068  0.209784914651  0.670870422781  0.212102225939
  0.286274509804 -0.116844457202 -0.003258352630  0.694002422116 -0.212864643145  0.670728001489 -0.205270828244  0.660173772346  0.018443485701  0.109053198446 -0.006316460393  0.670728001489 -0.056702213756
  0.290196078431 -0.625110048169 -0.017236127998 -0.241879770786  0.047554647474  0.670847464609  0.095541100707 -0.243142112325 -0.006690039697  0.660088980320 -0.207733810519  0.670847464609 -0.190490626028
  0.294117647059  0.360371374954  0.009796116097 -0.600057025774  0.194423160817  0.671027493757  0.168137171397 -0.565861817298 -0.015387543153 -0.366179535412  0.087225120692  0.671027493757  0.130914012758
  0.298039215686  0.484119354535  0.012999655228  0.476565907287 -0.123597736944  0.671655400064 -0.161297965458  0.464224625097  0.012452928451 -0.516796528181  0.173596263596  0.671655400064  0.139266039117
  0.301960784314 -0.550301055035 -0.014573893417  0.412907875930 -0.145876084212  0.672385772207 -0.104803708564  0.383673128587  0.010161190671  0.568870544523 -0.155319757834  0.672385772207 -0.185526930093
  0.305882352941 -0.267843513252 -0.007009214321 -0.639288611900  0.181066608727  0.673403334901  0.202617477832 -0.615254215578 -0.016086944332  0.293118443503 -0.112539094970  0.673403334901 -0.066304768831
  0.309803921569  0.656517211629  0.016947178091 -0.161520341050  0.074707613476  0.674258852764  0.025099245966 -0.141796076357 -0.003657751536 -0.684982033615  0.199828681234  0.674258852764  0.211855510212
  0.313725490196  0.009943953373  0.000255819855  0.704279111816 -0.210882447498  0.674991002317 -0.212936494855  0.672312237325  0.017141089858 -0.023900900453  0.034058254227  0.674991002317 -0.017012363220
  0.317647058824 -0.662258595543 -0.016671875063 -0.114832673398  0.007970941626  0.675165769129  0.058518157704 -0.122006573944 -0.003076377258  0.696192303905 -0.213743702110  0.675165769129 -0.205731697414
  0.321568627451  0.249286892742  0.006201120539 -0.661388170089  0.208386880128  0.674800115176  0.190645516410 -0.626483076897 -0.015582282848 -0.248756500445  0.049573083593  0.674800115176  0.097656896835
  0.325490196078  0.566793537341  0.013921812380  0.372973611716 -0.089235016309  0.673594301554 -0.132990214908  0.366548686038  0.009011578471 -0.600928588634  0.194944478808  0.673594301554  0.168166110415
  0.329411764706 -0.469471366177 -0.011401224523  0.517653189623 -0.174074444337  0.671666372406 -0.139325319744  0.485227217027  0.011778892331  0.482346810377 -0.125303514568  0.671666372406 -0.163068507728
  0.333333333333 -0.385440820261 -0.009239981654 -0.572814955329  0.156444517175  0.668898729906  0.186770251759 -0.553886784025 -0.013293228842  0.414517788551 -0.146510717969  0.668898729906 -0.105152986130
  0.337254901961  0.616649140568  0.014626096234 -0.296034306630  0.113473905246  0.665571129137  0.067130766494 -0.271059256479 -0.006422515410 -0.640807146478  0.181412019919  0.665571129137  0.203175068188
  0.341176470588  0.146967977074  0.003434926268  0.683778539744 -0.199273981819  0.661699645940 -0.211666738120  0.655390059076  0.015364047249 -0.166573065246  0.076181176646  0.661699645940  0.026662398215
  0.345098039216 -0.668662186926 -0.015496772275  0.031568978570 -0.036210222202  0.657693238457  0.014564120979  0.017787373194  0.000403813444  0.700242384276 -0.209375939144  0.657693238457 -0.211984316553
  0.349019607843  0.111164121876  0.002558304411 -0.689588874767  0.211341154441  0.653582670960  0.204118356702 -0.656222116320 -0.015033445360 -0.103910157345  0.004938211183  0.653582670960  0.055001508591
  0.352941176471  0.618553543133  0.014013027835  0.234379689758 -0.045585034278  0.649789649979 -0.093024671691  0.235027521187  0.005335467451 -0.652596891288  0.205194598182  0.649789649979  0.188491986381
  0.356862745098 -0.348892632713 -0.007828802112  0.590680465362 -0.191173178672  0.646236157239 -0.165700768453  0.557525180373  0.012486126764  0.354903590384 -0.084191909752  0.646236157239 -0.127195586579
  0.360784313725 -0.475458004002 -0.010531828439 -0.460803380004  0.119242421523  0.643213091808  0.156203831703 -0.448452889621 -0.009949765873  0.506709073459 -0.169961319298  0.643213091808 -0.136769763141
  0.364705882353  0.529958806731  0.011627855551 -0.403869985955  0.142364732380  0.640484349954  0.102796569475 -0.375992356822 -0.008232198715 -0.548074709087  0.149410756245  0.640484349954  0.178952944686
  0.368627450980  0.262888171047  0.005691927776  0.613548928959 -0.173573674552  0.638124091165 -0.194642077020  0.590348185774  0.012813369858 -0.286628004325  0.109605200643  0.638124091165  0.065234824742
  0.372549019608 -0.627579441573 -0.013473707124  0.159402723612 -0.072918898982  0.635801854555 -0.025499334389  0.140950792790  0.003010086354  0.654790926098 -0.190830254228  0.635801854555 -0.202689752339
  0.376470588235 -0.014749606252 -0.000299603753 -0.670586363977  0.200611949188  0.633403184626  0.202913471105 -0.640314494332 -0.013602718746  0.027524327055 -0.033862415757  0.633403184626  0.014762811458
  0.380392156863  0.628481119212  0.013208822686  0.104089212230 -0.006104100914  0.630639136991 -0.054053469555  0.110516236454  0.002339791533 -0.660442247843  0.202582866091  0.630639136991  0.195333817121
  0.384313725490 -0.230217886988 -0.004804356184  0.625221472362 -0.196798341828  0.627335103524 -0.180394625539  0.592658183750  0.012327178339  0.230086941857 -0.045338563396  0.627335103524 -0.090790703012
  0.388235294118 -0.534686175356 -0.011003807419 -0.345852215687  0.082395332657  0.623358353784  0.123635696188 -0.339573685933 -0.007009209791  0.566425817528 -0.183533858382  0.623358353784 -0.158706907992
  0.392156862745  0.434637870286  0.008874678377 -0.486787762375  0.163437658863  0.618635069886  0.131249942260 -0.456941618609 -0.009306812242 -0.446838083405  0.115802773566  0.618635069886  0.151312931889
  0.396078431373  0.362822532087  0.007310787524  0.529460075121 -0.144359796263  0.613208496923 -0.172853799048  0.511770595407  0.010342967444 -0.389535067187  0.137343651761  0.613208496923  0.099119088024
  0.400000000000 -0.568321428232 -0.011368770039  0.278775850053 -0.106370295094  0.607219235641 -0.063657007620  0.256098401877  0.005104008864  0.590652780840 -0.166987816524  0.607219235641 -0.187476280971
  0.403921568627 -0.141137861992 -0.002776738520 -0.628406987927  0.182914173485  0.600800957752  0.194727009914 -0.602320059109 -0.011928601952  0.158924927969 -0.071768576451  0.600800957752 -0.026262426343
  0.407843137255  0.612796099250  0.012016016274 -0.034774532794  0.034935608710  0.594312191157 -0.011581658224 -0.022485583008 -0.000422524460 -0.641568641612  0.191608973977  0.594312191157  0.194423148975
  0.411764705882 -0.095236122706 -0.001867254624  0.629975394999 -0.192836966255  0.587835431879 -0.186683778528  0.599704328035  0.011643222818  0.088789011239 -0.002665362275  0.587835431879 -0.048398001458
  0.415686274510 -0.563855472551 -0.010841053016 -0.207061118072  0.039585950722  0.581819865888  0.082799948844 -0.207433837426 -0.004008368252  0.594507878373 -0.186683481839  0.581819865888 -0.171935855357
  0.419607843137  0.309959540333  0.005922183310 -0.536815065341  0.173469492429  0.576183423353  0.150833619216 -0.507081910458 -0.009653116769 -0.315457246565  0.074384556435  0.576183423353  0.113463414164
  0.423529411765  0.431785865060  0.008140518724  0.410086487303 -0.105787200658  0.571259166133 -0.139310134705  0.398887780844  0.007545843765 -0.459619777487  0.153865367102  0.571259166133  0.124330886690
  0.427450980392 -0.471167472123 -0.008824564305  0.366056184061 -0.128677198536  0.566796458757 -0.093494532948  0.341343770347  0.006369357486  0.487373002727 -0.132598960309  0.566796458757 -0.159370881929
  0.431372549020 -0.239310442925 -0.004419991448 -0.544806047937  0.153908499494  0.562844058180  0.173030290787 -0.524135334865 -0.009724716017  0.260220696190 -0.099041086540  0.562844058180 -0.059644626830
  0.435294117647  0.556259615277  0.010222196669 -0.146180086940  0.066102336479  0.559107119018  0.024075985791 -0.130047204134 -0.002369205457 -0.580349762411  0.168948422728  0.559107119018  0.179815003097
  0.439215686275  0.017654419874  0.000303479976  0.593196918688 -0.177292609777  0.555331656004 -0.179647114020  0.566521444535  0.010315354458 -0.028740393373  0.031275445449  0.555331656004 -0.011736157535
  0.443137254902 -0.555071748277 -0.010012583610 -0.087778929797  0.004148934863  0.551350949864  0.046483376109 -0.093213669023 -0.001702337400  0.583129543952 -0.178710708798  0.551350949864 -0.172609463371
  0.447058823529  0.198580507787  0.003568810819 -0.551083263566  0.173302320901  0.546761433432  0.159147615581 -0.522653376975 -0.009341818367 -0.198613831177  0.038702437710  0.546761433432  0.078762996192
  0.450980392157  0.470989753043  0.008340796174  0.299883168229 -0.071157272821  0.541617664734 -0.107460726590  0.294214038904  0.005234416564 -0.498647282709  0.161397280987  0.541617664734  0.139873628773
  0.454901960784 -0.376881296872 -0.006638032088  0.428262249593 -0.143576943941  0.535617018829 -0.115660080581  0.402428078026  0.007060273434  0.387587060989 -0.100217457153  0.535617018829 -0.131455784618
  0.458823529412 -0.319911062431 -0.005560006428 -0.458871438528  0.124906122694  0.528978913339  0.149995420862 -0.443401598128 -0.007739891304  0.343036076530 -0.120667044186  0.528978913339 -0.087541126103
  0.462745098039  0.491756698126  0.008505039579 -0.246451010744  0.093613630092  0.521726200005  0.056656686952 -0.226991287498 -0.003903835012 -0.511085149402  0.144293142245  0.521726200005  0.162400869645
  0.466666666667  0.127303212964  0.002163398302  0.542796162757 -0.157790919456  0.514070300117 -0.168382244877  0.520268664085  0.008919827814 -0.142620676942  0.063599134650  0.514070300117  0.024294933652
  0.470588235294 -0.528386256313 -0.008978999884  0.035465909454 -0.031766831386  0.506430858784  0.008330982661  0.025033076059  0.000404669337  0.553065651880 -0.164967532417  0.506430858784 -0.167791576237
  0.474509803922  0.076100741780  0.001300099948 -0.542029411793  0.165693374394  0.498827620895  0.160823334652 -0.516146204939 -0.008694921614 -0.070545967384  0.000534662464  0.498827620895  0.039880260952
  0.478431372549  0.484466941716  0.008091023227  0.171693295484 -0.032152991906  0.491916938402 -0.069261888831  0.171930380812  0.002893141702 -0.510556546758  0.160087812804  0.491916938402  0.147867215610
  0.482352941176 -0.259238842356 -0.004312271785  0.460235833111 -0.148470934827  0.485453007144 -0.129543814711  0.435048775820  0.007201481720  0.263842824959 -0.061784568046  0.485453007144 -0.095285630644
  0.486274509804 -0.370045058869 -0.006073308626 -0.344039072116  0.088445245761  0.479982284727  0.117147271704 -0.334508071315 -0.005516065176  0.393566581282 -0.131481583832  0.479982284727 -0.106707474513
  0.490196078431  0.395491076841  0.006460982845 -0.313247649484  0.109810037114  0.475104690067  0.080280363674 -0.292521934948 -0.004755183872 -0.409101800524  0.111075677727  0.475104690067  0.133981766079
  0.494117647059  0.205446835588  0.003309503732  0.457249326820 -0.128998377061  0.470916844264 -0.145380170976  0.439836583167  0.007126763695 -0.222992731752  0.084505118066  0.470916844264  0.051442221479
  0.498039215686 -0.466549395675 -0.007493885646  0.126109053493 -0.056493960695  0.467122280801 -0.021249875088  0.112759279206  0.001790467389  0.486714275586 -0.141555667805  0.467122280801 -0.150923879792
  0.501960784314 -0.017713998693 -0.000265934739 -0.497079426968  0.148456384039  0.463262143831  0.150636529961 -0.474774347215 -0.007564260603  0.026939540674 -0.027066673127  0.463262143831  0.008974329918
  0.505882352941  0.464827593499  0.007343983813  0.071168138651 -0.002774482539  0.459375804923 -0.038218119088  0.075484982170  0.001213436927 -0.488227741989  0.149537604237  0.459375804923  0.144597953677
  0.509803921569 -0.163834202903 -0.002584458271  0.461061957349 -0.144906422014  0.454667644961 -0.133228147676  0.437448944655  0.006854500129  0.163905539773 -0.031699406700  0.454667644961 -0.065214907749
  0.513725490196 -0.394107098485 -0.006125357761 -0.248419504527  0.058792089265  0.449529657314  0.089157634872 -0.243498272745 -0.003807659908  0.417102095449 -0.134911088399  0.449529657314 -0.117082994825
  0.517647058824  0.312183921939  0.004833435725 -0.358313738485  0.120004190481  0.443274557112  0.096879291231 -0.336997520809 -0.005191995281 -0.321079620283  0.082885780651  0.443274557112  0.109020462748
  0.521568627451  0.268405101633  0.004102016665  0.379940777179 -0.103284817144  0.436406001244 -0.124317323723  0.366989603111  0.005638588269 -0.287598868028  0.100984214130  0.436406001244  0.073557922606
  0.525490196078 -0.406638393381 -0.006193618632  0.207573914472 -0.078545603689  0.428797650306 -0.047990142983  0.191630190297  0.002897589772  0.422581652635 -0.119161220704  0.428797650306 -0.134408908020
  0.529411764706 -0.109329174990 -0.001636685516 -0.448194477264  0.130125940342  0.420706765299  0.139183600830 -0.429580568088 -0.006493491361  0.122069059535 -0.053809371463  0.420706765299 -0.021357295406
  0.533333333333  0.435666151175  0.006532186585 -0.033866080555  0.027578988394  0.412770776537 -0.005472999393 -0.025400839406 -0.000360585813 -0.455912248884  0.135812112498  0.412770776537  0.138475906856
  0.537254901961 -0.057595597168 -0.000871161949  0.446082299446 -0.136164869973  0.404751734357 -0.132533983879  0.424911958051  0.006321483730  0.052859286368  0.001123454696  0.404751734357 -0.031255032912
  0.541176470588 -0.398203842713 -0.005878771425 -0.135629114778  0.024781470578  0.397812111792  0.055270060124 -0.135749335236 -0.002024797530  0.419506249726 -0.131330738824  0.397812111792 -0.121684447231
  0.545098039216  0.207006881510  0.003047828445 -0.377504431792  0.121558156084  0.391265603669  0.106458863249 -0.357110438059 -0.005228576258 -0.210548082588  0.048913991445  0.391265603669  0.076390276249
  0.549019607843  0.303290772371  0.004408366397  0.275813052436 -0.070642517777  0.386153851290 -0.094153110230  0.268027375205  0.003918610477 -0.322418486691  0.107482515945  0.386153851290  0.087624473669
  0.552941176471 -0.317542700007 -0.004599016645  0.256206830462 -0.089576977510  0.381725820641 -0.065875438898  0.239627022601  0.003449581486  0.328389287182 -0.088979707927  0.381725820641 -0.107711883619
  0.556862745098 -0.168176977125 -0.002403780245 -0.367361471316  0.103515563066  0.378205555660  0.116912324730 -0.353277903328 -0.005081446008  0.182401009249 -0.068868642641  0.378205555660 -0.042306855974
  0.560784313725  0.374859407031  0.005347204660 -0.103182407102  0.045947864608  0.375313483358  0.017634860090 -0.092710419192 -0.001302915517 -0.391009090899  0.113649454350  0.375313483358  0.121311237920
  0.564705882353  0.015275211595  0.000204895014  0.399332572095 -0.119221244530  0.372187088585 -0.121053152930  0.381420070336  0.005401890937 -0.022751575731  0.022077870659  0.372187088585 -0.006875440787
  0.568627450980 -0.373411942062 -0.005248482862 -0.056898491049  0.002147390158  0.369334287469  0.030618936446 -0.060024693731 -0.000863559121  0.392190536938 -0.120112378190  0.369334287469 -0.116164002212
  0.572549019608  0.131514020346  0.001846600390 -0.370351236316  0.116391717109  0.365185353371  0.107021285539 -0.351517102348 -0.004902571735 -0.131517309559  0.025420379665  0.365185353371  0.052341875735
  0.576470588235  0.316793143047  0.004388016288  0.199628642865 -0.047240781205  0.360837384965 -0.071650440373  0.195359497921  0.002726802781 -0.335292264688  0.108447287423  0.360837384965  0.094120773225
  0.580392156863 -0.250507186300 -0.003458340100  0.288268973989 -0.096516659545  0.354869571585 -0.077966645005  0.271392640859  0.003725656073  0.257564528138 -0.066457650621  0.354869571585 -0.087483067861
  0.584313725490 -0.216662955124 -0.002956591738 -0.304551359503  0.082727522184  0.348313271176  0.099706616661 -0.293968546266 -0.004034823734  0.232186034216 -0.081443824703  0.348313271176 -0.059460323771
  0.588235294118  0.325403137291  0.004426932335 -0.168440137910  0.063552430595  0.340806058336  0.039109298689 -0.155937220154 -0.002101698144 -0.338063211446  0.095237498304  0.340806058336  0.107608342026
  0.592156862745  0.090513916983  0.001213355706  0.358043947260 -0.103820699637  0.332583700916 -0.111306486677  0.343132108187  0.004638568297 -0.100962718696  0.044022615860  0.332583700916  0.018099569161
  0.596078431373 -0.347454665404 -0.004661109095  0.030959829022 -0.023179881696  0.324795124977  0.003172118041  0.024441570459  0.000307900963  0.363518845701 -0.108137988096  0.324795124977 -0.110548944147
  0.600000000000  0.041316152555  0.000558499541 -0.355000802717  0.108175739438  0.316543365060  0.105641437122 -0.338292395623 -0.004505848685 -0.037168797210 -0.002366906892  0.316543365060  0.023398282287
  0.603921568627  0.316369836356  0.004186240260  0.102651994942 -0.018154794560  0.310072302280 -0.042373338854  0.102577018669  0.001377049068 -0.333265774078  0.104137880391  0.310072302280  0.096844178204
  0.607843137255 -0.158882349494 -0.002095855774  0.299126432488 -0.096107687490  0.303711621861 -0.084547094663  0.283281259931  0.003716674172  0.161266958308 -0.037084313049  0.303711621861 -0.058853399673
  0.611764705882 -0.239877278139 -0.003131051536 -0.212780039433  0.054256677719  0.299521636143  0.072853427079 -0.206539568596 -0.002714511804  0.255065048187 -0.084822727034  0.299521636143 -0.069505828974
  0.615686274510  0.245612034663  0.003192997640 -0.201872713285  0.070391238093  0.296052845314  0.052075469741 -0.189260563958 -0.002442195006 -0.253792797921  0.068619709652  0.296052845314  0.083377073613
  0.619607843137  0.132098087207  0.001699988710  0.284547922411 -0.080097745034  0.293747781394 -0.090631364730  0.273479148401  0.003537875299 -0.143445444634  0.053994109806  0.293747781394  0.033421076889
  0.623529411765 -0.290587032296 -0.003727144429  0.080260401454 -0.035698041302  0.292476944116 -0.013755554289  0.072611205603  0.000911746748  0.303032628985 -0.088067284129  0.292476944116 -0.094026493143
  0.627450980392 -0.011041365184 -0.000136541289 -0.309756143151  0.092498478117  0.290504475141  0.093880700113 -0.295846878425 -0.003771023950  0.017113632939 -0.016964753254  0.290504475141  0.005494128972
  0.631372549020  0.289824941187  0.003669388507  0.046018379881 -0.002221758091  0.289423570721 -0.024327009372  0.047846238519  0.000626101069 -0.304484383376  0.093321830153  0.289423570721  0.090122676431
  0.635294117647 -0.104344207889 -0.001316244200  0.287685665847 -0.090486710741  0.286088941557 -0.083065981280  0.273230761664  0.003431703289  0.104117373912 -0.020334507610  0.286088941557 -0.041247785086
  0.639215686275 -0.246428643237 -0.003080684031 -0.157733403924  0.037473913391  0.283078088965  0.056480685010 -0.153836841716 -0.001942175211  0.261063563819 -0.084526413448  0.283078088965 -0.073204787931
  0.643137254902  0.197088122431  0.002451925650 -0.224718142839  0.075300066509  0.277542024597  0.060723275088 -0.211948756273 -0.002620601465 -0.202385508960  0.052288620527  0.277542024597  0.068679572767
  0.647058823529  0.169654913216  0.002094809261  0.238994772069 -0.064921107542  0.271511291077 -0.078243059434  0.230356447496  0.002859260184 -0.182175016061  0.063903052472  0.271511291077  0.046651623446
  0.650980392157 -0.254643428072 -0.003128373394  0.132908152905 -0.050054994566  0.264228156603 -0.030941494556  0.123652452430  0.001499042245  0.264358696110 -0.074428373291  0.264228156603 -0.084188533343
  0.654901960784 -0.073115107857 -0.000892013663 -0.279454139678  0.080915334419  0.255731255836  0.086980360633 -0.267738223682 -0.003274226239  0.081867284745 -0.035281671344  0.255731255836 -0.015050067808
  0.658823529412  0.270516563180  0.003283588758 -0.027794181250  0.019154782047  0.248271557636 -0.001356632645 -0.023220039354 -0.000259639397 -0.282972716223  0.084036532146  0.248271557636  0.086181227412
  0.662745098039 -0.027560531571 -0.000331870558  0.275534973918 -0.083760220103  0.239454655503 -0.082174776539  0.262786863906  0.003167280892  0.023587929075  0.003419120704  0.239454655503 -0.016576216662
  0.666666666667 -0.244883296084 -0.002938262026 -0.074167793262  0.012456131227  0.233746251438  0.031211032426 -0.073692920356 -0.000905067912  0.258115266965 -0.080451473129  0.233746251438 -0.075189535101
  0.670588235294  0.117203813786  0.001395821971 -0.230563660297  0.073849207052  0.227409376713  0.065374960128 -0.218865329290 -0.002598027565 -0.118284189914  0.026774223375  0.227409376713  0.043550878382
  0.674509803922  0.184158658801  0.002185795191  0.158132674623 -0.040068100959  0.224519589546 -0.054371723252  0.153049405196  0.001831126222 -0.196217031206  0.065040672305  0.224519589546  0.053660576580
  0.678431372549 -0.183348170529 -0.002159029270  0.153848194018 -0.053478224160  0.222319501869 -0.039837701024  0.144985373141  0.001690011108  0.189032164982 -0.050976866718  0.222319501869 -0.062221531456
  0.682352941176 -0.099649582678 -0.001172325976 -0.212975580347  0.059892973717  0.221530202978  0.067886921320 -0.204413760029 -0.002404821678  0.108879143722 -0.040868428842  0.221530202978 -0.025470820372
  0.686274509804  0.217903893209  0.002537959865 -0.058908161270  0.026381134194  0.222594723463  0.009933799676 -0.054101196055 -0.000607008052 -0.227134991784  0.066057626769  0.222594723463  0.070433613564
  0.690196078431  0.005550207540  0.000070568548  0.232691656732 -0.069563966344  0.221843620402 -0.070453529091  0.222250210591  0.002574867050 -0.010804701780  0.012127226236  0.221843620402 -0.004745025640
  0.694117647059 -0.218054843863 -0.002513321276 -0.038824059186  0.002924514502  0.223310840800  0.019577674685 -0.039086006437 -0.000474720785  0.229359564566 -0.070455429741  0.223310840800 -0.067743892854
  0.698039215686  0.083376578668  0.000948112866 -0.216924683811  0.068386504952  0.220652738967  0.062493560587 -0.206389818167 -0.002354172891 -0.082609256587  0.016566251983  0.220652738967  0.032337434181
  0.701960784314  0.186296449057  0.002126823501  0.124450564821 -0.029870435981  0.219482188130 -0.044289162066  0.120450093324  0.001393747127 -0.198015347229  0.064296383301  0.219482188130  0.055360075639
  0.705882352941 -0.154061572937 -0.001739090462  0.170607220388 -0.057320132451  0.214195256447 -0.045964556414  0.161656312475  0.001811905676  0.157633924143 -0.040895216035  0.214195256447 -0.053341127027
  0.709803921569 -0.129671536000 -0.001469192504 -0.185824440220  0.050533139063  0.208697811861  0.060786076425 -0.178529896559 -0.002026329039  0.140195015453 -0.049249986126  0.208697811861 -0.035835906432
  0.713725490196  0.196997285985  0.002203754413 -0.102831756720  0.038713905509  0.201559942451  0.023952138844 -0.096770347840 -0.001057929244 -0.204171054206  0.057475960920  0.201559942451  0.065027283568
  0.717647058824  0.058378779489  0.000662063105  0.215214725179 -0.062188779353  0.192221052326 -0.067099467027  0.206086210091  0.002301768240 -0.066355070081  0.028165807062  0.192221052326  0.012586440707
  0.721568627451 -0.207453807941 -0.002300334441  0.025180800595 -0.015853486006  0.185190294963 -0.000122668282  0.022752895345  0.000222673889  0.217044492410 -0.064309975261  0.185190294963 -0.066235118247
  0.725490196078  0.015988699890  0.000162951172 -0.210202326713  0.063651795403  0.174881919467  0.062913487414 -0.200924791593 -0.002208603480 -0.011498233900 -0.004562130689  0.174881919467  0.010689115762
  0.729411764706  0.185899208533  0.002045363598  0.050190649494 -0.007597633492  0.170228964713 -0.021870382189  0.048891893233  0.000564122554 -0.196468647498  0.060997982389  0.170228964713  0.057447056261
  0.733333333333 -0.082279893614 -0.000884607519  0.173718963190 -0.055359249861  0.163297538244 -0.049511684250  0.165907999974  0.001791471606  0.081712509128 -0.017945023517  0.163297538244 -0.030582078688
  0.737254901961 -0.137610001755 -0.001506353036 -0.112411142924  0.028170512079  0.162071902417  0.038932611680 -0.107922069909 -0.001192514784  0.147675651525 -0.048698632307  0.162071902417 -0.040612637038
  0.741176470588  0.131413761259  0.001408818378 -0.113275903983  0.039203686362  0.161460090704  0.029486328584 -0.108205008105 -0.001139866755 -0.134687489092  0.036182034635  0.161460090704  0.044459251921
  0.745098039216  0.071580071578  0.000787503483  0.153411166856 -0.043089513553  0.162280729047 -0.048948035910  0.146773224225  0.001586643504 -0.079810997165  0.029854323967  0.162280729047  0.018763704814
  0.749019607843 -0.157568101547 -0.001679718447  0.039548403465 -0.018155231302  0.166738236135 -0.006269008956  0.037941994256  0.000371128113  0.164127809480 -0.047848431676  0.166738236135 -0.050791577689
  0.752941176471  0.001064735631 -0.000011157892 -0.168900526628  0.050628151805  0.166840842807  0.051017661567 -0.161456580009 -0.001712552815  0.004310546883 -0.007740421722  0.166840842807  0.004508003091
  0.756862745098  0.158783983459  0.001683938325  0.035431583421 -0.004256924111  0.171976233811 -0.016436191976  0.033506441426  0.000389349286 -0.167697672842  0.051782721698  0.171976233811  0.049289179976
  0.760784313725 -0.068877668274 -0.000701897325  0.158699755472 -0.050279889015  0.169386013628 -0.045495206678  0.151846982856  0.001578998935  0.066963913553 -0.014082785961  0.169386013628 -0.025623783270
  0.764705882353 -0.136940888823 -0.001448142742 -0.100178488383  0.024516530147  0.170737846608  0.035226139437 -0.095305087991 -0.001027519287  0.147028702282 -0.048037360900  0.170737846608 -0.040838307911
  0.768627450980  0.121841740446  0.001250266688 -0.126427437291  0.042733177676  0.165204997437  0.033830693704 -0.121368922219 -0.001231825316 -0.123535047290  0.032326440423  0.165204997437  0.041552465489
  0.772549019608  0.097157346641  0.001030902813  0.145459830397 -0.039655834332  0.160184332619 -0.047492570807  0.138751834606  0.001456856349 -0.107135244097  0.037768037951  0.160184332619  0.027266565706
  0.776470588235 -0.152800502048 -0.001565429634  0.078643455720 -0.029670587059  0.153034219849 -0.018261260014  0.076180173525  0.000743392043  0.157797982558 -0.044453284481  0.153034219849 -0.050229121237
  0.780392156863 -0.046755163231 -0.000510717789 -0.165561542995  0.047675662115  0.141852224813  0.051767538326 -0.158450768030 -0.001629152298  0.055377367836 -0.022970098731  0.141852224813 -0.010987091036
  0.784313725490  0.158373013891  0.001619240023 -0.023623106912  0.013436892948  0.135476814157  0.001408837557 -0.024021009303 -0.000199145142 -0.165983389975  0.049014055653  0.135476814157  0.050802981413
  0.788235294118 -0.006019244466 -0.000027605984  0.158947805407 -0.047793141677  0.121898678970 -0.047877719740  0.152915797551  0.001538759941 -0.000168791143  0.006115161817  0.121898678970 -0.005413275154
  0.792156862745 -0.139246017181 -0.001424827651 -0.030021027911  0.003362873362  0.118845825032  0.014146162132 -0.027066591652 -0.000316366367  0.148484750717 -0.045798484160  0.118845825032 -0.043688627416
  0.796078431373  0.053301794431  0.000505997851 -0.128251616926  0.040489554957  0.110061010178  0.036895911099 -0.124550736187 -0.001220164141 -0.050351586893  0.010248744292  0.110061010178  0.019573772360
  0.800000000000  0.099835641811  0.001031312545  0.074647430091 -0.018268978848  0.111022470980 -0.026247993120  0.069943781416  0.000731868488 -0.109541191854  0.035789831508  0.111022470980  0.030425490706
  0.803921568627 -0.088745061351 -0.000863695424  0.079636100924 -0.027362547176  0.112753590406 -0.020908766080  0.079048366291  0.000739752423  0.089480299619 -0.023870575244  0.112753590406 -0.029687318024
  0.807843137255 -0.047405466037 -0.000513619932 -0.104631727519  0.029314896569  0.114902982339  0.033450609201 -0.099328484088 -0.000998442106  0.056364060346 -0.020942141121  0.114902982339 -0.013378833270
  0.811764705882  0.108322674214  0.001064040457 -0.021658103816  0.010816183586  0.124761943862  0.002645881473 -0.024334899092 -0.000183442596 -0.112782815439  0.033090283505  0.124761943862  0.034712476159
  0.815686274510 -0.009196305864 -0.000040702450  0.117014819304 -0.035270447941  0.124555809852 -0.035169405769  0.112377934257  0.001094286649  0.002127314093  0.003824778772  0.124555809852 -0.004663295881
  0.819607843137 -0.110710763273 -0.001096915610 -0.036167682772  0.006355101645  0.135220040966  0.014966854576 -0.030754223219 -0.000357693019  0.118506430483 -0.037017769163  0.135220040966 -0.034448451559
  0.823529411765  0.060970362749  0.000545479920 -0.111690311695  0.035753187297  0.131371846777  0.031688099890 -0.108849242085 -0.001024911572 -0.056747636443  0.012804066813  0.131371846777  0.020930811123
  0.827450980392  0.097226663293  0.000976974435  0.084872372876 -0.021419719592  0.136375991377 -0.029259205405  0.077853231871  0.000801533697 -0.107553305978  0.035582141011  0.136375991377  0.029475278546
  0.831372549020 -0.100146638110 -0.000928595020  0.091144966319 -0.031203531940  0.129715420804 -0.024032639164  0.090857637841  0.000819222750  0.099439591050 -0.026426480784  0.129715420804 -0.033082496082
  0.835294117647 -0.071375097653 -0.000738445754 -0.117375217997  0.032128468428  0.125303730833  0.038206571193 -0.110291239728 -0.001086680481  0.083064539395 -0.029457850884  0.125303730833 -0.020982406437
  0.839215686275  0.121307654554  0.001141601938 -0.059833530322  0.022740310365  0.117967057594  0.013743671630 -0.062312630908 -0.000522547512 -0.124415350008  0.035131954658  0.117967057594  0.039528311926
  0.843137254902  0.038108184763  0.000427728270  0.129471700714 -0.037038342016  0.103648899899 -0.040703558349  0.123991357153  0.001180314771 -0.049721298742  0.019892226404  0.103648899899  0.010524247637
  0.847058823529 -0.122099840848 -0.001165104694  0.023318372311 -0.011930072751  0.098464561037 -0.002592153655  0.028154108502  0.000187998016  0.128891592060 -0.037871250726  0.098464561037 -0.039621193909
  0.850980392157 -0.002940195452 -0.000095183668 -0.120336986247  0.035696098699  0.078501662063  0.036686625011 -0.117930411379 -0.001081252016  0.012901691999 -0.008471128924  0.078501662063  0.000251063557
  0.854901960784  0.103446664818  0.001009445099  0.012671324009  0.000513485769  0.078178561759 -0.007712398617  0.006471629493  0.000132324723 -0.113333748567  0.034565747898  0.078178561759  0.033698271513
  0.858823529412 -0.028932561148 -0.000212517689  0.092492622024 -0.028660362566  0.065110990919 -0.027095115062  0.094117887172  0.000818059232  0.022160980208 -0.003135451479  0.065110990919 -0.009854043746
  0.862745098039 -0.069255251684 -0.000710965987 -0.043108159276  0.009865535682  0.069079893702  0.015774811535 -0.036962427692 -0.000394924795  0.081202849787 -0.026064452091  0.069079893702 -0.022974763941
  0.866666666667  0.053371372122  0.000458408764 -0.051266264653  0.017366317374  0.075699545003  0.013684060307 -0.057126037466 -0.000442832738 -0.051090285109  0.013408143670  0.075699545003  0.017149746043
  0.870588235294  0.025683255674  0.000324737084  0.064336173973 -0.017887290765  0.077599823056 -0.020692442290  0.059831526108  0.000570279431 -0.038271965539  0.013963982477  0.077599823056  0.009315085056
  0.874509803922 -0.067793935854 -0.000618913756  0.003847723683 -0.003860547841  0.096942794690  0.001276980636  0.013267025868  0.000021825057  0.070857113002 -0.021161702769  0.096942794690 -0.021473025268
  0.878431372549  0.019905492347  0.000084926470 -0.074458361120  0.022710518714  0.093591815318  0.022137929690 -0.073035556327 -0.000645418347 -0.008361681435 -0.000326274193  0.093591815318  0.005078009860
  0.882352941176  0.071379715483  0.000684997590  0.041900357627 -0.009548059097  0.112813124085 -0.015369833692  0.030441234469  0.000375506476 -0.080004016528  0.025657851176  0.112813124085  0.022655219526
  0.886274509804 -0.060127755582 -0.000454608003  0.073411526430 -0.024037995352  0.105244473162 -0.020342921074  0.076043135462  0.000623651116  0.051405951004 -0.012658154868  0.105244473162 -0.018006100838
  0.890196078431 -0.064980853743 -0.000661004776 -0.078689249465  0.020664655544  0.115817757217  0.026401931454 -0.067356636951 -0.000687321873  0.078608170733 -0.026641707401  0.115817757217 -0.020970135371
  0.894117647059  0.088727136888  0.000731075172 -0.062750597491  0.022093515310  0.106538466958  0.015995406846 -0.069672779085 -0.000521834486 -0.084470563887  0.023008262051  0.106538466958  0.027598016255
  0.898039215686  0.050784673924  0.000561759966  0.100919185900 -0.027753343373  0.103670824554 -0.032733506027  0.092180887529  0.000868499923 -0.068030093744  0.024308763071  0.103670824554  0.017020035651
  0.901960784314 -0.101509651405 -0.000878427874  0.045208573726 -0.017524109587  0.095732619779 -0.010076054648  0.055763281454  0.000365914925  0.102972698716 -0.029241605049  0.095732619779 -0.032567453161
  0.905882352941 -0.031808964450 -0.000408701704 -0.105499733392  0.029798741713  0.077803881674  0.033511276697 -0.101679077112 -0.000896762439  0.050524110172 -0.019219039391  0.077803881674 -0.011590117208
  0.909803921569  0.096935233415  0.000882232317 -0.024127514441  0.011251546441  0.074374254946  0.003666456040 -0.036758677701 -0.000185669935 -0.104729783383  0.030574318839  0.074374254946  0.032371953446
  0.913725490196  0.011329926803  0.000225856726  0.092261141564 -0.026646487229  0.043834997057 -0.028777206429  0.095059808797  0.000775059272 -0.028798107100  0.012180389196  0.043834997057  0.005501777238
  0.917647058824 -0.076286376948 -0.000750262127  0.002866860697 -0.004302437379  0.047981393723  0.002236317912  0.015291589049  0.000009590950  0.090170181419 -0.027007048891  0.047981393723 -0.027256018407
  0.921568627451  0.007656743795 -0.000036347825 -0.063905809217  0.019004257688  0.025848382704  0.019439811513 -0.073979078618 -0.000530028500  0.005604162004 -0.004123536786  0.025848382704  0.000509013001
  0.925490196078  0.043399255621  0.000509978715  0.015712182956 -0.002353753380  0.033288177754 -0.006868765459  0.006165353075  0.000139284989 -0.062151524836  0.019289991910  0.033288177754  0.018178668927
  0.929411764706 -0.022857199162 -0.000140097685  0.025517896889 -0.008306411248  0.054227117950 -0.007115554377  0.042187232548  0.000206921203  0.016578888003 -0.004012091400  0.054227117950 -0.005870454083
  0.933333333333 -0.004007125571 -0.000203335939 -0.029610647201  0.007934293114  0.049371112188  0.009792454332 -0.025535893035 -0.000246040081  0.025433351513 -0.008778192498  0.049371112188 -0.006642101240
  0.937254901961  0.032927310021  0.000288453644  0.016286323841 -0.003534124194  0.085473514424 -0.006133722313 -0.004888254593  0.000138124781 -0.035739414681  0.011369115047  0.085473514424  0.010204129622
  0.941176470588 -0.035198359035 -0.000120170562  0.037862180974 -0.011924162822  0.073274817338 -0.010918538140  0.041251131408  0.000304798754  0.014102478704 -0.002796396535  0.073274817338 -0.005548965441
  0.945098039216 -0.037526446258 -0.000398606244 -0.054433428111  0.014446418536  0.105278936577  0.018126983528 -0.032082277816 -0.000447226611  0.050403743589 -0.017234488045  0.105278936577 -0.013309359672
  0.949019607843  0.067642597570  0.000411108166 -0.040505284157  0.014102333801  0.090026558030  0.010468194084 -0.052251322107 -0.000317992083 -0.050359354015  0.013598902593  0.090026558030  0.016559676416
  0.952941176471  0.037192049013  0.000464778534  0.082527800421 -0.022543807113  0.109285072023 -0.026904968699  0.063134383232  0.000669912662 -0.059611097928  0.021075266180  0.109285072023  0.015116637954
  0.956862745098 -0.087916534687 -0.000627251462  0.038387581547 -0.014517242242  0.094817065557 -0.008882738481  0.057916641957  0.000294320131  0.077925811867 -0.021969623719  0.094817065557 -0.024789345408
  0.960784313725 -0.033079606119 -0.000484593405 -0.095873965088  0.026434240818  0.096495254187  0.031035475558 -0.083728852910 -0.000770928007  0.062837333219 -0.022554677649  0.096495254187 -0.015629517854
  0.964705882353  0.092639558635  0.000739292906 -0.032858655225  0.013423597646  0.086291472511  0.006704821114 -0.057975332193 -0.000245952490 -0.092840383028  0.026665755838  0.086291472511  0.029091250953
  0.968627450980  0.026631992171  0.000458202205  0.092231048806 -0.025450178473  0.068883091082 -0.029837880267  0.091000070955  0.000735550092 -0.059916134427  0.021537210381  0.068883091082  0.014874942570
  0.972549019608 -0.081005841659 -0.000734412213  0.025422045978 -0.011197873183  0.065457669166 -0.004455466548  0.052434604011  0.000185579258  0.093119518862 -0.027033431029  0.065457669166 -0.028919674529
  0.976470588235 -0.019248581763 -0.000387801090 -0.072183713999  0.019761732407  0.032017642894  0.023493416569 -0.084117241563 -0.000571656602  0.050997168049 -0.018090179707  0.032017642894 -0.012877889870
  0.980392156863  0.054929512533  0.000617338950 -0.017417404513  0.008251392676  0.035248674879  0.002530530746 -0.041564755381 -0.000123882684 -0.078984886020  0.023088197748  0.035248674879  0.024387430584
  0.984313725490  0.012017918441  0.000277675498  0.039070166843 -0.010354451031  0.022355776960 -0.013024004685  0.064344977186  0.000308269148 -0.036560959903  0.012485455740  0.022355776960  0.009668327837
  0.988235294118 -0.018762753712 -0.000408909410  0.009791356369 -0.004957900466  0.000000000000 -0.001134864843  0.025943949770  0.000067861122  0.052771016054 -0.015495991036  0.000000000000 -0.016230175508
  0.992156862745 -0.005560077733 -0.000134700589  0.001526893353 -0.001126288574  0.000000000000  0.000141208791 -0.034807393128  0.000009187910  0.017485026868 -0.005199928818  0.000000000000 -0.005318631943
  0.996078431373 -0.021376021975  0.000142458272 -0.002993490219  0.001607545128  0.061979768014  0.000264267465 -0.006545719824 -0.000020233497 -0.018539039511  0.005460941106  0.061979768014  0.005686496444
  1.000000000000  0.000000000000 -0.000030966156 -0.042655198404  0.012641728743  0.121559765814  0.013014266554  0.000000000000 -0.000326194300  0.004868674196 -0.003091573760  0.121559765814 -0.000000000000
