             Rad         v_r[Re]         v_t[Re]         v_x[Re]         p[Re]          p_mg[Re]  p_no_phase[Re]         v_r[Im]         v_t[Im]         v_x[Im]         p[Im]          p_mg[Im]  p_no_phase[Im]
  0.000000000000 -0.066291430509  0.000000000000 -0.031307190089  0.013823585341  0.337571126984  0.020295099059  0.167107630969  0.000000000000  0.075145204977 -0.020813059574  0.337571126984 -0.014573397501
  0.003921568627 -0.092394212572 -0.169188872734  0.024899739110 -0.010787350610  0.172247033810 -0.015569862166  0.228084085805 -0.070430045206 -0.056221890146  0.015485585765  0.172247033810  0.010665350056
  0.007843137255 -0.133816159389 -0.343166749590  0.099537305894 -0.043318711360  0.086478835881 -0.062782017482  0.318299085192 -0.140660626207 -0.228103403807  0.062914918154  0.086478835881  0.043511101585
  0.011764705882 -0.122410224405 -0.480795071167  0.214041283840 -0.092494448162  0.359498150589 -0.133191835492  0.314594982055 -0.201898227588 -0.479268638811  0.131904225315  0.359498150589  0.090630472552
  0.015686274510 -0.068541110596 -0.486178356850  0.273263234579 -0.120110606205  0.490989527469 -0.175632342100  0.158022646525 -0.192740537509 -0.646523902416  0.178840265822  0.490989527469  0.124754474111
  0.019607843137  0.041265946161 -0.414895159920  0.310769222767 -0.133906762901  0.488063581150 -0.192314322199 -0.075998096968 -0.175971825030 -0.689230777233  0.189517093461  0.488063581150  0.129857426979
  0.023529411765  0.141444935060 -0.273453506588  0.215603970230 -0.096852191844  0.294624821015 -0.144329885681 -0.330503026647 -0.100983060898 -0.545796675022  0.151858642401  0.294624821015  0.107751002019
  0.027450980392  0.180263654626 -0.107494813287  0.111023919670 -0.048061365960  0.011586719393 -0.069319457748 -0.456700920631 -0.044868483559 -0.250039233319  0.068853350684  0.011586719393  0.047386618110
  0.031372549020  0.195435820473  0.023260330374 -0.040029939783  0.015657661209  0.225150491478  0.020380458412 -0.447225781145  0.014394531639  0.061551729456 -0.016207553090  0.225150491478 -0.009616862618
  0.035294117647  0.090756853193  0.115159936841 -0.164681772674  0.069726873598  0.395015068964  0.098508041929 -0.280298017754  0.051962655220  0.344138586608 -0.094071695650  0.395015068964 -0.063304711511
  0.039215686275  0.003323374357  0.130727471401 -0.170251124605  0.076708174911  0.348561527118  0.114602139316 -0.011099876088  0.047818366588  0.434908041218 -0.121096262054  0.348561527118 -0.086109223929
  0.043137254902 -0.090853494890  0.098258085084 -0.169475458655  0.072035557909  0.187852212049  0.102145742166  0.206005791858  0.043723399492  0.358931751893 -0.098248988423  0.187852212049 -0.066394523017
  0.047058823529 -0.164880247521  0.040270962215 -0.042139292326  0.022117308219  0.036543371500  0.037008978113  0.358958784105  0.009564140527  0.161236681467 -0.046120618434  0.036543371500 -0.035307538949
  0.050980392157 -0.108648304322 -0.027307400038  0.062571916185 -0.025732284669  0.259872734691 -0.035328273508  0.331195839579 -0.013735661206 -0.117734180762  0.031819007255  0.259872734691  0.020652186033
  0.054901960784 -0.078028191276 -0.060109415124  0.113621814914 -0.050587168234  0.306550042549 -0.074809573040  0.170880235656 -0.022844537926 -0.279872874541  0.077690812736  0.306550042549  0.054758120448
  0.058823529412  0.029700617994 -0.069234476208  0.172416705024 -0.072088092745  0.267483975500 -0.100612318709 -0.021290638585 -0.032711757385 -0.344662144450  0.093777538222  0.267483975500  0.062193899336
  0.062745098039  0.113796808609 -0.047273078588  0.073129174558 -0.036769522121  0.102600855440 -0.059772630361 -0.233632456192 -0.012563816187 -0.252201151030  0.071718755917  0.102600855440  0.054063022178
  0.066666666667  0.096983262402 -0.006116901080  0.012687930505 -0.005845346178  0.127137044242 -0.008895943825 -0.290804359322 -0.002087595667 -0.034614008749  0.009688337402  0.127137044242  0.006992434270
  0.070588235294  0.116762744928  0.022602676660 -0.065762972690  0.027706307099  0.226520657748  0.038956674752 -0.240653565413  0.010383999479  0.135064455734 -0.036854395728  0.226520657748 -0.024662997177
  0.074509803922  0.008385026376  0.045190891752 -0.151232009323  0.062205425214  0.287732306072  0.085419864824 -0.102257649444  0.022713781756  0.284765354826 -0.076967609323  0.287732306072 -0.049969735886
  0.078431372549 -0.059064843715  0.040793938883 -0.080095477280  0.040026266276  0.177788364160  0.064787682839  0.112584067503  0.011022604806  0.272016561564 -0.077282378349  0.177788364160 -0.058113889454
  0.082352941176 -0.076298851559  0.019442413014 -0.068588338025  0.028582200884  0.009268896635  0.039762311357  0.213284067941  0.009300118024  0.135485106060 -0.036816071455  0.009268896635 -0.024317152800
  0.086274509804 -0.131413398573 -0.001693522459  0.028706928045 -0.009342617514  0.133618589928 -0.009408983254  0.255969526767 -0.003851968641 -0.011859117180  0.001896101622  0.133618589928 -0.001533211499
  0.090196078431 -0.030103944765 -0.026764671034  0.115450797215 -0.046705581003  0.266627252497 -0.063050494537  0.175221160081 -0.014363091991 -0.204002998475  0.054723426684  0.266627252497  0.034651116339
  0.094117647059  0.006174398055 -0.030755922268  0.074379898817 -0.036787344830  0.209249910615 -0.059108093833 -0.006912977180 -0.008548295382 -0.246055885122  0.069794038298  0.209249910615  0.052256576285
  0.098039215686  0.054259152486 -0.023517421002  0.106957918027 -0.043615522958  0.087952688488 -0.059366743761 -0.122105986527 -0.012226140943 -0.194913554165  0.052480859905  0.087952688488  0.033647351077
  0.101960784314  0.127116159781 -0.009604545704 -0.002102679450 -0.004265631230  0.046957439365 -0.012975442643 -0.234374857219  0.000456827722 -0.083854710310  0.025389305657  0.046957439365  0.022236239335
  0.105882352941  0.040319297295  0.012946811252 -0.070664550278  0.028053559276  0.216237868883  0.037118155245 -0.205328710506  0.007511522798  0.115729283418 -0.030742096485  0.216237868883 -0.018823422524
  0.109803921569  0.040921331788  0.020414166204 -0.062389543287  0.029924640510  0.204436851096  0.047005594658 -0.077853195291  0.006184096784  0.190431173176 -0.053734161562  0.204436851096 -0.039665076570
  0.113725490196 -0.034425232205  0.022792299482 -0.127917335254  0.051335527733  0.159229622984  0.068717595304  0.031935943690  0.012637808369  0.218955986109 -0.058500591074  0.159229622984 -0.036545145495
  0.117647058824 -0.107412988797  0.014795095965 -0.015236794857  0.013274036084  0.050178398947  0.027948752835  0.187673295322  0.001181792704  0.148618438346 -0.043890359325  0.050178398947 -0.036351490899
  0.121568627451 -0.042847556086 -0.002894080526  0.021860791710 -0.008317384500  0.146812008437 -0.010485576359  0.199896255652 -0.002037274596 -0.029618565826  0.007647226366  0.146812008437  0.004208520455
  0.125490196078 -0.078703904965 -0.011116629489  0.048278651824 -0.021458735619  0.171892554538 -0.031687467794  0.138418814396 -0.004248013850 -0.118302219511  0.032825245398  0.171892554538  0.023105809974
  0.129411764706  0.018374972045 -0.019496719815  0.131633899810 -0.052105694529  0.202292114893 -0.068722795304  0.046692955821 -0.011453670677 -0.212970858271  0.056480058808  0.202292114893  0.034382813307
  0.133333333333  0.075918828713 -0.015955999028  0.025031157136 -0.018146679826  0.106614529276 -0.035810734600 -0.125658653774 -0.001836369266 -0.181506558523  0.053227721380  0.106614529276  0.043359930805
  0.137254901961  0.040788570362 -0.004021632537  0.025982250704 -0.010554619109  0.067987334130 -0.014309647881 -0.166983061516 -0.002122737642 -0.046655651087  0.012539914591  0.067987334130  0.007992710429
  0.141176470588  0.104267986921  0.003484118865 -0.034729693927  0.012878286200  0.121144034492  0.015732461426 -0.173350185035  0.002797714623  0.041314677609 -0.010419545902  0.121144034492 -0.005187181291
  0.145098039216 -0.006441874825  0.014936313550 -0.119144380663  0.046579463245  0.216601547769  0.060594561933 -0.106419735489  0.009264219735  0.182795565960 -0.048117569196  0.216601547769 -0.028517467027
  0.149019607843 -0.036795593500  0.014502821607 -0.029293552074  0.019594089565  0.142969017089  0.037374021070  0.057169588953  0.001972374398  0.184298141088 -0.053819830030  0.142969017089 -0.043401440061
  0.152941176471 -0.036561913681  0.008306801167 -0.068050693132  0.026767467656  0.011150766746  0.035059443973  0.115495036954  0.005015224518  0.107196874385 -0.028323890625  0.011150766746 -0.017016917852
  0.156862745098 -0.115692178095  0.002228176832  0.023244408879 -0.005225732992  0.063322839011 -0.001161314209  0.183116221082 -0.001782435690  0.030433887392 -0.010528154994  0.063322839011 -0.011696225126
  0.160784313725 -0.001867011668 -0.009963405824  0.092698744413 -0.035819420163  0.203824906104 -0.045982264100  0.142956826052 -0.006516462346 -0.135013677330  0.035265378568  0.203824906104  0.020305397672
  0.164705882353 -0.005291750502 -0.011492862641  0.030057921601 -0.018482086891  0.155249988208 -0.033868076924  0.009815140124 -0.001875368435 -0.161323022803  0.046852485776  0.155249988208  0.037278630939
  0.168627450980  0.031860873560 -0.010413027891  0.100094791461 -0.038808049189  0.082175942423 -0.050011931260 -0.054723547732 -0.006705626935 -0.148023717434  0.038753351344  0.082175942423  0.022509856817
  0.172549019608  0.112355357041 -0.005995591818 -0.014340856981 -0.000870410357  0.028358851946 -0.010586560259 -0.170061359787  0.001106318635 -0.088857598909  0.027611750652  0.028358851946  0.025516487418
  0.176470588235  0.007524809189  0.005166338663 -0.055783998493  0.021293733663  0.167776937110  0.026948975673 -0.155067521052  0.003579543777  0.076770961134 -0.019872867360  0.167776937110 -0.011050188261
  0.180392156863  0.045486495527  0.007749218352 -0.029110746058  0.015722714880  0.144840590219  0.026791180219 -0.068438762685  0.001712549059  0.118978393965 -0.034148866097  0.144840590219 -0.026373878770
  0.184313725490 -0.027633330412  0.010771070013 -0.118878386730  0.045589796227  0.138251033101  0.058014318949 -0.006373659391  0.007298413874  0.167228207354 -0.043442472950  0.138251033101 -0.024495239800
  0.188235294118 -0.095111046150  0.007957472537  0.007774351057  0.005157080600  0.064622064858  0.018672932826  0.138213564914 -0.000661584686  0.128363104092 -0.039131599167  0.064622064858 -0.034773540421
  0.192156862745 -0.011664019430 -0.000951305491  0.012902915586 -0.004784874069  0.114141317858 -0.005845764112  0.144370174294 -0.000763647602 -0.015354211282  0.003872562747  0.114141317858  0.001928420086
  0.196078431373 -0.079186776018 -0.003910440308  0.027775653215 -0.012166460973  0.115918628475 -0.017735812038  0.113326089924 -0.001568242853 -0.064994911962  0.017960980595  0.115918628475  0.012492420418
  0.200000000000  0.024136537101 -0.009802320172  0.122567673267 -0.046572622152  0.174260239058 -0.058622143610  0.059945298759 -0.006944428168 -0.165023637468  0.042562663072  0.174260239058  0.023324530015
  0.203921568627  0.066281628322 -0.008371215586 -0.002803056273 -0.007694440186  0.102124637895 -0.022840550722 -0.092924626388  0.000348730880 -0.146154303831  0.044201859890  0.102124637895  0.038617587576
  0.207843137255  0.015294177794 -0.002419241947  0.030833334998 -0.011764114680  0.049982156573 -0.014880217159 -0.114905250329 -0.001679987232 -0.042339061407  0.010955849338  0.049982156573  0.006083104982
  0.211764705882  0.102530816388  0.000450329460 -0.026787130102  0.008512958459  0.074956568908  0.008214210107 -0.140904444953  0.001468716980  0.007559568012 -0.000712758307  0.074956568908  0.002346324454
  0.215686274510 -0.021075048083  0.007916326484 -0.110984586361  0.041832590744  0.187388637888  0.052146998091 -0.099926392977  0.005837889859  0.143630244314 -0.036793309721  0.187388637888 -0.019606220406
  0.219607843137 -0.029464060491  0.007571845764 -0.001521143695  0.008770526692  0.123808422959  0.023343507654  0.040374312564 -0.000089097775  0.142271565423 -0.042779302478  0.123808422959 -0.036906252985
  0.223529411765 -0.019085517474  0.004805275550 -0.070234203913  0.026440863259  0.016932794977  0.032911792754  0.072486069319  0.003565398251  0.090345757469 -0.023118870372  0.016932794977 -0.012264392154
  0.227450980392 -0.112838770027  0.002311708371  0.026271551877 -0.005252463887  0.033338489849  0.000492360261  0.149605860809 -0.001402268022  0.045588147518 -0.015271180438  0.033338489849 -0.016141713361
  0.231372549020  0.017806396432 -0.005500385371  0.085676719655 -0.032066206816  0.177318050886 -0.039628477085  0.122521254653 -0.004205548811 -0.106988063609  0.027231176341  0.177318050886  0.014119574653
  0.235294117647 -0.010835330263 -0.005933432219  0.006072263274 -0.008802187475  0.127153656938 -0.020833771328  0.013012116040 -0.000168432660 -0.119342130228  0.035604482998  0.127153656938  0.030184626653
  0.239215686275  0.023243039255 -0.006173298378  0.100607248666 -0.037565923640  0.078815577074 -0.046290531214 -0.023900126184 -0.004778175424 -0.124120592680  0.031521105238  0.078815577074  0.016185345664
  0.243137254902  0.108941880496 -0.004200087555 -0.025834526944  0.002644369291  0.036453579397 -0.007442768724 -0.139904817087  0.001336551572 -0.087974492319  0.028017175097  0.036453579397  0.027139638595
  0.247058823529 -0.013583549206  0.002905524878 -0.049782629565  0.018523966660  0.146217993769  0.022727604422 -0.126426024472  0.002290457478  0.060314239449 -0.015264883186  0.146217993769 -0.007720751046
  0.250980392157  0.049696290361  0.003832791711 -0.011418951030  0.008235463142  0.113036472671  0.016218158975 -0.061173310470  0.000445812510  0.082067765397 -0.024060878627  0.113036472671 -0.019588773645
  0.254901960784 -0.027483835967  0.006580635526 -0.118306568760  0.043879055122  0.128762322273  0.053618029201 -0.023947906200  0.005278215116  0.140896146642 -0.035541707080  0.128762322273 -0.017711334368
  0.258823529412 -0.091346693822  0.005168034762  0.024735907654 -0.000732727310  0.071930970633  0.012093033360  0.114173040730 -0.001233383989  0.115028321054 -0.036104640301  0.071930970633 -0.034027055188
  0.262745098039  0.007795550328 -0.000432102295  0.007699356962 -0.002877470888  0.098487474080 -0.003549721925  0.112767342564 -0.000332877504 -0.009543204769  0.002425651769  0.098487474080  0.001250239765
  0.266666666667 -0.082351435911 -0.001617339352  0.017674768019 -0.007458882875  0.084772299572 -0.010504423925  0.098984729330 -0.000738546205 -0.036512879394  0.009969135545  0.084772299572  0.006683986480
  0.270588235294  0.031115431777 -0.006157822769  0.121178095517 -0.044684600637  0.161360650110 -0.054203122775  0.064852867643 -0.005097225165 -0.139874647766  0.035066148518  0.161360650110  0.016981454219
  0.274509803922  0.062204077154 -0.005277007807 -0.022120010723 -0.000606948676  0.099683962853 -0.014298503447 -0.076357287380  0.001060579788 -0.124467361442  0.038795906181  0.099683962853  0.036069980902
  0.278431372549 -0.000167576657 -0.001682543965  0.035414143106 -0.012966608060  0.040269947629 -0.015585692036 -0.084772133940 -0.001449186307 -0.039296508724  0.009771457955  0.040269947629  0.004549782291
  0.282352941176  0.104754468026 -0.000420861261 -0.024450029753  0.006740851852  0.048088223155  0.004655891685 -0.122734513616  0.001021809424 -0.010718792154  0.004658192128  0.048088223155  0.006742440968
  0.286274509804 -0.033197677910  0.005088731958 -0.108839770040  0.039935802246  0.173295195655  0.048134759241 -0.093993652081  0.004330488279  0.122226166208 -0.030469307816  0.173295195655 -0.014362867843
  0.290196078431 -0.025078324723  0.004671251318  0.017260369076  0.001599783347  0.113253406395  0.014266084055  0.031507876970 -0.000800276123  0.116398266907 -0.036080665035  0.113253406395 -0.033179097966
  0.294117647059 -0.009111923627  0.003272612334 -0.074241191844  0.027085022750  0.021400897517  0.032403409328  0.047217052576  0.002877497939  0.080706094986 -0.019980213879  0.021400897517 -0.009100904787
  0.298039215686 -0.114077588840  0.002063215622  0.030909376668 -0.006198217172  0.020188407586  0.000528168821  0.130451249751 -0.001258791153  0.053319119108 -0.017871581372  0.020188407586 -0.018908525975
  0.301960784314  0.032758102142 -0.003589078883  0.082754641846 -0.030245197926  0.163684285455 -0.036268983704  0.108412364627 -0.003123350778 -0.090889576317  0.022551225642  0.163684285455  0.010387039838
  0.305882352941 -0.015462051329 -0.003549295785 -0.009776666995 -0.002495334632  0.111099854136 -0.012467664105  0.014796059720  0.000453388218 -0.093131085989  0.028632743070  0.111099854136  0.025896293604
  0.309803921569  0.019357677749 -0.004247383707  0.103946866148 -0.037763340488  0.078831236238 -0.044929729093 -0.005731676285 -0.003827167281 -0.110276282206  0.027154527501  0.078831236238  0.012031529089
  0.313725490196  0.109072903383 -0.003173979576 -0.035922688641  0.005798015100  0.044949627810 -0.004493842616 -0.122047724487  0.001409937400 -0.086023977454  0.028018859745  0.044949627810  0.028257368226
  0.317647058824 -0.029022567886  0.001884538088 -0.046080635045  0.016817280418  0.134157153703  0.020128772099 -0.107242100606  0.001653646893  0.050194740115 -0.012432041676  0.134157153703 -0.005675307450
  0.321568627451  0.054386303515  0.002134756540 -0.000213550993  0.003496418951  0.094184562130  0.009530208278 -0.057065697199 -0.000040186336  0.058743437194 -0.017687644483  0.094184562130 -0.015305320742
  0.325490196078 -0.029453378978  0.004589281613 -0.120773632088  0.043700920487  0.125406214403  0.051718425776 -0.033955375231  0.004234826655  0.125123884773 -0.030645192640  0.125406214403 -0.013194798923
  0.329411764706 -0.090248210048  0.003700851634  0.038282348324 -0.005389184159  0.076798808544  0.006969006088  0.099264306137 -0.001441771375  0.105190932577 -0.033931962038  0.076798808544 -0.033643042487
  0.333333333333  0.021620886055 -0.000189962949  0.003309076397 -0.001309327834  0.088651386750 -0.001726123034  0.091669346184 -0.000111790916 -0.005344688781  0.001417088441  0.088651386750  0.000861961889
  0.337254901961 -0.086812142202 -0.000648905203  0.012035129335 -0.004704771104  0.065534078055 -0.006119845221  0.090500666169 -0.000402619201 -0.018458573292  0.004858645492  0.065534078055  0.002879027897
  0.341176470588  0.038006763065 -0.004346546153  0.122517301317 -0.044169886774  0.155656354476 -0.052017994474  0.066734870608 -0.004100583869 -0.124158152228  0.030252332009  0.155656354476  0.012661387778
  0.345098039216  0.059829994554 -0.003667560567 -0.036949414590  0.004756484574  0.098837109595 -0.007954960271 -0.065417429821  0.001334111375 -0.109145935320  0.035045776694  0.098837109595  0.034460835983
  0.349019607843 -0.010730961165 -0.001308761753  0.040268494336 -0.014364465870  0.032967045898 -0.016674382206 -0.064649531004 -0.001319447398 -0.038187082444  0.009153559666  0.032967045898  0.003477141406
  0.352941176471  0.108610446426 -0.000712746732 -0.024499493312  0.006092059642  0.030557901109  0.002836635255 -0.111501890638  0.000827532848 -0.022078629429  0.008083940914  0.030557901109  0.009716830338
  0.356862745098 -0.043569590341  0.003621184247 -0.108820671695  0.039107530263  0.166151642616  0.045859163667 -0.088715641409  0.003483637003  0.108147941643 -0.026228481174  0.166151642616 -0.010689679871
  0.360784313725 -0.021512901621  0.003159949562  0.031286550092 -0.003685663857  0.107461448429  0.007679459583  0.024980415911 -0.001084787011  0.098269216293 -0.031437635575  0.107461448429 -0.030707245873
  0.364705882353 -0.002865449666  0.002468882826 -0.079202746203  0.028262904309  0.026204101721  0.032823665493  0.030423256210  0.002483433987  0.075278675558 -0.018054987750  0.026204101721 -0.006883409494
  0.368627450980 -0.116928079500  0.001798109946  0.036048181688 -0.007500291077  0.018842426639 -0.000133778021  0.118043180948 -0.001183640465  0.057534988949 -0.019442108522  0.018842426639 -0.020838235373
  0.372549019608  0.044887473381 -0.002553332852  0.081243795535 -0.029129346914  0.155862789100 -0.034050788616  0.097637480671 -0.002492136392 -0.079582486849  0.019232531208  0.155862789100  0.007678079377
  0.376470588235 -0.019977866939 -0.002307579040 -0.021237252431  0.002027497537  0.101745735136 -0.006522203464  0.016956997952  0.000711330102 -0.074823506496  0.023786026259  0.101745735136  0.022964029556
  0.380392156863  0.017828632960 -0.003199944461  0.108560268945 -0.038654249561  0.081194197227 -0.044756456445  0.006097285332 -0.003264581701 -0.101732546730  0.024310657647  0.081194197227  0.009056417107
  0.384313725490  0.110561429429 -0.002509354379 -0.044975167341  0.008670653553  0.051471503179 -0.001729632149 -0.109860727053  0.001424512466 -0.083541895702  0.027799867175  0.051471503179  0.029069248711
  0.388235294118 -0.041139052087  0.001303518136 -0.043097178770  0.015459512366  0.126274038315  0.018083108868 -0.093057901393  0.001268497907  0.042341637474 -0.010240112953  0.126274038315 -0.004105801938
  0.392156862745  0.059460381105  0.001263148764  0.007418819584  0.000251116408  0.082788759656  0.004926838735 -0.055289788770 -0.000249539867  0.042558951722 -0.013256979373  0.082788759656 -0.012310029311
  0.396078431373 -0.032405933085  0.003467400501 -0.124544827434  0.044230260986  0.125543348787  0.051027634858 -0.039989637913  0.003598245715  0.114735023595 -0.027294569487  0.125543348787 -0.009873701997
  0.400000000000 -0.090130672681  0.002806602236  0.049694465218 -0.009295135093  0.080474238465  0.002698823884  0.088439779479 -0.001515467834  0.097191939424 -0.032188517494  0.080474238465 -0.033394858055
  0.403921568627  0.032124655160 -0.000034482207 -0.000946055438  0.000214176095  0.081201498872  0.000051370742  0.076301934813  0.000028156567 -0.001213218776  0.000420830857  0.081201498872  0.000469394351
  0.407843137255 -0.091936770082 -0.000182060684  0.008890607404 -0.003038443224  0.053450123962 -0.003314297758  0.085491302081 -0.000250760561 -0.006154813142  0.001335089072  0.053450123962  0.000173292899
  0.411764705882  0.044657706335 -0.003290636911  0.124987197239 -0.044270999872  0.153826346725 -0.050887654627  0.066946189746 -0.003474732894 -0.113150891689  0.026791405666  0.153826346725  0.009388687541
  0.415686274510  0.058028920729 -0.002704896888 -0.049011510775  0.009081510681  0.099000595885 -0.002898812650 -0.056800772689  0.001439167235 -0.097326160288  0.032189058419  0.099000595885  0.033319756952
  0.419607843137 -0.018371254523 -0.001105736308  0.045414681020 -0.015944282442  0.026354628469 -0.018098841833 -0.050193752189 -0.001240479168 -0.038686992425  0.009003523787  0.026354628469  0.002777680232
  0.423529411765  0.113221741983 -0.000795778346 -0.025874511238  0.006077175697  0.018649282254  0.002010880744 -0.104131561444  0.000732099156 -0.029424718802  0.010377743266  0.018649282254  0.011856895815
  0.427450980392 -0.052732859873  0.002735894136 -0.109639591185  0.038739180509  0.162644408124  0.044374988337 -0.083787609317  0.002937208229  0.097619872874 -0.023008399176  0.162644408124 -0.007808389674
  0.431372549020 -0.018148378468  0.002265512508  0.042354925219 -0.007820078038  0.104539785394  0.002582431585  0.019110279975 -0.001198770278  0.084587073310 -0.027961704947  0.104539785394 -0.028919571421
  0.435294117647  0.001132302368  0.001997940008 -0.084712949197  0.029762342425  0.031591031318  0.033818506377  0.018614876307  0.002230289938  0.072525496733 -0.016903488567  0.031591031318 -0.005275753858
  0.439215686275 -0.120479557619  0.001560239917  0.041396667626 -0.008992591059  0.022615205267 -0.001201198972  0.109260604474 -0.001136924296  0.059576326070 -0.020369672745  0.022615205267 -0.022233924142
  0.443137254902  0.055153864907 -0.001905053778  0.080234119949 -0.028291237494  0.151002354404 -0.032313318124  0.088806632162 -0.002073947322 -0.070444556453  0.016538150321  0.151002354404  0.005454723342
  0.447058823529 -0.024586093310 -0.001583154895 -0.029929903333  0.005440154177  0.096524033988 -0.002061901570  0.019837269860  0.000818245074 -0.061242734378  0.020201838715  0.096524033988  0.020819657222
  0.450980392157  0.017723715796 -0.002561914403  0.113820514466 -0.039923020151  0.085143386938 -0.045257166373  0.014046971476 -0.002893047136 -0.096320355519  0.022372568997  0.085143386938  0.006794723937
  0.454901960784  0.112600228370 -0.002040237447 -0.053287457046  0.011345697037  0.056404784873  0.000911501207 -0.100612621507  0.001415300014 -0.080624500622  0.027406463945  0.056404784873  0.029648073677
  0.458823529412 -0.051068137056  0.000921626749 -0.040293784169  0.014202455440  0.120429032785  0.016212710874 -0.081908085773  0.001005987119  0.035283682229 -0.008277251867  0.120429032785 -0.002714893206
  0.462745098039  0.064820676401  0.000770888129  0.012764972750 -0.002045868311  0.076153922098  0.001636706345 -0.055205762835 -0.000339811412  0.030815258025 -0.010030807732  0.076153922098 -0.010105635717
  0.466666666667 -0.035925638549  0.002761793117 -0.128931108800  0.045123516581  0.127804958924  0.050990448837 -0.043483884962  0.003167926038  0.107402777252 -0.024829005754  0.127804958924 -0.007251579331
  0.470588235294 -0.090364756847  0.002207502825  0.059657894529 -0.012703244064  0.083472516733 -0.001023742636  0.079607554023 -0.001531669173  0.090242749677 -0.030676752369  0.083472516733 -0.033187158611
  0.474509803922  0.040425967822  0.000084488966 -0.005284438942  0.001785785896  0.074792643653  0.001914155326  0.064538058357  0.000128298935  0.003312281166 -0.000689288838  0.074792643653 -0.000012639568
  0.478431372549 -0.097439845972  0.000055312341  0.007361160504 -0.002076032355  0.046181068468 -0.001530297931  0.082701777143 -0.000181118274  0.002430063563 -0.001162282392  0.046181068468 -0.001821811993
  0.482352941176  0.051087057339 -0.002606373526  0.127948527982 -0.044670518075  0.154249448663 -0.050300638123  0.066013435164 -0.003042562706 -0.104716678015  0.024077058055  0.154249448663  0.006708629824
  0.486274509804  0.056375016968 -0.002075045444 -0.059195689319  0.012713498266  0.099842495530  0.001315811581 -0.049150757944  0.001469772580 -0.087683522574  0.029878621476  0.099842495530  0.032444316903
  0.490196078431 -0.024054408996 -0.000991847295  0.050825703504 -0.017678709324  0.019833443946 -0.019798981487 -0.039421776884 -0.001189881159 -0.040467386474  0.009223840551  0.019833443946  0.002369879736
  0.494117647059  0.118214122106 -0.000790623234 -0.028108636974  0.006479286631  0.010775598955  0.001846007784 -0.099087404586  0.000682810825 -0.034064164383  0.011906193705  0.010775598955  0.013428732593
  0.498039215686 -0.061030833494  0.002144635484 -0.110775103653  0.038573093967  0.161184906894  0.043268506005 -0.079017474502  0.002552136563  0.088920990571 -0.020320976711  0.161184906894 -0.005353695987
  0.501960784314 -0.014753207475  0.001691026332  0.051398417845 -0.011175380834  0.103474206253 -0.001519330578  0.013255503308 -0.001235071641  0.073797355414 -0.025238994273  0.103474206253 -0.027560616889
  0.505882352941  0.003610451774  0.001700361963 -0.090580404193  0.031475036811  0.037581148834  0.035198184812  0.010152742035  0.002055104757  0.071579972316 -0.016275785546  0.037581148834 -0.004082514335
  0.509803921569 -0.124346305609  0.001352618480  0.046860056287 -0.010610165859  0.026800050871 -0.002548878246  0.102560082350 -0.001104979715  0.060066040990 -0.020836427257  0.026800050871 -0.023242967541
  0.513725490196  0.064105705339 -0.001457203330  0.079352956640 -0.027548899467  0.147749595710 -0.030766893578  0.081224195303 -0.001773104648 -0.062283078939  0.014130478410  0.147749595710  0.003465622818
  0.517647058824 -0.029354966671 -0.001129214991 -0.036706220020  0.008089191911  0.093993997742  0.001383958342  0.023465478462  0.000854359533 -0.050849030282  0.017465992582  0.093993997742  0.019198452593
  0.521568627451  0.018586384157 -0.002141019173  0.119447362673 -0.041417650960  0.090202510226 -0.046172171747  0.019307745873 -0.002629297560 -0.092883324145  0.021008201645  0.090202510226  0.004989679702
  0.525490196078  0.114845638131 -0.001688711659 -0.061062714745  0.013881807319  0.060206384233  0.003475563369 -0.092953872618  0.001396425336 -0.077315471241  0.026863680490  0.060206384233  0.030038015300
  0.529411764706 -0.059449213714  0.000644888448 -0.037448908284  0.012941730140  0.115625340653  0.014355857789 -0.072805649509  0.000812488719  0.028376869122 -0.006362355305  0.115625340653 -0.001370142766
  0.533333333333  0.070413846697  0.000477464968  0.016509404488 -0.003679581431  0.072666904786 -0.000736462134 -0.056377150021 -0.000372616617  0.022163628215 -0.007642732775  0.072666904786 -0.008450343620
  0.537254901961 -0.039824645680  0.002281522193 -0.133626206000  0.046216656712  0.131429617367  0.051328827436 -0.045153142736  0.002856506305  0.101899112729 -0.022896373745  0.131429617367 -0.005057149620
  0.541176470588 -0.090679920025  0.001779331932  0.068583534298 -0.015760397414  0.086086740378 -0.004369699275  0.071738215097 -0.001521553932  0.083948364925 -0.029301655410  0.086086740378 -0.032983069364
  0.545098039216  0.047156897151  0.000184285468 -0.009793830514  0.003440417392  0.068838244002  0.003908538940  0.055287485945  0.000205911393  0.008376847719 -0.001951844832  0.068838244002 -0.000607859713
  0.549019607843 -0.103190310098  0.000174270449  0.006976741372 -0.001614632944  0.042210233636 -0.000475949608  0.081397200340 -0.000152477528  0.008344832773 -0.002922015596  0.042210233636 -0.003304343605
  0.552941176471  0.057341939397 -0.002127468945  0.131115538731 -0.045216487526  0.156051529459 -0.050000535858  0.064209258329 -0.002724394019 -0.097728379996  0.021786365828  0.156051529459  0.004372973138
  0.556862745098  0.054682881154 -0.001636895567 -0.068027008300  0.015850471697  0.101194960112  0.004935941331 -0.041814905786  0.001464935941 -0.079536498169  0.027939790698  0.101194960112  0.031741232497
  0.560784313725 -0.028329279846 -0.000928066420  0.056484235834 -0.019547496203  0.013302529907 -0.021728786182 -0.031291464124 -0.001156699525 -0.043271014402  0.009738009574  0.013302529907  0.002189358205
  0.564705882353  0.123418703348 -0.000744953569 -0.030959090671  0.007184328888  0.006486566694  0.002165681652 -0.095498185901  0.000657665168 -0.036697199628  0.012866096834  0.006486566694  0.014576036921
  0.568627450980 -0.068692272231  0.001719167210 -0.111991677383  0.038485331558  0.160929264048  0.042331983769 -0.074308759160  0.002263908837  0.081144651076 -0.017906791768  0.160929264048 -0.003126833333
  0.572549019608 -0.011224675361  0.001301107690  0.058969656952 -0.013966157425  0.103683493960 -0.004902839346  0.007138905025 -0.001233324005  0.065077273885 -0.023053874414  0.103683493960 -0.026504657045
  0.576470588235  0.004984123877  0.001501521261 -0.096715749325  0.033342639021  0.044157507460  0.036852621593  0.004151392134  0.001927674013  0.071904272188 -0.016015044796  0.044157507460 -0.003177659268
  0.580392156863 -0.128353836824  0.001171325366  0.052407293688 -0.012323047829  0.030242695627 -0.004111809602  0.097074819596 -0.001081951413  0.059356906878 -0.020946852635  0.030242695627 -0.023952477219
  0.584313725490  0.072090215377 -0.001124668812  0.078429425465 -0.026814624757  0.145397547113 -0.029266905907  0.074520250715 -0.001543941392 -0.054478115749  0.011832703991  0.145397547113  0.001576452730
  0.588235294118 -0.034316568027 -0.000831498991 -0.042074290578  0.010176701904  0.093268685597  0.004083315895  0.027789541628  0.000854880349 -0.042803744045  0.015355477181  0.093268685597  0.017963364730
  0.592156862745  0.020160364702 -0.001845919334  0.125311408650 -0.043058791605  0.096079412258 -0.047356267199  0.022542855495 -0.002432539997 -0.090730665684  0.020016973440  0.096079412258  0.003481769250
  0.596078431373  0.117140489382 -0.001413791255 -0.068445183268  0.016319902614  0.063237149509  0.005993198031 -0.086131019114  0.001374167836 -0.073658349422  0.026193063869  0.063237149509  0.030273707958
  0.600000000000 -0.066683593906  0.000430001679 -0.034458365293  0.011627514626  0.111362987875  0.012434468035 -0.065210014697  0.000661754366  0.021305760677 -0.004406465105  0.111362987875 -0.000005983573
  0.603921568627  0.076218471062  0.000298336286  0.019062626501 -0.004817929360  0.071251147160 -0.002421920126 -0.058497847215 -0.000375719899  0.015847291539 -0.005888714216  0.071251147160 -0.007212745756
  0.607843137255 -0.044007659529  0.001934075134 -0.138487966203  0.047424461347  0.135970933121  0.051888636482 -0.045412145741  0.002620143885  0.097498522451 -0.021286374339  0.135970933121 -0.003123887104
  0.611764705882 -0.090949949733  0.001458925456  0.076741534374 -0.018559864801  0.088522672784 -0.007442359017  0.064263688908 -0.001499304504  0.078105614926 -0.028017792372  0.088522672784 -0.032773107315
  0.615686274510  0.052714336687  0.000272145797 -0.014518544312  0.005193345454  0.063094976843  0.006051400503  0.047936673636  0.000269570085  0.014013385925 -0.003374162771  0.063094976843 -0.001317711414
  0.619607843137 -0.109131673637  0.000226871370  0.007456474559 -0.001534085965  0.040371681606  0.000020169239  0.081107166532 -0.000145785797  0.012197588914 -0.004110926789  0.040371681606 -0.004387793525
  0.623529411765  0.063471301005 -0.001771709283  0.134353944025 -0.045829747442  0.158729285094 -0.049845450988  0.061706219667 -0.002479271643 -0.091523626134  0.019727593894  0.158729285094  0.002230409654
  0.627450980392  0.052862797028 -0.001318620013 -0.075846819472  0.018617198741  0.102981020271  0.008111209978 -0.034445620813  0.001442819051 -0.072510001849  0.026279491695  0.102981020271  0.031167612122
  0.631372549020 -0.031540847689 -0.000893908650  0.062386845724 -0.021538000633  0.007535681389 -0.023855314355 -0.025200150847 -0.001135111821 -0.046899189057  0.010486364499  0.007535681389  0.002184785734
  0.635294117647  0.128760887198 -0.000680114807 -0.034286181192  0.008125489676  0.005513694242  0.002865177668 -0.092820363468  0.000646220107 -0.037746969047  0.013376789879  0.005513694242  0.015386775064
  0.639215686275 -0.075879979385  0.001394859885 -0.113176270375  0.038410962704  0.161399208484  0.041450685341 -0.069622692168  0.002038592305  0.073762489166 -0.015613245855  0.161399208484 -0.001008060891
  0.643137254902 -0.007508863446  0.001026293719  0.065427944466 -0.016328144714  0.104817994061 -0.007737765621  0.000635187968 -0.001212391830  0.057956569401 -0.021285642587  0.104817994061 -0.025686842417
  0.647058823529  0.005513059442  0.001362553996 -0.103082064516  0.035332882282  0.051298238695  0.038713811146  0.000083664679  0.001831849042  0.073136524334 -0.016014386871  0.051298238695 -0.002472647125
  0.650980392157 -0.132423194452  0.001011912718  0.058033285403 -0.014116308931  0.032871761628 -0.005851690481  0.092270266448 -0.001064939894  0.057678159007 -0.020769722650  0.032871761628 -0.024421492078
  0.654901960784  0.079345653111 -0.000863830278  0.077378395446 -0.026042139349  0.143556985642 -0.027734193701  0.068491453565 -0.001361902311 -0.046676683151  0.009543442476  0.143556985642 -0.000291231740
  0.658823529412 -0.039493842987 -0.000630882756 -0.046365022066  0.011831304599  0.093775210525  0.006202400369  0.032737526775  0.000836920179 -0.036611981879  0.013740508095  0.093775210525  0.017038531653
  0.662745098039  0.022289108349 -0.001628460140  0.131356140919 -0.044803112150  0.102592736256 -0.048722086644  0.024160884949 -0.002280550638 -0.089412188894  0.019266537886  0.102592736256  0.002162547916
  0.666666666667  0.119411249678 -0.001191952017 -0.075543405068  0.018689848131  0.065785771824  0.008484909145 -0.079684136295  0.001351523668 -0.069701744136  0.025415602133  0.065785771824  0.030385351269
  0.670588235294 -0.073044080671  0.000254542582 -0.031266142846  0.010233309160  0.107390347550  0.010407351461 -0.058807757889  0.000539368075  0.013905657535 -0.002363227832  0.107390347550  0.001411558608
  0.674509803922  0.082233458649  0.000189530167  0.020691577419 -0.005568273447  0.071167718037 -0.003563714075 -0.061342707889 -0.000362891274  0.011405322985 -0.004645465507  0.071167718037 -0.006315533307
  0.678431372549 -0.048424436543  0.001669928400 -0.143452127932  0.048700297461  0.141156690966  0.052577814118 -0.044529110927  0.002434484251  0.093734248231 -0.019862122010  0.141156690966 -0.001340270926
  0.682352941176 -0.091112581800  0.001211009382  0.084323335266 -0.021165321513  0.090943063821 -0.010308254024  0.056843506090 -0.001471925548  0.072611942122 -0.026805446271  0.090943063821 -0.032561367962
  0.686274509804  0.057367093957  0.000351563365 -0.019488123260  0.007052781856  0.057515294170  0.008348550165  0.042117224761  0.000324088276  0.020210087892 -0.004950958755  0.057515294170 -0.002134346422
  0.690196078431 -0.115246188800  0.000240038258  0.008620023708 -0.001757639792  0.039777616261  0.000067025477  0.081507836260 -0.000151401532  0.014371971533 -0.004834075177  0.039777616261 -0.005143256559
  0.694117647059  0.069521447113 -0.001494394103  0.137600627848 -0.046466614948  0.161979906111 -0.049750812061  0.058629423061 -0.002284007384 -0.085680245669  0.017777224545  0.161979906111  0.000180876953
  0.698039215686  0.050866263007 -0.001080173926 -0.082893818751  0.021098126824  0.105172006939  0.010938525684 -0.026844596313  0.001412579320 -0.066389648491  0.024847073349  0.105172006939  0.030705971168
  0.701960784314 -0.033921646106 -0.000877817715  0.068541471023 -0.023643409366  0.007250378690 -0.026155227825 -0.020774519992 -0.001121811480 -0.051194357153  0.011420968814  0.007250378690  0.002313739938
  0.705882352941  0.134212904792 -0.000606515994 -0.038005350081  0.009260960340  0.005877055362  0.003877334600 -0.090688401525  0.000643069636 -0.037492979817  0.013517551484  0.005877055362  0.015920297137
  0.709803921569 -0.082717184660  0.001136045498 -0.114272669207  0.038313648509  0.162313276919  0.040556373729 -0.064953971438  0.001856615272  0.066442435227 -0.013343566564  0.162313276919  0.001080268796
  0.713725490196 -0.003571077498  0.000827708829  0.071023342833 -0.018353218402  0.106659416848 -0.010135037345 -0.006309944267 -0.001181957166  0.052152334575 -0.019863665160  0.106659416848 -0.025073628324
  0.717647058824  0.005370175533  0.001261551979 -0.109671323924  0.037428142514  0.058981160904  0.040737681163 -0.002387675538  0.001758268056  0.075016466049 -0.016195860320  0.058981160904 -0.001900809559
  0.721568627451 -0.136521814045  0.000870617984  0.063745917759 -0.015982722210  0.034865787330 -0.007744070040  0.087791765868 -0.001052366859  0.055194165972 -0.020355024341  0.034865787330 -0.024694205887
  0.725490196078  0.086046290663 -0.000650286764  0.076153510213 -0.025204936423  0.142011053239 -0.026122036984  0.063025923758 -0.001212563254 -0.038664162075  0.007200734859  0.142011053239 -0.002185997805
  0.729411764706 -0.044909101592 -0.000494139710 -0.049807730669  0.013140162612  0.095135469699  0.007850967999  0.038235453911  0.000809406778 -0.031964511621  0.012541307616  0.095135469699  0.016380188389
  0.733333333333  0.024872361874 -0.001461202497  0.137562908131 -0.046626614928  0.109627107010 -0.050214026653  0.024433353044 -0.002160217157 -0.088613339225  0.018663205526  0.109627107010  0.000952883776
  0.737254901961  0.121624180388 -0.001008741480 -0.082443997918  0.021014701371  0.068095116956  0.010964919097 -0.073312331753  0.001329995256 -0.065497713778  0.024552041744  0.068095116956  0.030400509481
  0.741176470588 -0.078727625254  0.000105843704 -0.027836554974  0.008743210807  0.103596277574  0.008250971597 -0.053410847370  0.000436699012  0.006088406869 -0.000208166899  0.103596277574  0.002899747643
  0.745098039216  0.088470747701  0.000126315743  0.021579566891 -0.006003282003  0.071917998092 -0.004257841872 -0.064738160249 -0.000341428384  0.008539307201 -0.003833780256  0.071917998092 -0.005710345739
  0.749019607843 -0.053050059457  0.001460508383 -0.148493792315  0.050017884774  0.146815853014  0.053338020836 -0.042692342930  0.002284916775  0.090284886453 -0.018528228602  0.146815853014  0.000373611712
  0.752941176471 -0.091135093382  0.001014423766  0.091473138596 -0.023622934461  0.093484231233 -0.013012540843  0.049260364204 -0.001443081410  0.067420839079 -0.025659028797  0.093484231233 -0.032358964325
  0.756862745098  0.061307502800  0.000424433390 -0.024728123632  0.009024626193  0.052201762222  0.010801690189  0.037597720011  0.000372428655  0.026936130649 -0.006671452322  0.052201762222 -0.003045594041
  0.760784313725 -0.121537371471  0.000228755067  0.010346550835 -0.002233798919  0.039821485079 -0.000262181782  0.082362382384 -0.000164132059  0.015126184878 -0.005162200944  0.039821485079 -0.005618668607
  0.764705882353  0.075536142421 -0.001269404540  0.140827613882 -0.047101889759  0.165616236818 -0.049663017127  0.055078059855 -0.002124465412 -0.079911191379  0.015850401426  0.165616236818 -0.001846069880
  0.768627450980  0.048662730263 -0.000897621207 -0.089344576234  0.023353691370  0.107763722965  0.013483962711 -0.018893455547  0.001379096684 -0.061051643407  0.023615550868  0.107763722965  0.030352461071
  0.772549019608 -0.035636146408 -0.000872893721  0.074964692128 -0.025861173581  0.013728576845 -0.028612028668 -0.017771205447 -0.001114821494 -0.056027383488  0.012501943785  0.013728576845  0.002539825373
  0.776470588235  0.139771367917 -0.000529540074 -0.042065152491  0.010563684283  0.005834466053  0.005156818568 -0.088840883653  0.000645244265 -0.036133018348  0.013344971476  0.005834466053  0.016219954117
  0.780392156863 -0.089302291103  0.000921625485 -0.115251868751  0.038171707125  0.163503925523  0.039605746941 -0.060316836713  0.001705857474  0.058962969526 -0.011032701890  0.163503925523  0.003191323415
  0.784313725490  0.000616449075  0.000682092061  0.075938900621 -0.020106799360  0.109067311398 -0.012170794405 -0.013714729773 -0.001147253999  0.047488854936 -0.018745691773  0.109067311398 -0.024648653190
  0.788235294118  0.004675065682  0.001185385028 -0.116492328075  0.039619510003  0.067184597824  0.042894613752 -0.003490666841  0.001701151411  0.077346211840 -0.016499325637  0.067184597824 -0.001409053034
  0.792156862745 -0.140640401507  0.000744460790  0.069560901360 -0.017919621790  0.036469554555 -0.009772623567  0.083389514480 -0.001043319491  0.052031580775 -0.019741837706  0.036469554555 -0.024806225625
  0.796078431373  0.092326257117 -0.000469436785  0.074725970247 -0.024286333571  0.140644647406 -0.024400817683  0.058064969322 -0.001086848140 -0.030303542940  0.004764981071  0.140644647406 -0.004138978049
  0.800000000000 -0.050586833879 -0.000401366656 -0.052568443147  0.014165066321  0.097098246178  0.009104850131  0.044212469088  0.000777227899 -0.028659972350  0.011706903299  0.097098246178  0.015962530903
  0.803921568627  0.027844961304 -0.001327539237  0.143933635020 -0.048516277637  0.117106925013 -0.051795040013  0.023551784209 -0.002063304917 -0.088101300304  0.018136713466  0.117106925013 -0.000208329294
  0.807843137255  0.123764695741 -0.000854786090 -0.089219782256  0.023313269292  0.070377624271  0.013443589972 -0.066807311967  0.001310360857 -0.061099912561  0.023622803896  0.070377624271  0.030344938255
  0.811764705882 -0.083883076578 -0.000023750221 -0.024141828841  0.007146150695  0.099960017257  0.005950620975 -0.048904998462  0.000348218720 -0.002192214439  0.002071022666  0.099960017257  0.004466174499
  0.815686274510  0.094950873642  0.000093913746  0.021856937727 -0.006174060549  0.073177315567 -0.004571002042 -0.068544609420 -0.000315374855  0.007046733838 -0.003400254853  0.073177315567 -0.005365323574
  0.819607843137 -0.057875623253  0.001288335607 -0.153608532925  0.051362209718  0.152838701539  0.054130336765 -0.040042755038  0.002162128084  0.086916292838 -0.017214402172  0.152838701539  0.002078189346
  0.823529411765 -0.090998111251  0.000855738473  0.098305091969 -0.025967898583  0.096262517069 -0.015587237825  0.041368451731 -0.001414764109  0.062518598317 -0.024581078766  0.096262517069 -0.032180727262
  0.827450980392  0.064678736232  0.000491887843 -0.030264507615  0.011114417676  0.047410542241  0.013411296343  0.034228359484  0.000416551302  0.034152429526 -0.008522349944  0.047410542241 -0.004037060717
  0.831372549020 -0.128020830302  0.000201847365  0.012553585619 -0.002927023893  0.040141942503 -0.000916406193  0.083488536320 -0.000181063764  0.014643201430 -0.005145617642  0.040141942503 -0.005848508312
  0.835294117647  0.081557490920 -0.001080590659  0.144024389722 -0.047720372021  0.169521544930 -0.049546105084  0.051135583182 -0.001991507026 -0.074010517549  0.013885684744  0.169521544930 -0.003902514269
  0.839215686275  0.046228744597 -0.000755844352 -0.095335540413  0.025429079942  0.110763090242  0.015794398443 -0.010519633480  0.001345067504 -0.056426256794  0.022571885779  0.110763090242  0.030110880296
  0.843137254902 -0.036804407541 -0.000874824541  0.081679653413 -0.028191881836  0.022167849981 -0.031214134078 -0.016025327875 -0.001112911713 -0.061288980052  0.013695007384  0.022167849981  0.002830770649
  0.847058823529  0.145445771820 -0.000452080462 -0.046435977964  0.012016099668  0.004878737604  0.006672046552 -0.087080891447  0.000651050072 -0.033814964330  0.012901877841  0.004878737604  0.016319586326
  0.850980392157 -0.095717467236  0.000738416080 -0.116097530199  0.037971147087  0.164873865649  0.038569504588 -0.055737138658  0.001578373590  0.051168877455 -0.008634838352  0.164873865649  0.005362999187
  0.854901960784  0.005080085759  0.000574766857  0.080313699304 -0.021637263225  0.111949051540 -0.013899212526 -0.021577912352 -0.001111206667  0.043855412477 -0.017906487533  0.111949051540 -0.024405436829
  0.858823529412  0.003511960656  0.001125789675 -0.123564081715  0.041903497824  0.075887924473  0.045164137815 -0.003386475005  0.001656746174  0.079968066865 -0.016876157077  0.075887924473 -0.000953133272
  0.862745098039 -0.144781169622  0.000631113977  0.075499443321 -0.019927380548  0.037951994248 -0.011926278378  0.078878415913 -0.001037250958  0.048293392002 -0.018962433496  0.037951994248 -0.024787865250
  0.866666666667  0.098293048600 -0.000312062103  0.073074161373 -0.023274517527  0.139407834454 -0.022550258900  0.053582336061 -0.000978720662 -0.021504099734  0.002210107050  0.139407834454 -0.006170377851
  0.870588235294 -0.056554569639 -0.000340019231 -0.054770977208  0.014951209449  0.099497321928  0.010018149029  0.050601953854  0.000743139566 -0.026563388480  0.011203859362  0.099497321928  0.015770282770
  0.874509803922  0.031165450324 -0.001216921705  0.150481637925 -0.050465541187  0.124981229902 -0.053439420881  0.021657990985 -0.001984374641 -0.087695130721  0.017631763826  0.124981229902 -0.001370488530
  0.878431372549  0.125826892347 -0.000723733184 -0.095934677580  0.025601653601  0.072822270416  0.015928895247 -0.060017809602  0.001293030290 -0.056562393313  0.022647909857  0.072822270416  0.030243061753
  0.882352941176 -0.088626887325 -0.000139121342 -0.020156168295  0.005433079864  0.096527503087  0.003496040211 -0.045221586813  0.000270186775 -0.010958050916  0.004479415754  0.096527503087  0.006112382935
  0.886274509804  0.101700218046  0.000083053602  0.021618089718 -0.006117385465  0.074744491115 -0.004550847884 -0.072645533085 -0.000287029931  0.006784982588 -0.003307431331  0.074744491115 -0.005258449437
  0.890196078431 -0.062903355405  0.001142201896 -0.158802439496  0.052724650093  0.159154232854  0.054927484647 -0.036691292528  0.002059880602  0.083449483255 -0.015866356807  0.159154232854  0.003821182558
  0.894117647059 -0.090687439909  0.000726031948  0.104913240226 -0.028228182184  0.099376675727 -0.018055885606  0.033065799475 -0.001388079763  0.057911528150 -0.023578991502  0.099376675727 -0.032043472107
  0.898039215686  0.067590345388  0.000554657784 -0.036125484991  0.013328167705  0.043574879259  0.016177865284  0.031910565059  0.000457830293  0.041816390350 -0.010489169321  0.043574879259 -0.005093073949
  0.901960784314 -0.134719140144  0.000164752277  0.015185211055 -0.003812562850  0.040561772201 -0.001859228307  0.084739737516 -0.000200525236  0.013058295631 -0.004821818187  0.040561772201 -0.005859081516
  0.905882352941  0.087626744437 -0.000917499210  0.147188618480 -0.048312317260  0.173624180853 -0.049374509291  0.046875124938 -0.001878932570 -0.067823489496  0.011836587563  0.173624180853 -0.006028485413
  0.909803921569  0.043542547660 -0.000644859810 -0.100975774128  0.027359252318  0.114180741647  0.017904103735 -0.001678286545  0.001312009368 -0.052477582613  0.021711631125  0.114180741647  0.029989442858
  0.913725490196 -0.037515624791 -0.000880811894  0.088714563886 -0.030638470564  0.031467647776 -0.033953552533 -0.015421908464 -0.001115292845 -0.066883925533  0.014969820152  0.031467647776  0.003157160788
  0.917647058824  0.151252214547 -0.000375725821 -0.051103745792  0.013607205266  0.002928144010  0.008400684283 -0.085253291851  0.000659502881 -0.030654497067  0.012222303517  0.002928144010  0.016247130269
  0.921568627451 -0.102033850129  0.000577804239 -0.116798368789  0.037701941933  0.166371855215  0.037426407781 -0.051247782301  0.001468704788  0.042946744454 -0.006116462056  0.166371855215  0.007623092166
  0.925490196078  0.009847410749  0.000496064776  0.084256276488 -0.022981367513  0.115242476430 -0.015359825045 -0.029887143692 -0.001075473417  0.041182622342 -0.017331487218  0.115242476430 -0.024343366171
  0.929411764706  0.001940086525  0.001077352620 -0.130911931139  0.044280100339  0.085072135348  0.047531773693 -0.002193192108  0.001622511680  0.082751216988 -0.017285457875  0.085072135348 -0.000494802599
  0.933333333333 -0.148951470829  0.000528756536  0.081587055252 -0.022008586074  0.039591036660 -0.014197619242  0.074115137089 -0.001033829329  0.044066880593 -0.018044601044  0.039591036660 -0.024666031211
  0.937254901961  0.104035601088 -0.000172083588  0.071178282701 -0.022159915741  0.138296047641 -0.020555234597  0.049572392317 -0.000883977469 -0.012204106990 -0.000481328983  0.138296047641 -0.008293122086
  0.941176470588 -0.062843017638 -0.000301856307 -0.056509321348  0.015532296136  0.102224665373  0.010630271589  0.057341288326  0.000708712601 -0.025582603113  0.011009899055  0.102224665373  0.015794537866
  0.945098039216  0.034809492566 -0.001122378136  0.157226432386 -0.052471716594  0.133214972322 -0.055128609433  0.018861320503 -0.001919679193 -0.087248158900  0.017103022462  0.133214972322 -0.002575042070
  0.949019607843  0.127807920583 -0.000611118991 -0.102646723410  0.027894197499  0.075596084418  0.018427309406 -0.052829274358  0.001278218985 -0.051938982856  0.021646969257  0.075596084418  0.030118296768
  0.952941176471 -0.093052519575 -0.000243522771 -0.015852781978  0.003595520214  0.093400387766  0.000879113741 -0.042321517120  0.000199954719 -0.020216043658  0.007017538523  0.093400387766  0.007835864443
  0.956862745098  0.108749232681  0.000087685544  0.020931564905 -0.005859954319  0.076504762815 -0.004231965479 -0.076940452574 -0.000257709360  0.007650587035 -0.003528138540  0.076504762815 -0.005373759797
  0.960784313725 -0.068143825042  0.001014635824 -0.164086551275  0.054100196303  0.165716967130  0.055709335543 -0.032728994607  0.001973820112  0.079741780992 -0.014440457289  0.165716967130  0.005641629203
  0.964705882353 -0.090189714522  0.000619151428  0.111377562856 -0.030426773735  0.102908717618 -0.020436304204  0.024278546690 -0.001363643838  0.053618633099 -0.022663166087  0.102908717618 -0.031965061044
  0.968627450980  0.070127622076  0.000613245304 -0.042342253375  0.015672707192  0.041297491376  0.019102450952  0.030579328889  0.000497275584  0.049884036717 -0.012556837106  0.041297491376 -0.006197118401
  0.972549019608 -0.141658809714  0.000120943289  0.018205006631 -0.004873385604  0.041033334717 -0.003064418979  0.085993574325 -0.000221556031  0.010475126142 -0.004219908347  0.041033334717 -0.005671582674
  0.976470588235  0.093784894172 -0.000773103241  0.150320981524 -0.048870857342  0.177882849488 -0.049128881032  0.042362693338 -0.001782362126 -0.061229038141  0.009666590472  0.177882849488 -0.008255708159
  0.980392156863  0.040581273570 -0.000557827351 -0.106354708720  0.029171964818  0.118027121305  0.019838666753  0.007657873682  0.001280774724 -0.049191764522  0.021035836826  0.118027121305  0.029998954378
  0.984313725490 -0.037836353792 -0.000888980884  0.096101607766 -0.033205662758  0.041415304826 -0.036824955918 -0.015879070809 -0.001121446515 -0.072727076127  0.016298846854  0.041415304826  0.003491571222
  0.988235294118  0.157209772012 -0.000301351407 -0.056066118302  0.015330805011  0.000000000000  0.010326961169 -0.083230978162  0.000670032801 -0.026745612515  0.011334434064  0.000000000000  0.016026754220
  0.992156862745 -0.108314799557  0.000433951426 -0.117343964777  0.037355928860  0.000000000000  0.036159868738 -0.046886091334  0.001372948667  0.034210593236 -0.003452275758  0.000000000000  0.009992373181
  0.996078431373  0.014948456429  0.000439385082  0.087852858341 -0.024167547486  0.183262832906 -0.016581923458 -0.038623453033 -0.001040987923  0.039428477403 -0.017013071308  0.183262832906 -0.024465378829
  1.000000000000  0.000000000000  0.001036405972 -0.138565180990  0.046751584158  0.370875760585  0.049987055539  0.000000000000  0.001596666034  0.085583325673 -0.017691667534  0.370875760585 -0.000000000000
