             Rad         v_r[Re]         v_t[Re]         v_x[Re]         p[Re]          p_mg[Re]  p_no_phase[Re]         v_r[Im]         v_t[Im]         v_x[Im]         p[Im]          p_mg[Im]  p_no_phase[Im]
  0.000000000000  0.012259989698  0.000000000000 -0.037381741091  0.000000000000  0.232257117356  0.000000000000  0.052677453358  0.000000000000 -0.416832602806 -0.000000000000  0.232257117356  0.000000000000
  0.003921568627 -0.017420368087 -0.026704314796  0.088593931079  0.000000000000  0.088622588424 -0.000000000000  0.050689710796 -0.014904666834  0.057498715391 -0.000000000000  0.088622588424  0.000000000000
  0.007843137255  0.002514402429  0.050069115473  0.564336327844 -0.000000000000  0.089419035576 -0.000000000000  0.034953478904  0.038905091751 -0.267714970966  0.000000000000  0.089419035576 -0.000000000000
  0.011764705882 -0.012115429097  0.134194156570  0.298154304763  0.000000000000  0.019398649299 -0.000000000000 -0.231940908294  0.008819816611 -0.306070858714 -0.000000000000  0.019398649299  0.000000000000
  0.015686274510 -0.057667414513 -0.186025847147  0.293739950024 -0.000000000000  0.056988032057  0.000000000000 -0.067293628840 -0.002132350773 -0.025300120278  0.000000000000  0.056988032057 -0.000000000000
  0.019607843137  0.007971516856 -0.015345339294 -0.108631395042 -0.000000000000  0.040934139596  0.000000000000 -0.089063004903  0.046651889987  0.155733817295  0.000000000000  0.040934139596 -0.000000000000
  0.023529411765  0.017180214211 -0.018461129768 -0.098495903316  0.000000000000  0.207727756757 -0.000000000000  0.009008209273 -0.048179270264  0.044702341504 -0.000000000000  0.207727756757  0.000000000000
  0.027450980392 -0.018187848056  0.092476273077  0.047925427605  0.000000000000  0.123715473310 -0.000000000000 -0.054007758524 -0.074080307189  0.076513230320 -0.000000000000  0.123715473310  0.000000000000
  0.031372549020  0.000048597026  0.154661382741  0.330272363918 -0.000000000000  0.185240250184  0.000000000000 -0.040934110749 -0.002675531824  0.033703829135 -0.000000000000  0.185240250184 -0.000000000000
  0.035294117647 -0.010726304627 -0.005293368990  0.487646863450 -0.000000000000  0.094796005734  0.000000000000 -0.207450638264 -0.081322758474  0.013398742277  0.000000000000  0.094796005734 -0.000000000000
  0.039215686275 -0.030208288777 -0.020830937793  0.038232252951  0.000000000000  0.080436781364 -0.000000000000 -0.119970736538 -0.052636980333  0.072871606289 -0.000000000000  0.080436781364  0.000000000000
  0.043137254902 -0.006688038668  0.152766408257 -0.187552986623  0.000000000000  0.036325743424 -0.000000000000 -0.185119476088 -0.004483583661  0.043679739221 -0.000000000000  0.036325743424  0.000000000000
  0.047058823529 -0.019203136139  0.140921325231 -0.521672569667 -0.000000000000  0.098846739992 -0.000000000000 -0.092830610606 -0.014819690238  0.053933196989  0.000000000000  0.098846739992 -0.000000000000
  0.050980392157  0.005672769495  0.121678510361 -0.313197076353 -0.000000000000  0.086627668689  0.000000000000 -0.080236497197 -0.020324721960  0.083453947599 -0.000000000000  0.086627668689 -0.000000000000
  0.054901960784 -0.004511604995  0.115223937779 -0.035258372220  0.000000000000  0.115982665939 -0.000000000000 -0.036044487175 -0.026643081712  0.017701829675  0.000000000000  0.115982665939  0.000000000000
  0.058823529412  0.003332904761  0.260502683134 -0.023601452568  0.000000000000  0.051792533176 -0.000000000000 -0.098790534733 -0.041370382445  0.027119897323 -0.000000000000  0.051792533176  0.000000000000
  0.062745098039 -0.008897925047  0.067548959513  0.041810349312 -0.000000000000  0.039906366303 -0.000000000000 -0.086169483649 -0.029911237106 -0.010596826320  0.000000000000  0.039906366303 -0.000000000000
  0.066666666667 -0.005803075995  0.255282668907 -0.345760195845 -0.000000000000  0.015016980550 -0.000000000000 -0.115837399433 -0.009530770336 -0.074781551129  0.000000000000  0.015016980550 -0.000000000000
  0.070588235294 -0.030008476742  0.295533233769 -0.633977170785  0.000000000000  0.101376305790 -0.000000000000 -0.042213242192 -0.042043088518 -0.101465594640  0.000000000000  0.101376305790  0.000000000000
  0.074509803922 -0.038338662208  0.339675790608 -0.460651607126  0.000000000000  0.102224520471 -0.000000000000 -0.011075425573  0.002126330813  0.048722443314  0.000000000000  0.102224520471  0.000000000000
  0.078431372549 -0.012787285820  0.282376447734 -0.644142724643  0.000000000000  0.051017867613  0.000000000000  0.007873692032  0.023447891305  0.061655634948 -0.000000000000  0.051017867613  0.000000000000
  0.082352941176 -0.016251235117  0.187808699799  0.247193321981 -0.000000000000  0.086139438716  0.000000000000  0.100065242381 -0.003601039811  0.023114038595  0.000000000000  0.086139438716 -0.000000000000
  0.086274509804 -0.005882575580  0.094439610906  0.172174555910 -0.000000000000  0.131598012073 -0.000000000000 -0.102055121821  0.001945735898 -0.015686215779  0.000000000000  0.131598012073 -0.000000000000
  0.090196078431 -0.019463656801  0.187599181519 -0.217865053733  0.000000000000  0.072204478798 -0.000000000000  0.047159186588  0.007692134571 -0.092073198964 -0.000000000000  0.072204478798  0.000000000000
  0.094117647059 -0.026923745716  0.028720007769 -0.303227693235  0.000000000000  0.100922097076 -0.000000000000 -0.081823681285 -0.004053777085 -0.040707723123 -0.000000000000  0.100922097076  0.000000000000
  0.098039215686 -0.028538182832  0.050579460261 -0.110015251188 -0.000000000000  0.043818071811  0.000000000000  0.128466372652 -0.006233292633  0.057762772610 -0.000000000000  0.043818071811 -0.000000000000
  0.101960784314 -0.010536639450 -0.023635536684  0.140284669983  0.000000000000  0.069928379146 -0.000000000000 -0.071431547565 -0.005727494785  0.108232854499  0.000000000000  0.069928379146 -0.000000000000
  0.105882352941 -0.000312654038  0.093165449506 -0.195679135290  0.000000000000  0.093709155688 -0.000000000000  0.100921612778 -0.019327605081 -0.002039730826 -0.000000000000  0.093709155688  0.000000000000
  0.109803921569 -0.013910091754 -0.023559233659  0.654441928334  0.000000000000  0.037220075983  0.000000000000 -0.041551567535 -0.037881187264 -0.091057685859 -0.000000000000  0.037220075983  0.000000000000
  0.113725490196 -0.028536605180  0.088530002650 -0.546440741524  0.000000000000  0.081321660675 -0.000000000000 -0.063840742280 -0.014012443296  0.029166737891  0.000000000000  0.081321660675  0.000000000000
  0.117647058824 -0.006249509865  0.021391700252 -0.188507696468  0.000000000000  0.085364155055  0.000000000000  0.093500532010 -0.018642385723  0.007113265644 -0.000000000000  0.085364155055  0.000000000000
  0.121568627451 -0.028745945326  0.177614863849 -0.034105662156  0.000000000000  0.038240849299  0.000000000000 -0.023643279881  0.003544270736  0.041634449467 -0.000000000000  0.038240849299  0.000000000000
  0.125490196078  0.006947215899 -0.063091078909  0.245319375970 -0.000000000000  0.067485204130  0.000000000000  0.081024370940  0.008454072818  0.075707703439  0.000000000000  0.067485204130 -0.000000000000
  0.129411764706 -0.008330523573  0.151637021461  0.115672100168  0.000000000000  0.099508511141  0.000000000000 -0.084956702768  0.000988359071 -0.001323347473 -0.000000000000  0.099508511141  0.000000000000
  0.133333333333  0.007225924020 -0.032748391365 -0.575761296008 -0.000000000000  0.116627454104  0.000000000000  0.037551945051 -0.000705388643  0.010643845572 -0.000000000000  0.116627454104 -0.000000000000
  0.137254901961 -0.006055860102  0.079159196077 -0.276787631452  0.000000000000  0.019798405365 -0.000000000000  0.067212940234  0.001559304149  0.054823343529  0.000000000000  0.019798405365  0.000000000000
  0.141176470588  0.022083079626  0.225534956358 -0.304581877385 -0.000000000000  0.026321422623 -0.000000000000  0.097027219808 -0.012810282111  0.004989421310  0.000000000000  0.026321422623 -0.000000000000
  0.145098039216 -0.007401638666 -0.002864239842  0.375657183184  0.000000000000  0.130476813538 -0.000000000000  0.116392348528 -0.028900168304 -0.003452631208  0.000000000000  0.130476813538  0.000000000000
  0.149019607843  0.018456177001 -0.145337962613  0.557014162815  0.000000000000  0.008671837444  0.000000000000 -0.007165639224  0.009131966766  0.114649410574 -0.000000000000  0.008671837444  0.000000000000
  0.152941176471  0.022561945368  0.119332441642 -0.559264800407  0.000000000000  0.251782890539 -0.000000000000 -0.013556397388  0.005841445038  0.037478002135 -0.000000000000  0.251782890539  0.000000000000
  0.156862745098  0.027696447223  0.001589399961 -0.046041146691  0.000000000000  0.061289721849 -0.000000000000  0.127503355573  0.019625978160 -0.076209677201  0.000000000000  0.061289721849  0.000000000000
  0.160784313725  0.003215622208 -0.253956261954 -0.376668884576  0.000000000000  0.058548144728 -0.000000000000 -0.008053604067 -0.002155344984 -0.172886191401  0.000000000000  0.058548144728  0.000000000000
  0.164705882353 -0.017869694244 -0.134509403530  0.201408237601 -0.000000000000  0.041664308747  0.000000000000  0.251147960365  0.037319956009  0.021219412886  0.000000000000  0.041664308747 -0.000000000000
  0.168627450980  0.013168400478 -0.030595230978  0.772388420584  0.000000000000  0.089254996869 -0.000000000000 -0.059858359760  0.015765028165 -0.013280361968 -0.000000000000  0.089254996869  0.000000000000
  0.172549019608 -0.020487653797  0.176699397162 -0.141669563925  0.000000000000  0.132866938598 -0.000000000000  0.054846524895 -0.003940187778 -0.033883337672  0.000000000000  0.132866938598  0.000000000000
  0.176470588235  0.004883069646 -0.021460047422 -0.116473966714  0.000000000000  0.032348414325 -0.000000000000 -0.041377170689  0.010786723845  0.052054855644  0.000000000000  0.032348414325  0.000000000000
  0.180392156863 -0.006136746630  0.002596748285  0.332350414859 -0.000000000000  0.010846440099  0.000000000000  0.089043780282 -0.011245015470  0.028243868517  0.000000000000  0.010846440099 -0.000000000000
  0.184313725490  0.011556075198 -0.115871795193  0.522304603736 -0.000000000000  0.089902822804 -0.000000000000 -0.132363440944 -0.000168112337  0.043193134719  0.000000000000  0.089902822804 -0.000000000000
  0.188235294118  0.004649520859  0.014972027227 -0.536205033575  0.000000000000  0.053405736036 -0.000000000000 -0.032012526690 -0.038462983347 -0.059599694325 -0.000000000000  0.053405736036  0.000000000000
  0.192156862745 -0.007424522881 -0.121426353385 -0.429509845569  0.000000000000  0.071440854425 -0.000000000000  0.007907067902 -0.017875975371 -0.003688719458  0.000000000000  0.071440854425  0.000000000000
  0.196078431373  0.002528928213  0.110612704544 -0.166396568095 -0.000000000000  0.038560238254 -0.000000000000  0.089867246927 -0.019032473040 -0.105086351265  0.000000000000  0.038560238254 -0.000000000000
  0.200000000000 -0.036521833739 -0.105889647112  0.121189522198  0.000000000000  0.082525900531 -0.000000000000  0.038965732406  0.020374686681  0.092455245439 -0.000000000000  0.082525900531  0.000000000000
  0.203921568627  0.029730477626  0.071382150381 -0.008672514887 -0.000000000000  0.036448407937 -0.000000000000  0.064960714136 -0.032569790800  0.078918110217  0.000000000000  0.036448407937 -0.000000000000
  0.207843137255 -0.019538496494  0.076409318215  0.519790060818 -0.000000000000  0.129638540434  0.000000000000  0.033243632909 -0.005407296700 -0.011363655299 -0.000000000000  0.129638540434  0.000000000000
  0.211764705882  0.027088791242  0.195320530861 -0.011616576433 -0.000000000000  0.079802488452  0.000000000000 -0.077953329933  0.012806309599  0.177466378871 -0.000000000000  0.079802488452  0.000000000000
  0.215686274510  0.026803269388  0.073265753594  0.170465272789 -0.000000000000  0.039968980590  0.000000000000  0.024699619253 -0.033891936344 -0.032371478325 -0.000000000000  0.039968980590 -0.000000000000
  0.219607843137  0.015186127215 -0.045700253387 -0.179046754162  0.000000000000  0.032264944349 -0.000000000000 -0.128746000738 -0.002870609416 -0.067986368762 -0.000000000000  0.032264944349  0.000000000000
  0.223529411765  0.008281650117  0.170418297873 -0.423662981158 -0.000000000000  0.091895250909  0.000000000000  0.079371603452  0.009728873228  0.028168248478  0.000000000000  0.091895250909 -0.000000000000
  0.227450980392  0.022942518914 -0.039831408296  0.229142610955 -0.000000000000  0.075445795546  0.000000000000 -0.032728584377  0.002182849718  0.055980552226 -0.000000000000  0.075445795546 -0.000000000000
  0.231372549020  0.022276508626  0.046464283491  0.205081313814  0.000000000000  0.031761822802 -0.000000000000  0.023340604047 -0.023874777711 -0.013181271924 -0.000000000000  0.031761822802  0.000000000000
  0.235294117647  0.017122669868 -0.164673928045 -0.145493891983  0.000000000000  0.123972517708 -0.000000000000 -0.090285941963 -0.032708675997 -0.087951458739  0.000000000000  0.123972517708  0.000000000000
  0.239215686275 -0.003468670859  0.139014869475 -0.510559780161  0.000000000000  0.111099179485 -0.000000000000  0.075366016135  0.000025892724 -0.053954619210 -0.000000000000  0.111099179485  0.000000000000
  0.243137254902  0.003132311865  0.013904466747 -0.192709706151 -0.000000000000  0.085770126478  0.000000000000  0.031606993056  0.017589405419  0.031965038390  0.000000000000  0.085770126478 -0.000000000000
  0.247058823529  0.005921959955 -0.170357351569 -0.267534434653 -0.000000000000  0.027739852115  0.000000000000  0.123830995866 -0.013824260861 -0.100395183795 -0.000000000000  0.027739852115 -0.000000000000
  0.250980392157 -0.024180524587  0.066887423254  0.761842387114  0.000000000000  0.072096704499  0.000000000000  0.108435833159 -0.002172278727 -0.109000268813 -0.000000000000  0.072096704499  0.000000000000
  0.254901960784 -0.021954968376  0.107185298376  0.314172619377  0.000000000000  0.026363085544 -0.000000000000 -0.082912568165  0.013562273641  0.023371044158  0.000000000000  0.026363085544 -0.000000000000
  0.258823529412 -0.016560308739 -0.179553998425 -0.024237646553 -0.000000000000  0.022476858010  0.000000000000  0.022254338224 -0.000567077088 -0.025536244392  0.000000000000  0.022476858010 -0.000000000000
  0.262745098039 -0.028163651472  0.018386826109  0.004640356555  0.000000000000  0.077922909630 -0.000000000000 -0.066368241918 -0.002732400788  0.004754116676 -0.000000000000  0.077922909630  0.000000000000
  0.266666666667 -0.014639824810  0.133768440553 -0.203193618696  0.000000000000  0.066185918476 -0.000000000000  0.021924593700 -0.001230585045  0.084805800287 -0.000000000000  0.066185918476  0.000000000000
  0.270588235294 -0.005634004689  0.110833195960  0.349450997572 -0.000000000000  0.051718979118 -0.000000000000 -0.021759300015 -0.013626613927 -0.019291331791  0.000000000000  0.051718979118 -0.000000000000
  0.274509803922 -0.020309954395  0.081465867161  0.160319002769  0.000000000000  0.094844757825 -0.000000000000 -0.075229552688 -0.010625847119  0.025432701075 -0.000000000000  0.094844757825  0.000000000000
  0.278431372549  0.000988160634  0.004321431135 -0.437719756453 -0.000000000000  0.081228556106 -0.000000000000 -0.066178541409 -0.024415543071 -0.038383611647  0.000000000000  0.081228556106 -0.000000000000
  0.282352941176 -0.031748244609 -0.153087966539  0.137841240885  0.000000000000  0.009295384689 -0.000000000000  0.040827708303 -0.007532288216 -0.006007720072 -0.000000000000  0.009295384689  0.000000000000
  0.286274509804 -0.000119049909 -0.014250982707 -0.104758361021  0.000000000000  0.183098914540 -0.000000000000 -0.094844683109 -0.015627607822 -0.022065078165  0.000000000000  0.183098914540 -0.000000000000
  0.290196078431 -0.038369938132  0.098948448738 -0.424688635848 -0.000000000000  0.063146392097 -0.000000000000  0.071594875339  0.000268642983  0.006673998851  0.000000000000  0.063146392097 -0.000000000000
  0.294117647059  0.002677332989 -0.142756509957 -0.390433618208  0.000000000000  0.063593325230  0.000000000000  0.008901464182  0.004908087833  0.041438643706 -0.000000000000  0.063593325230  0.000000000000
  0.298039215686 -0.027345936652  0.087691668087  0.227729799849  0.000000000000  0.137848705746 -0.000000000000  0.181045332043 -0.004252255140 -0.087249057257 -0.000000000000  0.137848705746  0.000000000000
  0.301960784314 -0.019637051049 -0.116242871914  0.957377569017  0.000000000000  0.012355023662  0.000000000000 -0.060015440188  0.001922117658  0.042622430983 -0.000000000000  0.012355023662  0.000000000000
  0.305882352941 -0.015592913899  0.092363964395  0.283760120428  0.000000000000  0.039748945371 -0.000000000000 -0.061652023892 -0.002214397690  0.029516422577 -0.000000000000  0.039748945371  0.000000000000
  0.309803921569 -0.011634079814  0.208871757823 -0.222321174433  0.000000000000  0.042174278473 -0.000000000000 -0.137356885021 -0.003888719492  0.035166336245 -0.000000000000  0.042174278473  0.000000000000
  0.313725490196 -0.006301464024 -0.127017163579 -0.356165190520  0.000000000000  0.030298708310  0.000000000000 -0.010627236745  0.012384460926  0.090560648811 -0.000000000000  0.030298708310  0.000000000000
  0.317647058824  0.012818666450  0.200912620568  0.085628462784  0.000000000000  0.130694454264 -0.000000000000 -0.037625263435  0.016097417810  0.036654265601  0.000000000000  0.130694454264  0.000000000000
  0.321568627451  0.003759774442 -0.060636150301 -0.244272675485  0.000000000000  0.087440036857 -0.000000000000 -0.042006355005  0.021294320162 -0.061039963855  0.000000000000  0.087440036857  0.000000000000
  0.325490196078 -0.002192448526  0.058581302762  0.325524589364 -0.000000000000  0.149381058143 -0.000000000000  0.030219280181  0.016254948653 -0.006472902886  0.000000000000  0.149381058143 -0.000000000000
  0.329411764706  0.002903713354  0.001264138117 -0.201968845464  0.000000000000  0.189802194391 -0.000000000000 -0.130662193553  0.005113430937  0.066641812684 -0.000000000000  0.189802194391  0.000000000000
  0.333333333333  0.015404608280  0.026541565862  0.056516498699 -0.000000000000  0.106241103407 -0.000000000000  0.086072400276  0.004546916036  0.043479503614  0.000000000000  0.106241103407 -0.000000000000
  0.337254901961  0.014122414989 -0.038911124335 -0.375819529003  0.000000000000  0.014907494820 -0.000000000000 -0.148711996580 -0.013484130308 -0.021281662874  0.000000000000  0.014907494820  0.000000000000
  0.341176470588  0.008885177741 -0.043476471768 -0.171661321697 -0.000000000000  0.014291931413 -0.000000000000  0.189594110173 -0.003703569656 -0.064840033806  0.000000000000  0.014291931413 -0.000000000000
  0.345098039216 -0.003203763860 -0.055215914575  0.693580957542 -0.000000000000  0.056843395831  0.000000000000 -0.106192786715  0.020298389897 -0.011215199733 -0.000000000000  0.056843395831 -0.000000000000
  0.349019607843  0.006948566281 -0.191293073921 -0.426357700870  0.000000000000  0.034193467092 -0.000000000000  0.013189041984  0.028262035335  0.025097626040  0.000000000000  0.034193467092 -0.000000000000
  0.352941176471  0.004471763279 -0.054767792117 -0.152395478329  0.000000000000  0.036542239706 -0.000000000000  0.013574337431 -0.005383643176 -0.077751478509  0.000000000000  0.036542239706  0.000000000000
  0.356862745098 -0.013717263190 -0.017976861209 -0.049337320124  0.000000000000  0.063630028217 -0.000000000000  0.055163469254  0.012221116854  0.064405036809  0.000000000000  0.063630028217  0.000000000000
  0.360784313725  0.022148351660  0.002440070571  0.318913062154 -0.000000000000  0.023731474406 -0.000000000000  0.026050790977  0.024061783744  0.135923507070  0.000000000000  0.023731474406 -0.000000000000
  0.364705882353  0.022382972818 -0.070807634251 -0.097246728931  0.000000000000  0.030737891484 -0.000000000000 -0.028884906276  0.016391741800  0.035879168087  0.000000000000  0.030737891484  0.000000000000
  0.368627450980  0.031752193222 -0.137460342717 -0.182437389723  0.000000000000  0.047649749139  0.000000000000  0.055141442822 -0.011040925214 -0.094221662242 -0.000000000000  0.047649749139  0.000000000000
  0.372549019608 -0.003395546677 -0.113339523239  0.168105780024  0.000000000000  0.046887846008 -0.000000000000  0.023487297423  0.001872634710 -0.020430459356  0.000000000000  0.046887846008  0.000000000000
  0.376470588235  0.026561229629  0.057425822978  0.260458186575  0.000000000000  0.068725017299  0.000000000000  0.015469940319  0.027366963303  0.032103333160 -0.000000000000  0.068725017299  0.000000000000
  0.380392156863  0.005584412787 -0.120160796654 -0.094709944011  0.000000000000  0.054341293929 -0.000000000000 -0.047321379173 -0.011040110047 -0.067969153658  0.000000000000  0.054341293929  0.000000000000
  0.384313725490  0.008221111452  0.074709454793  0.041651824995  0.000000000000  0.028621389704  0.000000000000  0.046161492932 -0.008340987646 -0.131196537123 -0.000000000000  0.028621389704  0.000000000000
  0.388235294118 -0.029223561740  0.095466793910  0.374043875912 -0.000000000000  0.056500492282 -0.000000000000 -0.062202181971  0.003774743005 -0.020895472874  0.000000000000  0.056500492282 -0.000000000000
  0.392156862745  0.003501132581  0.076597483784 -0.346633132336  0.000000000000  0.020501088144  0.000000000000 -0.054228390134  0.011969794138  0.068310644637 -0.000000000000  0.020501088144  0.000000000000
  0.396078431373 -0.010955800565 -0.007234558054 -0.424443795630  0.000000000000  0.065630558040 -0.000000000000  0.026441527614  0.007710620720 -0.014731968136 -0.000000000000  0.065630558040  0.000000000000
  0.400000000000  0.000171955307 -0.050828885475  0.164235413217  0.000000000000  0.019761634108 -0.000000000000  0.056500230615 -0.005639100899 -0.008067555702 -0.000000000000  0.019761634108  0.000000000000
  0.403921568627 -0.013289478338  0.212124670465  0.436132683157  0.000000000000  0.072360230029 -0.000000000000 -0.015610393351  0.014069930527 -0.022025360614  0.000000000000  0.072360230029  0.000000000000
  0.407843137255 -0.004781855714 -0.011692725267 -0.126596578549  0.000000000000  0.031689021281 -0.000000000000 -0.065456122743  0.007016427958  0.031481035849 -0.000000000000  0.031689021281  0.000000000000
  0.411764705882 -0.004697320791 -0.002174699754 -0.003214467851  0.000000000000  0.032732806585 -0.000000000000  0.019195243161 -0.014318656902 -0.102376281581 -0.000000000000  0.032732806585  0.000000000000
  0.415686274510 -0.032002896517  0.106998560202 -0.056724951509  0.000000000000  0.106137850793  0.000000000000 -0.064898516966  0.000755841370 -0.005401167499 -0.000000000000  0.106137850793  0.000000000000
  0.419607843137 -0.005477040174 -0.140484521102 -0.202427562770  0.000000000000  0.040631050518 -0.000000000000  0.031212114646  0.023398184554 -0.003368954862  0.000000000000  0.040631050518  0.000000000000
  0.423529411765 -0.031906595959  0.073748292109 -0.289611547294  0.000000000000  0.097413319512 -0.000000000000 -0.007307924547 -0.018263648617 -0.053304505924 -0.000000000000  0.097413319512  0.000000000000
  0.427450980392 -0.019498427258  0.103683222511 -0.179579611852  0.000000000000  0.167206212280 -0.000000000000  0.104331465557  0.001973184600  0.034850924001 -0.000000000000  0.167206212280  0.000000000000
  0.431372549020 -0.022365063528  0.080086755759  0.014192753138 -0.000000000000  0.031697898084  0.000000000000  0.033921765867  0.001087032498  0.042633049456  0.000000000000  0.031697898084 -0.000000000000
  0.435294117647 -0.007906366002  0.001260913696 -0.516677180186 -0.000000000000  0.009663157746  0.000000000000  0.097091936818  0.022529411377  0.080709725120 -0.000000000000  0.009663157746 -0.000000000000
  0.439215686275 -0.000310154072  0.096928373217  0.450219299668 -0.000000000000  0.067004536768  0.000000000000  0.167205924625 -0.000253396746 -0.032887693665 -0.000000000000  0.067004536768  0.000000000000
  0.443137254902 -0.016507967267  0.091748054684  0.607152498848  0.000000000000  0.111274777649 -0.000000000000 -0.027060002950  0.006491350383  0.029023793319 -0.000000000000  0.111274777649  0.000000000000
  0.447058823529  0.007799724476 -0.081246209206 -0.347425014810 -0.000000000000  0.209806644370  0.000000000000  0.005704464543  0.012071136062  0.031303166883  0.000000000000  0.209806644370 -0.000000000000
  0.450980392157 -0.008037421426  0.158499142321  0.421482263304  0.000000000000  0.069661310159 -0.000000000000  0.066520732139 -0.000645304250 -0.049871003557 -0.000000000000  0.069661310159  0.000000000000
  0.454901960784 -0.005121110511 -0.061656260608 -0.530995803113  0.000000000000  0.030576051479 -0.000000000000 -0.111156872788  0.027158289578  0.077631055403  0.000000000000  0.030576051479  0.000000000000
  0.458823529412  0.013283067086 -0.095054574220 -0.170085170436  0.000000000000  0.115516613443 -0.000000000000  0.209385740084 -0.004180833562  0.093684637184  0.000000000000  0.115516613443  0.000000000000
  0.462745098039  0.019001609636 -0.047394811660  0.913590968699  0.000000000000  0.090769746917 -0.000000000000 -0.067019675950 -0.013493543625  0.009034875405 -0.000000000000  0.090769746917  0.000000000000
  0.466666666667  0.014865656576  0.083793174563  0.175991033726  0.000000000000  0.038152640240 -0.000000000000 -0.026719041498 -0.017488816061 -0.049452167853 -0.000000000000  0.038152640240  0.000000000000
  0.470588235294  0.005235235971  0.053902972176 -0.428824808924  0.000000000000  0.064694532174 -0.000000000000 -0.115397921496  0.004033217230  0.059336733401  0.000000000000  0.064694532174  0.000000000000
  0.474509803922  0.030425714695 -0.033604551311 -0.577401013596  0.000000000000  0.075929468125 -0.000000000000  0.085518552611 -0.011535176806  0.039152942749  0.000000000000  0.075929468125  0.000000000000
  0.478431372549  0.014587066900 -0.055828832946  0.573197037097  0.000000000000  0.216164922009 -0.000000000000  0.035253956325 -0.017692972361 -0.058379616276 -0.000000000000  0.216164922009  0.000000000000
  0.482352941176  0.014343840218 -0.246632405277 -0.120626352418 -0.000000000000  0.081345186855 -0.000000000000 -0.063084362095 -0.001069681479 -0.069131390300  0.000000000000  0.081345186855 -0.000000000000
  0.486274509804 -0.003754518755  0.086303317106  0.567218400008  0.000000000000  0.304120872787 -0.000000000000  0.075836585621 -0.007313424599 -0.124417087357  0.000000000000  0.304120872787  0.000000000000
  0.490196078431 -0.018358863050 -0.023959046926 -0.004374457393 -0.000000000000  0.173763951939  0.000000000000 -0.215383902961  0.017308011761 -0.007900691531 -0.000000000000  0.173763951939 -0.000000000000
  0.494117647059 -0.004972460840 -0.066980590062  0.337425692681 -0.000000000000  0.122008802714  0.000000000000  0.081193066562 -0.019217100957 -0.037581661117 -0.000000000000  0.122008802714 -0.000000000000
  0.498039215686 -0.028715272678  0.037070577789 -0.329012716191  0.000000000000  0.140151949796 -0.000000000000 -0.302762181225 -0.022138105711 -0.102079403580  0.000000000000  0.140151949796  0.000000000000
  0.501960784314 -0.031904940766 -0.080198572589 -0.694673961811 -0.000000000000  0.107358311819  0.000000000000  0.170809794064  0.005555229658  0.057415957798 -0.000000000000  0.107358311819 -0.000000000000
  0.505882352941 -0.013032449130 -0.056374736765  0.162327074362 -0.000000000000  0.219292556230  0.000000000000 -0.121310771201 -0.009659950837 -0.057752723289 -0.000000000000  0.219292556230 -0.000000000000
  0.509803921569 -0.047101171837  0.038359433516 -0.080477578420 -0.000000000000  0.077328680901 -0.000000000000  0.132000184254 -0.015994468425 -0.060390663204  0.000000000000  0.077328680901 -0.000000000000
  0.513725490196 -0.028588361888  0.167456837913 -0.314749745119  0.000000000000  0.121104549949 -0.000000000000 -0.103481943745 -0.012634952503 -0.051809514429  0.000000000000  0.121104549949  0.000000000000
  0.517647058824 -0.060595479465 -0.174114805333 -0.116112476079 -0.000000000000  0.036424297061  0.000000000000  0.210754390431 -0.011458785545 -0.009645883825  0.000000000000  0.036424297061 -0.000000000000
  0.521568627451 -0.030539284181 -0.121097636144  0.375182371579  0.000000000000  0.055604073672 -0.000000000000 -0.071042782966  0.024896222462  0.113126305254 -0.000000000000  0.055604073672  0.000000000000
  0.525490196078 -0.029811978897 -0.134492901315 -0.336399395656  0.000000000000  0.080324380426 -0.000000000000  0.117377842596  0.010282534291 -0.004535378931  0.000000000000  0.080324380426 -0.000000000000
  0.529411764706 -0.030973107932 -0.015178953795  0.260077234918  0.000000000000  0.126711203494 -0.000000000000  0.019167576827  0.003770341434  0.015336076420 -0.000000000000  0.126711203494  0.000000000000
  0.533333333333 -0.025231972475  0.114195277325 -0.242154711683 -0.000000000000  0.015611169052 -0.000000000000  0.049549576930  0.017104267866  0.048084455791  0.000000000000  0.015611169052 -0.000000000000
  0.537254901961 -0.017527883258  0.057500086764 -0.297508989511  0.000000000000  0.049054782266 -0.000000000000  0.078388643306  0.000078606954  0.005506505868 -0.000000000000  0.049054782266  0.000000000000
  0.541176470588 -0.023534186497 -0.033271957571  0.307843903526 -0.000000000000  0.039419853428  0.000000000000  0.124506510500 -0.000254425495  0.007118709778  0.000000000000  0.039419853428 -0.000000000000
  0.545098039216 -0.015333082148  0.078024599959  0.303048468387  0.000000000000  0.017106103969 -0.000000000000 -0.002933460589 -0.000461274823 -0.000553365804  0.000000000000  0.017106103969  0.000000000000
  0.549019607843 -0.023471511504  0.047258829052 -0.118539574054  0.000000000000  0.032374950039  0.000000000000  0.043075048589  0.005688414113  0.169770160645 -0.000000000000  0.032374950039  0.000000000000
  0.552941176471  0.029549107001 -0.023054737920  0.199177778940  0.000000000000  0.044956625123 -0.000000000000  0.026091667630  0.006511128160  0.034369512556  0.000000000000  0.044956625123  0.000000000000
  0.556862745098 -0.014720441439 -0.027121618006 -0.019976255919  0.000000000000  0.074572862258 -0.000000000000 -0.008713632814 -0.009671279062 -0.099954188110  0.000000000000  0.074572862258  0.000000000000
  0.560784313725  0.003352192881  0.028361817357 -0.194073756348  0.000000000000  0.186928026126 -0.000000000000  0.032200934660  0.022065460543 -0.018249846676  0.000000000000  0.186928026126  0.000000000000
  0.564705882353 -0.018921311322  0.073045480486 -0.158672454461  0.000000000000  0.020572616755  0.000000000000  0.040780903869  0.004900208260 -0.100519961397 -0.000000000000  0.020572616755  0.000000000000
  0.568627450980 -0.022528622702 -0.010031683252 -0.561704037130 -0.000000000000  0.095961061500 -0.000000000000  0.071088486723  0.010678911954  0.069043605407  0.000000000000  0.095961061500 -0.000000000000
  0.572549019608 -0.000265365231 -0.019596010190  0.252930744640  0.000000000000  0.089473933139  0.000000000000  0.186927837769  0.006345304402  0.007610009339 -0.000000000000  0.089473933139  0.000000000000
  0.576470588235 -0.020361598681 -0.034519091466  0.357265845738 -0.000000000000  0.083827725938 -0.000000000000  0.002939023529  0.005650052058  0.064793260975  0.000000000000  0.083827725938 -0.000000000000
  0.580392156863  0.017104820870 -0.094004122782 -0.311078388237  0.000000000000  0.048778452978  0.000000000000  0.094424310573 -0.006073901381 -0.021077340301 -0.000000000000  0.048778452978  0.000000000000
  0.584313725490 -0.026267320170 -0.031253628641  0.058107290456 -0.000000000000  0.084675688982  0.000000000000  0.085531354498  0.000326581741  0.041251993016  0.000000000000  0.084675688982 -0.000000000000
  0.588235294118  0.028251004419 -0.005720419693  0.140716657779 -0.000000000000  0.066147826841  0.000000000000  0.078923813803  0.008117665735  0.064718988186 -0.000000000000  0.066147826841  0.000000000000
  0.592156862745 -0.009507532232 -0.090805817073 -0.014690009556  0.000000000000  0.067342559444 -0.000000000000  0.047842912806  0.000303229291 -0.089983478825 -0.000000000000  0.067342559444  0.000000000000
  0.596078431373  0.004859872059  0.065188947775 -0.078262777898 -0.000000000000  0.107248704417  0.000000000000  0.084536110320  0.002119936671  0.000427369251 -0.000000000000  0.107248704417 -0.000000000000
  0.600000000000 -0.009403959586  0.022556940255  0.062042979961 -0.000000000000  0.033469554788  0.000000000000  0.065475953906 -0.002279253898  0.011627203159 -0.000000000000  0.033469554788 -0.000000000000
  0.603921568627  0.007963002974 -0.024670327883 -0.159361368422 -0.000000000000  0.093474708427  0.000000000000  0.066870104652  0.011269746275  0.002736521209  0.000000000000  0.093474708427 -0.000000000000
  0.607843137255 -0.008499224146  0.108849605559  0.366070697552  0.000000000000  0.013956328009 -0.000000000000  0.106911401581  0.001105032817 -0.051825704941  0.000000000000  0.013956328009  0.000000000000
  0.611764705882 -0.005448016548  0.074211441122  0.059306275697 -0.000000000000  0.103477299163  0.000000000000 -0.033023176913  0.001996398641 -0.065521231755 -0.000000000000  0.103477299163 -0.000000000000
  0.615686274510 -0.025507921863 -0.003273977103 -0.170343517754  0.000000000000  0.020861593039  0.000000000000  0.089927009500  0.001832970446  0.054805952783 -0.000000000000  0.020861593039  0.000000000000
  0.619607843137  0.009251978684 -0.016944730459 -0.050301366472  0.000000000000  0.137256785840 -0.000000000000  0.010448922524  0.000360750726  0.080334779410 -0.000000000000  0.137256785840  0.000000000000
  0.623529411765 -0.004613345879 -0.124019085070  0.011607209497 -0.000000000000  0.098642625843  0.000000000000  0.103374409221 -0.007492464751 -0.106442748515  0.000000000000  0.098642625843 -0.000000000000
  0.627450980392 -0.018706651033 -0.071049490800 -0.120168028646 -0.000000000000  0.086523881211  0.000000000000  0.009234027898  0.008626579608  0.072706913886 -0.000000000000  0.086523881211  0.000000000000
  0.631372549020  0.014844495249 -0.089319003175 -0.338929735512  0.000000000000  0.121743371238  0.000000000000  0.136451699220 -0.002657501139  0.100688635917 -0.000000000000  0.121743371238  0.000000000000
  0.635294117647  0.007366746809 -0.113359793219  0.197122454417  0.000000000000  0.070205008988 -0.000000000000  0.098367162583 -0.013405866854 -0.047557968578  0.000000000000  0.070205008988  0.000000000000
  0.639215686275  0.001989082862 -0.154801103620  0.824998401534  0.000000000000  0.089400033480 -0.000000000000  0.086501014845  0.013989016666  0.127966899192 -0.000000000000  0.089400033480  0.000000000000
  0.643137254902  0.041141028119  0.027483260204  0.595514853322 -0.000000000000  0.029994272025  0.000000000000 -0.114581256084 -0.003706874019  0.054120281832 -0.000000000000  0.029994272025  0.000000000000
  0.647058823529  0.015546044735 -0.140741937146 -0.135048750261  0.000000000000  0.089325643107 -0.000000000000 -0.068462133915 -0.000591272467  0.029326289173 -0.000000000000  0.089325643107  0.000000000000
  0.650980392157  0.048605261040 -0.002770640425 -0.143923590109 -0.000000000000  0.123677497168  0.000000000000 -0.075032623474 -0.009695566090 -0.045660401061 -0.000000000000  0.123677497168  0.000000000000
  0.654901960784  0.002789451327 -0.010329615576  0.027888151988  0.000000000000  0.082267402663 -0.000000000000 -0.029864281602 -0.013407003452 -0.046585949134 -0.000000000000  0.082267402663  0.000000000000
  0.658823529412  0.036071395500  0.004409263097  0.361199600787 -0.000000000000  0.095912964439  0.000000000000 -0.081718571592  0.005374083496  0.020535433396 -0.000000000000  0.095912964439  0.000000000000
  0.662745098039  0.007856725078  0.003051060730 -0.013710045584  0.000000000000  0.037805021706 -0.000000000000 -0.123427692098 -0.015400897689 -0.249562703292  0.000000000000  0.037805021706  0.000000000000
  0.666666666667 -0.029631252971 -0.007244341263 -0.101581357285  0.000000000000  0.067525591420  0.000000000000 -0.076745777658  0.009634531051 -0.050277546129 -0.000000000000  0.067525591420  0.000000000000
  0.670588235294 -0.004712433602  0.045602875826 -0.152886600395  0.000000000000  0.027046670665 -0.000000000000 -0.095797127917  0.006067128731  0.078217312219 -0.000000000000  0.027046670665  0.000000000000
  0.674509803922 -0.008985245134  0.050130196943 -0.146325506958 -0.000000000000  0.047826943318  0.000000000000 -0.036721724306 -0.008111390037 -0.112098462239 -0.000000000000  0.047826943318 -0.000000000000
  0.678431372549 -0.034103378498 -0.088995434488 -0.232513737082 -0.000000000000  0.019096909393  0.000000000000 -0.058280915157  0.002315558594  0.046661993974 -0.000000000000  0.019096909393 -0.000000000000
  0.682352941176  0.003661766614 -0.022878906172 -0.108932899834 -0.000000000000  0.062419968112  0.000000000000  0.026797646526 -0.017347602192 -0.011609622671 -0.000000000000  0.062419968112 -0.000000000000
  0.686274509804 -0.037579458692  0.125442970600  0.165750672951 -0.000000000000  0.024841117445  0.000000000000 -0.029583792718  0.009581458094 -0.012267796033 -0.000000000000  0.024841117445 -0.000000000000
  0.690196078431  0.001102983962 -0.005752534692  0.080977711918 -0.000000000000  0.147067150761  0.000000000000 -0.019065030154 -0.002967526911  0.003228014943  0.000000000000  0.147067150761 -0.000000000000
  0.694117647059 -0.036815510919 -0.056052919628 -0.132697910163 -0.000000000000  0.034629360171  0.000000000000 -0.050407048862  0.006349844888  0.061215465467 -0.000000000000  0.034629360171 -0.000000000000
  0.698039215686  0.017666521014 -0.227326886219  0.384288200879 -0.000000000000  0.061403428468  0.000000000000  0.017463537762  0.001934901920  0.072588519115  0.000000000000  0.061403428468 -0.000000000000
  0.701960784314 -0.017993139595 -0.020372498874  0.195286536882  0.000000000000  0.096027024867 -0.000000000000 -0.145962302532 -0.005796795991 -0.012870763357 -0.000000000000  0.096027024867  0.000000000000
  0.705882352941  0.014373118887  0.022061703647 -0.325737561102 -0.000000000000  0.075956403096  0.000000000000 -0.031505650911  0.003843030569  0.040379529399  0.000000000000  0.075956403096 -0.000000000000
  0.709803921569 -0.007510700524  0.007093917524 -0.471029179803  0.000000000000  0.139925725418  0.000000000000 -0.060942353131  0.003335068617  0.047662155046 -0.000000000000  0.139925725418  0.000000000000
  0.713725490196  0.026990507356 -0.003793581547 -0.505101411070  0.000000000000  0.031875621415 -0.000000000000  0.092155857207  0.002581310260  0.140768959805 -0.000000000000  0.031875621415  0.000000000000
  0.717647058824  0.029051775020  0.071801120362 -0.186985674420 -0.000000000000  0.158247092983 -0.000000000000  0.070180977048 -0.008619390209 -0.030748124882  0.000000000000  0.158247092983 -0.000000000000
  0.721568627451  0.018445874187  0.019529725823  0.263136066488  0.000000000000  0.128715571603  0.000000000000  0.138704572236  0.002840454620  0.011314108380 -0.000000000000  0.128715571603  0.000000000000
  0.725490196078  0.031870962232 -0.044822215305 -0.064318938138 -0.000000000000  0.049005839258 -0.000000000000 -0.000544983475  0.006105832545  0.020080402845  0.000000000000  0.049005839258 -0.000000000000
  0.729411764706  0.023483119767 -0.120225681073 -0.490674650633 -0.000000000000  0.073677400379  0.000000000000  0.156495001593  0.002017210163 -0.104096598748  0.000000000000  0.073677400379 -0.000000000000
  0.733333333333  0.004447039374  0.031368714773  0.405935460464 -0.000000000000  0.081707761143  0.000000000000  0.128638727504 -0.003456842675 -0.120579685687  0.000000000000  0.081707761143 -0.000000000000
  0.737254901961 -0.008162486144  0.140256844200  0.208402252803  0.000000000000  0.048914430472 -0.000000000000  0.048321280005  0.000606011439  0.062482077672 -0.000000000000  0.048914430472  0.000000000000
  0.741176470588  0.020881951898 -0.064195553176 -0.124233336405 -0.000000000000  0.134567895847  0.000000000000  0.070656234060 -0.007551835145  0.006089435410  0.000000000000  0.134567895847 -0.000000000000
  0.745098039216 -0.006951277121  0.040588667107  0.349106237240 -0.000000000000  0.085885740874  0.000000000000  0.081411534670 -0.000308408381  0.086345726435  0.000000000000  0.085885740874 -0.000000000000
  0.749019607843  0.043522676555 -0.039031627883 -0.186935223980 -0.000000000000  0.053634615734 -0.000000000000 -0.022324832225 -0.011176611982 -0.082925787629  0.000000000000  0.053634615734 -0.000000000000
  0.752941176471 -0.029321021605 -0.111003744070  0.142384096428 -0.000000000000  0.085107907644  0.000000000000  0.131334672820  0.011064300819  0.071624393882 -0.000000000000  0.085107907644 -0.000000000000
  0.756862745098  0.062783941864 -0.019333107472  0.323031455367 -0.000000000000  0.112882023791  0.000000000000 -0.058604924105 -0.001923467624  0.022420399949 -0.000000000000  0.112882023791 -0.000000000000
  0.760784313725 -0.024149954545 -0.108846449166 -0.493246427854  0.000000000000  0.048760072204 -0.000000000000  0.047889995828  0.003071286783 -0.068365987020  0.000000000000  0.048760072204  0.000000000000
  0.764705882353  0.045222775310  0.089755005749  0.604323241320 -0.000000000000  0.138127514767  0.000000000000  0.072098935753  0.007292564937  0.067986678880  0.000000000000  0.138127514767 -0.000000000000
  0.768627450980 -0.006689891674 -0.057507622081  0.129226010826  0.000000000000  0.003149719293 -0.000000000000 -0.112683613026  0.002190268053 -0.070338928654  0.000000000000  0.003149719293  0.000000000000
  0.772549019608  0.026946476465 -0.158048515616  0.104826650558 -0.000000000000  0.147404422313 -0.000000000000  0.040637815486  0.000637090622  0.084584131446  0.000000000000  0.147404422313 -0.000000000000
  0.776470588235  0.015162974305  0.008360001359  0.171835766840 -0.000000000000  0.084407507838  0.000000000000 -0.137292733041 -0.011780309085 -0.098858525386 -0.000000000000  0.084407507838 -0.000000000000
  0.780392156863  0.000709962953 -0.066418030452  0.027791095767 -0.000000000000  0.054434152671 -0.000000000000 -0.003068661635 -0.002678806420  0.076053633807  0.000000000000  0.054434152671 -0.000000000000
  0.784313725490  0.034985296600  0.007298362072  0.314233956176  0.000000000000  0.178850362562 -0.000000000000 -0.143192502385 -0.007275231202  0.033279751551  0.000000000000  0.178850362562  0.000000000000
  0.788235294118  0.008915194003  0.029301047710 -0.381401116054 -0.000000000000  0.141151701345 -0.000000000000 -0.083935372134 -0.008431631012 -0.006297689270  0.000000000000  0.141151701345 -0.000000000000
  0.792156862745  0.033082339838 -0.033541290288  0.365037696979 -0.000000000000  0.043243824713  0.000000000000 -0.043227719900 -0.010599055551 -0.086736914088 -0.000000000000  0.043243824713 -0.000000000000
  0.796078431373 -0.014298553612  0.064548280953  0.364033297825  0.000000000000  0.133075070633 -0.000000000000 -0.178277882962 -0.000840867527 -0.012062951174  0.000000000000  0.133075070633  0.000000000000
  0.800000000000  0.030052930744 -0.121772844168 -0.554902860316 -0.000000000000  0.035103662197  0.000000000000 -0.137915278872 -0.011085989298 -0.064416560111 -0.000000000000  0.035103662197  0.000000000000
  0.803921568627 -0.031651493276 -0.005877102736 -0.026583704154  0.000000000000  0.055183949969  0.000000000000 -0.029465426338 -0.009830401358 -0.016967365795 -0.000000000000  0.055183949969  0.000000000000
  0.807843137255  0.025734000465  0.004266399369 -0.226042380347 -0.000000000000  0.044558041632  0.000000000000 -0.130563148108 -0.000624638392  0.057759013280  0.000000000000  0.044558041632 -0.000000000000
  0.811764705882 -0.016813071212 -0.021402588905 -0.288941490718 -0.000000000000  0.013055573685  0.000000000000  0.030815381485 -0.012381424515 -0.119257699728  0.000000000000  0.013055573685 -0.000000000000
  0.815686274510 -0.005521292571 -0.063744143792 -0.041610858959 -0.000000000000  0.064315213375  0.000000000000 -0.054907045654  0.000738424826  0.026244198936 -0.000000000000  0.064315213375 -0.000000000000
  0.819607843137 -0.009884552903 -0.044636551918 -0.160091800089  0.000000000000  0.103028814080 -0.000000000000  0.043447838703  0.004118368374  0.033326864950  0.000000000000  0.103028814080 -0.000000000000
  0.823529411765  0.003365022768 -0.018736890266 -0.064567996524 -0.000000000000  0.038869676962 -0.000000000000 -0.012614460988 -0.003385594340 -0.041978772318  0.000000000000  0.038869676962 -0.000000000000
  0.827450980392 -0.020955930686  0.075673729591  0.333197287322 -0.000000000000  0.096209143579  0.000000000000  0.060805391542  0.011292940868  0.047789069945 -0.000000000000  0.096209143579 -0.000000000000
  0.831372549020  0.016271615865  0.061227145584  0.089035665755 -0.000000000000  0.107665382364  0.000000000000 -0.101735790398  0.007006510227  0.038841946243 -0.000000000000  0.107665382364 -0.000000000000
  0.835294117647 -0.010822481003  0.000570071109 -0.758172027247  0.000000000000  0.079679823390 -0.000000000000  0.037332635751 -0.002755644311 -0.078455476630  0.000000000000  0.079679823390  0.000000000000
  0.839215686275 -0.004189749505 -0.031581433038 -0.270045229939 -0.000000000000  0.048118060724  0.000000000000  0.096117871945  0.000942548705  0.029859542522 -0.000000000000  0.048118060724 -0.000000000000
  0.843137254902 -0.002959290387  0.013253303792  0.667603730173 -0.000000000000  0.040573487873  0.000000000000  0.107624705157 -0.004898275644  0.010755543817  0.000000000000  0.040573487873 -0.000000000000
  0.847058823529 -0.001441445051  0.061279730966  0.230626268716 -0.000000000000  0.024525266863  0.000000000000 -0.079666784118 -0.004318958372  0.052168163563 -0.000000000000  0.024525266863 -0.000000000000
  0.850980392157  0.010612811188 -0.106968172704 -0.150912779163 -0.000000000000  0.139861905713 -0.000000000000  0.046933101395  0.006203502080  0.052388293306  0.000000000000  0.139861905713 -0.000000000000
  0.854901960784  0.012271377121 -0.058771449658  0.142991890229 -0.000000000000  0.025912852104 -0.000000000000 -0.038673262362 -0.000679052744  0.043761509201  0.000000000000  0.025912852104 -0.000000000000
  0.858823529412  0.021928687502 -0.134194307149 -0.673853465965  0.000000000000  0.048383913533 -0.000000000000  0.010982776477  0.000454877857 -0.038746518209 -0.000000000000  0.048383913533  0.000000000000
  0.862745098039  0.001949614724  0.052763879281  0.082870477745  0.000000000000  0.042310298768 -0.000000000000  0.139848316658 -0.003575354439  0.002371566473  0.000000000000  0.042310298768  0.000000000000
  0.866666666667  0.022465974666  0.110122222140  0.394464737388  0.000000000000  0.045153416836 -0.000000000000 -0.012913399494  0.000436684248  0.121692853679  0.000000000000  0.045153416836  0.000000000000
  0.870588235294  0.033569331668 -0.028841555506  0.110967438577 -0.000000000000  0.069676629423  0.000000000000  0.034843981691 -0.008712795434 -0.111142945093 -0.000000000000  0.069676629423 -0.000000000000
  0.874509803922 -0.007050418160  0.004951416332  0.244282660435  0.000000000000  0.109067046328 -0.000000000000 -0.041718736625 -0.004284976560  0.004872958952  0.000000000000  0.109067046328  0.000000000000
  0.878431372549  0.034829679748 -0.037248156293 -0.417058097430  0.000000000000  0.025522500739 -0.000000000000 -0.028735421705  0.002969170646 -0.025927636145  0.000000000000  0.025522500739  0.000000000000
  0.882352941176 -0.014086843505  0.052714625069  0.290721348721  0.000000000000  0.094481865232 -0.000000000000  0.068237772002 -0.003785720379 -0.039816031087  0.000000000000  0.094481865232  0.000000000000
  0.886274509804  0.024478174548  0.145077654401  0.157550190677 -0.000000000000  0.071504109468 -0.000000000000 -0.106284709933  0.004484542770  0.063104706298  0.000000000000  0.071504109468 -0.000000000000
  0.890196078431  0.002273870350  0.019768052868 -0.078692214803 -0.000000000000  0.130663941146 -0.000000000000  0.025421006227  0.001235552199  0.053610092496  0.000000000000  0.130663941146 -0.000000000000
  0.894117647059  0.038495622749  0.037936615918  0.358109824483  0.000000000000  0.193832240246 -0.000000000000 -0.086283891237  0.002364675189  0.075685895357 -0.000000000000  0.193832240246  0.000000000000
  0.898039215686  0.021764837164  0.032574662325  0.145721644173 -0.000000000000  0.114259495984  0.000000000000 -0.068111155724 -0.010206087501  0.007585929046 -0.000000000000  0.114259495984 -0.000000000000
  0.901960784314  0.040110513988 -0.047343473815  0.481805551325  0.000000000000  0.286556206524 -0.000000000000 -0.124355185591 -0.002243932280  0.015159984492  0.000000000000  0.286556206524  0.000000000000
  0.905882352941  0.025340419815 -0.095267749882 -0.048469643211 -0.000000000000  0.113468423168  0.000000000000 -0.192168677163 -0.014110032767 -0.013144274914 -0.000000000000  0.113468423168  0.000000000000
  0.909803921569  0.036210375100 -0.032505191851  0.362253789150 -0.000000000000  0.180314547706  0.000000000000 -0.108369927368 -0.016299745091  0.004512355905 -0.000000000000  0.180314547706 -0.000000000000
  0.913725490196  0.025926932211  0.031185634124  0.025156495748 -0.000000000000  0.076403546342  0.000000000000 -0.285380892289 -0.021516874570 -0.098234725430 -0.000000000000  0.076403546342 -0.000000000000
  0.917647058824  0.009936156763  0.053089242237 -0.423420470500 -0.000000000000  0.196905088160  0.000000000000 -0.113032543301 -0.009065078526  0.073648465826  0.000000000000  0.196905088160 -0.000000000000
  0.921568627451  0.044941550057 -0.004665930212 -0.135040245818  0.000000000000  0.053738064959  0.000000000000 -0.174624148368  0.004684732337 -0.060052290383 -0.000000000000  0.053738064959  0.000000000000
  0.925490196078 -0.006066529588  0.016865280111  0.064347806738 -0.000000000000  0.121121726795 -0.000000000000 -0.076162320818  0.006374732618  0.009213427553  0.000000000000  0.121121726795 -0.000000000000
  0.929411764706  0.047509746869  0.015565016943 -0.478194136174  0.000000000000  0.086715297092  0.000000000000 -0.191087513186 -0.022876008960 -0.047079276605 -0.000000000000  0.086715297092  0.000000000000
  0.933333333333 -0.019161856309 -0.083843801732 -0.318095467888  0.000000000000  0.138718004511 -0.000000000000  0.050205606145  0.004127907804  0.034939443101 -0.000000000000  0.138718004511  0.000000000000
  0.937254901961  0.056874642402  0.166714190645 -0.146143503387  0.000000000000  0.041488523018 -0.000000000000 -0.106938055684  0.007248529568  0.052274072169 -0.000000000000  0.041488523018  0.000000000000
  0.941176470588 -0.005850056340  0.078206355775  0.099315005160 -0.000000000000  0.131412365265 -0.000000000000  0.086517741478 -0.006955532452 -0.094093870885  0.000000000000  0.131412365265 -0.000000000000
  0.945098039216  0.032207762524 -0.087520427473  0.187676897283  0.000000000000  0.182007464568 -0.000000000000 -0.134927183357  0.001725454565  0.065077856823  0.000000000000  0.182007464568  0.000000000000
  0.949019607843  0.010925116351 -0.231104902343 -0.009851311061  0.000000000000  0.106651329206 -0.000000000000  0.040024234845 -0.005280447490 -0.023977704473  0.000000000000  0.106651329206  0.000000000000
  0.952941176471  0.025761511275 -0.045164573858 -0.524930068895  0.000000000000  0.128747252226 -0.000000000000 -0.128862540257  0.003169241093  0.083501374103 -0.000000000000  0.128747252226  0.000000000000
  0.956862745098  0.032595680631  0.154973784028 -0.105810814264  0.000000000000  0.027587554863 -0.000000000000  0.179064900979 -0.000690466091 -0.030583378935  0.000000000000  0.027587554863 -0.000000000000
  0.960784313725  0.017487359825 -0.004770056521  0.231947399720  0.000000000000  0.126477899710 -0.000000000000 -0.105207881206  0.004088936105  0.060190604764  0.000000000000  0.126477899710  0.000000000000
  0.964705882353  0.048255790635 -0.048101588333 -0.328521273144 -0.000000000000  0.099402663465 -0.000000000000  0.119361776235 -0.010098768557  0.009851737083  0.000000000000  0.099402663465 -0.000000000000
  0.968627450980  0.019506446243  0.055264947828 -0.021802313937  0.000000000000  0.086818779717  0.000000000000 -0.019508247956 -0.010286003145 -0.094450032539 -0.000000000000  0.086818779717  0.000000000000
  0.972549019608  0.023238449787  0.027939054191 -0.456092845724  0.000000000000  0.090884894065 -0.000000000000  0.124324710201  0.001079400031 -0.016940778433  0.000000000000  0.090884894065  0.000000000000
  0.976470588235  0.014907487386 -0.112423567804  0.156611203625 -0.000000000000  0.054890146232 -0.000000000000  0.098278463174  0.002188772185 -0.010679038255  0.000000000000  0.054890146232 -0.000000000000
  0.980392156863  0.020361966506 -0.098863576588  0.726934920037  0.000000000000  0.015205490117 -0.000000000000  0.084397220521 -0.000065895541 -0.063981751102  0.000000000000  0.015205490117  0.000000000000
  0.984313725490 -0.001983717865  0.036345037316  0.117286592508  0.000000000000  0.024227583989 -0.000000000000 -0.090863242473 -0.018056732324 -0.116960528481 -0.000000000000  0.024227583989  0.000000000000
  0.988235294118 -0.010487899611  0.051651159375 -0.386132374122 -0.000000000000  0.000000000000 -0.000000000000  0.053878865199  0.006453305009 -0.040447517617  0.000000000000  0.000000000000 -0.000000000000
  0.992156862745 -0.012372561563 -0.142681931042  0.122605339326 -0.000000000000  0.000000000000  0.000000000000  0.008838928107  0.003660104299  0.051880024957  0.000000000000  0.000000000000 -0.000000000000
  0.996078431373  0.003231179679  0.104991486212  0.026761439247 -0.000000000000  0.030582176544  0.000000000000  0.024011149573  0.046305155627  0.044633117442  0.000000000000  0.030582176544 -0.000000000000
  1.000000000000  0.000000000000  0.166203317527  0.323589489404 -0.000000000000  0.063407590148  0.000000000000  0.000000000000 -0.058213193602 -0.093269305454 -0.000000000000  0.063407590148 -0.000000000000
