             Rad         v_r[Re]         v_t[Re]         v_x[Re]         p[Re]          p_mg[Re]  p_no_phase[Re]         v_r[Im]         v_t[Im]         v_x[Im]         p[Im]          p_mg[Im]  p_no_phase[Im]
  0.250000000000  0.000000000000  0.049871341771  0.120021982330  0.026332582515  0.777826675491 -0.275251778150  0.000000000000 -0.007996715699  0.879978017670 -0.273989299924  0.777826675491  0.000000000000
  0.252941176471  0.051481035223  0.046935402790  0.114285153863  0.025073933840  0.857325451062 -0.262095252938  0.321060345158 -0.007525946946  0.837916698200 -0.260893118833  0.857325451062  0.000000000000
  0.255882352941  0.099832094482  0.033963478964  0.083660843537  0.018355021496  0.740022133222 -0.191863152883  0.622600663983 -0.005445939006  0.613385163476 -0.190983147477  0.740022133222  0.000000000000
  0.258823529412  0.123149003458  0.017568658909  0.043773583384  0.009603836514  0.549908972705 -0.100387915850  0.768016054554 -0.002817080221  0.320939467791 -0.099927473565  0.549908972705  0.000000000000
  0.261764705882  0.135735605713 -0.001317320768 -0.003319497623 -0.000728291129  0.247169906705  0.007612752311  0.846512122997  0.000211228318 -0.024337916118  0.007577835429  0.247169906705 -0.000000000000
  0.264705882353  0.117163618984 -0.020444516755 -0.052096695393 -0.011429910617  0.089976783560  0.119475680739  0.730688335780  0.003278215149 -0.381962919198  0.118927689927  0.089976783560 -0.000000000000
  0.267647058824  0.087064051819 -0.033406537269 -0.086072352009 -0.018884101624  0.386129709288  0.197393573077  0.542973046423  0.005356635124 -0.631065878320  0.196488201677  0.386129709288 -0.000000000000
  0.270588235294  0.039133046802 -0.043607594497 -0.113590176602 -0.024921457221  0.660143317041  0.260501430512  0.244052386648  0.006992343160 -0.832821259005  0.259306606682  0.660143317041 -0.000000000000
  0.273529411765 -0.014245527415 -0.043184993957 -0.113712086525 -0.024948204014  0.766303113508  0.260781011989 -0.088841918757  0.006924580468 -0.833715079040  0.259584905822  0.766303113508 -0.000000000000
  0.276470588235 -0.061133785203 -0.038899266156 -0.103528537451 -0.022713953745  0.810168615243  0.237426623602 -0.381259508342  0.006237377245 -0.759051262023  0.236337635387  0.810168615243 -0.000000000000
  0.279411764706 -0.104516846998 -0.026222804260 -0.070533194743 -0.015474841646  0.664897640721  0.161756928978 -0.651817020128  0.004204745712 -0.517135775335  0.161015009699  0.664897640721 -0.000000000000
  0.282352941176 -0.121324541506 -0.010929822272 -0.029708118660 -0.006517901728  0.456353149495  0.068130956747 -0.756637837674  0.001752563261 -0.217814194200  0.067818465216  0.456353149495 -0.000000000000
  0.285294117647 -0.128269524232  0.005519432433  0.015158525978  0.003325750236  0.155467535998 -0.034763725349 -0.799950069866 -0.000885023952  0.111139387818 -0.034604276983  0.155467535998 -0.000000000000
  0.288235294118 -0.105269572819  0.021944258585  0.060888854639  0.013358892745  0.172232364374 -0.139639132629 -0.656511378176 -0.003518694121  0.446425334455 -0.138998659512  0.172232364374  0.000000000000
  0.291176470588 -0.072251874815  0.031933640997  0.089510596239  0.019638445522  0.438547058761 -0.205278652290 -0.450597229951 -0.005120460754  0.656274421646 -0.204337114944  0.438547058761  0.000000000000
  0.294117647059 -0.024614316700  0.039529262611  0.111920471172  0.024555127194  0.681525860619 -0.256672220401 -0.153506645338 -0.006338395232  0.820579300948 -0.255494959743  0.681525860619  0.000000000000
  0.297058823529  0.027268599425  0.037380762773  0.106895728102  0.023452708629  0.748689719724 -0.245148752467  0.170060021238 -0.005993889915  0.783738854222 -0.244024345699  0.748689719724  0.000000000000
  0.300000000000  0.069432734769  0.032085158590  0.092660615109  0.020329553352  0.759072780758 -0.212502731400  0.433015724992 -0.005144756132  0.679369752245 -0.211528059872  0.759072780758  0.000000000000
  0.302941176471  0.107902227078  0.019838778059  0.057855274762  0.012693331396  0.589638006351 -0.132682088269  0.672929868623 -0.003181086819  0.424183712090 -0.132073524544  0.589638006351  0.000000000000
  0.305882352941  0.118535910105  0.005586218285  0.016449096869  0.003608898905  0.365390630395 -0.037723449275  0.739246599205 -0.000895732857  0.120601604594 -0.037550425748  0.365390630395  0.000000000000
  0.308823529412  0.120179802838 -0.008700878635 -0.025866831070 -0.005675130925  0.069593877693  0.059321560176  0.749498700118  0.001395159029 -0.189650614718  0.059049474093  0.069593877693  0.000000000000
  0.311764705882  0.093354130388 -0.022802151875 -0.068434093071 -0.015014302943  0.246918273606  0.156942965264  0.582200983229  0.003656254662 -0.501745566870  0.156223125858  0.246918273606 -0.000000000000
  0.314705882353  0.057850281334 -0.030302768127 -0.091803004989 -0.020141395410  0.482641370421  0.210535935768  0.360782008601  0.004858955324 -0.673081920309  0.209570285205  0.482641370421 -0.000000000000
  0.317647058824  0.011018414455 -0.035742186419 -0.109293840737 -0.023978849738  0.694833321406  0.250648451388  0.068716099681  0.005731149255 -0.801321353370  0.249498819534  0.694833321406 -0.000000000000
  0.320588235294 -0.039093207122 -0.032268445765 -0.099585329014 -0.021848821712  0.725162347543  0.228383487397 -0.243803927363  0.005174145665 -0.730140418561  0.227335976707  0.725162347543 -0.000000000000
  0.323529411765 -0.076413943707 -0.026226731125 -0.081682245051 -0.017920920952  0.704152740848  0.187325544514 -0.476553881160  0.004205375373 -0.598878461125  0.186466351441  0.704152740848 -0.000000000000
  0.326470588235 -0.110009123879 -0.014513919493 -0.045614036463 -0.010007628233  0.514322749018  0.104608709182 -0.686069484235  0.002327262186 -0.334433314674  0.104128907676  0.514322749018 -0.000000000000
  0.329411764706 -0.114810951153 -0.001255915061 -0.003982622179 -0.000873779329  0.277085719946  0.009133525503 -0.716015974535  0.000201382103 -0.029199817419  0.009091633395  0.277085719946 -0.000000000000
  0.332352941176 -0.111484616111  0.011088662252  0.035477124812  0.007783610122  0.010508966739 -0.081361276481 -0.695271359122 -0.001778032761  0.260111434244 -0.080988102361  0.010508966739 -0.000000000000
  0.335294117647 -0.081429881480  0.023161604822  0.074759143253  0.016402006284  0.314081330161 -0.171448485634 -0.507835666885 -0.003713891833  0.548119614466 -0.170662114765  0.314081330161  0.000000000000
  0.338235294118 -0.043869452359  0.028559665235  0.092991182360  0.020402079145  0.518614967509 -0.213260836055 -0.273590875849 -0.004579454156  0.681793407548 -0.212282687381  0.518614967509  0.000000000000
  0.341176470588  0.001663826688  0.032196434940  0.105744208706  0.023200067580  0.700253135070 -0.242507921552  0.010376418586 -0.005162598951  0.775296136182 -0.241395627301  0.700253135070  0.000000000000
  0.344117647059  0.049726763086  0.027716716476  0.091816018868  0.020144250628  0.696004965680 -0.210565781079  0.310119865518 -0.004444289924  0.673177335558 -0.209599993626  0.696004965680  0.000000000000
  0.347058823529  0.082109444738  0.021138194839  0.070622115173  0.015494350610  0.645679196512 -0.161960854175  0.512073748214 -0.003389444288  0.517787722772 -0.161217999567  0.645679196512  0.000000000000
  0.350000000000  0.110867213056  0.010038326343  0.033821984687  0.007420475694  0.439187216355 -0.077565469633  0.691420938535 -0.001609614640  0.247976266187 -0.077209705477  0.439187216355  0.000000000000
  0.352941176471  0.110194623849 -0.002261473026 -0.007683577479 -0.001685761508  0.191652215821  0.017621091758  0.687226350722  0.000362620219 -0.056334507622  0.017540270319  0.191652215821 -0.000000000000
  0.355882352941  0.102226822645 -0.012845822877 -0.044008657115 -0.009655411220  0.084792953348  0.100927020948  0.637535333562  0.002059788043 -0.322662983035  0.100464105987  0.084792953348  0.000000000000
  0.358823529412  0.069534087387 -0.023127197520 -0.079886548349 -0.017526948692  0.373710594993  0.183207392984  0.433647808366  0.003708374728 -0.585712759364  0.182367088350  0.373710594993 -0.000000000000
  0.361764705882  0.030343237295 -0.026739315460 -0.093120695974 -0.020430494172  0.546665920129  0.213557855417  0.189234932768  0.004287566689 -0.682742976377  0.212578344424  0.546665920129 -0.000000000000
  0.364705882353 -0.013424800195 -0.028858530875 -0.101318026134 -0.022228971990  0.698024846762  0.232357159170 -0.083723471483  0.004627376339 -0.742844219542  0.231291422715  0.698024846762 -0.000000000000
  0.367647058824 -0.059167535397 -0.023632335325 -0.083638737791 -0.018350171540  0.661582968489  0.191812456787 -0.368997034629  0.003789372016 -0.613223088412  0.190932683905  0.661582968489 -0.000000000000
  0.370588235294 -0.086550597208 -0.016686267380 -0.059527899784 -0.013060301976  0.584035723807  0.136517994011 -0.539770898024  0.002675591463 -0.436447076032  0.135891836404  0.584035723807 -0.000000000000
  0.373529411765 -0.110514420470 -0.006259514359 -0.022507910408 -0.004938190459  0.364570638847  0.051618397246 -0.689220755321  0.001003693804 -0.165023656482  0.051381642726  0.364570638847 -0.000000000000
  0.376470588235 -0.104744779064  0.005112604151  0.018528614891  0.004065140994  0.109400310892 -0.042492500927 -0.653238513449 -0.000819790293  0.135848229512 -0.042297603523  0.109400310892  0.000000000000
  0.379411764706 -0.092467151921  0.014092990157  0.051473497171  0.011293182176  0.153149320749 -0.118046472395 -0.576669361505 -0.002259767466  0.377393750076 -0.117505036834  0.153149320749  0.000000000000
  0.382352941176 -0.057720456599  0.022777621364  0.083838314478  0.018393958265  0.425770622704 -0.192270154925 -0.359972359494 -0.003652321271  0.614686346171 -0.191388282751  0.425770622704  0.000000000000
  0.385294117647 -0.017320747268  0.024869352429  0.092241549416  0.020237611178  0.567003526619 -0.211541669311 -0.108020459809 -0.003987723890  0.676297243440 -0.210571405819  0.567003526619  0.000000000000
  0.388235294118  0.024247286478  0.025705853156  0.096071986405  0.021078001381  0.688438974071 -0.220326181713  0.151217669419 -0.004121854199  0.704381268406 -0.219315626908  0.688438974071  0.000000000000
  0.391176470588  0.067409912182  0.019947477373  0.075115651595  0.016480223500  0.622325496746 -0.172266082154  0.420400436367 -0.003198516418  0.550733464846 -0.171475961272  0.622325496746  0.000000000000
  0.394117647059  0.089770538168  0.012772916949  0.048460255944  0.010632083086  0.519689300570 -0.111136071570  0.559851989079 -0.002048097802  0.355301246768 -0.110626331464  0.519689300570  0.000000000000
  0.397058823529  0.108996742166  0.003063752105  0.011710574682  0.002569276628  0.290880158752 -0.026856384487  0.679755787925 -0.000491263192  0.085859674154 -0.026733204172  0.290880158752  0.000000000000
  0.400000000000  0.098529360288 -0.007407737357 -0.028524320080 -0.006258178690  0.030699070682  0.065416098536  0.614476190801  0.001187807817 -0.209134811408  0.065116059057  0.030699070682 -0.000000000000
  0.402941176471  0.082279537961 -0.014921884883 -0.057880872520 -0.012698947493  0.215440461828  0.132740792752  0.513134530859  0.002392678177 -0.424371389913  0.132131959771  0.215440461828 -0.000000000000
  0.405882352941  0.046053449701 -0.022173843507 -0.086638491380 -0.019008311468  0.470225436599  0.198691925809  0.287211327295  0.003555507355 -0.635216702959  0.197780599343  0.470225436599 -0.000000000000
  0.408823529412  0.004860414384 -0.022972255670 -0.090408498844 -0.019835443555  0.579859313443  0.207337852480  0.030311867523  0.003683530281 -0.662857670311  0.206386870343  0.579859313443 -0.000000000000
  0.411764705882 -0.034109498960 -0.022723127672 -0.090071409953 -0.019761486927  0.671836298070  0.206564791456 -0.212723140898  0.003643583375 -0.660386199600  0.205617355064  0.671836298070 -0.000000000000
  0.414705882353 -0.074448197449 -0.016611709039 -0.066316904328 -0.014549795974  0.578712634067  0.152087521664 -0.464294547805  0.002663636264 -0.486222747499  0.151389952385  0.578712634067 -0.000000000000
  0.417647058824 -0.091805923924 -0.009324363964 -0.037488527177 -0.008224907772  0.453168787848  0.085974115452 -0.572545627630  0.001495132977 -0.274858648308  0.085579783944  0.453168787848 -0.000000000000
  0.420588235294 -0.106368132132 -0.000364115133 -0.001474231150 -0.000323443361  0.218564744968  0.003380920208 -0.663362519194  0.000058384738 -0.010808778356  0.003365413176  0.218564744968 -0.000000000000
  0.423529411765 -0.091624376509  0.009231877735  0.037639457311  0.008258021541  0.044051142836 -0.086320250276 -0.571413411164 -0.001480303096  0.275965238927 -0.085924331175  0.044051142836  0.000000000000
  0.426470588235 -0.071747712415  0.015404035728  0.063240214794  0.013874776453  0.271522931238 -0.145031612000 -0.447453032220 -0.002469989576  0.463665053445 -0.144366405571  0.271522931238 -0.000000000000
  0.429411764706 -0.034604149462  0.021364400841  0.088314983122  0.019376130398  0.507056020080 -0.202536699274 -0.215808017884 -0.003425715722  0.647508416950 -0.201607738253  0.507056020080  0.000000000000
  0.432352941176  0.006974374256  0.021066784028  0.087681181763  0.019237075650  0.585494546169 -0.201083174282  0.043495531827 -0.003377993785  0.642861507673 -0.200160880043  0.585494546169  0.000000000000
  0.435294117647  0.042988726732  0.019900137807  0.083388971257  0.018295373262  0.648606791350 -0.191239656027  0.268098249830 -0.003190925665  0.611391848369 -0.190362510370  0.648606791350  0.000000000000
  0.438235294118  0.080279380404  0.013586739952  0.057318174250  0.012575492620  0.531265289224 -0.131450331649  0.500660592199 -0.002178591809  0.420245794757 -0.130847417537  0.531265289224  0.000000000000
  0.441176470588  0.092698119212  0.006283853511  0.026687514488  0.005855187222  0.385048229932 -0.061203670149  0.578109783941 -0.001007596512  0.195667707194 -0.060922951523  0.385048229932  0.000000000000
  0.444117647059  0.102690332574 -0.001907383331 -0.008154657910 -0.001789115611  0.148095470530  0.018701441571  0.640426003049  0.000305843029 -0.059788378452  0.018615664967  0.148095470530  0.000000000000
  0.447058823529  0.084112300338 -0.010652144642 -0.045842834198 -0.010057825998  0.114439643963  0.105133421258  0.524564513159  0.001708038510 -0.336110815528  0.104651213092  0.114439643963 -0.000000000000
  0.450000000000  0.060962560547 -0.015596555134 -0.067563312253 -0.014823255376  0.321264346595  0.154945964684  0.380191669537  0.002500859469 -0.495361169924  0.154235284782  0.321264346595  0.000000000000
  0.452941176471  0.023447138273 -0.020388913400 -0.088900789728 -0.019504655194  0.536273120930  0.203880155755  0.146227562718  0.003269299323 -0.651803437962  0.202945032795  0.536273120930 -0.000000000000
  0.455882352941 -0.018118597053 -0.019168923783 -0.084124064098 -0.018456651159  0.584205008531  0.192925477305 -0.112996232465  0.003073677754 -0.616781407255  0.192040599409  0.584205008531 -0.000000000000
  0.458823529412 -0.050864010423 -0.017230177781 -0.076103595201 -0.016696976349  0.619187862220  0.174531777396 -0.317212283553  0.002762805817 -0.557976876755  0.173731264607  0.619187862220 -0.000000000000
  0.461764705882 -0.084905162686 -0.010842892052 -0.048198730923 -0.010574705020  0.480536576760  0.110536304546 -0.529509181773  0.001738624268 -0.353383795769  0.110029315350  0.480536576760 -0.000000000000
  0.464705882353 -0.092493953837 -0.003606778524 -0.016134940893 -0.003539973713  0.315933168056  0.037002981329 -0.576836511064  0.000578335802 -0.118298273591  0.036833262323  0.315933168056 -0.000000000000
  0.467647058824 -0.098032595935  0.003805106868  0.017129898900  0.003758265507  0.079950052694 -0.039284763010 -0.611378130828 -0.000610137140  0.125593113733 -0.039104578315  0.079950052694 -0.000000000000
  0.470588235294 -0.076080703346  0.011722759479  0.053105640839  0.011651271227  0.180061832681 -0.121789540441 -0.474475634972 -0.001879708294  0.389360312550 -0.121230936809  0.180061832681  0.000000000000
  0.473529411765 -0.050019954357  0.015546052993  0.070865823244  0.015547819673  0.364555924379 -0.162519760791 -0.311948346436 -0.002492761606  0.519574543331 -0.161774342685  0.364555924379  0.000000000000
  0.476470588235 -0.012658050471  0.019280462360  0.088434815844  0.019402421458  0.557926548074 -0.202811517014 -0.078941653670 -0.003091562620  0.648387007349 -0.201881295505  0.557926548074  0.000000000000
  0.479411764706  0.028508195918  0.017292522372  0.079806224851  0.017509325877  0.576323616455 -0.183023183513  0.177790737537 -0.002772802580  0.585123842969 -0.182183723780  0.576323616455  0.000000000000
  0.482352941176  0.057718126938  0.014708975318  0.068299430764  0.014984758303  0.584061813817 -0.156634138175  0.359957830618 -0.002358538785  0.500758248818 -0.155915715245  0.584061813817  0.000000000000
  0.485294117647  0.088333430265  0.008356665601  0.039039818049  0.008565257882  0.427104045077 -0.089531760165  0.550889497216 -0.001339965532  0.286232413676 -0.089121111055  0.427104045077  0.000000000000
  0.488235294118  0.091246136539  0.001257313032  0.005909385496  0.001296507341  0.246448908613 -0.013552257962  0.569054525903 -0.000201606263  0.043326474315 -0.013490098761  0.246448908613  0.000000000000
  0.491176470588  0.092471282608 -0.005373462751 -0.025407476391 -0.005574349428  0.014600373322  0.058268101552  0.576695122445  0.000861618164 -0.186282714835  0.058000847295  0.014600373322  0.000000000000
  0.494117647059  0.067621025585 -0.012488491229 -0.059403231601 -0.013032950026  0.240532314599  0.136232086895  0.421717040466  0.002002491016 -0.435533032973  0.135607240638  0.240532314599 -0.000000000000
  0.497058823529  0.039018895154 -0.015291339890 -0.073168316591 -0.016052982101  0.401321777738  0.167800171727  0.243340482406  0.002451919146 -0.536455980315  0.167030534326  0.401321777738  0.000000000000
  0.500000000000  0.002311596505 -0.018067226212 -0.086962340623 -0.019079363344  0.572111752342  0.199434623757  0.014416220820  0.002897023949 -0.637591103126  0.198519890810  0.572111752342 -0.000000000000
  0.502941176471 -0.038082153487 -0.015449715349 -0.074801000957 -0.016411189781  0.562221292957  0.171544479779 -0.237498513579  0.002477314162 -0.548426507080  0.170757668621  0.562221292957 -0.000000000000
  0.505882352941 -0.063539061531 -0.012333920940 -0.060064853762 -0.013178108603  0.543752520986  0.137749414577 -0.396259961322  0.001977706148 -0.440383919005  0.137117608898  0.543752520986 -0.000000000000
  0.508823529412 -0.090579295346 -0.006109025892 -0.029923258598 -0.006565102999  0.371562398523  0.068624346784 -0.564895785453  0.000979563443 -0.219391558714  0.068309592256  0.371562398523 -0.000000000000
  0.511764705882 -0.089013393513  0.000793958276  0.003911449659  0.000858164221  0.177230118522 -0.008970302381 -0.555130073073 -0.000127308759  0.028677994237 -0.008929158918  0.177230118522 -0.000000000000
  0.514705882353 -0.086089334806  0.006649478931  0.032947045815  0.007228515858  0.047497818628 -0.075558933201 -0.536894245184 -0.001066223419  0.241561383189 -0.075212372286  0.047497818628 -0.000000000000
  0.517647058824 -0.058827423310  0.012987077959  0.064716486659  0.014198667543  0.295495542006 -0.148417212269 -0.366875933066 -0.002082437859  0.474488793927 -0.147736477343  0.295495542006  0.000000000000
  0.520588235294 -0.028059866248  0.014865325114  0.074496950446  0.016344481708  0.431525724156 -0.170847187149 -0.174994739399 -0.002383608992  0.546197267396 -0.170063574214  0.431525724156 -0.000000000000
  0.523529411765  0.007520067407  0.016773621789  0.084535215765  0.018546857011  0.578974235164 -0.193868389805  0.046898735171 -0.002689598473  0.619795891950 -0.192979187117  0.578974235164  0.000000000000
  0.526470588235  0.046784177852  0.013651215668  0.069185514623  0.015179163327  0.542306428873 -0.158666233905  0.291768497354 -0.002188930291  0.507254844715 -0.157938490503  0.542306428873  0.000000000000
  0.529411764706  0.068321085623  0.010103503828  0.051491474961  0.011297126467  0.498821377506 -0.118087701665  0.426082949515 -0.001620065649  0.377525559763 -0.117546077000  0.498821377506  0.000000000000
  0.532352941176  0.091665794366  0.004084175726  0.020930220880  0.004592048537  0.314516529438 -0.048000211316  0.571671712722 -0.000654884970  0.153456341264 -0.047780052078  0.314516529438  0.000000000000
  0.535294117647  0.085860383025 -0.002571737153 -0.013252224483 -0.002907511507  0.108911377633  0.030391918902  0.535466392432  0.000412370114 -0.097162753056  0.030252522397  0.108911377633 -0.000000000000
  0.538235294118  0.078975634906 -0.007664643515 -0.039713107104 -0.008712976152  0.105913526836  0.091075844059  0.492529812040  0.001229001927 -0.291168839130  0.090658112806  0.105913526836  0.000000000000
  0.541176470588  0.049795665785 -0.013250953316 -0.069032843689 -0.015145667630  0.344634500169  0.158316106827  0.310549575686  0.002124749458 -0.506135490884  0.157589969328  0.344634500169 -0.000000000000
  0.544117647059  0.017243337164 -0.014296367924 -0.074883866726 -0.016429370364  0.455176111934  0.171734519552  0.107537693398  0.002292378463 -0.549034062908  0.170946836751  0.455176111934 -0.000000000000
  0.547058823529 -0.016768703997 -0.015421108514 -0.081211840735 -0.017817715187  0.578712169097  0.186246745263 -0.104577654081  0.002472727145 -0.595429547433  0.185392500244  0.578712169097 -0.000000000000
  0.550000000000 -0.054564077821 -0.011906510426 -0.063040103857 -0.013830872514  0.517023183150  0.144572688640 -0.340287672592  0.001909172191 -0.462197878662  0.143909587124  0.517023183150  0.000000000000
  0.552941176471 -0.072065520956 -0.008016890922 -0.042673143947 -0.009362402306  0.449862589933  0.097864228890 -0.449435038203  0.001285483711 -0.312871258154  0.097415361824  0.449862589933 -0.000000000000
  0.555882352941 -0.091624302893 -0.002268662946 -0.012140109358 -0.002663515676  0.256574774867  0.027841455563 -0.571412952059  0.000363773100 -0.089008939524  0.027713757091  0.256574774867  0.000000000000
  0.558823529412 -0.081857426308  0.004097243763  0.022041250003  0.004835806101  0.042118474876 -0.050548184075 -0.510502040812 -0.000656980389  0.161602192429 -0.050316338227  0.042118474876  0.000000000000
  0.561764705882 -0.071224260351  0.008446234903  0.045675923797  0.010021206190  0.160247771909 -0.104750638171 -0.444188534924 -0.001354327693  0.334887060665 -0.104270185690  0.160247771909 -0.000000000000
  0.564705882353 -0.040622067657  0.013308491951  0.072347060771  0.015872800219  0.387677782681 -0.165916749036 -0.253338632500 -0.002133975601  0.530434691089 -0.165155750199  0.387677782681  0.000000000000
  0.567647058824 -0.006668385608  0.013609250758  0.074367356161  0.016316048981  0.472329021384 -0.170549982780 -0.041587240342 -0.002182201347  0.545247107099 -0.169767733011  0.472329021384 -0.000000000000
  0.570588235294  0.025371145062  0.014028759876  0.077056952356  0.016906140999  0.571577509850 -0.176718153984  0.158226588790 -0.002249468339  0.564966707478 -0.175907613093  0.571577509850  0.000000000000
  0.573529411765  0.061378883117  0.010223995083  0.056447675196  0.012384506871  0.486848826537 -0.129453977250  0.382788056099 -0.001639386050  0.413863463647 -0.128860219678  0.486848826537 -0.000000000000
  0.576470588235  0.074781246415  0.006073608120  0.033704947520  0.007394797973  0.397497905429 -0.077297063064  0.466371600364 -0.000973884313  0.247118172256 -0.076942529990  0.397497905429  0.000000000000
  0.579411764706  0.090494711682  0.000650724060  0.003629559394  0.000796318061  0.198342371142 -0.008323830832  0.564368281288 -0.000104341594  0.026611229197 -0.008285652495  0.198342371142 -0.000000000000
  0.582352941176  0.077080087006 -0.005389120877 -0.030211614322 -0.006628367667  0.022539667812  0.069285645859  0.480708269210  0.000864128896 -0.221505727250  0.068967858196  0.022539667812 -0.000000000000
  0.585294117647  0.062933648938 -0.009018293654 -0.050812231252 -0.011148101758  0.210139708126  0.116529961698  0.392484318989  0.001446055548 -0.372545475940  0.115995481811  0.210139708126  0.000000000000
  0.588235294118  0.031402452653 -0.013184916048 -0.074661752784 -0.016380639010  0.424405284786  0.171225135718  0.195840706080  0.002114160586 -0.547405566341  0.170439789273  0.424405284786 -0.000000000000
  0.591176470588 -0.003568581172 -0.012825886873 -0.072991834565 -0.016014262298  0.483090097423  0.167395437605 -0.022255378081  0.002056591366 -0.535162048146  0.166627656570  0.483090097423  0.000000000000
  0.594117647059 -0.033270259890 -0.012613671768 -0.072141258106 -0.015827647527  0.557875811071  0.165444772584 -0.207489244874  0.002022563329 -0.528925785661  0.164685938529  0.557875811071 -0.000000000000
  0.597058823529 -0.067193745767 -0.008611065428 -0.049492995967 -0.010858664179  0.452290297477  0.113504500438 -0.419052319268  0.001380757759 -0.362873097363  0.112983897224  0.452290297477  0.000000000000
  0.600000000000 -0.076484988176 -0.004273296177 -0.024682206335 -0.005415226631  0.342370865955  0.056604807307 -0.476996948430  0.000685209850 -0.180965174720  0.056345181966  0.342370865955 -0.000000000000
  0.602941176471 -0.088325397356  0.000780202497  0.004528475408  0.000993538434  0.140415114289 -0.010385355117 -0.550839400152 -0.000125103062  0.033201907978 -0.010337721330  0.140415114289  0.000000000000
  0.605882352941 -0.071608625884  0.006464102818  0.037702165275  0.008271779542  0.084478498701 -0.086464061254 -0.446585622128 -0.001036498932  0.276425001624 -0.086067482546  0.084478498701  0.000000000000
  0.608823529412 -0.054205689113  0.009402338166  0.055105764177  0.012090094281  0.255271728019 -0.126376512714 -0.338052589286 -0.001507635900  0.404024830959 -0.125796870335  0.255271728019 -0.000000000000
  0.611764705882 -0.022231149869  0.012902959316  0.075987731536  0.016671556093  0.454652669926 -0.174266062073 -0.138644077754 -0.002068949694  0.557127386718 -0.173466768022  0.454652669926  0.000000000000
  0.614705882353  0.013375014327  0.011965838810  0.070807661437  0.015535059089  0.487615205461 -0.162386375719  0.083412983009 -0.001918685314  0.519148112184 -0.161641569401  0.487615205461 -0.000000000000
  0.617647058824  0.040415763443  0.011191255265  0.066540937193  0.014598948336  0.537964908387 -0.152601306249  0.252052020804 -0.001794483234  0.487865313241 -0.151901380430  0.537964908387  0.000000000000
  0.620588235294  0.071982647272  0.007074181176  0.042261942074  0.009272185439  0.413880114337 -0.096921201251  0.448918198297 -0.001134323113  0.309856405360 -0.096476659504  0.413880114337 -0.000000000000
  0.623529411765  0.077201423550  0.002615522700  0.015699476511  0.003444433700  0.285140683082 -0.036004311392  0.481464981903 -0.000419390991  0.115105532756 -0.035839172916  0.285140683082 -0.000000000000
  0.626470588235  0.085173014054 -0.002033838965 -0.012265548770 -0.002691036832  0.083373254643  0.028129131376  0.531179630947  0.000326119799 -0.089928637095  0.028000113441  0.083373254643  0.000000000000
  0.629411764706  0.065527353635 -0.007337512670 -0.044458361653 -0.009754075495  0.143144783264  0.101958348471  0.408659901348  0.001176547505 -0.325960129943  0.101490703191  0.143144783264 -0.000000000000
  0.632352941176  0.045144750204 -0.009617894441 -0.058547625072 -0.012845231668  0.295373644236  0.134269886188  0.281544242842  0.001542199683 -0.429259890978  0.133654039820  0.295373644236  0.000000000000
  0.635294117647  0.013200027137 -0.012483355013 -0.076344172046 -0.016749758427  0.478314717696  0.175083503031  0.082321679243  0.002001667440 -0.559740739765  0.174280459680  0.478314717696 -0.000000000000
  0.638235294118 -0.022663323289 -0.011046700561 -0.067870825678 -0.014890723206  0.486110060026  0.155651198970 -0.141339317790  0.001771304334 -0.497615799025  0.154937284419  0.486110060026  0.000000000000
  0.641176470588 -0.046764878451 -0.009775446842 -0.060337029998 -0.013237823524  0.512252609885  0.138373608506 -0.291648137063  0.001567462724 -0.442379462649  0.137738939880  0.512252609885 -0.000000000000
  0.644117647059 -0.075728928667 -0.005618910838 -0.034840716073 -0.007643983319  0.372171770522  0.079901771866 -0.472281799912  0.000900975007 -0.255445408155  0.079535291955  0.372171770522  0.000000000000
  0.647058823529 -0.076963122183 -0.001099637327 -0.006849564681 -0.001502780771  0.226475828049  0.015708412921 -0.479978820660  0.000176323451 -0.050219686703  0.015636364234  0.226475828049  0.000000000000
  0.650000000000 -0.081102127780  0.003119338503  0.019518462128  0.004282311495  0.027775665572 -0.044762561851 -0.505791638132 -0.000500176299  0.143105598476 -0.044557252516  0.027775665572 -0.000000000000
  0.652941176471 -0.058923901814  0.008023632165  0.050432999895  0.011064899158  0.198022988027 -0.115660253473 -0.367477619140 -0.001286564648  0.369765024801 -0.115129762616  0.198022988027  0.000000000000
  0.655882352941 -0.035856667572  0.009682889173  0.061136509684  0.013413227766  0.330226009309 -0.140207091014 -0.223619319561 -0.001552621388  0.448241093457 -0.139564012882  0.330226009309 -0.000000000000
  0.658823529412 -0.004397567792  0.011945194727  0.075758622440  0.016621290016  0.495347631760 -0.173740635939 -0.027425334920 -0.001915375099  0.555447603026 -0.172943751823  0.495347631760  0.000000000000
  0.661764705882  0.031351886488  0.010084380557  0.064242518957  0.014094679979  0.478828947749 -0.147330240949  0.195525351299 -0.001616999291  0.471013754186 -0.146654491558  0.478828947749 -0.000000000000
  0.664705882353  0.052282861007  0.008378859352  0.053614734092  0.011762965267  0.481193511362 -0.122957066757  0.326060914047 -0.001343524231  0.393092886051 -0.122393108114  0.481193511362 -0.000000000000
  0.667647058824  0.078425655919  0.004249964622  0.027315049310  0.005992867106  0.327734726310 -0.062642823814  0.489099880172 -0.000681468707  0.200268671439 -0.062355504322  0.327734726310 -0.000000000000
  0.670588235294  0.075810343872 -0.000275339066 -0.001777434063 -0.000389965473  0.167047431036  0.004076269003  0.472789544051  0.000044149769 -0.013031803613  0.004057572663  0.167047431036 -0.000000000000
  0.673529411765  0.076184712175 -0.004045485620 -0.026229919698 -0.005754791842  0.025845668110  0.060154247558  0.475124283748  0.000648681131 -0.192312710480  0.059878342246  0.025845668110  0.000000000000
  0.676470588235  0.051888429923 -0.008535975835 -0.055586820011 -0.012195636968  0.248641080353  0.127479739567  0.323601053258  0.001368717374 -0.407551839523  0.126895037094  0.248641080353 -0.000000000000
  0.679411764706  0.026447697553 -0.009613941213 -0.062878802029 -0.013795483217  0.359662616526  0.144202767947  0.164940484751  0.001541565795 -0.461015244782  0.143541363120  0.359662616526  0.000000000000
  0.682352941176 -0.004092001948 -0.011306191298 -0.074266871749 -0.016294002902  0.505770368242  0.170319537386 -0.025519680251  0.001812912872 -0.544510374780  0.169538344585  0.505770368242 -0.000000000000
  0.685294117647 -0.039365969603 -0.009093312013 -0.059988614407 -0.013161381841  0.466072648373  0.137574571456 -0.245505004585  0.001458084510 -0.439824946763  0.136943567717  0.466072648373  0.000000000000
  0.688235294118 -0.056943396520 -0.007012890439 -0.046462623480 -0.010193806525  0.445285042703  0.106554811728 -0.355126241383  0.001124495333 -0.340654990962  0.106066084169  0.445285042703  0.000000000000
  0.691176470588 -0.080075830246 -0.002971220143 -0.019769400958 -0.004337366971  0.281149101714  0.045338051088 -0.499391156111  0.000476425978 -0.144945433559  0.045130102196  0.281149101714  0.000000000000
  0.694117647059 -0.073790709415  0.001510797719  0.010095065482  0.002214837146  0.107522582308 -0.023151465010 -0.460194138126 -0.000242251750  0.074015072391 -0.023045277792  0.107522582308  0.000000000000
  0.697058823529 -0.070499522569  0.004820843118  0.032349096952  0.007097327075  0.076990794570 -0.074187630339 -0.439668723668 -0.000773007312  0.237177337492 -0.073847359084  0.076990794570 -0.000000000000
  0.700000000000 -0.044512785162  0.008887492254  0.059888992777  0.013139525055  0.294575715973 -0.137346104717 -0.277603006741 -0.001425081947  0.439094540192 -0.136716148872  0.294575715973  0.000000000000
  0.702941176471 -0.017023456867  0.009426576761  0.063788549410  0.013995079970  0.383572215128 -0.146289132288 -0.106166414758 -0.001511522483  0.467685337050 -0.145618158079  0.383572215128 -0.000000000000
  0.705882352941  0.012189527469  0.010582870064  0.071912688012  0.015777499706  0.509665034983 -0.164920582568  0.076019720262 -0.001696930545  0.527249953829 -0.164164152779  0.509665034983  0.000000000000
  0.708823529412  0.046638546874  0.008086609813  0.055179066360  0.012106176634  0.448185645863 -0.126544619889  0.290860272960 -0.001296662920  0.404562268427 -0.125964206464  0.448185645863 -0.000000000000
  0.711764705882  0.060728871271  0.005687800511  0.038971806604  0.008550336307  0.405062844414 -0.089375786479  0.378734271505 -0.000912021253  0.285733766890 -0.088965852763  0.405062844414 -0.000000000000
  0.714705882353  0.080692451330  0.001785744357  0.012286165946  0.002695560199  0.233000167308 -0.028176413667  0.503236699956 -0.000286338595  0.090079798249 -0.028047178866  0.233000167308 -0.000000000000
  0.717647058824  0.070958759054 -0.002608602771 -0.018021402831 -0.003953859683  0.048557626006  0.041329288832  0.442532741920  0.000418281402 -0.132129448545  0.041139726651  0.048557626006 -0.000000000000
  0.720588235294  0.064131363965 -0.005453857506 -0.037832120825 -0.008300291530  0.125196525492  0.086762094128  0.399953842438  0.000874509215 -0.277377810645  0.086364148453  0.125196525492  0.000000000000
  0.723529411765  0.036889630188 -0.009090709130 -0.063317489361 -0.013891730338  0.335456783234  0.145208829218  0.230061368226  0.001457667146 -0.464231615658  0.144542809960  0.335456783234 -0.000000000000
  0.726470588235  0.007687860858 -0.009135386890 -0.063887326543 -0.014016751475  0.401899468253  0.146515662305  0.047945175344  0.001464831087 -0.468409551936  0.145843649086  0.401899468253  0.000000000000
  0.729411764706 -0.019821674721 -0.009790706239 -0.068747437972 -0.015083050187  0.507176407175  0.157661573135 -0.123617438925  0.001569909521 -0.504042951229  0.156938437740  0.507176407175 -0.000000000000
  0.732352941176 -0.053111020566 -0.007076187976 -0.049887245494 -0.010945161735  0.425552714539  0.114408650504 -0.331225712940  0.001134644898 -0.365763658825  0.113883900287  0.425552714539  0.000000000000
  0.735294117647 -0.063630524081 -0.004412769182 -0.031235037883 -0.006852904747  0.361095568968  0.071632708868 -0.396830365506  0.000707573916 -0.229009271342  0.071304156094  0.361095568968  0.000000000000
  0.738235294118 -0.080298440628 -0.000695814120 -0.004944902987 -0.001084901810  0.183872723864  0.011340367102 -0.500779460869  0.000111571646 -0.036255074641  0.011288353027  0.183872723864  0.000000000000
  0.741176470588 -0.067375411985  0.003571133127  0.025479881153  0.005590234888  0.009208465164 -0.058434150630 -0.420185276648 -0.000572620173  0.186813572581 -0.058166134767  0.009208465164  0.000000000000
  0.744117647059 -0.057170267969  0.005952931868  0.042642459929  0.009355670294  0.170040708615 -0.097793859861 -0.356541120193 -0.000954534248  0.312646288860 -0.097345315552  0.170040708615 -0.000000000000
  0.747058823529 -0.029111553281  0.009157834758  0.065859334275  0.014449406021  0.370971273517 -0.151038155804 -0.181553562474 -0.001468430533  0.482867932153 -0.150345399578  0.370971273517  0.000000000000
  0.750000000000  0.001457925453  0.008754141225  0.063203997295  0.013866830406  0.414645180619 -0.144948552788  0.009092320059 -0.001403699521  0.463399513725 -0.144283727322  0.414645180619 -0.000000000000
  0.752941176471  0.026921606668  0.008944221674  0.064829599160  0.014223484199  0.498510603683 -0.148676618225  0.167896008531 -0.001434178334  0.475318112961 -0.147994693500  0.498510603683 -0.000000000000
  0.755882352941  0.058733833751  0.006072848165  0.044189222779  0.009695026965  0.398594960752 -0.101341120259  0.366292263838 -0.000973762456  0.323986855646 -0.100876305977  0.398594960752 -0.000000000000
  0.758823529412  0.065648482356  0.003195936795  0.023345796986  0.005122021096  0.313979199176 -0.053539959998  0.409415317953 -0.000512458599  0.171166879219 -0.053294391980  0.313979199176 -0.000000000000
  0.761764705882  0.078926431802 -0.000297062909 -0.002178406935 -0.000477938118  0.134345456378  0.004995838018  0.492222957964  0.000047633120 -0.015971659349  0.004972923955  0.134345456378  0.000000000000
  0.764705882353  0.063107339651 -0.004401308226 -0.032400069987 -0.007108510457  0.065160549160  0.074304529079  0.393567537304  0.000705736187 -0.237551061948  0.073963721653  0.065160549160 -0.000000000000
  0.767647058824  0.049710593251 -0.006326472961 -0.046751223429 -0.010257124776  0.211146002133  0.107216670894  0.310019022697  0.001014430409 -0.342770950105  0.106724907632  0.211146002133  0.000000000000
  0.770588235294  0.021270174440 -0.009100825304 -0.067510742740 -0.014811721731  0.400866450066  0.154825404669  0.132650975604  0.001459289243 -0.494975740397  0.154115277731  0.400866450066 -0.000000000000
  0.773529411765 -0.010316510023 -0.008295868232 -0.061774382183 -0.013553175715  0.421865823862  0.141669952537 -0.064338688111  0.001330216861 -0.452917851555  0.141020164798  0.421865823862  0.000000000000
  0.776470588235 -0.033429580864 -0.008057051050 -0.060224174955 -0.013213063354  0.483932969558  0.138114792991 -0.208482846633  0.001291923263 -0.441552031250  0.137481311457  0.483932969558  0.000000000000
  0.779411764706 -0.063466972014 -0.005086347014 -0.038163014923 -0.008372889032  0.367765398058  0.087520948355 -0.395810376635  0.000815580042 -0.279803862324  0.087119522096  0.367765398058  0.000000000000
  0.782352941176 -0.066791686938 -0.002044435980 -0.015397349538 -0.003378147647  0.264330974473  0.035311430097 -0.416544888216  0.000327818998 -0.112890396084  0.035149469612  0.264330974473  0.000000000000
  0.785294117647 -0.076618435468  0.001192125821  0.009012062045  0.001977228361  0.084985343080 -0.020667764808 -0.477829189535 -0.000191153695  0.066074700145 -0.020572969406  0.084985343080 -0.000000000000
  0.788235294118 -0.058226265188  0.005102599954  0.038718375876  0.008494734113  0.118713526346 -0.088794582460 -0.363126823646 -0.000818186151  0.283875661688 -0.088387314512  0.118713526346  0.000000000000
  0.791176470588 -0.041850063922  0.006582917802  0.050137367718  0.011000038050  0.248183115733 -0.114982266983 -0.260997004227 -0.001055550548  0.367597506714 -0.114454885799  0.248183115733 -0.000000000000
  0.794117647059 -0.013455260199  0.008931425202  0.068277143997  0.014979868631  0.424952291973 -0.156583026937 -0.083913434630 -0.001432126460  0.500594846546 -0.155864838435  0.424952291973 -0.000000000000
  0.797058823529  0.018795257256  0.007772910064  0.059640839851  0.013085080800  0.423672389894 -0.136777004516  0.117216208956 -0.001246362134  0.437275130813 -0.136149658923  0.423672389894 -0.000000000000
  0.800000000000  0.039293462593  0.007141985179  0.055002023270  0.012067333734  0.463765213062 -0.126138599055  0.245052816210 -0.001145195276  0.403264222647 -0.125560047898  0.463765213062 -0.000000000000
  0.802941176471  0.067280350395  0.004125448214  0.031887803401  0.006996120194  0.333544132356 -0.073129725213  0.419592427128 -0.000661502886  0.233795222171 -0.072794306178  0.333544132356 -0.000000000000
  0.805882352941  0.067077710565  0.000964417008  0.007481802509  0.001641492484  0.212783015171 -0.017158352199  0.418328668279 -0.000154641290  0.054855132477 -0.017079653176  0.212783015171 -0.000000000000
  0.808823529412  0.073425385920 -0.001989335675 -0.015489292519 -0.003398319753  0.036342195256  0.035522287045  0.457915806179  0.000318983834 -0.113564504278  0.035359359437  0.036342195256  0.000000000000
  0.811764705882  0.052808201111 -0.005679032480 -0.044378666823 -0.009736590609  0.169318226669  0.101775580755  0.329337186064  0.000910615327 -0.325375822827  0.101308773763  0.169318226669 -0.000000000000
  0.814705882353  0.033688760101 -0.006730743880 -0.052787810734 -0.011581539939  0.280873488776  0.121060646452  0.210099212250  0.001079254003 -0.387030043542  0.120505385987  0.280873488776  0.000000000000
  0.817647058824  0.005753859144 -0.008661186380 -0.068173092800 -0.014957040007  0.443103195765  0.156344401674  0.035883816143  0.001388794499 -0.499831963244  0.155627307659  0.443103195765 -0.000000000000
  0.820588235294 -0.026807220090 -0.007196958134 -0.056851770793 -0.012473164636  0.420228606011  0.130380707750 -0.167182639151  0.001154010020 -0.416826214601  0.129782699608  0.420228606011  0.000000000000
  0.823529411765 -0.044469148887 -0.006210997346 -0.049239109710 -0.010802962043  0.438381849258  0.112922251734 -0.277330870072  0.000995914251 -0.361011652312  0.112404319080  0.438381849258  0.000000000000
  0.826470588235 -0.070154082788 -0.003197963840 -0.025443138708 -0.005582173669  0.296433232525  0.058349887538 -0.437514396067  0.000512783630 -0.186544184063  0.058082258159  0.296433232525  0.000000000000
  0.829411764706 -0.066532475274  0.000038930239  0.000310832907  0.000068196117  0.159975734115 -0.000712847003 -0.414928320369 -0.000006242344  0.002278966903 -0.000709577437  0.159975734115  0.000000000000
  0.832352941176 -0.069406578061  0.002689347853  0.021548856640  0.004727775984  0.011056601267 -0.049418956363 -0.432852599254 -0.000431228626  0.157992059298 -0.049192289866  0.011056601267 -0.000000000000
  0.835294117647 -0.046932637215  0.006135171564  0.049332811721  0.010823520076  0.216466900276 -0.113137142745 -0.292694360911 -0.000983755821  0.361698657377 -0.112618224465  0.216466900276  0.000000000000
  0.838235294118 -0.025328074820  0.006778466267  0.054697454533  0.012000511963  0.308991382312 -0.125440117954 -0.157957982172 -0.001086906141  0.401031183432 -0.124864770472  0.308991382312 -0.000000000000
  0.841176470588  0.001750530640  0.008301470815  0.067222072104  0.014748387971  0.455258923749 -0.154163383394  0.010917145875 -0.001331115218  0.492859262992 -0.153456292904  0.455258923749 -0.000000000000
  0.844117647059  0.034272009293  0.006579074225  0.053461051899  0.011729247702  0.411748549471 -0.122604620515  0.213736633019 -0.001054934242  0.391966117869 -0.122042278412  0.411748549471 -0.000000000000
  0.847058823529  0.048920899742  0.005275257364  0.043015696276  0.009437557601  0.408206006568 -0.098649819463  0.305094116481 -0.000845871233  0.315382785745 -0.098197349183  0.408206006568 -0.000000000000
  0.850000000000  0.072078632093  0.002310788362  0.018908140954  0.004148408252  0.256951361374 -0.043362885016  0.449516805524 -0.000370527780  0.138630841381 -0.043163995481  0.256951361374 -0.000000000000
  0.852941176471  0.065189874737 -0.000961355521 -0.007893558641 -0.001731830955  0.106551124344  0.018102650945  0.406555221616  0.000154150390 -0.057874048990  0.018019620772  0.106551124344 -0.000000000000
  0.855882352941  0.064629003476 -0.003293481271 -0.027135573454 -0.005953490462  0.056711077176  0.062231223809  0.403057360319  0.000528099555 -0.198952789088  0.061945792174  0.056711077176  0.000000000000
  0.858823529412  0.040681690520 -0.006476104598 -0.053541128767 -0.011746816406  0.259698245189  0.122788264375  0.253710469174  0.001038423380 -0.392553226010  0.122225079965  0.259698245189 -0.000000000000
  0.861764705882  0.016869651291 -0.006734624323 -0.055869117543 -0.012257572481  0.332365368223  0.128127145119  0.105207209659  0.001079876220 -0.409621590564  0.127539473235  0.332365368223  0.000000000000
  0.864705882353 -0.008978751770 -0.007863440072 -0.065456190873 -0.014360957166  0.461424795446  0.150113609015 -0.055995788155  0.001260878341 -0.479912162508  0.149425093343  0.461424795446 -0.000000000000
  0.867647058824 -0.041116589470 -0.005929700929 -0.049527410585 -0.010866214677  0.398493703416  0.113583425019 -0.256422706921  0.000950809239 -0.363125418700  0.113062459807  0.398493703416  0.000000000000
  0.870588235294 -0.052621573893 -0.004345137005 -0.036415476949 -0.007989482701  0.373704657101  0.083513241390 -0.328173289521  0.000696729305 -0.266991251069  0.083130197002  0.373704657101  0.000000000000
  0.873529411765 -0.073054840520 -0.001469928000 -0.012360707476 -0.002711914461  0.215628240958  0.028347363091 -0.455604907929  0.000235698417 -0.090626322368  0.028217344208  0.215628240958  0.000000000000
  0.876470588235 -0.063091308136  0.001799527108  0.015183275565  0.003331180246  0.053146010202 -0.034820484685 -0.393467557112 -0.000288548617  0.111320847019 -0.034660775984  0.053146010202  0.000000000000
  0.879411764706 -0.059166595284  0.003803684323  0.032200785933  0.007064787934  0.100153342897 -0.073847502048 -0.368991171631 -0.000609909039  0.236089949713 -0.073508790836  0.100153342897 -0.000000000000
  0.882352941176 -0.034139228993  0.006707412549  0.056972737913  0.012499704579  0.298601911946 -0.130658127053 -0.212908551595 -0.001075512896  0.417713122181 -0.130058846491  0.298601911946  0.000000000000
  0.885294117647 -0.008414314397  0.006607760196  0.056313378819  0.012355042515  0.350879205648 -0.129145989366 -0.052475686881 -0.001059533949  0.412878828526 -0.128553644420  0.350879205648 -0.000000000000
  0.888235294118  0.015856725874  0.007358034809  0.062915781838  0.013803596512  0.461671126182 -0.144287575395  0.098890122550 -0.001179838167  0.461286373603 -0.143625781588  0.461671126182 -0.000000000000
  0.891176470588  0.047275992256  0.005258664451  0.045113747580  0.009897865855  0.380769500229 -0.103461374320  0.294835687077 -0.000843210611  0.330765293112 -0.102986835215  0.380769500229 -0.000000000000
  0.894117647059  0.055552767565  0.003430209750  0.029524671722  0.006477653837  0.335383336023 -0.067710249681  0.346453614459 -0.000550023544  0.216469196642 -0.067399687779  0.335383336023 -0.000000000000
  0.897058823529  0.073093840705  0.000680527446  0.005876737620  0.001289344463  0.172999025242 -0.013477385128  0.455848131729 -0.000109120475  0.043087106387 -0.013415569341  0.172999025242 -0.000000000000
  0.900000000000  0.060285132894 -0.002551009029 -0.022101626687 -0.004849052625  0.000385347707  0.050686648624  0.375966906864  0.000409046423 -0.162044862628  0.050454167691  0.000385347707 -0.000000000000
  0.902941176471  0.053099392074 -0.004222497578 -0.036702749658 -0.008052509758  0.140951869281  0.084172056736  0.331153192108  0.000677064452 -0.269097479142  0.083785990606  0.140951869281  0.000000000000
  0.905882352941  0.027389980608 -0.006835134842 -0.059605813553 -0.013077396101  0.332822431950  0.136696677141  0.170817012318  0.001095992772 -0.437018324753  0.136069699980  0.332822431950 -0.000000000000
  0.908823529412  0.000061009975 -0.006406390957 -0.056048337447 -0.012296892969  0.364472101753  0.128538158138  0.000380487369  0.001027245013 -0.410935596323  0.127948601090  0.364472101753  0.000000000000
  0.911764705882 -0.022316131324 -0.006795946712 -0.059648904997 -0.013086850277  0.456131924739  0.136795500677 -0.139174062730  0.001089709076 -0.437334262910  0.136168070249  0.456131924739 -0.000000000000
  0.914705882353 -0.052693938270 -0.004575172202 -0.040286417648 -0.008838759337  0.358921402412  0.092390642760 -0.328624588366  0.000733614739 -0.295372241420  0.091966881011  0.358921402412  0.000000000000
  0.917647058824 -0.057704855765 -0.002539247203 -0.022431090812 -0.004921336394  0.293780419249  0.051442223432 -0.359875065234  0.000407160450 -0.164460430025  0.051206276956  0.293780419249  0.000000000000
  0.920588235294 -0.072216849520  0.000053104492  0.000470615703  0.000103252143  0.129598651775 -0.001079284033 -0.450378795472 -0.000008515141  0.003450463535 -0.001074333755  0.129598651775  0.000000000000
  0.923529411765 -0.056826044181  0.003214235843  0.028575787299  0.006269470495  0.051124342354 -0.065534130610 -0.354394376101 -0.000515392795  0.209512159128 -0.065233549762  0.051124342354  0.000000000000
  0.926470588235 -0.046512631935  0.004553013366  0.040606943005  0.008909081958  0.178715337061 -0.093125717892 -0.290075007205 -0.000730061638  0.297722271498 -0.092698584626  0.178715337061 -0.000000000000
  0.929411764706 -0.020518639073  0.006865728112  0.061427734780  0.013477121969  0.362062523564 -0.140874970549 -0.127964041795 -0.001100898308  0.450376299677 -0.140228829099  0.362062523564  0.000000000000
  0.932352941176  0.008094234888  0.006138975955  0.055099291108  0.012088674103  0.373138360951 -0.126361667737  0.050479518052 -0.000984365843  0.403977371671 -0.125782093446  0.373138360951 -0.000000000000
  0.935294117647  0.028295012700  0.006187584941  0.055710763532  0.012222829928  0.445002869915 -0.127763984786  0.176461225081 -0.000992160144  0.408460569508 -0.127177978584  0.445002869915 -0.000000000000
  0.938235294118  0.057323360552  0.003887807139  0.035114477681  0.007704046068  0.333330574788 -0.080529601603  0.357495878724 -0.000623397873  0.257452575450 -0.080160242068  0.333330574788 -0.000000000000
  0.941176470588  0.059076936740  0.001680214051  0.015223180870  0.003339935390  0.249461032459 -0.034912001303  0.368432018096 -0.000269417136  0.111613425011 -0.034751872850  0.249461032459 -0.000000000000
  0.944117647059  0.070454847709 -0.000727469144 -0.006611658691 -0.001450584673  0.085956242090  0.015162812477  0.439390109887  0.000116647431 -0.048475405883  0.015093266258  0.085956242090  0.000000000000
  0.947058823529  0.052774389720 -0.003788484296 -0.034539192500 -0.007577829651  0.100801328000  0.079210274375  0.329126322068  0.000607471762 -0.253234695493  0.078846966108  0.100801328000 -0.000000000000
  0.950000000000  0.039495788094 -0.004798832456 -0.043886295866 -0.009628565407  0.213096012669  0.100646404426  0.246314614747  0.000769477970 -0.321765853967  0.100184776549  0.213096012669  0.000000000000
  0.952941176471  0.013608977280 -0.006806019760 -0.062435131779 -0.013698142852  0.386085737796  0.143185279127  0.084872087824  0.001091324258 -0.457762340110  0.142528541145  0.386085737796 -0.000000000000
  0.955882352941 -0.015959317778 -0.005813880722 -0.053498338623 -0.011737428335  0.376926433503  0.122690131825 -0.099529934707  0.000932237826 -0.392239496930  0.122127397513  0.376926433503  0.000000000000
  0.958823529412 -0.033738315267 -0.005543038845 -0.051163039712 -0.011225068431  0.428538593674  0.117334486423 -0.210408261953  0.000888809167 -0.375117535881  0.116796316478  0.428538593674  0.000000000000
  0.961764705882 -0.061126823439 -0.003204520449 -0.029668911752 -0.006509299810  0.304409205087  0.068041041790 -0.381216091457  0.000513834962 -0.217526736710  0.067728962666  0.304409205087  0.000000000000
  0.964705882353 -0.059676681355 -0.000860263102 -0.007989065035 -0.001752784866  0.203010667420  0.018321680027 -0.372172312210  0.000137940533 -0.058574283441  0.018237645249  0.203010667420  0.000000000000
  0.967647058824 -0.067848149745  0.001339851252  0.012480825216  0.002738268053  0.042589618248 -0.028622834474 -0.423133495299 -0.000214841012  0.091507002461 -0.028491552106  0.042589618248 -0.000000000000
  0.970588235294 -0.048195428919  0.004273841465  0.039932193329  0.008761043231  0.148094729407 -0.091578284293 -0.300569733628 -0.000685297285  0.292775137059 -0.091158248533  0.148094729407  0.000000000000
  0.973529411765 -0.032141558231  0.004964018116  0.046521334940  0.010206687702  0.243792614586 -0.106689457345 -0.200450121778 -0.000795964981  0.341085452059 -0.106200112216  0.243792614586 -0.000000000000
  0.976470588235 -0.006742979137  0.006663157141  0.062633828112  0.013741736430  0.404718413533 -0.143640958310 -0.042052441248 -0.001068416678  0.459219143284 -0.142982130296  0.404718413533  0.000000000000
  0.979411764706  0.023447020935  0.005439338623  0.051283912057  0.011251587582  0.375937381219 -0.117611688376  0.146226830942 -0.000872181157  0.376003748595 -0.117072247008  0.375937381219 -0.000000000000
  0.982352941176  0.038598338785  0.004872038464  0.046073159143  0.010108358830  0.407049306188 -0.105661635751  0.240717691851 -0.000781216328  0.337799513584 -0.105177004860  0.407049306188 -0.000000000000
  0.985294117647  0.064076832125  0.002532623863  0.024021842681  0.005270344168  0.272595532722 -0.055090365816  0.399613755816 -0.000406098418  0.176123515819 -0.054837686659  0.272595532722 -0.000000000000
  0.988235294118  0.059520090167  0.000085731618  0.000815588540  0.000178938492  0.155028584057 -0.001870425663  0.371195734706 -0.000013746800  0.005979737817 -0.001861846711  0.155028584057 -0.000000000000
  0.991176470588  0.064445869491 -0.001888290637 -0.018017293676 -0.003952958143  0.000000000000  0.041319865124  0.401915249242  0.000302781574 -0.132099321015  0.041130346166  0.000000000000  0.000000000000
  0.994117647059  0.043158545804 -0.004671169152 -0.044702633754 -0.009807668305  0.050508397242  0.102518548602  0.269157322739  0.000749007553 -0.327751085859  0.102048333891  0.050508397242 -0.000000000000
  0.997058823529  0.024544819862 -0.005053047893 -0.048500244675 -0.010640856534  0.047534954638  0.111227779515  0.153073229837  0.000810240631 -0.355594436430  0.110717618779  0.047534954638  0.000000000000
  1.000000000000  0.000000000000 -0.006444553214 -0.062038679889 -0.013611162102  0.034397327731  0.142276078281  0.000000000000  0.001033364213 -0.454855631338  0.141623510468  0.034397327731  0.000000000000
