             Rad         v_r[Re]         v_t[Re]         v_x[Re]         p[Re]          p_mg[Re]  p_no_phase[Re]         v_r[Im]         v_t[Im]         v_x[Im]         p[Im]          p_mg[Im]  p_no_phase[Im]
  0.000000000000  0.070288212892  0.000000000000  0.011894741063 -0.005982422492  0.291543989029  0.002249280808  0.008058004487  0.000000000000  0.001122950630 -0.000255939196  0.291543989029 -0.005549380109
  0.007874015748  0.116897135970 -0.011321323410 -0.015185425108  0.007637284694  0.355757176943 -0.002868243810  0.013372608601  0.099076851398 -0.001426739264  0.000323303288  0.355757176943  0.007085606534
  0.015748031496  0.205419389511 -0.023908078151 -0.064055134540  0.032215819854  0.395360434990 -0.012103269847  0.023530592639  0.208962294946 -0.006027534985  0.001368395091  0.395360434990  0.029887161340
  0.023622047244  0.289637006515 -0.035160573600 -0.141094726190  0.070962645460  0.406316835789 -0.026671473723  0.033291169937  0.306854161674 -0.013300870672  0.003026173584  0.406316835789  0.065829228058
  0.031496062992  0.353408615590 -0.044911439434 -0.239748470155  0.120581501840  0.388105567603 -0.045350412910  0.040810775208  0.391053386611 -0.022663741170  0.005173549536  0.388105567603  0.111848130292
  0.039370078740  0.392713698856 -0.053394011275 -0.355299685408  0.178700905918  0.340903248436 -0.067262286894  0.045670825336  0.463620069487 -0.033700262848  0.007723752104  0.340903248436  0.165739116941
  0.047244094488  0.403545932695 -0.060044039318 -0.477663938849  0.240250332558  0.267922706938 -0.090526421744  0.047371418075  0.519403452507 -0.045513128177  0.010487191195  0.267922706938  0.222789520489
  0.055118110236  0.385385160055 -0.064904248303 -0.599778244892  0.301677822203  0.172880917623 -0.113813684700  0.045871668965  0.559013008757 -0.057449013645  0.013318636502  0.172880917623  0.279702233924
  0.062992125984  0.338416197850 -0.067701147238 -0.711056642837  0.357660641017  0.062370195460 -0.135149179694  0.041103550049  0.579879609085 -0.068564547107  0.016018348858  0.062370195460  0.331530422225
  0.070866141732  0.265829247668 -0.068534393020 -0.804682239138  0.404769503574  0.058044564689 -0.153229842774  0.033427353729  0.583309529685 -0.078187008695  0.018425056445  0.058044564689  0.375097919231
  0.078740157480  0.171324363161 -0.067361742720 -0.871866070882  0.438585072556  0.179154127478 -0.166413165742  0.023146798172  0.568798961356 -0.085527216779  0.020369948494  0.179154127478  0.406298485031
  0.086614173228  0.061394614164 -0.064376294820 -0.908186420051  0.456881159801  0.294907953136 -0.173820117063  0.010988295287  0.538619185846 -0.090078395553  0.021713170043  0.294907953136  0.423082052135
  0.094488188976 -0.057991346137 -0.059726972374 -0.908617015310  0.457130254381  0.396717212864 -0.174508376090 -0.002485007656  0.493954531159 -0.091382984690  0.022355057802  0.396717212864  0.423101222823
  0.102362204724 -0.178409372422 -0.053687721582 -0.872559146303  0.439027369925  0.479466219985 -0.168292587920 -0.016318615888  0.437848700774 -0.089234206513  0.022207524083  0.479466219985  0.406098276924
  0.110236220472 -0.293392585561 -0.046547622240 -0.799861229855  0.402496231901  0.536492704768 -0.155143412047 -0.029857855928  0.372682746212 -0.083616341808  0.021266602215  0.536492704768  0.372002697252
  0.118110236220 -0.394475129865 -0.038622024484 -0.694111773035  0.349336714735  0.565618360620 -0.135647012490 -0.042117916618  0.301831237790 -0.074675679587  0.019513160396  0.565618360620  0.322516343296
  0.125984251969 -0.476578847238 -0.030277006515 -0.560000306590  0.281907366304  0.563470212884 -0.110689486850 -0.052540065402  0.228272505102 -0.062853515269  0.017047387234  0.563470212884  0.259827277414
  0.133858267717 -0.533091309446 -0.021817266026 -0.404514436848  0.203717429142  0.531587205226 -0.081496068164 -0.060316482511  0.155167606128 -0.048609338618  0.013919435828  0.531587205226  0.187224283959
  0.141732283465 -0.561854119486 -0.013618529029 -0.236017163642  0.118973674429  0.470481473162 -0.049659882676 -0.065146590759  0.085472037736 -0.032757033370  0.010321443145  0.470481473162  0.108605540597
  0.149606299213 -0.559524392780 -0.005923015467 -0.063157343621  0.032021732022  0.385233014916 -0.016736472983 -0.066566768680  0.021618567074 -0.015946601289  0.006356163737  0.385233014916  0.028030030526
  0.157480314961 -0.527643581003  0.000944977303  0.104029044915 -0.052088930119  0.279885211566  0.015340843135 -0.064631325116 -0.033995664438  0.000800491372  0.002276578285  0.279885211566 -0.049830693167
  0.165354330709 -0.466728225000  0.006846122760  0.257473255474 -0.129302645760  0.161990674904  0.045092623166 -0.059309194704 -0.080040238722  0.016819030195 -0.001792015046  0.161990674904 -0.121198353349
  0.173228346457 -0.381840091397  0.011552802243  0.387791987807 -0.194896630318  0.038572693134  0.070679512739 -0.051015883640 -0.115038167150  0.031087811898 -0.005579970211  0.038572693134 -0.181714718875
  0.181102362205 -0.276991440843  0.015049515632  0.489664379953 -0.246194941392  0.085390521659  0.091098483886 -0.040143160721 -0.138920910167  0.043111049187 -0.008976072098  0.085390521659 -0.228896450979
  0.188976377953 -0.159659902068  0.017228357974  0.556430040309 -0.279842896499  0.198603905819  0.104999406647 -0.027380548342 -0.151268269192  0.052071125963 -0.011742498176  0.198603905819 -0.259663354342
  0.196850393701 -0.036155751978  0.018195370277  0.587049472661 -0.295315619232  0.296306868937  0.112147188325 -0.013439280281 -0.153193627973  0.057789664263 -0.013816719142  0.296306868937 -0.273541998313
  0.204724409449  0.085386008610  0.017961218010  0.578896312295 -0.291286706023  0.372527138345  0.111942921177  0.000877908224 -0.145241544296  0.059805713564 -0.015035612091  0.372527138345 -0.269337700916
  0.212598425197  0.198058339663  0.016729064733  0.535710538247 -0.269633555532  0.423406454696  0.105026446252  0.014710727260 -0.129413941299  0.058332004469 -0.015409402175  0.423406454696 -0.248815492950
  0.220472440945  0.295042904607  0.014605511276  0.459152643826 -0.231186378274  0.445651333372  0.091619800098  0.027339440745 -0.106942442615  0.053333760369 -0.014877949503  0.445651333372 -0.212777600116
  0.228346456693  0.370589064788  0.011849754862  0.357065489213 -0.179885669374  0.439450660491  0.073130564542  0.037950149710 -0.080279544259  0.045394164207 -0.013531307365  0.439450660491 -0.164905642278
  0.236220472441  0.420890374875  0.008626779723  0.234569162714 -0.118303492348  0.404656201602  0.050469692321  0.046090326708 -0.050958426989  0.034877348026 -0.011419962164  0.404656201602 -0.107605492400
  0.244094488189  0.442704365173  0.005202611244  0.101915346588 -0.051592637658  0.345531749144  0.025514931545  0.051165965182 -0.021394493600  0.022624441738 -0.008701081886  0.345531749144 -0.045678193428
  0.251968503937  0.436228467153  0.001757081789 -0.033968040988  0.016762655859  0.264824843040 -0.000426189657  0.053118805068  0.006976952036  0.009284216492 -0.005521094329  0.264824843040  0.017643340852
  0.259842519685  0.401341772612 -0.001484489099 -0.162719279850  0.081552506619  0.169996047744 -0.025422506716  0.051685810930  0.032215474273 -0.004223891299 -0.002073529355  0.169996047744  0.077516495097
  0.267716535433  0.342287128434 -0.004367588156 -0.277617696012  0.139393485791  0.066035229993 -0.048141826219  0.047240992527  0.053308341161 -0.017137676340  0.001433075967  0.066035229993  0.130824165030
  0.275590551181  0.261805355195 -0.006744471584 -0.370532699026  0.186195705834  0.041984135463 -0.067034859645  0.039876728582  0.069095349436 -0.028664965675  0.004811470120  0.041984135463  0.173776634529
  0.283464566929  0.167267147246 -0.008514902319 -0.436786440737  0.219600056918  0.141940720195 -0.081097619127  0.030337397727  0.079171778246 -0.038115418978  0.007836512572  0.141940720195  0.204227256015
  0.291338582677  0.063240904790 -0.009628501185 -0.472294096484  0.237549625186  0.230274810456 -0.089511698348  0.019006303207  0.083280688251 -0.045007648620  0.010372385470  0.230274810456  0.220284059036
  0.299212598425 -0.041421663742 -0.010052230501 -0.475595534512  0.239301644260  0.302421960826 -0.091844322760  0.006849335982  0.081643630146 -0.048877498516  0.012224347898  0.302421960826  0.221312747043
  0.307086614173 -0.141830489040 -0.009833113661 -0.447507451510  0.225263534545  0.352190384394 -0.088187719047 -0.005592890855  0.074839665253 -0.049672498097  0.013345119344  0.352190384394  0.207712971226
  0.314960629921 -0.229621392434 -0.009001188287 -0.390006879326  0.196420949629  0.378279934446 -0.078753654235 -0.017335064666  0.063579894584 -0.047241691928  0.013608264140  0.378279934446  0.180455635132
  0.322834645669 -0.301137307010 -0.007682587898 -0.308519719279  0.155499962410  0.378106077350 -0.064514672647 -0.027845371541  0.049054144020 -0.041985920190  0.013074771493  0.378106077350  0.142088159157
  0.330708661417 -0.350311784477 -0.005951992362 -0.207690002821  0.104829189124  0.353275446079 -0.046216784148 -0.036327957778  0.032217977227 -0.034068323033  0.011706779455  0.353275446079  0.094816751898
  0.338582677165 -0.375894573241 -0.003983012366 -0.096209647021  0.048779113006  0.305118572745 -0.025483302807 -0.042414367992  0.014551544057 -0.024267164656  0.009670131956  0.305118572745  0.042702629845
  0.346456692913 -0.375338297106 -0.001867862309  0.020138947262 -0.009745906932  0.237791311732 -0.003335265853 -0.045665834651 -0.003030669816 -0.012977532596  0.007013764219  0.237791311732 -0.011534799181
  0.354330708661 -0.350270440043  0.000210021452  0.131438563071 -0.065756490061  0.156041675935  0.018323120830 -0.045979991680 -0.019096588022 -0.001195821382  0.003981164474  0.156041675935 -0.063277396428
  0.362204724409 -0.302021458009  0.002169570999  0.232624083550 -0.116704956208  0.065933380237  0.038530400313 -0.043363375519 -0.033026710205  0.010592183345  0.000685123562  0.065933380237 -0.110163171929
  0.370078740157 -0.234734711175  0.003853198477  0.314776497007 -0.158101241922  0.031741155961  0.055520251727 -0.038004253773 -0.043719715417  0.021378361799 -0.002599312299  0.031741155961 -0.148054924842
  0.377952755906 -0.153062871748  0.005214332298  0.375215747575 -0.188593259419  0.119429839016  0.068708232101 -0.030344059066 -0.051014078933  0.030747969350 -0.005733528814  0.119429839016 -0.175725552190
  0.385826771654 -0.062565793249  0.006147966315  0.407884958126 -0.205128504061  0.198811498892  0.076833003588 -0.020802214898 -0.054312047911  0.037887604153 -0.008466281023  0.198811498892 -0.190384008395
  0.393700787402  0.030074494176  0.006654860334  0.413508075753 -0.208064049754  0.264340347645  0.079900258020 -0.010150161664 -0.053948590632  0.042592331777 -0.010676364583  0.264340347645 -0.192407334395
  0.401574803150  0.119424874609  0.006695837295  0.389962339472 -0.196325609508  0.310061640459  0.077384503884  0.001088931671 -0.049868186843  0.044403309243 -0.012188750964  0.310061640459 -0.180842332315
  0.409448818898  0.198449817275  0.006318901756  0.341460461597 -0.172023864229  0.335070505111  0.069931445153  0.011986747477 -0.042814636541  0.043403916320 -0.012936756978  0.335070505111 -0.157699595827
  0.417322834646  0.263416758008  0.005549126536  0.269877392538 -0.136096584877  0.335980619397  0.057798073831  0.022077839417 -0.033187545031  0.039567962740 -0.012859021186  0.335980619397 -0.123883079968
  0.425196850394  0.308560194534  0.004469499830  0.182029680013 -0.091965048632  0.315281769095  0.042141233770  0.030476667032 -0.021954148281  0.033263718940 -0.011964442119  0.315281769095 -0.082612556318
  0.433070866142  0.333029375910  0.003154848076  0.082892287783 -0.042129280286  0.272510988398  0.023862180306  0.036928013440 -0.009792417774  0.024878577114 -0.010318883134  0.272510988398 -0.036220877372
  0.440944881890  0.333497997446  0.001702257183 -0.019746855995  0.009498127201  0.213168642921  0.004352990842  0.040768398416  0.002340169709  0.014979876650 -0.008005881253  0.213168642921  0.011634432762
  0.448818897638  0.312464325696  0.000213391585 -0.119382864665  0.059643545245  0.139463496363 -0.015118651923  0.042055191014  0.013700757520  0.004260075983 -0.005204617435  0.139463496363  0.057929844606
  0.456692913386  0.269489893946 -0.001224690305 -0.209216387740  0.104887847562  0.059396971059 -0.033277923918  0.040465242598  0.023564367304 -0.006661670800 -0.002050004378  0.059396971059  0.099489913377
  0.464566929134  0.210039281407 -0.002508920188 -0.283008134842  0.142086848094  0.031332220774 -0.048830163748  0.036391902820  0.031317688223 -0.016957178820  0.001204008287  0.031332220774  0.133438139771
  0.472440944882  0.136223917989 -0.003583744449 -0.336727969892  0.169210538753  0.109213365435 -0.060956119115  0.029884962531  0.036628257690 -0.026126921637  0.004411116482  0.109213365435  0.157911417941
  0.480314960630  0.055326684206 -0.004366754852 -0.365940531453  0.184018974569  0.181633241735 -0.068645549432  0.021609215297  0.039142585029 -0.033394921642  0.007297076228  0.181633241735  0.170891833819
  0.488188976378 -0.028971567547 -0.004847725417 -0.370525214113  0.186445910111  0.240396344628 -0.071771412931  0.011931317299  0.038983740717 -0.038532687130  0.009750627327  0.240396344628  0.172354333906
  0.496062992126 -0.109200924744 -0.004979041194 -0.348741538435  0.175605728254  0.282351440862 -0.069813394345  0.001648400616  0.036099601413 -0.040977680272  0.011535001990  0.282351440862  0.161544167448
  0.503937007874 -0.181425626848 -0.004798960093 -0.304582536420  0.153500455005  0.304356728279 -0.063409845278 -0.008681959810  0.031025479700 -0.040863751412  0.012614432002  0.304356728279  0.140359200281
  0.511811023622 -0.239697924538 -0.004298556800 -0.239048336967  0.120624192861  0.305296130368 -0.052583681804 -0.018311403089  0.023963539867 -0.037939137415  0.012837166773  0.305296130368  0.109315804723
  0.519685039370 -0.281090758198 -0.003556648266 -0.159457710459  0.080653023677  0.285660159595 -0.038628009432 -0.026651863218  0.015728008897 -0.032705526760  0.012265957919  0.285660159595  0.071855694549
  0.527559055118 -0.302542395246 -0.002596955016 -0.068792459509  0.035081253322  0.246452364979 -0.022006271847 -0.033183084964  0.006662211476 -0.025235282415  0.010860286212  0.246452364979  0.029400070589
  0.535433070866 -0.302991858257 -0.001522007582  0.023886770104 -0.011535918455  0.191648202275 -0.004397807962 -0.037438763973 -0.002327742382 -0.016312941667  0.008779645959  0.191648202275 -0.013813720820
  0.543307086614 -0.282949405056 -0.000374812631  0.114919874561 -0.057358118101  0.124029294191  0.013513919542 -0.039260170129 -0.010899028640 -0.006266011010  0.006093765254  0.124029294191 -0.056075499692
  0.551181102362 -0.243441163508  0.000740031362  0.195489888620 -0.097948889961  0.051093981242  0.030024493613 -0.038407917327 -0.018247942503  0.003995767163  0.003031076951  0.051093981242 -0.093282915131
  0.559055118110 -0.188399302935  0.001776755192  0.262703499640 -0.131848401862  0.034074142600  0.044500048800 -0.035138811715 -0.024160592332  0.014018569943 -0.000255733572  0.034074142600 -0.124112095019
  0.566929133858 -0.120476552360  0.002650097077  0.309886126902 -0.155694272071  0.104807179147  0.055577271118 -0.029473142843 -0.028092377678  0.022961570021 -0.003517591338  0.104807179147 -0.145479368776
  0.574803149606 -0.046094286294  0.003326641107  0.336066616335 -0.168989390061  0.171199395144  0.062910740671 -0.022043404687 -0.030038512966  0.030396130188 -0.006564949163  0.171199395144 -0.156980098161
  0.582677165354  0.031461772141  0.003756867904  0.338068176154 -0.170128608648  0.224167409570  0.065761868538 -0.013084497990 -0.029799916845  0.035735194618 -0.009185731771  0.224167409570 -0.157173464029
  0.590551181102  0.104749416520  0.003929570518  0.317366507213 -0.159843559862  0.262470819061  0.064212571901 -0.003479157864 -0.027593072189  0.038707477588 -0.011206178108  0.262470819061 -0.146806974177
  0.598425196850  0.171078584372  0.003838986076  0.274785835274 -0.138541590636  0.281174290917  0.058284486455  0.006430463986 -0.023566914015  0.039111224221 -0.012504094531  0.281174290917 -0.126305357585
  0.606299212598  0.223617403766  0.003498477236  0.213984905887 -0.108053014940  0.281582928543  0.048485893757  0.015693445953 -0.018102992106  0.036909473591 -0.012966821866  0.281582928543 -0.097430542509
  0.614173228346  0.261371440574  0.002944346508  0.139353434388 -0.070580886594  0.261659966141  0.035558461809  0.023997935558 -0.011624098661  0.032332478690 -0.012596634244  0.261659966141 -0.062256987885
  0.622047244094  0.279512890178  0.002209230104  0.055747714771 -0.028560980135  0.225071093810  0.020295829817  0.030520912462 -0.004570277822  0.025579020849 -0.011368046062  0.225071093810 -0.023087688268
  0.629921259843  0.279385640976  0.001361060544 -0.030100246164  0.014621442596  0.172795424626  0.003960196478  0.035108535471  0.002487843937  0.017262123934 -0.009414634860  0.172795424626  0.016933362838
  0.637795275591  0.258997786183  0.000440631771 -0.113572270889  0.056645619014  0.110318783354 -0.012611249746  0.037230157576  0.009177999108  0.007742580562 -0.006798132516  0.110318783354  0.055640786650
  0.645669291339  0.222013905568 -0.000468782432 -0.187262810569  0.093782744495  0.042598937021 -0.027939640418  0.036970569421  0.014924682030 -0.002116992673 -0.003759708098  0.042598937021  0.089603097398
  0.653543307087  0.169379801588 -0.001331892327 -0.248276735493  0.124573592405  0.037842016598 -0.041419112491  0.034186862763  0.019534608142 -0.011921641500 -0.000422535454  0.037842016598  0.117487086870
  0.661417322835  0.106381031340 -0.002068183135 -0.290211044800  0.145789488476  0.103638707081 -0.051683927304  0.029211472605  0.022551549596 -0.020744162446  0.002914088443  0.103638707081  0.136351892250
  0.669291338583  0.036298619888 -0.002660257785 -0.313007360997  0.157393924245  0.164157514003 -0.058589700539  0.022295282675  0.024027677719 -0.028301307584  0.006109895500  0.164157514003  0.146210208957
  0.677165354331 -0.035176668209 -0.003046088434 -0.312531472683  0.157297089118  0.212831129382 -0.061158362300  0.013950635611  0.023703723452 -0.033793924797  0.008871292253  0.212831129382  0.145192041077
  0.685039370079 -0.103530221636 -0.003233908677 -0.291978596059  0.147096975411  0.246991790314 -0.059825633232  0.004740760839  0.021881908109 -0.037172726636  0.011091379045  0.246991790314  0.134838542237
  0.692913385827 -0.164088175077 -0.003190196299 -0.250051405544  0.126130967632  0.263203100582 -0.054157214209 -0.004770765481  0.018517697700 -0.037921628432  0.012545233910  0.263203100582  0.114601047284
  0.700787401575 -0.212379724983 -0.002949809029 -0.192776301760  0.097421745382  0.262056884764 -0.045138228694 -0.013854315219  0.014105341249 -0.036287848150  0.013201501354  0.262056884764  0.087337371278
  0.708661417323 -0.246005407906 -0.002510284065 -0.121473747489  0.061626344476  0.241966757082 -0.032886165690 -0.022051842641  0.008775903827 -0.032120677284  0.012950766420  0.241966757082  0.053703154382
  0.716535433071 -0.261640283060 -0.001927032444 -0.043819459773  0.022600123400  0.206666098055 -0.018756991743 -0.028639735266  0.003110230542 -0.025945844291  0.011858626951  0.206666098055  0.017308029108
  0.724409448819 -0.259918560216 -0.001223881395  0.037129246842 -0.018121327797  0.156487179342 -0.003290099749 -0.033408874684 -0.002663782041 -0.017971289718  0.009950479299  0.156487179342 -0.020410041721
  0.732283464567 -0.239304119283 -0.000465148709  0.113707167762 -0.056683273527  0.097849428641  0.012073515697 -0.035797346651 -0.008004862075 -0.008902989803  0.007382408968  0.097849428641 -0.055872387443
  0.740157480315 -0.203517816332  0.000309259800  0.182365794593 -0.091297347774  0.035040971557  0.026594651054 -0.035935699808 -0.012680727959  0.000782031882  0.004301851886  0.035040971557 -0.087443903021
  0.748031496063 -0.152853814459  0.001040461098  0.237178914873 -0.118978606273  0.042193655792  0.039071059269 -0.033525344198 -0.016305621063  0.010354321946  0.000921398086  0.042193655792 -0.112384207309
  0.755905511811 -0.093438407805  0.001685074900  0.275335863635 -0.138304810520  0.104065192289  0.048810370940 -0.029047799096 -0.018721822713  0.019213453870 -0.002530762445  0.104065192289 -0.129430186047
  0.763779527559 -0.026868597170  0.002203165602  0.294016619822 -0.147849676302  0.159267271144  0.055130758437 -0.022493291751 -0.019777454060  0.026783759693 -0.005839072587  0.159267271144 -0.137310673385
  0.771653543307  0.039580114203  0.002559482811  0.292002998310 -0.146989016145  0.204506030457  0.057587228454 -0.014619136387 -0.019433663091  0.032503181475 -0.008753563245  0.204506030457 -0.135521610291
  0.779527559055  0.103911581068  0.002742442448  0.270248303297 -0.136193056382  0.234405040342  0.056187764043 -0.005652217817 -0.017796158477  0.036102874884 -0.011115139453  0.234405040342 -0.124559343703
  0.787401574803  0.159228343686  0.002732658288  0.229371287987 -0.115761493713  0.248799783517  0.050834768926  0.003521111267 -0.014944708849  0.037194273774 -0.012713393246  0.248799783517 -0.104776810711
  0.795275590551  0.204120698814  0.002549959827  0.173904787459 -0.087966354133  0.245332098609  0.042240831481  0.012548179508 -0.011208576289  0.035904205019 -0.013495148946  0.245332098609 -0.078332053850
  0.803149606299  0.233498231069  0.002193030465  0.105887593457 -0.053824462506  0.225537453263  0.030631437121  0.020598519977 -0.006744621165  0.032091792066 -0.013337426116  0.225537453263 -0.046224179380
  0.811023622047  0.247294241736  0.001709168349  0.032433650573 -0.016909913239  0.190253469116  0.017280156516  0.027329293480 -0.002024856814  0.026279371581 -0.012318582436  0.190253469116 -0.011793592742
  0.818897637795  0.243217018286  0.001111706611 -0.043932650624  0.021511138353  0.142470356890  0.002599446347  0.032145304855  0.002784799958  0.018570083125 -0.010425274616  0.142470356890  0.023762539906
  0.826771653543  0.222831141432  0.000465485968 -0.115063758506  0.057339453952  0.086182623791 -0.011842895983  0.034834253720  0.007175585036  0.009789571580 -0.007861070943  0.086182623791  0.056651171484
  0.834645669291  0.186975037594 -0.000209151726 -0.179106583117  0.089640575349  0.029187508989 -0.025650701090  0.035166999126  0.011045411766  0.000208077037 -0.004713541067  0.029187508989  0.086021460997
  0.842519685039  0.138564097181 -0.000843309667 -0.228591183766  0.114650844381  0.047138313177 -0.037286884393  0.033132967946  0.013953719310 -0.009209811496 -0.001273235851  0.047138313177  0.108425668082
  0.850393700787  0.081185570657 -0.001419035379 -0.263353907522  0.132280323135  0.104963311863 -0.046578171462  0.028919677739  0.015917690671 -0.018152197894  0.002307947008  0.104963311863  0.123830062793
  0.858267716535  0.018322779533 -0.001877235290 -0.278063904748  0.139837537597  0.156177654278 -0.052323605015  0.022719736600  0.016644712464 -0.025714030747  0.005714205694  0.156177654278  0.129805352070
  0.866141732283 -0.044655819124 -0.002210671957 -0.274801661193  0.138358208215  0.197729415886 -0.054717857517  0.015095641343  0.016292413556 -0.031677769600  0.008783115150  0.197729415886  0.127381682204
  0.874015748031 -0.104769567140 -0.002381128023 -0.251252239938  0.126666691664  0.224243988908 -0.053111376977  0.006374530461  0.014754418443 -0.035383721470  0.011244063699  0.224243988908  0.115542465705
  0.881889763780 -0.156155513908 -0.002396901251 -0.211635394733  0.106874598706  0.236491358427 -0.048102477468 -0.002629671421  0.012308790712 -0.036814451978  0.012979727722  0.236491358427  0.096316171236
  0.889763779528 -0.197390359519 -0.002246567385 -0.156771181543  0.079385047915  0.231028833366 -0.039672247662 -0.011574449268  0.009027396624 -0.035685001971  0.013826375716  0.231028833366  0.070137488289
  0.897637795276 -0.223388442974 -0.001953870714 -0.092242782161  0.046998325181  0.211173165636 -0.028731733372 -0.019569622052  0.005252112246 -0.032221021680  0.013753263612  0.211173165636  0.039654537284
  0.905511811024 -0.235014024031 -0.001533900551 -0.021393865011  0.011391415038  0.175683904579 -0.015825481318 -0.026392633813  0.001185730136 -0.026555436128  0.012740871743  0.175683904579  0.006453548668
  0.913385826772 -0.228904003788 -0.001020822934  0.050097110953 -0.024582352877  0.130018099781 -0.001978153421 -0.031261460241 -0.002844720966 -0.019122008431  0.010860168121  0.130018099781 -0.026801534166
  0.921259842520 -0.208387800161 -0.000450247155  0.117492427750 -0.058538816563  0.075477042346  0.011889323523 -0.034185239922 -0.006576025886 -0.010420147718  0.008239188145  0.075477042346 -0.057907868655
  0.929133858268 -0.172235023541  0.000141871719  0.176456867180 -0.088294342499  0.025234815480  0.024896548886 -0.034640020123 -0.009776229388 -0.000985384206  0.005034404968  0.025234815480 -0.084861051162
  0.937007874016 -0.125781384360  0.000709296333  0.222172944824 -0.111418780536  0.052368676952  0.035998005606 -0.032920352656 -0.012194901822  0.008447257916  0.001489730557  0.052368676952 -0.105453817123
  0.944881889764 -0.069749122101  0.001224212521  0.252878285147 -0.127017510693  0.106023307517  0.044706730589 -0.028841703962 -0.013756111432  0.017391264941 -0.002196682188  0.106023307517 -0.118909972986
  0.952755905512 -0.010470175494  0.001640906911  0.264813961125 -0.133188672437  0.154408943918  0.050100731887 -0.022960212051 -0.014278911048  0.025051905313 -0.005723794244  0.154408943918 -0.123539066496
  0.960629921260  0.050044655703  0.001948260238  0.259476183355 -0.130673870217  0.191800220592  0.052259408174 -0.015427597390 -0.013869307357  0.031146505917 -0.008911617141  0.191800220592 -0.120100089654
  0.968503937008  0.105794530248  0.002110724771  0.234836722573 -0.118440483912  0.216001366249  0.050565493652 -0.006961257544 -0.012442976505  0.034996764669 -0.011472846468  0.216001366249 -0.107716782755
  0.976377952756  0.154395565958  0.002138697178  0.195587896423 -0.098838036598  0.224950836810  0.045711099835  0.002032529082 -0.010271839474  0.036639100567 -0.013304951485  0.224950836810 -0.088636756284
  0.984251968504  0.191494257693  0.002012521310  0.141463444085 -0.071722136073  0.000000000000  0.037450418208  0.010829306976 -0.007360301928  0.035641267082 -0.014198437710  0.000000000000 -0.062794319905
  0.992125984252  0.215173080260  0.001762195097  0.079276434524 -0.040512377035  0.099721586663  0.026940887435  0.018898035688 -0.004079064506  0.032373815277 -0.014163434694  0.099721586663 -0.033407247112
  1.000000000000  0.223483579890  0.001371870642  0.007933713348 -0.004652791995  0.210325549827  0.013860707494  0.025650896691 -0.000380949279  0.026493837965 -0.013056444343  0.210325549827  0.000000000000
