             Rad         v_r[Re]         v_t[Re]         v_x[Re]         p[Re]          p_mg[Re]  p_no_phase[Re]         v_r[Im]         v_t[Im]         v_x[Im]         p[Im]          p_mg[Im]  p_no_phase[Im]
  0.000000000000 -0.026975094016  0.000000000000 -0.001105957793 -0.001269234208  0.409602803432 -0.179176262837  0.241248479082  0.000000000000  0.368325352475 -0.184116298224  0.409602803432 -0.042382650495
  0.007874015748 -0.128045675423 -0.277640010221  0.166872603780 -0.082343230984  0.484449744800  0.086295563850  0.400671326770 -0.201945408513 -0.216213571560  0.108901846443  0.484449744800  0.105797426752
  0.015748031496 -0.039870269746 -0.423471297041  0.335500684372 -0.164415922524  0.383070745098  0.285365136365  0.120743297720 -0.198899362889 -0.664499315628  0.333815794530  0.383070745098  0.238814403260
  0.023622047244  0.267126785756 -0.223470036878  0.225180026129 -0.109950603180  0.524955872248  0.231033212010 -0.310512055983 -0.088030500702 -0.527143764639  0.264611612643  0.524955872248  0.169505444259
  0.031496062992  0.146065983781  0.054630117623 -0.361151446264  0.179715406319  0.443375869820 -0.038628427399 -0.461905059096  0.111984427416  0.163634325454 -0.083580697017  0.443375869820 -0.194399600769
  0.039370078740 -0.355623378635  0.158755032552 -0.139553099062  0.066651450465  0.484851976800 -0.289742040631  0.142391040162  0.030580643378  0.627761512064 -0.314482737201  0.484851976800 -0.139252855402
  0.047244094488 -0.003828785146 -0.036530304210  0.456184110582 -0.227229134719  0.448632108277  0.026771844635  0.524941909369 -0.094570764090 -0.161456390675  0.082962150395  0.448632108277  0.240414363960
  0.055118110236  0.380301769547 -0.107806216107 -0.100592138133  0.053267106518  0.417375306361  0.305190183569 -0.227931406388  0.021138747355 -0.603451906178  0.301143389186  0.417375306361  0.019587683384
  0.062992125984 -0.206894694232  0.053722111410 -0.407628983728  0.202122456859  0.411875169529 -0.114550727033 -0.438492901774  0.062546583739  0.330441955814 -0.167190949049  0.411875169529 -0.235975490139
  0.070866141732 -0.263580460134  0.057232349088  0.331845900568 -0.167950868165  0.348423787817 -0.241856759688  0.363037339144 -0.047995690735  0.419382755196 -0.207990742887  0.348423787817  0.113898863195
  0.078740157480  0.347880933171 -0.058513423153  0.205214867824 -0.100303755835  0.353507350565  0.200539838717  0.230610066337 -0.024141150772 -0.459844369619  0.230872623816  0.353507350565  0.152140674870
  0.086614173228  0.055347347823 -0.014639668707 -0.425476631491  0.213372317146  0.288121487240  0.116620732433 -0.408139469254  0.049057168516 -0.140269643892  0.068010298900  0.288121487240 -0.191187738225
  0.094488188976 -0.348336909590  0.046283208569  0.047907355860 -0.026140286209  0.288840563466 -0.221282248243  0.007780317095 -0.006337430322  0.443381864434 -0.221391526060  0.288840563466 -0.027049750219
  0.102362204724  0.140047782091 -0.011999557345  0.351355864757 -0.175063781806  0.237421843436  0.015652660678  0.324582910263 -0.033646062579 -0.114151046427  0.058797565786  0.237421843436  0.184009444476
  0.110236220472  0.226547361732 -0.025576409918 -0.232412291260  0.117615869011  0.227913752207  0.168348782745 -0.178017651658  0.021603784630 -0.291586428897  0.144602454666  0.227913752207 -0.080012810768
  0.118110236220 -0.240891590331  0.021413837144 -0.171479787532  0.084475297084  0.194049896600 -0.102587549699 -0.159374128425  0.013766618195  0.250756068929 -0.126191023728  0.194049896600 -0.111964480679
  0.125984251969 -0.058194032088  0.006286830261  0.285592353656 -0.143192197632  0.176106743799 -0.075372375261  0.230179465569 -0.022625072119  0.088181739250 -0.042665668232  0.176106743799  0.129009184773
  0.133858267717  0.227822903684 -0.018335361386 -0.015503803216  0.008979071464  0.156111822347  0.122737336240 -0.006434516439  0.001668602626 -0.248511173455  0.124143908599  0.156111822347  0.020685261886
  0.141732283465 -0.077258356022  0.005720434947 -0.220255031586  0.109722130639  0.135025995059 -0.011818867900 -0.178007047038  0.015224751598  0.075680171052 -0.038919004930  0.135025995059 -0.115818604975
  0.149606299213 -0.137720730054  0.009779343240  0.133269649861 -0.067366350606  0.123008818477 -0.088973199627  0.109756939301 -0.009098787065  0.151668851434 -0.075153807787  0.123008818477  0.047645459038
  0.157480314961  0.136430526800 -0.009575526187  0.097967156881 -0.048229600001  0.103709096567  0.061709381766  0.075878932738 -0.005887310019 -0.149627486230  0.075277310833  0.103709096567  0.064689412152
  0.165354330709  0.030286677203 -0.001588639172 -0.157755126654  0.079008907511  0.094905060807  0.033032471731 -0.131585472320  0.009491901566 -0.031040100258  0.014735286614  0.094905060807 -0.073269311099
  0.173228346457 -0.121692387714  0.007759575512  0.014134318673 -0.007739248554  0.080003429431 -0.067939357288  0.017948041557 -0.001028728069  0.136263734745 -0.068042764941  0.080003429431 -0.008599858153
  0.181102362205  0.046337750098 -0.003238014526  0.112095832804 -0.055754710362  0.071992968112  0.014565647289  0.092781407764 -0.006036684533 -0.056081194407  0.028587226118  0.071992968112  0.060939799341
  0.188976377953  0.065636820903 -0.003735867422 -0.075489930438  0.038097960566  0.061745072518  0.044358865121 -0.068547635324  0.004061736981 -0.073505486051  0.036368956854  0.061745072518 -0.028398005338
  0.196850393701 -0.073322149565  0.004416821146 -0.040775207434  0.019952877226  0.054080039809 -0.037582635648 -0.032006422853  0.001925342845  0.086718799753 -0.043548902125  0.054080039809 -0.029701341446
  0.204724409449 -0.006511879410  0.000181781359  0.081082222204 -0.040559718643  0.047372207914 -0.012165792654  0.071697858296 -0.003926815234  0.006068779419 -0.002632432244  0.047372207914  0.038781618906
  0.212598425197  0.059289947170 -0.003241904254 -0.017308603322  0.008998913530  0.040535057870  0.036118119561 -0.017238217565  0.000898399122 -0.070155156185  0.034982078973  0.040535057870 -0.000455777773
  0.220472440945 -0.030439450465  0.001695436893 -0.050975890941  0.025301046915  0.035962257816 -0.011894635162 -0.044700006277  0.002241158383  0.036330592214 -0.018412352936  0.035962257816 -0.028942622031
  0.228346456693 -0.026632649416  0.001333470639  0.043679297234 -0.021991895265  0.030464930492 -0.020549365697  0.039176881803 -0.001932003949  0.032019314710 -0.015789074227  0.030464930492  0.017625603301
  0.236220472441  0.039057041954 -0.001948577611  0.012320252070 -0.005929979073  0.026989080082  0.021077575942  0.010846123288 -0.000460983716 -0.046173170349  0.023141032070  0.026989080082  0.011243122764
  0.244094488189 -0.003332325657  0.000170234118 -0.040504223150  0.020231334970  0.022964581010  0.003118096529 -0.035807535422  0.001638219114  0.003047349177 -0.001723614717  0.022964581010 -0.020063779215
  0.251968503937 -0.027570847107  0.001269752035  0.015074942808 -0.007697440164  0.020079731688 -0.017663375492  0.012959952918 -0.000628541114  0.032766350157 -0.016303988796  0.020079731688  0.003616047842
  0.259842519685  0.019105922217 -0.000848334967  0.021565715537 -0.010672641021  0.017301899860  0.008097267257  0.019062376030 -0.000797658548 -0.021666419693  0.010936842650  0.017301899860  0.012959708966
  0.267716535433  0.009349653224 -0.000399910323 -0.024352413430  0.012229738018  0.014882148717  0.008371761512 -0.020975127307  0.000912077120 -0.011514228466  0.005635025170  0.014882148717 -0.010546734558
  0.275590551181 -0.020011438327  0.000826918669 -0.001636351337  0.000704230182  0.012972928352 -0.011004383904 -0.001654678450  0.000035261749  0.022987293149 -0.011498505477  0.012972928352 -0.003408093784
  0.283464566929  0.004957003854 -0.000202036985  0.019289374663 -0.009616052168  0.011036829421  0.000359267464  0.016576605550 -0.000668051294 -0.005239637834  0.002714503352  0.011036829421  0.009985385052
  0.291338582677  0.012037655351 -0.000462658933 -0.010322610168  0.005228700283  0.009656602494  0.007947825336 -0.008750611640  0.000364001041 -0.013917551426  0.006905751939  0.009656602494 -0.003443949610
  0.299212598425 -0.010903570569  0.000414666070 -0.008239967675  0.004057947181  0.008205176502 -0.005054535486 -0.007029154918  0.000260882844  0.012306109877 -0.006192084656  0.008205176502 -0.005409299282
  0.307086614173 -0.002450554044  0.000081349001  0.012621747680 -0.006323364435  0.007139163382 -0.002837913789  0.010761337675 -0.000409292564  0.002884117779 -0.001379214756  0.007139163382  0.005816649933
  0.314960629921  0.009568075351 -0.000341127928 -0.001434542439  0.000770992153  0.006106850794  0.005469323622 -0.001304571122  0.000054806472 -0.010900403711  0.005441570915  0.006106850794  0.000540020406
  0.322834645669 -0.003915934181  0.000144739058 -0.008492803914  0.004223038566  0.005256714340 -0.001216616679 -0.007210435557  0.000256366389  0.004481190040 -0.002281976996  0.005256714340 -0.004643416586
  0.330708661417 -0.004724325020  0.000155741106  0.006160263233 -0.003105884083  0.004536395835 -0.003319388244  0.005352420657 -0.000188876304  0.005381109223 -0.002659323097  0.004536395835  0.002387504336
  0.338582677165  0.005731473460 -0.000195067296  0.002559944464 -0.001246949028  0.003868259595  0.002923401837  0.002108041411 -0.000069313923 -0.006602729608  0.003313099051  0.003868259595  0.001996303810
  0.346456692913  0.000025636528  0.000005350404 -0.006083862955  0.003041004636  0.003354716728  0.000684238643 -0.005256651826  0.000173724868  0.000014234905 -0.000037211524  0.003354716728 -0.002963260261
  0.354330708661 -0.004235175451  0.000135147244  0.001795346846 -0.000921616832  0.002850937320 -0.002585015912  0.001625477182 -0.000054016653  0.004891202433 -0.002436031337  0.002850937320  0.000318306445
  0.362204724409  0.002548274735 -0.000083964344  0.003387610196 -0.001678598957  0.002468192638  0.001064597036  0.002910279741 -0.000090219279 -0.002977492833  0.001505085341  0.002468192638  0.001987362446
  0.370078740157  0.001567201900 -0.000045928982 -0.003380008614  0.001698502977  0.002104100690  0.001267136530 -0.002966142702  0.000091741783 -0.001814172151  0.000890110234  0.002104100690 -0.001439296219
  0.377952755906 -0.002828962920  0.000086663052 -0.000433057201  0.000200151331  0.001809265091 -0.001556429092 -0.000353287988  0.000008879286  0.003298309896 -0.001650832924  0.001809265091 -0.000585524021
  0.385826771654  0.000572426163 -0.000018945069  0.002751180296 -0.001371935391  0.001552066365  0.000008987252  0.002400896330 -0.000070066415 -0.000660513640  0.000343773569  0.001552066365  0.001414321821
  0.393700787402  0.001732385959 -0.000049968827 -0.001362188074  0.000690930420  0.001324650912  0.001141585680 -0.001194185330  0.000035681566 -0.002027168548  0.001006560344  0.001324650912 -0.000432817173
  0.401574803150 -0.001480244651  0.000043072685 -0.001192127256  0.000587415176  0.001141740569 -0.000699114253 -0.001040344147  0.000028168949  0.001714344256 -0.000862828098  0.001141740569 -0.000775092367
  0.409448818898 -0.000370098201  0.000009605795  0.001731879615 -0.000867906348  0.000970620180 -0.000414264351  0.001507294704 -0.000042155600  0.000446815272 -0.000214777356  0.000970620180  0.000792323033
  0.417322834646  0.001315754470 -0.000036094839 -0.000181963714  0.000098513457  0.000836736515  0.000764349806 -0.000153265178  0.000005344549 -0.001527676297  0.000762722947  0.000836736515  0.000084973933
  0.425196850394 -0.000532056825  0.000014791934 -0.001162860161  0.000578285339  0.000712087537 -0.000161244887 -0.001010191597  0.000026659124  0.000602612723 -0.000306974049  0.000712087537 -0.000634544787
  0.433070866142 -0.000642318495  0.000016589956  0.000844561392 -0.000425873009  0.000611279576 -0.000461153533  0.000727688453 -0.000019782176  0.000750212239 -0.000370822578  0.000611279576  0.000325905850
  0.440944881890  0.000783185388 -0.000020380442  0.000338324895 -0.000164669122  0.000522462079  0.000399048810  0.000294531229 -0.000007017389 -0.000898689553  0.000450891917  0.000522462079  0.000266794843
  0.448818897638 -0.000006694866  0.000000542859 -0.000826429731  0.000413093043  0.000445935402  0.000093348137 -0.000712056064  0.000018217075  0.000001109083 -0.000004642625  0.000445935402 -0.000402434518
  0.456692913386 -0.000570086338  0.000014059949  0.000256462528 -0.000131441803  0.000382702612 -0.000348625839  0.000220599833 -0.000005960566  0.000656302269 -0.000326790060  0.000382702612  0.000050286338
  0.464566929134  0.000352771407 -0.000008858370  0.000448602634 -0.000222243664  0.000325408840  0.000145307348  0.000385381575 -0.000009309412 -0.000403184939  0.000203754892  0.000325408840  0.000264185686
  0.472440944882  0.000201673111 -0.000004593387 -0.000461404920  0.000231787512  0.000279556455  0.000165586349 -0.000397726463  0.000009801160 -0.000232471035  0.000113920283  0.000279556455 -0.000198203033
  0.480314960630 -0.000380843971  0.000009040309 -0.000045972623  0.000020815214  0.000237687092 -0.000207790033 -0.000037671728  0.000000690477  0.000437574977 -0.000218953312  0.000237687092 -0.000072091109
  0.488188976378  0.000085453845 -0.000002211881  0.000364824239 -0.000181872211  0.000203675171  0.000006630056  0.000313988143 -0.000007336649 -0.000098759800  0.000051170736  0.000203675171  0.000188817340
  0.496062992126  0.000225465523 -0.000005064011 -0.000189568639  0.000096040354  0.000173671903  0.000147763975 -0.000165278884  0.000003928020 -0.000259299291  0.000128675373  0.000173671903 -0.000062824429
  0.503937007874 -0.000200242774  0.000004627811 -0.000149798487  0.000073733181  0.000148176426 -0.000095654672 -0.000128054618  0.000002811668  0.000231454586 -0.000116435745  0.000148176426 -0.000099217177
  0.511811023622 -0.000041534646  0.000000789202  0.000229850399 -0.000115127161  0.000126773683 -0.000049170849  0.000199395207 -0.000004469258  0.000047366752 -0.000022539668  0.000126773683  0.000106510691
  0.519685039370  0.000171260081 -0.000003754558 -0.000031940983  0.000016946085  0.000107795852  0.000100075758 -0.000028842928  0.000000715424 -0.000198123334  0.000098875770  0.000107795852  0.000006959191
  0.527559055118 -0.000074915211  0.000001710537 -0.000147693641  0.000073395616  0.000092352582 -0.000025576430 -0.000127843515  0.000002723385  0.000087007328 -0.000044222037  0.000092352582 -0.000081782340
  0.535433070866 -0.000078612753  0.000001623712  0.000114037690 -0.000057453540  0.000078474798 -0.000057311867  0.000099456532 -0.000002155101  0.000091117772 -0.000044981930  0.000078474798  0.000045162297
  0.543307086614  0.000102884656 -0.000002191881  0.000037342766 -0.000018075951  0.000067132689  0.000053834579  0.000032166648 -0.000000618198 -0.000119302808  0.000059819339  0.000067132689  0.000031732184
  0.551181102362 -0.000006103788  0.000000176999 -0.000105999946  0.000052951194  0.000057152867  0.000008710520 -0.000092150654  0.000001899210  0.000006844237 -0.000003945523  0.000057152867 -0.000052378649
  0.559055118110 -0.000071137632  0.000001442608  0.000038104743 -0.000019455620  0.000048733289 -0.000044539013  0.000033132028 -0.000000715947  0.000082600251 -0.000041099999  0.000048733289  0.000009165555
  0.566929133858  0.000048263909 -0.000000998387  0.000053688188 -0.000026561087  0.000041600577  0.000021006639  0.000046662544 -0.000000909285 -0.000055681620  0.000028098560  0.000041600577  0.000032461385
  0.574803149606  0.000022049511 -0.000000414538 -0.000060818216  0.000030528247  0.000035368159  0.000019475861 -0.000052728259  0.000001059471 -0.000025814337  0.000012602675  0.000035368159 -0.000026673809
  0.582677165354 -0.000048710686  0.000000956752 -0.000001601857  0.000000522190  0.000030235122 -0.000027225475 -0.000001484083 -0.000000000004  0.000056300914 -0.000028150456  0.000030235122 -0.000007175956
  0.590551181102  0.000013960323 -0.000000287799  0.000045238919 -0.000022534479  0.000025680853  0.000002596437  0.000039188230 -0.000000750330 -0.000015891204  0.000008167156  0.000025680853  0.000023827793
  0.598425196850  0.000026832393 -0.000000501199 -0.000026699423  0.000013499677  0.000021936184  0.000018160611 -0.000023041904  0.000000456040 -0.000031074938  0.000015401016  0.000021936184 -0.000009467036
  0.606299212598 -0.000026670980  0.000000508180 -0.000016446752  0.000008069322  0.000018654410 -0.000013063634 -0.000014241539  0.000000254139  0.000030673796 -0.000015413940  0.000018654410 -0.000011491081
  0.614173228346 -0.000003077339  0.000000045025  0.000029526879 -0.000014777266  0.000015895334 -0.000005124092  0.000025495808 -0.000000477316  0.000003635224 -0.000001671035  0.000015895334  0.000013960789
  0.622047244094  0.000021262908 -0.000000386799 -0.000006235787  0.000003238197  0.000013546133  0.000012633456 -0.000005393045  0.000000110268 -0.000024496617  0.000012214012  0.000013546133 -0.000000252618
  0.629921259843 -0.000010856405  0.000000203904 -0.000017589775  0.000008730666  0.000011513946 -0.000004077843 -0.000015169888  0.000000270692  0.000012481765 -0.000006326140  0.000011513946 -0.000009980770
  0.637795275591 -0.000008738353  0.000000149382  0.000015354697 -0.000007724986  0.000009825767 -0.000006644945  0.000013277907 -0.000000242632  0.000010066796 -0.000004956023  0.000009825767  0.000006331057
  0.645669291339  0.000013252011 -0.000000235469  0.000003293316 -0.000001570640  0.000008342848  0.000007060834  0.000002807480 -0.000000043805 -0.000015273071  0.000007650677  0.000008342848  0.000003338321
  0.653543307087 -0.000001833162  0.000000037909 -0.000013154969  0.000006565097  0.000007116972  0.000000457706 -0.000011367078  0.000000198230  0.000002129789 -0.000001129670  0.000007116972 -0.000006645837
  0.661417322835 -0.000008468286  0.000000143616  0.000005724774 -0.000002909882  0.000006047266 -0.000005403497  0.000004983355 -0.000000089790  0.000009763955 -0.000004852284  0.000006047266  0.000001677586
  0.669291338583  0.000006550182 -0.000000114497  0.000005993573 -0.000002958470  0.000005149221  0.000003006595  0.000005167032 -0.000000085413 -0.000007574943  0.000003816055  0.000005149221  0.000003778255
  0.677165354331  0.000002087870 -0.000000031832 -0.000007843276  0.000003932416  0.000004382596  0.000002060314 -0.000006803828  0.000000115593 -0.000002401925  0.000001161825  0.000004382596 -0.000003545256
  0.685039370079 -0.000006030103  0.000000100510  0.000000505658 -0.000000287256  0.000003724003 -0.000003452257  0.000000455278 -0.000000010169  0.000006973684 -0.000003483359  0.000003724003 -0.000000546102
  0.692913385827  0.000002214462 -0.000000038806  0.000005363879 -0.000002668495  0.000003173547  0.000000639370  0.000004648724 -0.000000075546 -0.000002565192  0.000001308769  0.000003173547  0.000002902576
  0.700787401575  0.000002995187 -0.000000047467 -0.000003681864  0.000001857564  0.000002693769  0.000002105998 -0.000003199374  0.000000053373 -0.000003466932  0.000001714764  0.000002693769 -0.000001398475
  0.708661417323 -0.000003454752  0.000000056446 -0.000001604802  0.000000782400  0.000002295385 -0.000001763623 -0.000001390282  0.000000020817  0.000003997386 -0.000002006069  0.000002295385 -0.000001235353
  0.716535433071 -0.000000030642 -0.000000000879  0.000003657369 -0.000001828370  0.000001949172 -0.000000435187  0.000003173399 -0.000000050516  0.000000040438 -0.000000002121  0.000001949172  0.000001775824
  0.724409448819  0.000002519172 -0.000000039401 -0.000001101661  0.000000565102  0.000001658615  0.000001544786 -0.000000954025  0.000000016179 -0.000002916231  0.000001452255  0.000001658615 -0.000000204988
  0.732283464567 -0.000001536625  0.000000024700 -0.000001964990  0.000000973451  0.000001410337 -0.000000639517 -0.000001705162  0.000000025867  0.000001772285 -0.000000895613  0.000001410337 -0.000001157907
  0.740157480315 -0.000000872059  0.000000012770  0.000002013229 -0.000001011340  0.000001198005 -0.000000721654  0.000001743211 -0.000000027296  0.000001012601 -0.000000496199  0.000001198005  0.000000865008
  0.748031496063  0.000001651394 -0.000000025285  0.000000175839 -0.000000078463  0.000001019820  0.000000908213  0.000000154598 -0.000000001608 -0.000001906705  0.000000953954  0.000001019820  0.000000302214
  0.755905511811 -0.000000390938  0.000000006443 -0.000001565137  0.000000780133  0.000000865424 -0.000000040127 -0.000001355071  0.000000020319  0.000000447692 -0.000000231525  0.000000865424 -0.000000812774
  0.763779527559 -0.000000952442  0.000000013944  0.000000841227 -0.000000425938  0.000000736668 -0.000000631252  0.000000726684 -0.000000011303  0.000001100409 -0.000000545888  0.000000736668  0.000000284498
  0.771653543307  0.000000871833 -0.000000013103  0.000000611147 -0.000000300518  0.000000625279  0.000000419579  0.000000529094 -0.000000007469 -0.000001004532  0.000000505148  0.000000625279  0.000000411630
  0.779527559055  0.000000149117 -0.000000001838 -0.000000986049  0.000000493741  0.000000531606  0.000000196183 -0.000000852480  0.000000012577 -0.000000172885  0.000000081540  0.000000531606 -0.000000460371
  0.787401574803 -0.000000722111  0.000000010402  0.000000168376 -0.000000088283  0.000000451550 -0.000000424466  0.000000145723 -0.000000002413  0.000000832652 -0.000000415376  0.000000451550 -0.000000012629
  0.795275590551  0.000000338902 -0.000000005078  0.000000607956 -0.000000301959  0.000000383355  0.000000121197  0.000000525471 -0.000000007425 -0.000000390845  0.000000198375  0.000000383355  0.000000340358
  0.803149606299  0.000000311665 -0.000000004251 -0.000000497555  0.000000250485  0.000000325675  0.000000231408 -0.000000430662  0.000000006255 -0.000000359246  0.000000177111  0.000000325675 -0.000000201398
  0.811023622047 -0.000000437256  0.000000006202 -0.000000130883  0.000000062926  0.000000276166 -0.000000230806 -0.000000112714  0.000000001421  0.000000504671 -0.000000252912  0.000000276166 -0.000000121048
  0.818897637795  0.000000045717 -0.000000000794  0.000000439718 -0.000000219534  0.000000234604 -0.000000024056  0.000000380619 -0.000000005294 -0.000000053203  0.000000028769  0.000000234604  0.000000220100
  0.826771653543  0.000000286792 -0.000000003902 -0.000000177740  0.000000090483  0.000000198623  0.000000181386 -0.000000154320  0.000000002240 -0.000000331127  0.000000164637  0.000000198623 -0.000000048906
  0.834645669291 -0.000000210418  0.000000002955 -0.000000206599  0.000000102067  0.000000168848 -0.000000095003 -0.000000178862  0.000000002367  0.000000243372 -0.000000122674  0.000000168848 -0.000000128222
  0.842519685039 -0.000000076006  0.000000000946  0.000000255863 -0.000000128330  0.000000142950 -0.000000071811  0.000000221951 -0.000000003034  0.000000087805 -0.000000042624  0.000000142950  0.000000114580
  0.850393700787  0.000000198427 -0.000000002668 -0.000000010183  0.000000006226  0.000000121408  0.000000112947 -0.000000008831  0.000000000194 -0.000000229641  0.000000114738  0.000000121408  0.000000021132
  0.858267716535 -0.000000068735  0.000000000974 -0.000000177531  0.000000088347  0.000000103631 -0.000000018508 -0.000000154225  0.000000002020  0.000000079451 -0.000000040593  0.000000103631 -0.000000095449
  0.866141732283 -0.000000099718  0.000000001284  0.000000118055 -0.000000059584  0.000000087794 -0.000000069767  0.000000102426 -0.000000001386  0.000000115765 -0.000000057282  0.000000087794  0.000000044318
  0.874015748031  0.000000111926 -0.000000001485  0.000000053713 -0.000000026207  0.000000075940  0.000000057027  0.000000047037 -0.000000000566 -0.000000129681  0.000000065088  0.000000075940  0.000000040880
  0.881889763780  0.000000001344  0.000000000015 -0.000000118994  0.000000059490  0.000000065295  0.000000014510 -0.000000103622  0.000000001336 -0.000000002037  0.000000000430  0.000000065295 -0.000000057695
  0.889763779528 -0.000000081950  0.000000001051  0.000000036645 -0.000000018790  0.000000056325 -0.000000050666  0.000000031496 -0.000000000438  0.000000095526 -0.000000047568  0.000000056325  0.000000006987
  0.897637795276  0.000000051436 -0.000000000676  0.000000063449 -0.000000031421  0.000000050498  0.000000021754  0.000000055868 -0.000000000681 -0.000000059495  0.000000030053  0.000000050498  0.000000037646
  0.905511811024  0.000000027426 -0.000000000337 -0.000000067873  0.000000034089  0.000000043333  0.000000023652 -0.000000059256  0.000000000752 -0.000000032746  0.000000016033  0.000000043333 -0.000000029320
  0.913385826772 -0.000000056174  0.000000000716 -0.000000003824  0.000000001585  0.000000039053 -0.000000031675 -0.000000004110  0.000000000021  0.000000065960 -0.000000032990  0.000000039053 -0.000000009355
  0.921259842520  0.000000014996 -0.000000000197  0.000000054078 -0.000000026948  0.000000035296  0.000000002057  0.000000048221 -0.000000000576 -0.000000016845  0.000000008688  0.000000035296  0.000000028239
  0.929133858268  0.000000034006 -0.000000000430 -0.000000030807  0.000000015603  0.000000029073  0.000000023572 -0.000000026858  0.000000000341 -0.000000041233  0.000000020458  0.000000029073 -0.000000010312
  0.937007874016 -0.000000032027  0.000000000410 -0.000000023732  0.000000011674  0.000000028267 -0.000000015873 -0.000000022348  0.000000000239  0.000000038145 -0.000000019185  0.000000028267 -0.000000015886
  0.944881889764 -0.000000008682  0.000000000112  0.000000037279 -0.000000018693  0.000000021701 -0.000000009958  0.000000034212 -0.000000000394  0.000000011756 -0.000000005692  0.000000021701  0.000000016812
  0.952755905512  0.000000029069 -0.000000000382 -0.000000000338  0.000000000351  0.000000020093  0.000000017969  0.000000000492  0.000000000014 -0.000000036834  0.000000018410  0.000000020093  0.000000004020
  0.960629921260 -0.000000005745  0.000000000082 -0.000000027933  0.000000013927  0.000000018024 -0.000000000308 -0.000000027677  0.000000000286  0.000000007151 -0.000000003713  0.000000018024 -0.000000014410
  0.968503937008 -0.000000019291  0.000000000268  0.000000009090 -0.000000004675  0.000000016569 -0.000000013930  0.000000009940 -0.000000000101  0.000000026493 -0.000000013198  0.000000016569  0.000000001415
  0.976377952756  0.000000007248 -0.000000000137  0.000000018094 -0.000000008981  0.000000017574  0.000000004254  0.000000018741 -0.000000000180 -0.000000012961  0.000000006568  0.000000017574  0.000000010281
  0.984251968504  0.000000014323 -0.000000000184 -0.000000005682  0.000000002932  0.000000000000  0.000000009652 -0.000000010941  0.000000000062 -0.000000018500  0.000000009220  0.000000000000 -0.000000000664
  0.992125984252 -0.000000001612  0.000000000093 -0.000000017966  0.000000008937  0.343316069090 -0.000000002246 -0.000000016490  0.000000000177  0.000000008806 -0.000000004491  0.343316069090 -0.000000009747
  1.000000000000 -0.000000016750 -0.000000000004 -0.000000000095  0.000000000049  0.467855635827  0.000000000209 -0.000000005319  0.000000000001 -0.000000000407  0.000000000203  0.467855635827  0.000000000000
