             Rad         v_r[Re]         v_t[Re]         v_x[Re]         p[Re]          p_mg[Re]  p_no_phase[Re]         v_r[Im]         v_t[Im]         v_x[Im]         p[Im]          p_mg[Im]  p_no_phase[Im]
  0.000000000000  0.000224672760  0.000000000000 -0.000060752088  0.000083333838  0.054059253825  0.000123757719 -0.012178945728  0.000000000000 -0.000323485280  0.000162720421  0.054059253825  0.000134560362
  0.007874015748  0.000365111135  0.016710756499  0.000075544649 -0.000103562704  0.071851520819 -0.000153775597 -0.019905539539  0.000305561922  0.000401856586 -0.000202131293  0.071851520819 -0.000167138742
  0.015748031496  0.000667753132  0.035912951373  0.000324540377 -0.000445049333  0.089650226218 -0.000660888315 -0.036114669567  0.000660111982  0.001727287495 -0.000868841479  0.089650226218 -0.000718457417
  0.023622047244  0.001014777267  0.054251637831  0.000734858355 -0.001008196554  0.107194473136 -0.001497328213 -0.054049728503  0.001004685501  0.003914082823 -0.001968907776  0.107194473136 -0.001628209551
  0.031496062992  0.001376750924  0.072037476703  0.001299659832 -0.001784278368  0.124610283936 -0.002650385979 -0.071838329608  0.001348381289  0.006929983282 -0.003486225992  0.124610283936 -0.002883205703
  0.039370078740  0.001763419299  0.090021860992  0.002027465314 -0.002785816535  0.141750290170 -0.004138975372 -0.089632881318  0.001707463409  0.010825651189 -0.005446437079  0.141750290170 -0.004504812259
  0.047244094488  0.002174655601  0.107756853983  0.002907449418 -0.003999162205  0.158677138328 -0.005943284178 -0.107172412234  0.002077381022  0.015551062153 -0.007824603069  0.158677138328 -0.006472641247
  0.055118110236  0.002619891916  0.125527928367  0.003943807313 -0.005431334753  0.175285631751 -0.008074218797 -0.124582739691  0.002465440160  0.021136580586 -0.010636235494  0.175285631751 -0.008799766673
  0.062992125984  0.003100515658  0.143087695258  0.005126083050 -0.007069740588  0.191608743109 -0.010513743199 -0.141716377197  0.002870987921  0.027537629908 -0.013859239770  0.191608743109 -0.011468258932
  0.070866141732  0.003624891588  0.160600784190  0.006456202180 -0.008918680058  0.207564147344 -0.013268876039 -0.158635728601  0.003298760996  0.034774991158 -0.017504380811  0.207564147344 -0.014487343795
  0.078740157480  0.004194520709  0.177904054427  0.007923532574 -0.010965862918  0.223169113815 -0.016322239492 -0.175235437895  0.003749805304  0.042806608226 -0.021550934243  0.223169113815 -0.017840331114
  0.086614173228  0.004817250807  0.195104533616  0.009528242697 -0.013213530285  0.238355431701 -0.019677927839 -0.191548178092  0.004227443675  0.051646133406 -0.026006144972  0.238355431701 -0.021533604317
  0.094488188976  0.005494264423  0.212082795764  0.011259221487 -0.015649270386  0.253131471129 -0.023318586829 -0.207491417464  0.004733638175  0.061252358131 -0.030849815515  0.253131471129 -0.025551013467
  0.102362204724  0.006233078480  0.228913447896  0.013115186819 -0.018273636018  0.267438591866 -0.027245918337 -0.223082052379  0.005270743850  0.071633123786 -0.036086324374  0.267438591866 -0.029896630481
  0.110236220472  0.007034325350  0.245503296289  0.015084403921 -0.021073879708  0.281280081419 -0.031442267683 -0.238251610883  0.005841287420  0.082747199576 -0.041695560512  0.281280081419 -0.034554478369
  0.118110236220  0.007905246834  0.261906760247  0.017164362757 -0.024049116039  0.294604298954 -0.035907294669 -0.253008001353  0.006446861543  0.094597450453 -0.047679445396  0.294604298954 -0.039526645255
  0.125984251969  0.008845777388  0.278047971031  0.019342641480 -0.027186153561  0.307411812514 -0.040622875254 -0.267292260721  0.007090367155  0.107142150483 -0.054017712542  0.307411812514 -0.044797122897
  0.133858267717  0.009862887292  0.293967876344  0.021615683996 -0.030482857344  0.319656432683 -0.045586884251 -0.281107110649  0.007772738284  0.120379771007 -0.060710108145  0.319656432683 -0.050366236777
  0.141732283465  0.010955708430  0.309602880211  0.023970366608 -0.033925544894  0.331337582930 -0.050780648139 -0.294400518707  0.008497132667  0.134267842182 -0.067736080099  0.331337582930 -0.056217834520
  0.149606299213  0.012130920177  0.324984484550  0.026402248306 -0.037510987171  0.342413551289 -0.056200462518 -0.307172367327  0.009263880859  0.148800883264 -0.075093409098  0.342413551289 -0.062350639621
  0.157480314961  0.013386773238  0.340058277823  0.028897521191 -0.041225002944  0.352883727597 -0.061827080806 -0.319375999816  0.010076317808  0.163935572047 -0.082761196875  0.352883727597 -0.068748299287
  0.165354330709  0.014729626714  0.354848894446  0.031451009964 -0.045063405704  0.362710245364 -0.067655395646 -0.331010017913  0.010934200563  0.179662833685 -0.090735425551  0.362710245364 -0.075408059406
  0.173228346457  0.016156789750  0.369309111980  0.034048263506 -0.049011535153  0.371893280153 -0.073665602675 -0.342032159675  0.011840983378  0.195938479915 -0.098994836943  0.371893280153 -0.082313348261
  0.181102362205  0.017674268455  0.383458436230  0.036683517741 -0.053064373175  0.380398392528 -0.079851350394 -0.352440839628  0.012795866103  0.212750148676 -0.107533755127  0.380398392528 -0.089460035951
  0.188976377953  0.019278384374  0.397255488483  0.039341737006 -0.057206820171  0.388227169645 -0.086192320200 -0.362197551051  0.013802377942  0.230052839679 -0.116330581535  0.388227169645 -0.096831340034
  0.196850393701  0.020974758322  0.410715868504  0.042016711691 -0.061433146053  0.395348319214 -0.092681064828 -0.371301321485  0.014859170370  0.247831178681 -0.125378106109  0.395348319214 -0.104421842293
  0.204724409449  0.022758690549  0.423803102799  0.044692894109 -0.065727867026  0.401765331500 -0.099296816362 -0.379716972286  0.015969812317  0.266039457948 -0.134654434172  0.401765331500 -0.112214577512
  0.212598425197  0.024635386982  0.436529774488  0.047363771528 -0.070084657068  0.407449874380 -0.106031173869 -0.387444748266  0.017132411771  0.284659546060 -0.144150934911  0.407449874380 -0.120202917436
  0.220472440945  0.026599104130  0.448863642045  0.050013367737 -0.074487715275  0.412407736103 -0.112863001666 -0.394452508123  0.018350548785  0.303645171340 -0.153845480811  0.412407736103 -0.128369757139
  0.228346456693  0.028654607680  0.460814937586  0.052635009044 -0.078930233616  0.416613422368 -0.119783083447 -0.400742180278  0.019621790947  0.322975687665 -0.163728127051  0.416613422368 -0.136707330770
  0.236220472441  0.030795098589  0.472355156945  0.055212382914 -0.083396170624  0.420075343193 -0.126770010407 -0.406284459505  0.020949705945  0.342604433513 -0.173776591474  0.420075343193 -0.145198448617
  0.244094488189  0.033024882217  0.483492691399  0.057738796647 -0.087878348849  0.422770766999 -0.133813886771 -0.411083322396  0.022331323630  0.362508482754 -0.183979717883  0.422770766999 -0.153834276076
  0.251968503937  0.035336102418  0.494202403006  0.060197700361 -0.092360570244  0.424710997013 -0.140893135607 -0.415112157811  0.023770180015  0.382640982458 -0.194315159577  0.424710997013 -0.162597603045
  0.259842519685  0.037732590134  0.504491241061  0.062582523780 -0.096835399508  0.425876026659 -0.147997315939 -0.418377276630  0.025262770339  0.402976956421 -0.204770649160  0.425876026659 -0.171478592921
  0.267716535433  0.040205440574  0.514337149830  0.064876583721 -0.101286571759  0.426280286743 -0.155104795790 -0.420854658971  0.026812583223  0.423469578133 -0.215323875010  0.426280286743 -0.180460087252
  0.275590551181  0.042758002658  0.523745953672  0.067073572701 -0.105706504376  0.425906491413 -0.162204721881 -0.422553173213  0.028415583492  0.444092048331 -0.225961557324  0.425906491413 -0.189531313125
  0.283464566929  0.045380341207  0.532698457470  0.069156781795 -0.110078959673  0.424772410712 -0.169275526446 -0.423451313276  0.030075199854  0.464797800078 -0.236661526790  0.424772410712 -0.198675241969
  0.291338582677  0.048075322340  0.541199616093  0.071120304909 -0.114396317004  0.422863510272 -0.176306075411 -0.423560675993  0.031786872399  0.485558436161 -0.247409589257  0.422863510272 -0.207880229876
  0.299212598425  0.050832008332  0.549232918706  0.072947516997 -0.118642462872  0.420201104002 -0.183274988921 -0.422862207293  0.033553960345  0.506327894233 -0.258183830948  0.420201104002 -0.217129461370
  0.307086614173  0.053652788737  0.556802658720  0.074633049374 -0.122809846302  0.416773482710 -0.190170981981 -0.421370358667  0.035371386488  0.527076402801 -0.268969241058  0.416773482710 -0.226410486940
  0.314960629921  0.056525760482  0.563894866272  0.076160471160 -0.126882576725  0.412605721533 -0.196972989262 -0.419068474980  0.037242433722  0.547758657926 -0.279744279156  0.412605721533 -0.235706791370
  0.322834645669  0.059452849879  0.570513344096  0.077525083640 -0.130853278466  0.407689069372 -0.203669702672 -0.415973949239  0.039161516953  0.568343736103 -0.290493215276  0.407689069372 -0.245005185293
  0.330708661417  0.062421234790  0.576646544152  0.078710759747 -0.134706383237  0.402052620345 -0.210240499498 -0.412072475831  0.041131838521  0.588787351678 -0.301195003469  0.402052620345 -0.254289543966
  0.338582677165  0.065432398668  0.582297919451  0.079713598914 -0.138434793695  0.395690802484 -0.216674173824 -0.407384440850  0.043147316932  0.609057649734 -0.311833291907  0.395690802484 -0.263546004418
  0.346456692913  0.068472655344  0.587458242238  0.080517885622 -0.142023362726  0.388637068776 -0.222950673784 -0.401897838704  0.045211072223  0.629111626315 -0.322387652440  0.388637068776 -0.272758924813
  0.354330708661  0.071543072734  0.592130732444  0.081120640310 -0.145465371179  0.380889384758 -0.229059017773 -0.395636067959  0.047316540145  0.648916713544 -0.332841208372  0.380889384758 -0.281913835382
  0.362204724409  0.074629164049  0.596308393788  0.081506663619 -0.148746190527  0.372486050744 -0.234979851875 -0.388589370729  0.049466759070  0.668431453754 -0.343174273795  0.372486050744 -0.290995671109
  0.370078740157  0.077731615710  0.599994309612  0.081674013593 -0.151859575898  0.363429149115 -0.240702537154 -0.380784147709  0.051654697821  0.687622781763 -0.353369543628  0.363429149115 -0.299989422752
  0.377952755906  0.080835211658  0.603183635313  0.081608107360 -0.154791512322  0.353762574728 -0.246208542432 -0.372212831560  0.053883316027  0.706451049754 -0.363408198772  0.353762574728 -0.308880696799
  0.385826771654  0.083940297283  0.605879397169  0.081308149979 -0.157536320900  0.343493471278 -0.251487685368 -0.362904787088  0.056145133594  0.724882907325 -0.373272601482  0.343493471278 -0.317654012296
  0.393700787402  0.087031006053  0.608078828661  0.080760270017 -0.160080691832  0.332672523278 -0.256522378846 -0.352854574027  0.058443036509  0.742880776939 -0.382944923215  0.332672523278 -0.326295742027
  0.401574803150  0.090107388836  0.609784964035  0.079964920874 -0.162419598885  0.321313499153 -0.261303005938 -0.342094457358  0.060769115920  0.760411230643 -0.392407288203  0.321313499153 -0.334790001381
  0.409448818898  0.093153014313  0.610997045282  0.078909031081 -0.164540524811  0.309475850727 -0.265813040385 -0.330621053073  0.063126191357  0.777439016485 -0.401642980489  0.309475850727 -0.343124023703
  0.417322834646  0.096167690949  0.611718167120  0.077594394769 -0.166439177138  0.297182610531 -0.270043533710 -0.318469438034  0.065505947456  0.793930831295 -0.410633979487  0.297182610531 -0.351281588895
  0.425196850394  0.099134514593  0.611949512811  0.076008821564 -0.168103913505  0.284505364609 -0.273979131756 -0.305638205652  0.067911146443  0.809853996994 -0.419364801284  0.284505364609 -0.359250883999
  0.433070866142  0.102053108524  0.611694279092  0.074155528974 -0.169531250117  0.271480962176 -0.277611651093 -0.292165133484  0.070333090692  0.825175531245 -0.427817371875  0.271480962176 -0.367015421504
  0.440944881890  0.104906193324  0.610955524299  0.072023280556 -0.170710496029  0.258198993106 -0.280927014409 -0.278050705096  0.072774496133  0.839865569300 -0.435977555451  0.258198993106 -0.374564433559
  0.448818897638  0.107693268824  0.609736579047  0.069616789356 -0.171639044307  0.244718122948 -0.283917892848 -0.263335266042  0.075226309030  0.853891638467 -0.443827313780  0.244718122948 -0.381881232987
  0.456692913386  0.110396782804  0.608042310589  0.066925836581 -0.172307225433  0.231156325154 -0.286571583284 -0.248021094205  0.077691211750  0.867226916230 -0.451353971034  0.231156325154 -0.388956186169
  0.464566929134  0.113016177279  0.605876206644  0.063956691811 -0.172713370283  0.217608208019 -0.288881693293 -0.232150950277  0.080159822382  0.879839620150 -0.458539611337  0.217608208019 -0.395772473424
  0.472440944882  0.115533733828  0.603244876509  0.060700207767 -0.172848893610  0.204238283362 -0.290836983046 -0.215728802081  0.082634804048  0.891706186672 -0.465373125788  0.204238283362 -0.402321681644
  0.480314960630  0.117948905505  0.600151980493  0.057164259799 -0.172713117341  0.191201173541 -0.292432070173 -0.198799653795  0.085106476248  0.902795695058 -0.471836804423  0.191201173541 -0.408586924955
  0.488188976378  0.120243917624  0.596605801755  0.053340815501 -0.172298595581  0.178737169160 -0.293657258279 -0.181369050479  0.087577498613  0.913088043728 -0.477921206565  0.178737169160 -0.414561093669
  0.496062992126  0.122418305639  0.592610181704  0.049239392957 -0.171605686429  0.167095883465 -0.294508239920 -0.163484050706  0.090037923138  0.922553335027 -0.483608908292  0.167095883465 -0.420227300889
  0.503937007874  0.124454351035  0.588175007459  0.044853106925 -0.170628130145  0.156627102343 -0.294976932595 -0.145151656111  0.092490423006  0.931175117196 -0.488892232111  0.156627102343 -0.425579819367
  0.511811023622  0.126351744779  0.583304303717  0.040193142488 -0.169367357628  0.147698880430 -0.295060159460 -0.126420774522  0.094924815117  0.938924666086 -0.493754116439  0.147698880430 -0.430601824927
  0.519685039370  0.128092938606  0.578009489635  0.035253782338 -0.167818333358  0.140756997148 -0.294751512083 -0.107299736021  0.097343804371  0.945789351118 -0.498188734963  0.140756997148 -0.435289047392
  0.527559055118  0.129677853069  0.572294769660  0.030047889792 -0.165983588862  0.136209621863 -0.294048990282 -0.087839077931  0.099737006146  0.951741760279 -0.502179460501  0.136209621863 -0.439624787329
  0.535433070866  0.131089224997  0.566173020854  0.024570924369 -0.163859341783  0.134420654683 -0.292947909065 -0.068048323786  0.102107176167  0.956773237783 -0.505722398338  0.134420654683 -0.443606301403
  0.543307086614  0.132327278760  0.559648618672  0.018837425587 -0.161449243063  0.135575935313 -0.291447481023 -0.047979407479  0.104443762838  0.960857809815 -0.508801423159  0.135575935313 -0.447217074919
  0.551181102362  0.133375150983  0.552735821626  0.012844026550 -0.158750783015  0.139677668329 -0.289544782703 -0.027642904842  0.106749592584  0.963990930131 -0.511414644124  0.139677668329 -0.450455955829
  0.559055118110  0.134233443430  0.545439162731  0.006606927556 -0.155768741549  0.146521261306 -0.287240265372 -0.007091901742  0.109013982167  0.966148175893 -0.513546500284  0.146521261306 -0.453306671854
  0.566929133858  0.134885806175  0.537774203147  0.000123919769 -0.152501891485  0.155774619049 -0.284532793576  0.013662120208  0.111239849168  0.967329225261 -0.515197168300  0.155774619049 -0.455769720924
  0.574803149606  0.135333290458  0.529745615731 -0.006587164580 -0.148956141916  0.167049213203 -0.281424072738  0.034565177905  0.113416414620  0.967511305230 -0.516351708786  0.167049213203 -0.457829128239
  0.582677165354  0.135560171512  0.521370183167 -0.013527404100 -0.145131548164  0.179956154376 -0.277914769957  0.055605034975  0.115546708108  0.966698412440 -0.517012420393  0.179956154376 -0.459487094218
  0.590551181102  0.135568019814  0.512652696609 -0.020677376821 -0.141035139329  0.194157166609 -0.274007849738  0.076727074385  0.117619891228  0.964869508084 -0.517165036885  0.194157166609 -0.460727993705
  0.598425196850  0.135341844614  0.503611076904 -0.028037071207 -0.136668243313  0.209351234855 -0.269705784168  0.097918459590  0.119639126612  0.962032979790 -0.516814023842  0.209351234855 -0.461555775564
  0.606299212598  0.134883802247  0.494250208527 -0.035585530904 -0.132038990676  0.225306700499 -0.265012791164  0.119124209920  0.121593552881  0.958169592356 -0.515945833862  0.225306700499 -0.461955213260
  0.614173228346  0.134179741099  0.484589065016 -0.043321706377 -0.127149962053  0.241814797843 -0.259933138017  0.140331045832  0.123486486757  0.953292174676 -0.514567134452  0.241814797843 -0.461932043129
  0.622047244094  0.133232466039  0.474632596153 -0.051223175113 -0.122010361641  0.258726365893 -0.254472279801  0.161483898667  0.125307080306  0.947383349201 -0.512665136585  0.258726365893 -0.461471482793
  0.629921259843  0.132028765104  0.464400740765 -0.059287913495 -0.116623993100  0.275895033891 -0.248636256991  0.182569204617  0.127058825185  0.940460413622 -0.510248734428  0.275895033891 -0.460581087825
  0.637795275591  0.130572149635  0.453898483261 -0.067492113562 -0.111001097330  0.293223664483 -0.242431735076  0.203532086403  0.128730923073  0.932507886438 -0.507305930498  0.293223664483 -0.459246561833
  0.645669291339  0.128850442406  0.443146638612 -0.075832852911 -0.105146661600  0.310603790118 -0.235866493521  0.224358855185  0.130327061010  0.923547538508 -0.503847859816  0.310603790118 -0.457477303832
  0.653543307087  0.126867913671  0.432150192889 -0.084285030825 -0.099071917697  0.327969680739 -0.228948371188  0.244995106495  0.131836525993  0.913565806924 -0.499863343058  0.327969680739 -0.455259541295
  0.661417322835  0.124613509782  0.420930746560 -0.092844912289 -0.092782987600  0.345235747270 -0.221686840320  0.265427185104  0.133263220297  0.902588916665 -0.495365759533  0.345235747270 -0.452604533047
  0.669291338583  0.122092306145  0.409493252454 -0.101486207909 -0.086292039583  0.362355499698 -0.214090866050  0.285601441201  0.134596551270  0.890605230008 -0.490344767988  0.362355499698 -0.449499064140
  0.677165354331  0.119294454533  0.397860004638 -0.110204466512 -0.079606272251  0.379257685242 -0.206171555422  0.305504410118  0.135840655492  0.877645383445 -0.484815984527  0.379257685242 -0.445956261498
  0.685039370079  0.116225874843  0.386035886222 -0.118972324809 -0.072738727758  0.395908076407 -0.197938942999  0.325083477295  0.136985094814  0.863699655077 -0.478769919069  0.395908076407 -0.441963497097
  0.692913385827  0.112877998407  0.374043792000 -0.127784721497 -0.065697614433  0.412244976484 -0.189405701209  0.344325522779  0.138034258214  0.848803026747 -0.472224405983  0.412244976484 -0.437535765964
  0.700787401575  0.109257621442  0.361888497652 -0.136613344088 -0.058496777921  0.428242390663 -0.180582867875  0.363179244963  0.138977895121  0.832947667173 -0.465170812586  0.428242390663 -0.432661051793
  0.708661417323  0.105357520603  0.349593405143 -0.145452635972 -0.051145361002  0.443845500137 -0.171484600360  0.381632018857  0.139820663847  0.816172813962 -0.457629161887  0.443845500137 -0.427356209269
  0.716535433071  0.101185392165  0.337163144123 -0.154273469209 -0.043657935140  0.459034170919 -0.162122864712  0.399634128984  0.140552533198  0.798472485600 -0.449591677922  0.459034170919 -0.421609853888
  0.724409448819  0.096735414913  0.324621529801 -0.163069914616 -0.036044494431  0.473758961789 -0.152513212242  0.417173590561  0.141178446421  0.779890062723 -0.441080531640  0.473758961789 -0.415440682965
  0.732283464567  0.092016200320  0.311973006642 -0.171812170652 -0.028320251752  0.488004173566 -0.142668453860  0.434202541299  0.141688622043  0.760421357400 -0.432088796220  0.488004173566 -0.408837959039
  0.740157480315  0.087023376611  0.299241709113 -0.180494065250 -0.020495962086  0.501724913505 -0.132605433872  0.450709775792  0.142088302336  0.740113757810 -0.422640738824  0.501724913505 -0.401822196355
  0.748031496063  0.081766476549  0.286431857108 -0.189085272203 -0.012587389195  0.514909042906 -0.122337716963  0.466649544292  0.142367984257  0.718964798506 -0.412730267381  0.514909042906 -0.394383314793
  0.755905511811  0.076242615166  0.273567810636 -0.197579512185 -0.004605951864  0.527515778665 -0.111883330149  0.482011552819  0.142533221537  0.697025717506 -0.402383682641  0.527515778665 -0.386543611101
  0.763779527559  0.070462243191  0.260653525737 -0.205946089250  0.003432131253  0.539535997663 -0.101256493743  0.496752414304  0.142574816462  0.674295686343 -0.391595706151  0.539535997663 -0.378293667771
  0.771653543307  0.064423989491  0.247713494839 -0.214178757275  0.011514880629  0.550932818749 -0.090476298570  0.510862870098  0.142498644844  0.650829613619 -0.380394598915  0.550932818749 -0.369657520898
  0.779527559055  0.058139209720  0.234751371253 -0.222246610353  0.019625723468  0.561699790533 -0.079557516079  0.524302135256  0.142295839237  0.626628208547 -0.368775868385  0.561699790533 -0.360626415783
  0.787401574803  0.051608062970  0.221791687636 -0.230143579716  0.027752227797  0.571803864904 -0.068520174161  0.537062101261  0.141972606209  0.601749850298 -0.356769652003  0.571803864904 -0.351226076013
  0.795275590551  0.044842786853  0.208837756412 -0.237838712936  0.035877571438  0.581241043421 -0.057379485340  0.549104812619  0.141520431423  0.576196673381 -0.344372209028  0.581241043421 -0.341448404807
  0.803149606299  0.037845076212  0.195914059546 -0.245326265239  0.043988982723  0.589982126032 -0.046156280813  0.560423415723  0.140945858802  0.550030307673 -0.331615459340  0.589982126032 -0.331320752769
  0.811023622047  0.030628017580  0.183023531427 -0.252575403538  0.052069498080  0.598025427615 -0.034866099364  0.570982998397  0.140240747720  0.523254188309 -0.318496373742  0.598025427615 -0.320835671072
  0.818897637795  0.023194836081  0.170190513999 -0.259580854954  0.060106122533  0.605345661958 -0.023530435612  0.580778055832  0.139411983876  0.495932957183 -0.305048550730  0.605345661958 -0.310022068357
  0.826771653543  0.015559424017  0.157417527779 -0.266312072760  0.068081861511  0.611943368680 -0.012165035891  0.589776918302  0.138451818610  0.468071214004 -0.291269626506  0.611943368680 -0.298873128758
  0.834645669291  0.007726520268  0.144728687280 -0.272764403858  0.075983615899  0.617797271751 -0.000791913164  0.597975512006  0.137367481541  0.439736356310 -0.277194764939  0.617797271751 -0.287419241646
  0.842519685039 -0.000289230325  0.132126064886 -0.278907754774  0.083794472101  0.622910080834  0.010573100405  0.605345592862  0.136151631777  0.410934001909 -0.262822215916  0.622910080834 -0.275654204178
  0.850393700787 -0.008481602659  0.119633462519 -0.284738238785  0.091501347928  0.627264644851  0.021907622806  0.611884587883  0.134811842640  0.381734031185 -0.248188586479  0.627264644851 -0.263609801020
  0.858267716535 -0.016835262543  0.107252472007 -0.290226381141  0.099087523449  0.630865812575  0.033195859846  0.617567844790  0.133341194281  0.352142924203 -0.233292683269  0.630865812575 -0.251280417580
  0.866141732283 -0.025342537069  0.095006500082 -0.295369205493  0.106540055467  0.633700684259  0.044415212983  0.622394348158  0.131747601086  0.322232756308 -0.218172425868  0.633700684259 -0.238699140517
  0.874015748031 -0.033987475624  0.082896627684 -0.300138018556  0.113842530251  0.635776235331  0.055550050930  0.626343185626  0.130024574912  0.292010705741 -0.202827115923  0.635776235331 -0.225860914036
  0.881889763780 -0.042761006588  0.070945786616 -0.304530894483  0.120982265742  0.637083952291  0.066577713315  0.629414942460  0.128180366104  0.261550741286 -0.187295847035  0.637083952291 -0.212800025917
  0.889763779528 -0.051646645297  0.059154518935 -0.308520080178  0.127943265917  0.637632941581  0.077482856875  0.631592575368  0.126208926242  0.230860568226 -0.171578349724  0.637632941581 -0.199511945202
  0.897637795276 -0.060633980872  0.047545204926 -0.312104835253  0.134713231164  0.637419219288  0.088242915237  0.632878299340  0.124118834017  0.200015735145 -0.155714745832  0.637419219288 -0.186032052697
  0.905511811024 -0.069706086028  0.036117822317 -0.315258500242  0.141276692772  0.636454045405  0.098842957493  0.633259049550  0.121904486060  0.169024297441 -0.139705124693  0.636454045405 -0.172356304034
  0.913385826772 -0.078851280059  0.024894126724 -0.317981648752  0.147621853116  0.634738119870  0.109260667161  0.632738685259  0.119574779289  0.137963059350 -0.123590483996  0.634738119870 -0.158521058107
  0.921259842520 -0.088052293067  0.013873508854 -0.320248861849  0.153733877634  0.632284901146  0.119481648265  0.631308209042  0.117124558006  0.106840244955 -0.107371198409  0.632284901146 -0.144522714851
  0.929133858268 -0.097296253453  0.003077030196 -0.322062148032  0.159601587547  0.629099943333  0.129483989104  0.628973124208  0.114563024723  0.075733581161 -0.091088983169  0.629099943333 -0.130398489899
  0.937007874016 -0.106565656748 -0.007496525305 -0.323397468062  0.165210885650  0.625198977864  0.139253948490  0.625728568645  0.111885471337  0.044651276160 -0.074744421896  0.625198977864 -0.116145181441
  0.944881889764 -0.115846528340 -0.017826855805 -0.324258377381  0.170551325291  0.620592607098  0.148770172318  0.621581674512  0.109101390834  0.013671639428 -0.058379783888  0.620592607098 -0.101800734545
  0.952755905512 -0.125121244617 -0.027915800777 -0.324622346687  0.175609645367  0.615298948546  0.158019690386  0.616531761426  0.106206519925 -0.017197323180 -0.041995782941  0.615298948546 -0.087362296107
  0.960629921260 -0.134374824136 -0.037743879590 -0.324494580166  0.180376240123  0.609333871338  0.166981855956  0.610587560110  0.103210624357 -0.047877065780 -0.025635074084  0.609333871338 -0.072868407458
  0.968503937008 -0.143589646171 -0.047313570278 -0.323854176471  0.184838777780  0.602717980134  0.175644582085  0.603752596265  0.100109879114 -0.078359977530 -0.009298417263  0.602717980134 -0.058316508116
  0.976377952756 -0.152749825639 -0.056606284323 -0.322708061729  0.188988594865  0.595472305084  0.183988080340  0.596037152239  0.096914293877 -0.108567672110  0.006971346131  0.595472305084 -0.043745570618
  0.984251968504 -0.161837868819 -0.065625257218 -0.321036931162  0.192814359881  0.000000000000  0.192001295862  0.587448951804  0.093620404581 -0.138493490040  0.023173711270  0.000000000000 -0.029153055720
  0.992125984252 -0.170837073689 -0.074353696192 -0.318848404364  0.196308319191  0.016713549918  0.199665775624  0.577999704006  0.090237900946 -0.168062474808  0.039267554257  0.016713549918 -0.014576523768
  1.000000000000 -0.179730072139 -0.082802252079 -0.316116150123  0.199459201101  0.035919017583  0.206974249551  0.567700948820  0.086759437882 -0.197292095020  0.055266328569  0.035919017583  0.000000000000
