             Rad         v_r[Re]         v_t[Re]         v_x[Re]         p[Re]          p_mg[Re]  p_no_phase[Re]         v_r[Im]         v_t[Im]         v_x[Im]         p[Im]          p_mg[Im]  p_no_phase[Im]
  0.250000000000  0.000000000000 -0.558788353258  0.840582186588 -0.950660097549  0.036181790247 -0.950660097549  0.000000000000 -0.000000000000  0.000000000000 -0.000000000000  0.036181790247 -0.000000000000
  0.261904761905 -0.000000000000 -0.534214369737  0.841883094347 -0.952131364865  0.040196293379 -0.952131364865  0.016794795795 -0.000000000000 -0.000000000000  0.000000000000  0.040196293379  0.000000000000
  0.273809523810  0.000000000000 -0.512991692822  0.845184862996 -0.955865514549  0.041146971878 -0.955865514549  0.028586879735 -0.000000000000 -0.000000000000 -0.000000000000  0.041146971878  0.000000000000
  0.285714285714 -0.000000000000 -0.494345846606  0.849876211624 -0.961171215781  0.039435274475 -0.961171215781  0.036181790247  0.000000000000  0.000000000000 -0.000000000000  0.039435274475  0.000000000000
  0.297619047619 -0.000000000000 -0.477645751174  0.855380744348 -0.967396591123  0.035418177277 -0.967396591123  0.040196293379 -0.000000000000 -0.000000000000 -0.000000000000  0.035418177277  0.000000000000
  0.309523809524  0.000000000000 -0.462424304761  0.861246643230 -0.974030655100  0.029376461162 -0.974030655100  0.041146971878 -0.000000000000 -0.000000000000  0.000000000000  0.029376461162  0.000000000000
  0.321428571429  0.000000000000 -0.448294471697  0.867043105859 -0.980586189842  0.021576886444 -0.980586189842  0.039435274475 -0.000000000000  0.000000000000 -0.000000000000  0.021576886444  0.000000000000
  0.333333333333  0.000000000000 -0.434972451613  0.872435493331 -0.986684734021  0.012230382632 -0.986684734021  0.035418177277 -0.000000000000  0.000000000000 -0.000000000000  0.012230382632  0.000000000000
  0.345238095238 -0.000000000000 -0.422216240098  0.877094673988 -0.991954054747  0.001551291873 -0.991954054747  0.029376461162 -0.000000000000 -0.000000000000 -0.000000000000  0.001551291873  0.000000000000
  0.357142857143  0.000000000000 -0.409851916180  0.880768484860 -0.996108967208  0.010291272386 -0.996108967208  0.021576886444 -0.000000000000  0.000000000000 -0.000000000000  0.010291272386  0.000000000000
  0.369047619048  0.000000000000 -0.397727302898  0.883203214305 -0.998862535114  0.023114325133 -0.998862535114  0.012230382632 -0.000000000000  0.000000000000 -0.000000000000  0.023114325133  0.000000000000
  0.380952380952  0.000000000000 -0.385737087074  0.884208970961 -1.000000000000  0.036774844318 -1.000000000000  0.001551291873 -0.000000000000  0.000000000000 -0.000000000000  0.036774844318  0.000000000000
  0.392857142857 -0.000000000000 -0.373787157193  0.883592167353 -0.999302423264  0.051109397618 -0.999302423264 -0.010291272386 -0.000000000000 -0.000000000000  0.000000000000  0.051109397618  0.000000000000
  0.404761904762  0.000000000000 -0.361816613554  0.881213138196 -0.996611849842  0.065992254215 -0.996611849842 -0.023114325133 -0.000000000000  0.000000000000 -0.000000000000  0.065992254215  0.000000000000
  0.416666666667  0.000000000000 -0.349770329225  0.876929241721 -0.991766958401  0.081273046747 -0.991766958401 -0.036774844318  0.000000000000 -0.000000000000  0.000000000000  0.081273046747  0.000000000000
  0.428571428571  0.000000000000 -0.337617035375  0.870643565555 -0.984658145470  0.096838561164 -0.984658145470 -0.051109397618  0.000000000000  0.000000000000  0.000000000000  0.096838561164  0.000000000000
  0.440476190476 -0.000000000000 -0.325328641957  0.862258662916 -0.975175203186  0.112548155274 -0.975175203186 -0.065992254215  0.000000000000 -0.000000000000  0.000000000000  0.112548155274  0.000000000000
  0.452380952381  0.000000000000 -0.312894111582  0.851715456617 -0.963251317945  0.128298755287 -0.963251317945 -0.081273046747 -0.000000000000  0.000000000000 -0.000000000000  0.128298755287  0.000000000000
  0.464285714286  0.000000000000 -0.300304598897  0.838957830775 -0.948823025244  0.143958007553 -0.948823025244 -0.096838561164  0.000000000000 -0.000000000000  0.000000000000  0.143958007553  0.000000000000
  0.476190476190  0.000000000000 -0.287563080799  0.823961009586 -0.931862304778  0.159432048144 -0.931862304778 -0.112548155274  0.000000000000  0.000000000000  0.000000000000  0.159432048144  0.000000000000
  0.488095238095 -0.000000000000 -0.274674662319  0.806707320457 -0.912349169654  0.174596534385 -0.912349169654 -0.128298755287  0.000000000000  0.000000000000  0.000000000000  0.174596534385  0.000000000000
  0.500000000000  0.000000000000 -0.261652055987  0.787203441390 -0.890291172385  0.189366748771 -0.890291172385 -0.143958007553  0.000000000000 -0.000000000000  0.000000000000  0.189366748771  0.000000000000
  0.511904761905  0.000000000000 -0.248510568368  0.765467683140 -0.865709021599  0.203626777935 -0.865709021599 -0.159432048144  0.000000000000 -0.000000000000  0.000000000000  0.203626777935  0.000000000000
  0.523809523810  0.000000000000 -0.235269583893  0.741535595125 -0.838642922067  0.217301487813 -0.838642922067 -0.174596534385  0.000000000000 -0.000000000000  0.000000000000  0.217301487813  0.000000000000
  0.535714285714  0.000000000000 -0.221951845094  0.715459105832 -0.809151602538  0.230284208503 -0.809151602538 -0.189366748771  0.000000000000  0.000000000000  0.000000000000  0.230284208503  0.000000000000
  0.547619047619  0.000000000000 -0.208581128086  0.687300065990 -0.777305013365  0.242510085885 -0.777305013365 -0.203626777935  0.000000000000  0.000000000000 -0.000000000000  0.242510085885  0.000000000000
  0.559523809524 -0.000000000000 -0.195185489690  0.657141551050 -0.743197109091  0.253882701420 -0.743197109091 -0.217301487813  0.000000000000 -0.000000000000  0.000000000000  0.253882701420  0.000000000000
  0.571428571429  0.000000000000 -0.181791338566  0.625069008619 -0.706924527061  0.264348272757 -0.706924527061 -0.230284208503  0.000000000000 -0.000000000000  0.000000000000  0.264348272757  0.000000000000
  0.583333333333  0.000000000000 -0.168430359402  0.591193972206 -0.668613406584  0.273821693402 -0.668613406584 -0.242510085885  0.000000000000  0.000000000000  0.000000000000  0.273821693402  0.000000000000
  0.595238095238  0.000000000000 -0.155130193162  0.555622570791 -0.628383774694  0.282261024707 -0.628383774694 -0.253882701420  0.000000000000  0.000000000000  0.000000000000  0.282261024707  0.000000000000
  0.607142857143 -0.000000000000 -0.141924771214  0.518491834028 -0.586390605678  0.289593484562 -0.586390605678 -0.264348272757  0.000000000000  0.000000000000  0.000000000000  0.289593484562  0.000000000000
  0.619047619048 -0.000000000000 -0.128841824132  0.479925416545 -0.542773747278  0.295789647482 -0.542773747278 -0.273821693402  0.000000000000  0.000000000000  0.000000000000  0.295789647482  0.000000000000
  0.630952380952 -0.000000000000 -0.115916372288  0.440082594767 -0.497713333861  0.300789945870 -0.497713333861 -0.282261024707  0.000000000000 -0.000000000000  0.000000000000  0.300789945870  0.000000000000
  0.642857142857 -0.000000000000 -0.103175286936  0.399101157300 -0.451365198055  0.304577974807 -0.451365198055 -0.289593484562 -0.000000000000 -0.000000000000  0.000000000000  0.304577974807  0.000000000000
  0.654761904762 -0.000000000000 -0.090653691675  0.357159104960 -0.403930650661  0.307108094972 -0.403930650661 -0.295789647482  0.000000000000 -0.000000000000  0.000000000000  0.307108094972  0.000000000000
  0.666666666667 -0.000000000000 -0.078376803057  0.314404760980 -0.355577438485  0.308377224876 -0.355577438485 -0.300789945870 -0.000000000000  0.000000000000 -0.000000000000  0.308377224876  0.000000000000
  0.678571428571 -0.000000000000 -0.066379001479  0.271031090686 -0.306523796508  0.308354151863 -0.306523796508 -0.304577974807  0.000000000000 -0.000000000000  0.000000000000  0.308354151863  0.000000000000
  0.690476190476 -0.000000000000 -0.054683181601  0.227193190523 -0.256945131733  0.307049187202 -0.256945131733 -0.307108094972 -0.000000000000 -0.000000000000 -0.000000000000  0.307049187202  0.000000000000
  0.702380952381 -0.000000000000 -0.043322253064  0.183095043798 -0.207072139970  0.304445801171 -0.207072139970 -0.308377224876 -0.000000000000  0.000000000000 -0.000000000000  0.304445801171  0.000000000000
  0.714285714286 -0.000000000000 -0.032316233706  0.138894654746 -0.157083516802  0.300567515786 -0.157083516802 -0.308354151863 -0.000000000000  0.000000000000 -0.000000000000  0.300567515786 -0.000000000000
  0.726190476190 -0.000000000000 -0.021695940936  0.094802953340 -0.107217814401  0.295412482038 -0.107217814401 -0.307049187202 -0.000000000000  0.000000000000 -0.000000000000  0.295412482038 -0.000000000000
  0.738095238095 -0.000000000000 -0.011478063038  0.050976948755 -0.057652602981  0.289016991192 -0.057652602981 -0.304445801171 -0.000000000000 -0.000000000000 -0.000000000000  0.289016991192  0.000000000000
  0.750000000000  0.000000000000 -0.001690801772  0.007630390874 -0.008629623907  0.281393607002 -0.008629623907 -0.300567515786 -0.000000000000  0.000000000000 -0.000000000000  0.281393607002 -0.000000000000
  0.761904761905 -0.000000000000  0.007652841146 -0.035084574553  0.039679052922  0.272590689374  0.039679052922 -0.295412482038 -0.000000000000  0.000000000000 -0.000000000000  0.272590689374 -0.000000000000
  0.773809523810  0.000000000000  0.016527710117 -0.076955486078  0.087033143301  0.262634682078  0.087033143301 -0.289016991192 -0.000000000000 -0.000000000000 -0.000000000000  0.262634682078 -0.000000000000
  0.785714285714 -0.000000000000  0.024924755708 -0.117838820799  0.133270329378  0.251585061997  0.133270329378 -0.281393607002 -0.000000000000 -0.000000000000 -0.000000000000  0.251585061997 -0.000000000000
  0.797619047619  0.000000000000  0.032822209653 -0.157527419909  0.178156323994  0.239481363683  0.178156323994 -0.272590689374 -0.000000000000  0.000000000000 -0.000000000000  0.239481363683 -0.000000000000
  0.809523809524  0.000000000000  0.040215152624 -0.195889959273  0.221542605545  0.226392993222  0.221542605545 -0.262634682078 -0.000000000000 -0.000000000000  0.000000000000  0.226392993222 -0.000000000000
  0.821428571429  0.000000000000  0.047085458352 -0.232728427514  0.263205232198  0.212371545208  0.263205232198 -0.251585061997 -0.000000000000 -0.000000000000 -0.000000000000  0.212371545208 -0.000000000000
  0.833333333333 -0.000000000000  0.053432430612 -0.267927019218  0.303013233316  0.197494952175  0.303013233316 -0.239481363683 -0.000000000000 -0.000000000000 -0.000000000000  0.197494952175 -0.000000000000
  0.845238095238  0.000000000000  0.059241755976 -0.301300473090  0.340757086825  0.181825617443  0.340757086825 -0.226392993222 -0.000000000000 -0.000000000000 -0.000000000000  0.181825617443 -0.000000000000
  0.857142857143  0.000000000000  0.064516972698 -0.332751498079  0.376326760989  0.165448408813  0.376326760989 -0.212371545208 -0.000000000000 -0.000000000000  0.000000000000  0.165448408813 -0.000000000000
  0.869047619048  0.000000000000  0.069247670143 -0.362110875220  0.409530876877  0.148435092605  0.409530876877 -0.197494952175 -0.000000000000 -0.000000000000 -0.000000000000  0.148435092605 -0.000000000000
  0.880952380952  0.000000000000  0.073441554417 -0.389302436656  0.440283292119  0.130875723502  0.440283292119 -0.181825617443  0.000000000000  0.000000000000 -0.000000000000  0.130875723502 -0.000000000000
  0.892857142857  0.000000000000  0.077092130168 -0.414175925512  0.468414073047  0.112849821291  0.468414073047 -0.165448408813 -0.000000000000  0.000000000000 -0.000000000000  0.112849821291 -0.000000000000
  0.904761904762  0.000000000000  0.080211130962 -0.436678464082  0.493863417385  0.094450756979  0.493863417385 -0.148435092605  0.000000000000  0.000000000000 -0.000000000000  0.094450756979 -0.000000000000
  0.916666666667 -0.000000000000  0.082795915830 -0.456681250417  0.516485656011  0.075764064410  0.516485656011 -0.130875723502  0.000000000000  0.000000000000 -0.000000000000  0.075764064410 -0.000000000000
  0.928571428571  0.000000000000  0.084862036597 -0.474156375890  0.536249225537  0.056884474010  0.536249225537 -0.112849821291  0.000000000000  0.000000000000  0.000000000000  0.056884474010 -0.000000000000
  0.940476190476  0.000000000000  0.086410577341 -0.488998514815  0.553035007418  0.037901687133  0.553035007418 -0.094450756979  0.000000000000  0.000000000000  0.000000000000  0.037901687133 -0.000000000000
  0.952380952381  0.000000000000  0.087460637135 -0.501205889663  0.566840991353  0.018909703745  0.566840991353 -0.075764064410  0.000000000000  0.000000000000  0.000000000000  0.018909703745 -0.000000000000
  0.964285714286  0.000000000000  0.088016842985 -0.510698224458  0.577576388874  0.000000000000  0.577576388874 -0.056884474010  0.000000000000  0.000000000000 -0.000000000000  0.000000000000 -0.000000000000
  0.976190476190  0.000000000000  0.088101593701 -0.517500959010  0.585269971246  0.558788353258  0.585269971246 -0.037901687133  0.000000000000  0.000000000000  0.000000000000  0.558788353258 -0.000000000000
  0.988095238095  0.000000000000  0.087723445003 -0.521563646397  0.589864685302  0.534214369737  0.589864685302 -0.018909703745  0.000000000000 -0.000000000000  0.000000000000  0.534214369737 -0.000000000000
  1.000000000000  0.000000000000  0.086912663178 -0.522968927541  0.591453994153  0.512991692822  0.591453994153  0.000000000000  0.000000000000 -0.000000000000  0.000000000000  0.512991692822  0.000000000000
