             Rad         v_r[Re]         v_t[Re]         v_x[Re]         p[Re]          p_mg[Re]  p_no_phase[Re]         v_r[Im]         v_t[Im]         v_x[Im]         p[Im]          p_mg[Im]  p_no_phase[Im]
  0.000000000000  0.106340403243  0.000000000000 -0.029598457186  0.009039616803  0.313241925364  0.010181435144 -0.059948068734  0.000000000000  0.016562395015 -0.004684757159  0.313241925364 -0.000000000000
  0.003921568627  0.139071848655  0.056707459143  0.020559046434 -0.006278905027  0.361795388896 -0.007072010429 -0.078400010607  0.100591965671 -0.011504216116  0.003254025687  0.361795388896  0.000000000000
  0.007843137255  0.215322552954  0.115979711115  0.084095895047 -0.025683590911  0.302247577648 -0.028927754440 -0.121385388910  0.205733554197 -0.047057501145  0.013310452092  0.302247577648  0.000000000000
  0.011764705882  0.272869594702  0.180749671595  0.196590057858 -0.060040250720  0.262523906849 -0.067624096466 -0.153826812010  0.320627392496 -0.110005807865  0.031115698874  0.262523906849  0.000000000000
  0.015686274510  0.315165222594  0.211816667567  0.307172902463 -0.093813177935  0.096158296201 -0.105662973064 -0.177670441812  0.375736371801 -0.171884599140  0.048618427806  0.096158296201  0.000000000000
  0.019607843137  0.263292258584  0.250586156407  0.454244688724 -0.138730133641  0.016658870865 -0.156253510398 -0.148427708881  0.444508613573 -0.254181490642  0.071896519609  0.016658870865  0.000000000000
  0.023529411765  0.228688391499  0.240162917632  0.522420223018 -0.159551512995  0.195139330538 -0.179704894248 -0.128920212772  0.426019086923 -0.292330442875  0.082687143605  0.195139330538  0.000000000000
  0.027450980392  0.083764889649  0.252658804731  0.641202572625 -0.195828637735  0.334344694007 -0.220564280301 -0.047221406061  0.448185233408 -0.358797427375  0.101487666185  0.334344694007  0.000000000000
  0.031372549020 -0.014511784576  0.203732891254  0.590899897090 -0.180465779186  0.411358570274 -0.203260897720  0.008180836565  0.361396760017 -0.330649582463  0.093525905954  0.411358570274  0.000000000000
  0.035294117647 -0.169988707522  0.192876476318  0.629338863592 -0.192205361601  0.519875080096 -0.216483338402  0.095829002071  0.342138832839 -0.352158857192  0.099609913049  0.519875080096  0.000000000000
  0.039215686275 -0.291252523233  0.124654712175  0.451930320030 -0.138023306052  0.435210594417 -0.155457401513  0.164189957432  0.221121925005 -0.252886440421  0.071530208106  0.435210594417  0.000000000000
  0.043137254902 -0.358340430379  0.098102587012  0.391233400226 -0.119485958219  0.468001293793 -0.134578551358  0.202009923750  0.174021763875 -0.218922293044  0.061923277320  0.468001293793  0.000000000000
  0.047058823529 -0.452870739562  0.036542285563  0.158978989441 -0.048553515316  0.257181202119 -0.054686440582  0.255300200066  0.064821460711 -0.088959799685  0.025162729065  0.257181202119  0.000000000000
  0.050980392157 -0.379118275341  0.004455973605  0.021001423894 -0.006414010809  0.199114934738 -0.007224181786  0.213723173276  0.007904341875 -0.011751757067  0.003324043896  0.199114934738 -0.000000000000
  0.054901960784 -0.407682730238 -0.029741804740 -0.150958694939  0.046104050180  0.022737700907  0.051927576909  0.229826026503 -0.052758255203  0.084471887195 -0.023893300329  0.022737700907 -0.000000000000
  0.058823529412 -0.224034283743 -0.057425096610 -0.312288342362  0.095375476138  0.149369615428  0.107422609360  0.126296517890 -0.101864965105  0.174747043481 -0.049428084659  0.149369615428 -0.000000000000
  0.062745098039 -0.173451914133 -0.057598208620 -0.334111741472  0.102040525065  0.254666352487  0.114929538564  0.097781341366 -0.102172044238  0.186958752840 -0.052882228386  0.254666352487 -0.000000000000
  0.066666666667  0.019807141792 -0.073676577330 -0.454089168421  0.138682636437  0.396851285984  0.156200013695 -0.011166027788 -0.130693066653  0.254094466218 -0.071871904310  0.396851285984 -0.000000000000
  0.070588235294  0.130118043347 -0.048717068154 -0.317918959270  0.097095113716  0.323530331145  0.109359458990 -0.073352415152 -0.086418007813  0.177897765184 -0.050319282220  0.323530331145 -0.000000000000
  0.074509803922  0.221843561670 -0.050478534421 -0.347714752641  0.106194998643  0.418122724946  0.119608774888 -0.125061525795 -0.089542629459  0.194570583517 -0.055035273173  0.418122724946 -0.000000000000
  0.078431372549  0.345702924146 -0.018833056179 -0.136556877115  0.041705614357  0.210005273149  0.046973562813 -0.194885688095 -0.033407494698  0.076413068648 -0.021613822763  0.210005273149 -0.000000000000
  0.082352941176  0.281831974538 -0.008549971506 -0.065094866547  0.019880517614  0.211722194781  0.022391679329 -0.158879241246 -0.015166583959  0.036425104405 -0.010303024923  0.211722194781 -0.000000000000
  0.086274509804  0.364232783843  0.011766174609  0.093847076621 -0.028661683460  0.005297143380 -0.032282017879 -0.205331664120  0.020871727463 -0.052513965315  0.014853840567  0.005297143380  0.000000000000
  0.090196078431  0.182938646232  0.027903358907  0.232673595018 -0.071060465280  0.100414284114 -0.080036304003 -0.103129367616  0.049497081402 -0.130197056086  0.036826895508  0.100414284114  0.000000000000
  0.094117647059  0.184434281624  0.027973887994  0.243403518726 -0.074337473876  0.193551122384 -0.083727240380 -0.103972513312  0.049622191213 -0.136201194539  0.038525196422  0.193551122384  0.000000000000
  0.098039215686 -0.004614418601  0.042306692324  0.383452752566 -0.117109683237  0.341947372306 -0.131902122683  0.002601320618  0.075046799949 -0.214568479627  0.060691779185  0.341947372306  0.000000000000
  0.101960784314 -0.087472342588  0.025421847284  0.239631128132 -0.073185354183  0.252841660448 -0.082429593346  0.049311436161  0.045095189028 -0.134090279677  0.037928113482  0.252841660448  0.000000000000
  0.105882352941 -0.168605196312  0.031867465314  0.311942152649 -0.095269746900  0.380914240424 -0.107303525176  0.095049064976  0.056528912162 -0.174553326264  0.049373290765  0.380914240424  0.000000000000
  0.109803921569 -0.297875326817  0.010027563196  0.101792602483 -0.031088313626  0.162788166297 -0.035015162236  0.167923479897  0.017787647481 -0.056960039551  0.016111435141  0.162788166297  0.000000000000
  0.113725490196 -0.220254045911  0.006507849789  0.068422398967 -0.020896773894  0.202516848293 -0.023536301676  0.124165456220  0.011544114521 -0.038287090184  0.010829697014  0.202516848293  0.000000000000
  0.117647058824 -0.331819932086 -0.007196335180 -0.078270014924  0.023904318311  0.010886115652  0.026923737127  0.187059325425 -0.012765401806  0.043797516096 -0.012388348840  0.010886115652 -0.000000000000
  0.121568627451 -0.141807138071 -0.018048698639 -0.202847830064  0.061951426780  0.085044268559  0.069776678321  0.079941995712 -0.032016142169  0.113507466568 -0.032106160741  0.085044268559 -0.000000000000
  0.125490196078 -0.176415370483 -0.016739313695 -0.194200527540  0.059310468141  0.160939699708  0.066802133085  0.099451952720 -0.029693456452  0.108668699489 -0.030737491011  0.160939699708 -0.000000000000
  0.129411764706  0.009483053593 -0.029009620264 -0.347071348088  0.105998497502  0.314429610175  0.119387453158 -0.005345952538 -0.051459451187  0.194210553928 -0.054933436984  0.314429610175 -0.000000000000
  0.133333333333  0.074083298608 -0.015125712591 -0.186447918756  0.056942756466  0.203361540685  0.064135349373 -0.041763530526 -0.026831129179  0.104330575773 -0.029510430787  0.203361540685 -0.000000000000
  0.137254901961  0.140196911955 -0.022578952760 -0.286506591611  0.087501513457  0.355673048174  0.098554065249 -0.079034250933 -0.040052248421  0.160320361123 -0.045347424622  0.355673048174 -0.000000000000
  0.141176470588  0.273904204205 -0.005503811788 -0.071833802068  0.021938644982  0.123657047270  0.024709774307 -0.154410060142 -0.009763076230  0.040196007441 -0.011369643910  0.123657047270 -0.000000000000
  0.145098039216  0.177151194305 -0.004665489352 -0.062583767746  0.019113607002  0.189840859103  0.021527898172 -0.099866764171 -0.008275996700  0.035019970008 -0.009905575556  0.189840859103  0.000000000000
  0.149019607843  0.309831962592  0.005298153482  0.072991268416 -0.022292144902  0.020641653209 -0.025107925754 -0.174663883369  0.009398264025 -0.040843690351  0.011552844296  0.020641653209  0.000000000000
  0.152941176471  0.107719451448  0.013488010960  0.190710803576 -0.058244677205  0.082165400422 -0.065601719226 -0.060725489865  0.023926050576 -0.106715956262  0.030185147717  0.082165400422  0.000000000000
  0.156862745098  0.165373132032  0.011105794795  0.161054333470 -0.049187342770  0.139422395092 -0.055400328489 -0.093227029271  0.019700295969 -0.090121098985  0.025491208443  0.139422395092  0.000000000000
  0.160784313725 -0.017981244173  0.021925379135  0.325907044259 -0.099534741797  0.300000727085 -0.112107243064  0.010136700903  0.038892890258 -0.182367654211  0.051583612929  0.300000727085  0.000000000000
  0.164705882353 -0.071575474725  0.009611547338  0.146354263482 -0.044697818237  0.165294330186 -0.050343720023  0.040349776262  0.017049687192 -0.081895387612  0.023164524397  0.165294330186  0.000000000000
  0.168627450980 -0.121452875112  0.017152126500  0.267392489996 -0.081663906684  0.337798894660 -0.091979094645  0.068467535228  0.030425734923 -0.149624692112  0.042322100571  0.337798894660  0.000000000000
  0.172549019608 -0.261334994397  0.002950337438  0.047063816881 -0.014373683980  0.091228378916 -0.016189262710  0.147324325741  0.005233530946 -0.026335478272  0.007449123165  0.091228378916  0.000000000000
  0.176470588235 -0.143990293866  0.003294314145  0.053745276767 -0.016414257808  0.176820330666 -0.018487586912  0.081172722413  0.005843702758 -0.030074219694  0.008506645077  0.176820330666 -0.000000000000
  0.180392156863 -0.294261527634 -0.004236435704 -0.070651474512  0.021577552241  0.030238718223  0.024303070969  0.165886245928 -0.007514908997  0.039534412957 -0.011182508566  0.030238718223 -0.000000000000
  0.184313725490 -0.079470367037 -0.010963847812 -0.186820115114  0.057056428352  0.085185096664  0.064263379461  0.044800422795 -0.019448499711  0.104538845517 -0.029569340937  0.085185096664 -0.000000000000
  0.188235294118 -0.154030760435 -0.007793286116 -0.135620280129  0.041419569791  0.122900639147  0.046651387187  0.086832909526 -0.013824318375  0.075888977505 -0.021465580934  0.122900639147 -0.000000000000
  0.192156862745  0.026341387017 -0.017604744598 -0.312743712887  0.095514550112  0.292724093303  0.107579250141 -0.014849626589 -0.031228623024  0.175001854956 -0.049500159373  0.292724093303 -0.000000000000
  0.196078431373  0.074205976018 -0.006293584544 -0.114085606054  0.034842699909  0.134026729273  0.039243775160 -0.041832688378 -0.011164034679  0.063838829880 -0.018057135760  0.134026729273 -0.000000000000
  0.200000000000  0.107060533336 -0.013633367290 -0.252078664879  0.076986936193  0.324435737426  0.086711363416 -0.060354033043 -0.024183894590  0.141055542065 -0.039898273160  0.324435737426 -0.000000000000
  0.203921568627  0.254996212931 -0.001408905674 -0.026561221320  0.008112019523  0.063914114226  0.009136670554 -0.143750917182 -0.002499223088  0.014862850345 -0.004204032357  0.063914114226 -0.000000000000
  0.207843137255  0.116752632181 -0.002269774775 -0.043613547522  0.013319942812  0.163983623076  0.015002420656 -0.065817832221 -0.004026297592  0.024404812641 -0.006903024631  0.163983623076  0.000000000000
  0.211764705882  0.282620687111  0.003518670997  0.068886671375 -0.021038566577  0.038487944152 -0.023696004575 -0.159323868068  0.006241683854 -0.038546882881  0.010903180691  0.038487944152  0.000000000000
  0.215686274510  0.055676514005  0.009399952895  0.187435196415 -0.057244279335  0.091471600030 -0.064474958407 -0.031386936542  0.016674345019 -0.104883026277  0.029666694204  0.091471600030  0.000000000000
  0.219607843137  0.142848517849  0.005634928215  0.114403469028 -0.034939777924  0.108790595337 -0.039353115361 -0.080529060502  0.009995660431 -0.064016696318  0.018107446181  0.108790595337  0.000000000000
  0.223529411765 -0.033527407640  0.014721292127  0.304217060332 -0.092910438984  0.289709828576 -0.104646206725  0.018900655597  0.026113737675 -0.170230599924  0.048150585766  0.289709828576  0.000000000000
  0.227450980392 -0.079682240486  0.004137126856  0.086994062088 -0.026568715406  0.107174854328 -0.029924681394  0.044919863795  0.007338747476 -0.048679227138  0.013769165487  0.107174854328  0.000000000000
  0.231372549020 -0.094769069059  0.011176850781  0.239075043424 -0.073015521255  0.313876165799 -0.082238308363  0.053424874202  0.019826340433 -0.133779111614  0.037840098022  0.313876165799  0.000000000000
  0.235294117647 -0.252370443110  0.000437564347  0.009518224795 -0.002906945597  0.040583033926 -0.003274129723  0.142270672375  0.000776184623 -0.005326108652  0.001506516758  0.040583033926  0.000000000000
  0.239215686275 -0.093361573578  0.001481172239  0.032756551726 -0.010004125335  0.151307678078 -0.011267773345  0.052631416276  0.002627414968 -0.018329568518  0.005184611118  0.151307678078 -0.000000000000
  0.243137254902 -0.273422090765 -0.002972125876 -0.066806953406  0.020403403285  0.045074692409  0.022980612097  0.154138274736 -0.005272180919  0.037383136058 -0.010574009019  0.045074692409 -0.000000000000
  0.247058823529 -0.035352470798 -0.008352406228 -0.190772133600  0.058263407908  0.099784467573  0.065622815855  0.019929512064 -0.014816127777  0.106750274676 -0.030194854854  0.099784467573 -0.000000000000
  0.250980392157 -0.131806317895 -0.004124841446 -0.095708390369  0.029230144272  0.095857735042  0.032922282508  0.074304158756 -0.007316954690  0.053555499789 -0.015148443858  0.095857735042 -0.000000000000
  0.254901960784  0.039265219797 -0.012667972729 -0.298526751649  0.091172571039  0.289372475569  0.102688823999 -0.022135275243 -0.022471404947  0.167046476523 -0.047249940366  0.289372475569 -0.000000000000
  0.258823529412  0.086923700244 -0.002658314418 -0.063608193433  0.019426475190  0.083405616811  0.021880285583 -0.049002145919 -0.004715518499  0.035593207417 -0.010067718655  0.083405616811 -0.000000000000
  0.262745098039  0.083503066454 -0.009364323041 -0.227464679142  0.069469618730  0.305055306682  0.078244513342 -0.047073806518 -0.016611142098  0.127282305435 -0.036002443551  0.305055306682 -0.000000000000
  0.266666666667  0.252076570001  0.000188918743  0.004657434312 -0.001422419459  0.020468117134 -0.001602089091 -0.142105005096  0.000335118307 -0.002606158366  0.000737165069  0.020468117134 -0.000000000000
  0.270588235294  0.072655845250 -0.000854922078 -0.021386435295  0.006531596517  0.138661153911  0.007356620061 -0.040958821597 -0.001516525226  0.011967197719 -0.003384982373  0.138661153911  0.000000000000
  0.274509803922  0.265738112161  0.002524025156  0.064055215685 -0.019562999531  0.049963709900 -0.022034054682 -0.149806528162  0.004477306084 -0.035843347452  0.010138472028  0.049963709900  0.000000000000
  0.278431372549  0.017830074375  0.007608964638  0.195860425360 -0.059817414842  0.109459939987 -0.067373113589 -0.010051480826  0.013497355043 -0.109597527746  0.031000214778  0.109459939987  0.000000000000
  0.282352941176  0.120789746854  0.003012328947  0.078631700977 -0.024014780262  0.083466976129 -0.027048151825 -0.068093704988  0.005343496158 -0.043999904593  0.012445595450  0.083466976129  0.000000000000
  0.286274509804 -0.043524114004  0.011131661770  0.294608749753 -0.089975980434  0.290757951937 -0.101341088813  0.024536173442  0.019746180760 -0.164854082012  0.046629810495  0.290757951937  0.000000000000
  0.290196078431 -0.095352144914  0.001604635006  0.043049762604 -0.013147758174  0.061928747888 -0.014808486914  0.053753575903  0.002846422532 -0.024089335775  0.006813790404  0.061928747888  0.000000000000
  0.294117647059 -0.072709296244  0.007967960075  0.216656234885 -0.066168629300  0.297275928951 -0.074526567048  0.040988953925  0.014134168211 -0.121234229275  0.034291714634  0.297275928951  0.000000000000
  0.298039215686 -0.253283478606 -0.000594905596 -0.016391716155  0.005006167445  0.003044654383  0.005638509936  0.142785384686 -0.001055288390  0.009172305037 -0.002594432849  0.003044654383  0.000000000000
  0.301960784314 -0.053947032528  0.000343577492  0.009591316213 -0.002929268328  0.125912515952 -0.003299272099  0.030411963048  0.000609463655 -0.005367008383  0.001518085453  0.125912515952 -0.000000000000
  0.305882352941 -0.258961383133 -0.002139239455 -0.060494623950  0.018475564984  0.053213553770  0.020809263349  0.145986232158 -0.003794744202  0.033850948779 -0.009574911991  0.053213553770 -0.000000000000
  0.309803921569 -0.002652242692 -0.007056828630 -0.202115416627  0.061727741580  0.120102997454  0.069524738841  0.001495168557 -0.012517934571  0.113097630319 -0.031990236486  0.120102997454 -0.000000000000
  0.313725490196 -0.109684223004 -0.002160516896 -0.062662891775  0.019137772144  0.071279480913  0.021555115678  0.061833105190 -0.003832487731  0.035064245405 -0.009918099075  0.071279480913 -0.000000000000
  0.317647058824  0.046355100241 -0.009936072623 -0.291784726449  0.089113500057  0.293247806880  0.100369666217 -0.026132106431 -0.017625354607  0.163273844596 -0.046182832353  0.293247806880 -0.000000000000
  0.321568627451  0.104623466989 -0.000833084463 -0.024766558725  0.007563914531  0.042256206296  0.008519332944 -0.058980167453 -0.001477788019  0.013858611825 -0.003919978415  0.042256206296 -0.000000000000
  0.325490196078  0.062092591995 -0.006854231478 -0.206252698057  0.062991301991  0.290061244860  0.070947902971 -0.035003920046 -0.012158552472  0.115412726978 -0.032645073279  0.290061244860  0.000000000000
  0.329411764706  0.255452427442  0.000853604217  0.025995526439 -0.007939251568  0.012054159879 -0.008942079812 -0.144008102392  0.001514187505 -0.014546304722  0.004114495827  0.012054159879 -0.000000000000
  0.333333333333  0.036809995572  0.000083896434  0.002585384885 -0.000789598204  0.112954822526 -0.000889334480 -0.020751173377  0.000148821819 -0.001446702626  0.000409207151  0.112954822526  0.000000000000
  0.337254901961  0.252676566943  0.001798923811  0.056088522561 -0.017129904705  0.054912693562 -0.019293629096 -0.142443245847  0.003191066660 -0.031385428661  0.008877527162  0.054912693562  0.000000000000
  0.341176470588 -0.010500553899  0.006631082532  0.209154139675 -0.063877426570  0.131455240791 -0.071945956331  0.005919555575  0.011762714050 -0.117036285324  0.033104304965  0.131455240791  0.000000000000
  0.345098039216  0.098396587897  0.001488968471  0.047504084480 -0.014508145394  0.059115185091 -0.016340708307 -0.055469842455  0.002641244513 -0.026581838609  0.007518807431  0.059115185091  0.000000000000
  0.349019607843 -0.047835245613  0.008975096068  0.289595554894 -0.088444908723  0.296415690004 -0.099616623312  0.026966519822  0.015920701954 -0.162048850880  0.045836336688  0.296415690004  0.000000000000
  0.352941176471 -0.114512571184  0.000257368290  0.008397699424 -0.002564727761  0.024078549492 -0.002888685431  0.064555025925  0.000456539274 -0.004699096788  0.001329163282  0.024078549492  0.000000000000
  0.356862745098 -0.051496097075  0.005940257653  0.195978962254 -0.059853617002  0.283073120472 -0.067413888542  0.029030278924  0.010537276804 -0.109663857381  0.031018976451  0.283073120472 -0.000000000000
  0.360784313725 -0.258212016481 -0.001010412713 -0.033701513725  0.010292724646  0.025091099166  0.011592826413  0.145563786105 -0.001792346235  0.018858340467 -0.005334176937  0.025091099166  0.000000000000
  0.364705882353 -0.020975174486 -0.000448297828 -0.015115146557  0.004616292395  0.099708243773  0.005199388718  0.011824491571 -0.000795224481  0.008457975577 -0.002392381150  0.099708243773 -0.000000000000
  0.368627450980 -0.246589110204 -0.001492084424 -0.050849188824  0.015529768286  0.055156528881  0.017491375137  0.139011518452 -0.002646771825  0.028453657102 -0.008048260755  0.055156528881 -0.000000000000
  0.372549019608  0.021857221226 -0.006291976546 -0.216707269072  0.066184215568  0.143332526996  0.074544122060 -0.012321734359 -0.011161182290  0.121262786452 -0.034299792176  0.143332526996 -0.000000000000
  0.376470588235 -0.086857300584 -0.000947593733 -0.032980420752  0.010072496811  0.046884714217  0.011344781006  0.048964713944 -0.001680913195  0.018454838806 -0.005220044452  0.046884714217 -0.000000000000
  0.380392156863  0.048047654104 -0.008181408532 -0.287715058370  0.087870589330  0.299952038270  0.098969760089 -0.027086262445 -0.014512799174  0.160996582309 -0.045538697203  0.299952038270 -0.000000000000
  0.384313725490  0.124859047855  0.000177306647  0.006299613004 -0.001923954590  0.007196958269 -0.002166974475 -0.070387722395  0.000314519895 -0.003525071539  0.000997084305  0.007196958269 -0.000000000000
  0.388235294118  0.040841956106 -0.005172179172 -0.185639989234  0.056696008021  0.276064594427  0.063857433467 -0.023024140564 -0.009174801298  0.103878483024 -0.029382554067  0.276064594427  0.000000000000
  0.392156862745  0.261292580863  0.001094726136  0.039688827200 -0.012121300344  0.036259207066 -0.013652374431 -0.147300415643  0.001941907742 -0.022208658703  0.006281831387  0.036259207066 -0.000000000000
  0.396078431373  0.006269374969  0.000763920045  0.027972549980 -0.008543051121  0.086116951907 -0.009622146913 -0.003534281516  0.001355098960 -0.015652586871  0.004427413326  0.086116951907  0.000000000000
  0.400000000000  0.240483881286  0.001211860193  0.044814181704 -0.013686626550  0.054039317468 -0.015415421205 -0.135569772214  0.002149688961 -0.025076650955  0.007093057494  0.054039317468  0.000000000000
  0.403921568627 -0.031585922366  0.006013932169  0.224573511064 -0.068586631777  0.155593262112 -0.077249993929  0.017806167621  0.010667966215 -0.125664495850  0.035544837931  0.155593262112  0.000000000000
  0.407843137255  0.075017728666  0.000503702589  0.018991982476 -0.005800310565  0.034553197674 -0.006532963411 -0.042290303753  0.000893505621 -0.010627334861  0.003005995391  0.034553197674  0.000000000000
  0.411764705882 -0.047074435002  0.007510440270  0.285902185049 -0.087316922629  0.303622010252 -0.098346158257  0.026537622381  0.013322585093 -0.159982153622  0.045251760920  0.303622010252  0.000000000000
  0.415686274510 -0.135539552445 -0.000507220946 -0.019492422859  0.005953149250  0.008516305260  0.006705107563  0.076408722916 -0.000899746749  0.010907366055 -0.003085203629  0.008516305260  0.000000000000
  0.419607843137 -0.030099792785  0.004513657353  0.175095564110 -0.053475652246  0.268851148819 -0.060230305883  0.016968380707  0.008006665654 -0.097978143928  0.027713613325  0.268851148819 -0.000000000000
  0.423529411765 -0.264489546805 -0.001126286511 -0.044099677858  0.013468411089  0.045704032100  0.015169642362  0.149102665100 -0.001997891913  0.024676836368 -0.006979967917  0.045704032100  0.000000000000
  0.427450980392  0.007418677312 -0.001040819483 -0.041130566391  0.012561619572  0.072145136165  0.014148311566 -0.004182186298 -0.001846284057  0.023015412036 -0.006510025646  0.072145136165 -0.000000000000
  0.431372549020 -0.234200143956 -0.000953729072 -0.038034742937  0.011616129152  0.051651774689  0.013083393705  0.132027394097 -0.001691796521  0.021283083536 -0.006020027772  0.051651774689 -0.000000000000
  0.435294117647  0.039813446750 -0.005779809910 -0.232594431419  0.071036288053  0.168121307155  0.080009072886 -0.022444331313 -0.010252662505  0.130152758547 -0.036814365725  0.168121307155 -0.000000000000
  0.439215686275 -0.062846676868 -0.000135114935 -0.005486358184  0.001675579754  0.022119880444  0.001887226745  0.035429025937 -0.000239677056  0.003069998914 -0.000868364713  0.022119880444 -0.000000000000
  0.443137254902  0.044994611780 -0.006931637202 -0.283972997862  0.086727732699  0.307240765798  0.097682546160 -0.025365148122 -0.012295860580  0.158902639239 -0.044946414820  0.307240765798 -0.000000000000
  0.447058823529  0.146452914599  0.000757260700  0.031297745068 -0.009558593559  0.023142019047 -0.010765965251 -0.082560993968  0.001343286112 -0.017513264750  0.004953715471  0.023142019047 -0.000000000000
  0.450980392157  0.019268949406 -0.003939400243 -0.164244458844  0.050161633787  0.261292670104  0.056497684827 -0.010862628580 -0.006988005105  0.091906195967 -0.025996132149  0.261292670104  0.000000000000
  0.454901960784  0.267641897367  0.001118777880  0.047050542936 -0.014369630006  0.053538375776 -0.016184696668 -0.150879763196  0.001984572538 -0.026328050577  0.007447022204  0.053538375776 -0.000000000000
  0.458823529412 -0.020159349202  0.001286222435  0.054558788871 -0.016662711220  0.057773432496 -0.018767423144  0.011364580298  0.002281598311 -0.030529436286  0.008635405391  0.057773432496  0.000000000000
  0.462745098039  0.227615843272  0.000714575533  0.030569823286 -0.009336280148  0.048080829072 -0.010515570835 -0.128315577159  0.001267567946 -0.017105941895  0.004838502142  0.048080829072  0.000000000000
  0.466666666667 -0.046638057412  0.005577733895  0.240639840565 -0.073493423412  0.180816325393 -0.082776575629  0.026291619987  0.009894204836 -0.134654724427  0.038087769533  0.180816325393  0.000000000000
  0.470588235294  0.050327276885 -0.000173721392 -0.007557833592  0.002308225699  0.009606049594  0.002599783903 -0.028371371199 -0.000308160100  0.004229133452 -0.001196231777  0.009606049594  0.000000000000
  0.474509803922 -0.041883909143  0.006423436515  0.281783517020 -0.086059046907  0.310658318929 -0.096929396864  0.023611528522  0.011394375893 -0.157677472456  0.044599870201  0.310658318929  0.000000000000
  0.478431372549 -0.157511729530 -0.000945021976 -0.041798867742  0.012765724403  0.036729326034  0.014378197429  0.088795262199 -0.001676351218  0.023389373114 -0.006615802427  0.036729326034  0.000000000000
  0.482352941176 -0.008367969442  0.003431339589  0.153014149019 -0.046731803077  0.253281745336 -0.052634622965  0.004717337832  0.006086768820 -0.085622056686  0.024218631584  0.253281745336 -0.000000000000
  0.486274509804 -0.270618977579 -0.001081951875 -0.048639870248  0.014855023883  0.059852304520  0.016731401952  0.152558054831 -0.001919247793  0.027217389727 -0.007698576278  0.059852304520  0.000000000000
  0.490196078431  0.031995449833 -0.001505419599 -0.068222928472  0.020835853933  0.042996015719  0.023467686751 -0.018037033595 -0.002670426764  0.038175472571 -0.010798125408  0.042996015719 -0.000000000000
  0.494117647059 -0.220637410254 -0.000492173794 -0.022482873140  0.006866457821  0.043410137851  0.007733778598  0.124381573060 -0.000873054977  0.012580730937 -0.003558523346  0.043410137851 -0.000000000000
  0.498039215686  0.052138212525 -0.005399242064 -0.248598954819  0.075924203587  0.193588133071  0.085514394194 -0.029392263456 -0.009577582571  0.139108402314 -0.039347514838  0.193588133071 -0.000000000000
  0.501960784314 -0.037454454315  0.000434024654  0.020141283776 -0.006151316811  0.002952435959 -0.006928306201  0.021114478911  0.000769905649 -0.011270448859  0.003187903436  0.002952435959 -0.000000000000
  0.505882352941  0.037815202124 -0.005970245409 -0.279218810403  0.085275764018  0.313749929701  0.096047175405 -0.021317845965 -0.010590471347  0.156242340758 -0.044193935946  0.313749929701  0.000000000000
  0.509803921569  0.168637436859  0.001083281074  0.051056058776 -0.015592948103  0.049305819898 -0.017562535367 -0.095067240180  0.001921605627 -0.028569415225  0.008081003525  0.049305819898 -0.000000000000
  0.513725490196 -0.002571909882 -0.002976280130 -0.141353927385  0.043170673700  0.244735845320  0.048623677746  0.001449881942 -0.005279550048  0.079097351851 -0.022373085837  0.244735845320  0.000000000000
  0.517647058824  0.273312124665  0.001022931908  0.048953464823 -0.014950798294  0.064720095074 -0.016839273886 -0.154076282726  0.001814553727 -0.027392867698  0.007748211109  0.064720095074 -0.000000000000
  0.521568627451 -0.042951016459  0.001702349127  0.082084858190 -0.025069403406  0.027818302041 -0.028235987258  0.024213096889  0.003019755206 -0.045932186180  0.012992151065  0.027818302041  0.000000000000
  0.525490196078  0.213192952520  0.000284885256  0.013840046534 -0.004226866165  0.037720799540 -0.004760773012 -0.120184853372  0.000505350942 -0.007744468446  0.002190562051  0.037720799540  0.000000000000
  0.529411764706 -0.056378615638  0.005238161833  0.256374873544 -0.078299034313  0.206353306533 -0.088189196184  0.031782737533  0.009291846315 -0.143459569563  0.040578264491  0.206353306533  0.000000000000
  0.533333333333  0.024232927296 -0.000654090631 -0.032250734935  0.009849644649  0.015509955786  0.011093779788 -0.013661008863 -0.001160275267  0.018046528850 -0.005104551917  0.015509955786  0.000000000000
  0.537254901961 -0.032859136817  0.005560553889  0.276185834556 -0.084349467784  0.316409831795 -0.095003876199  0.018523926301  0.009863729647 -0.154545179865  0.043713885407  0.316409831795 -0.000000000000
  0.541176470588 -0.179757365026 -0.001181536457 -0.059113815504  0.018053854516  0.060884391442  0.020334285496  0.101335960232 -0.002095898432  0.033078290435 -0.009356361672  0.060884391442  0.000000000000
  0.545098039216  0.013510947949  0.002564403179  0.129230161116 -0.039467973907  0.235591966487 -0.044453279972 -0.007616627468  0.004548931666 -0.072313261561  0.020454171602  0.235591966487 -0.000000000000
  0.549019607843 -0.275629204045 -0.000947039437 -0.048068312838  0.014680465461  0.068205146709  0.016534794586  0.155382507169 -0.001679929942  0.026897563610 -0.007608111844  0.068205146709  0.000000000000
  0.552941176471  0.053037278446 -0.001879985722 -0.096102888768  0.029350627389  0.012255143102  0.033057984171 -0.029899100594 -0.003334860388  0.053776249075 -0.015210883910  0.012255143102 -0.000000000000
  0.556862745098 -0.205227586747 -0.000091472668 -0.004709149388  0.001438213677  0.031092041773  0.001619878319  0.115694478310 -0.000162261113  0.002635096548 -0.000745350380  0.031092041773 -0.000000000000
  0.560784313725  0.059414494779 -0.005089901399 -0.263881039135  0.080591480172  0.219033112784  0.090771207052 -0.033494176326 -0.009028850781  0.147659791175 -0.041766318408  0.219033112784 -0.000000000000
  0.564705882353 -0.010675633306  0.000840191573  0.043863531298 -0.013396289951  0.028014343810 -0.015088411409  0.006018254395  0.001490395146 -0.024544695947  0.006942591331  0.028014343810 -0.000000000000
  0.568627450980  0.027084729566 -0.005185716673 -0.272608608554  0.083256952993  0.318547038858  0.093773362923 -0.015268676628 -0.009198815137  0.152543473164 -0.043147692547  0.318547038858  0.000000000000
  0.572549019608  0.190802928575  0.001247002007  0.066005904562 -0.020158756257  0.071468005327 -0.022705063044 -0.107562758162  0.002212026160 -0.036934893526  0.010447221353  0.071468005327 -0.000000000000
  0.576470588235 -0.024403702130 -0.002188284931 -0.116622939432  0.035617622781  0.225802870203  0.040116580626  0.013757281034 -0.003881744766  0.065258644347 -0.018458737460  0.225802870203  0.000000000000
  0.580392156863  0.277490956186  0.000858332222  0.046055331297 -0.014065684034  0.070363514089 -0.015842358461 -0.156432046590  0.001522574397 -0.025771160459  0.007289503019  0.070363514089 -0.000000000000
  0.584313725490 -0.062256818353  0.002040606050  0.110232134539 -0.033665817423  0.003670603753 -0.037918237479  0.035096500596  0.003619780833 -0.061682544605  0.017447219569  0.003670603753  0.000000000000
  0.588235294118  0.196700162672 -0.000089018890 -0.004841012594  0.001478485805  0.023601805488  0.001665237328 -0.110887249929 -0.000157908417  0.002708883181 -0.000766221302  0.023601805488  0.000000000000
  0.592156862745 -0.061294679979  0.004950988749  0.271038924666 -0.082777558382  0.231552243471 -0.093233414688  0.034554107154  0.008782437052 -0.151665125875  0.042899247577  0.231552243471  0.000000000000
  0.596078431373 -0.003197516288 -0.000997166198 -0.054950786808  0.016782430674  0.040409117214  0.018902264685  0.001802559708 -0.001768848569  0.030748786391 -0.008697449677  0.040409117214  0.000000000000
  0.600000000000 -0.020559875854  0.004839144198  0.268424883459 -0.081979208297  0.320082484899 -0.092334222854  0.011590372175  0.008584038756 -0.150202388045  0.042485504786  0.320082484899 -0.000000000000
  0.603921568627 -0.201708525303 -0.001285264616 -0.071758945970  0.021915783302  0.081053115291  0.024684024907  0.113710651553 -0.002279899259  0.040154120249 -0.011357795906  0.081053115291  0.000000000000
  0.607843137255  0.035200969422  0.001842235201  0.103523644668 -0.031616988412  0.215334384389 -0.035610615358 -0.019844105063  0.003267895668 -0.057928678027  0.016385419431  0.215334384389 -0.000000000000
  0.611764705882 -0.278828505552 -0.000759963657 -0.042981364777  0.013126868905  0.071246483691  0.014784959065  0.157186073272 -0.001348080822  0.024051062434 -0.006802964596  0.071246483691  0.000000000000
  0.615686274510  0.070606546978 -0.002185973484 -0.124424905879  0.038000408699  0.019929223159  0.042800342651 -0.039803555396 -0.003877644546  0.069624387108 -0.019693609870  0.019929223159 -0.000000000000
  0.619607843137 -0.187580912502  0.000257341082  0.014741069344 -0.004502046080  0.015327206240 -0.005070711643  0.105746387007  0.000456491011 -0.008248653364  0.002333173304  0.015327206240 -0.000000000000
  0.623529411765  0.062063847635 -0.004818763428 -0.277776504670  0.084835271764  0.243838051365  0.095551043388 -0.034987715774 -0.008547885809  0.155435270406 -0.043965652017  0.243838051365 -0.000000000000
  0.627450980392  0.017360636000  0.001128817213  0.065479655350 -0.019998035339  0.052635076773 -0.022524041034 -0.009786840829  0.002002381064 -0.036640420497  0.010363928168  0.052635076773 -0.000000000000
  0.631372549020  0.013351752164 -0.004515751688 -0.263583795769  0.080500699557  0.320947042610  0.090668959694 -0.007526882841 -0.008010380743  0.147493462842 -0.041719271598  0.320947042610  0.000000000000
  0.635294117647  0.212410871155  0.001300730157  0.076395011895 -0.023331676677  0.089632159731 -0.026278763587 -0.119743964811  0.002307333203 -0.042748321517  0.012091578850  0.089632159731 -0.000000000000
  0.639215686275 -0.045851180519 -0.001521841487 -0.089933149453  0.027466337311  0.204163425968  0.030935684340  0.025848028007 -0.002699557148  0.050323850897 -0.014234355632  0.204163425968  0.000000000000
  0.643137254902  0.279581634342  0.000654427887  0.038910644507 -0.011883636830  0.070902473255 -0.013384690998 -0.157610640182  0.001160873517 -0.021773211373  0.006158662908  0.070902473255 -0.000000000000
  0.647058823529 -0.078079877301  0.002317469080  0.138631100753 -0.042339099634  0.036485079741 -0.047687065321  0.044016551644  0.004110901347 -0.077573741011  0.021942124809  0.036485079741  0.000000000000
  0.650980392157  0.177849728232 -0.000414096585 -0.024921404596  0.007611205757  0.006344877435  0.008572597652 -0.100260553912 -0.000734555737  0.013945258858 -0.003944486966  0.006344877435  0.000000000000
  0.654901960784 -0.061764175143  0.004691165353  0.284027238374 -0.086744298206  0.255820109331 -0.097701204101  0.034818779165  0.008321542726 -0.158932990577  0.044954999849  0.255820109331  0.000000000000
  0.658823529412 -0.031782683336 -0.001238185415 -0.075415001625  0.023032373330  0.064631496331  0.025941654428  0.017917089151 -0.002196386625  0.042199937623 -0.011936465693  0.064631496331  0.000000000000
  0.662745098039 -0.005527114968  0.004211575487  0.258044182643 -0.078808855298  0.321080131965 -0.088763414029  0.003115841749  0.007470810070 -0.144393664084  0.040842477849  0.321080131965 -0.000000000000
  0.666666666667 -0.222848616029 -0.001296932452 -0.079933541948  0.024412373402  0.097195420889  0.027495966025  0.125628112586 -0.002300596546  0.044728375145 -0.012651647028  0.097195420889  0.000000000000
  0.670588235294  0.056301435985  0.001223647994  0.075860446032 -0.023168415784  0.192276520921 -0.026094880770 -0.031739228472  0.002170599051 -0.042449194744  0.012006969330  0.192276520921 -0.000000000000
  0.674509803922 -0.279697570414 -0.000543730249 -0.033905856575  0.010355132665  0.069378442602  0.011663117356  0.157675997689 -0.000964509703  0.018972684502 -0.005366519725  0.069378442602 -0.000000000000
  0.678431372549  0.084668344042 -0.002436186033 -0.152798584512  0.046665967871  0.053297400507  0.052560471936 -0.047730717144 -0.004321490427  0.085501433354 -0.024184512665  0.053297400507 -0.000000000000
  0.682352941176 -0.167494872449  0.000559777389  0.035312411705 -0.010784706385  0.003268791246 -0.012146951690  0.094423133823  0.000992975329 -0.019759749906  0.005589145154  0.003268791246 -0.000000000000
  0.686274509804  0.060436569887 -0.004566586966 -0.289729395525  0.088485784773  0.267429980773  0.099662662526 -0.034070358351 -0.008100556193  0.162123744020 -0.045857520591  0.267429980773 -0.000000000000
  0.690196078431  0.046428140353  0.001327742608  0.084720661692 -0.025874399878  0.076337037132 -0.029142665002 -0.026173281878  0.002355249925 -0.047407101528  0.013409338328  0.076337037132 -0.000000000000
  0.694117647059 -0.002847491572 -0.003923500517 -0.251773350547  0.076893690638  0.320428732838  0.086606339764  0.001605237664 -0.006959800973  0.140884697465 -0.039849948902  0.320428732838  0.000000000000
  0.698039215686  0.232962143813  0.001276751396  0.082392773532 -0.025163443331  0.103732433503 -0.028341905619 -0.131329487042  0.002264797868 -0.046104486226  0.013040887004  0.103732433503 -0.000000000000
  0.701960784314 -0.066498302737 -0.000944925382 -0.061321578375  0.018728123794  0.179668672833  0.021093723542  0.037487584226 -0.001676179872  0.034313687285 -0.009705799917  0.179668672833  0.000000000000
  0.705882352941  0.279130127165  0.000429507842  0.028028921125 -0.008560267340  0.066720945216 -0.009641537760 -0.157356108673  0.000761893386 -0.015684130447  0.004436335586  0.066720945216 -0.000000000000
  0.709803921569 -0.090362830756  0.002542998847  0.166873554599 -0.050964581657  0.070320941658 -0.057402055205  0.050940912616  0.004510963048 -0.093377357864  0.026412257728  0.070320941658  0.000000000000
  0.713725490196  0.156511992702 -0.000694792522 -0.045844717631  0.014001360856  0.013437505012  0.015769910449 -0.088231673100 -0.001232475349  0.025653307468 -0.007256167704  0.013437505012  0.000000000000
  0.717647058824 -0.058121585283  0.004443767671  0.294825615344 -0.090042213003  0.278601131257 -0.101415687396  0.032765314812  0.007882690068 -0.164975433390  0.046664135346  0.278601131257  0.000000000000
  0.721568627451 -0.061257594516 -0.001399529881 -0.093360415836  0.028513053179  0.087690473479  0.032114613707  0.034533200689 -0.002482591601  0.052241644764 -0.014776813322  0.087690473479  0.000000000000
  0.725490196078  0.011705605954  0.003649063140  0.244746159328 -0.074747527565  0.318946678188 -0.084189089054 -0.006598888559  0.006472983267 -0.136952495320  0.038737705646  0.318946678188 -0.000000000000
  0.729411764706 -0.242693495391 -0.001242569591 -0.083790820700  0.025590418649  0.109233067570  0.028822813340  0.136815414455 -0.002204163606  0.046886790834 -0.013262165817  0.109233067570  0.000000000000
  0.733333333333  0.076388446182  0.000683502798  0.046338789206 -0.014152254454  0.166342478406 -0.015939863824 -0.043063028562  0.001212448785 -0.025929774871  0.007334367907  0.166342478406 -0.000000000000
  0.737254901961 -0.277839087816 -0.000313116115 -0.021341554435  0.006517889526  0.062976911007  0.007341181704  0.156628301431 -0.000555428968  0.011942083757 -0.003377878762  0.062976911007  0.000000000000
  0.741176470588  0.095154513053 -0.002638614723 -0.180800890174  0.055218106626  0.087506569283  0.062192854367 -0.053642163420 -0.004680573696  0.101170670598 -0.028616635633  0.087506569283 -0.000000000000
  0.745098039216 -0.144903351017  0.000819488547  0.056449391959 -0.017240117243  0.024084990286 -0.019417762876  0.081687446931  0.001453670559 -0.031587360183  0.008934644513  0.024084990286 -0.000000000000
  0.749019607843  0.054860102658 -0.004321717122 -0.299262626244  0.091397313305  0.289268935564  0.102941954067 -0.030926694883 -0.007666187605  0.167458249530 -0.047366412442  0.289268935564 -0.000000000000
  0.752941176471  0.076228244563  0.001455258352  0.101298755043 -0.030937488481  0.098631285924 -0.034845285960 -0.042972716909  0.002581446962 -0.056683697567  0.016033270414  0.098631285924 -0.000000000000
  0.756862745098 -0.020980785156 -0.003386306232 -0.236944328392  0.072364783033  0.316594144224  0.081505373644  0.011827654516 -0.006006885255  0.132586828387 -0.037502854684  0.316594144224 -0.000000000000
  0.760784313725  0.251986374798  0.001196386523  0.084146493095 -0.025699043979  0.113688370404 -0.028945159427 -0.142054158681  0.002122240599 -0.047085814272  0.013318460603  0.113688370404 -0.000000000000
  0.764705882353 -0.085919146946 -0.000437643425 -0.030939821144  0.009449280594  0.152307419551  0.010642844671  0.048435841596 -0.000776324898  0.017312981426 -0.004897064320  0.152307419551  0.000000000000
  0.768627450980  0.275789761281  0.000195691934  0.013905665416 -0.004246906721  0.058194224515 -0.004783344945 -0.155473019297  0.000347133104 -0.007781186773  0.002200948016  0.058194224515  0.000000000000
  0.772549019608 -0.099035592117  0.002723612230  0.194524487877 -0.059409408342  0.104801775691 -0.066913570689  0.055830073070  0.004831348680 -0.108849977825  0.030788766504  0.104801775691  0.000000000000
  0.776470588235  0.132677207225 -0.000934165016 -0.067058150070  0.020480120851  0.035134983436  0.023067020065 -0.074795111694 -0.001657092324  0.037523698059 -0.010613767692  0.035134983436  0.000000000000
  0.780392156863 -0.050693834930  0.004199658573  0.302991077466 -0.092536013546  0.299370749743 -0.104224486601  0.028578013700  0.007449670949 -0.169544577258  0.047956540787  0.299370749743  0.000000000000
  0.784313725490 -0.091294350281 -0.001496383640 -0.108501495940  0.033137265896  0.109100159073  0.037322923184  0.051466045066 -0.002654398099  0.060714131963 -0.017173299158  0.109100159073  0.000000000000
  0.788235294118  0.030606594820  0.003133671024  0.228355900627 -0.069741805239  0.313337279820 -0.078551080462 -0.017254083998  0.005558741880 -0.127781005830  0.036143503479  0.313337279820  0.000000000000
  0.792156862745 -0.260786211976 -0.001139902931 -0.083479918922  0.025495466641  0.117091227202  0.028715867688  0.147014956533 -0.002022045745  0.046712819670 -0.013212957194  0.117091227202  0.000000000000
  0.796078431373  0.095038734529  0.000205950983  0.015157329323 -0.004629175365  0.137579282541 -0.005213898971 -0.053576894729  0.000365331379 -0.008481579768  0.002399057715  0.137579282541 -0.000000000000
  0.800000000000 -0.272952659355 -0.000078200064 -0.005783624066  0.001766367245  0.052422144933  0.001989481849  0.153873638666 -0.000138717169  0.003236339847 -0.000915415087  0.052422144933 -0.000000000000
  0.803921568627  0.101999870141 -0.002798470756 -0.207987585308  0.063521151092  0.122151147399  0.071544678739 -0.057501147632 -0.004964138378  0.116383517036 -0.032919666155  0.122151147399 -0.000000000000
  0.807843137255 -0.119847312977  0.001039086298  0.077603555120 -0.023700775904  0.046511271002 -0.026694484730  0.067562419709  0.001843209603 -0.043424585492  0.012282863533  0.046511271002 -0.000000000000
  0.811764705882  0.045665692499 -0.004076986396 -0.305965448890  0.093444411498  0.308846027373  0.105247626745 -0.025743461462 -0.007232065794  0.171208944902 -0.048427315589  0.308846027373 -0.000000000000
  0.815686274510  0.106407640179  0.001524161650  0.114936281895 -0.035102503438  0.119039408858 -0.039536395172 -0.059985972714  0.002703672828 -0.064314842168  0.018191778242  0.119039408858 -0.000000000000
  0.819607843137 -0.040516644293 -0.002889915278 -0.218974818941  0.066876744296  0.309147934645  0.075324125956  0.022840750109 -0.005126349563  0.122531638284 -0.034658693331  0.309147934645  0.000000000000
  0.823529411765  0.269040264060  0.001074583918  0.081813017395 -0.024986380950  0.119436881996 -0.028142478012 -0.151668074883  0.001906177957 -0.045780072352  0.012949124900  0.119436881996 -0.000000000000
  0.827450980392 -0.103696959502  0.000012701453  0.000971624878 -0.000296742378  0.122179668845 -0.000334224707  0.058457860476  0.000022530794 -0.000543691684  0.000153785941  0.122179668845  0.000000000000
  0.831372549020  0.269303259873 -0.000038532165 -0.002961570367  0.000904488402  0.045711601933  0.001018736768 -0.151816335474 -0.000068351260  0.001657204562 -0.000468748688  0.045711601933  0.000000000000
  0.835294117647 -0.104043204130  0.002863593185  0.221133073665 -0.067535893371  0.139496796611 -0.076066533926  0.058653051543  0.005079657451 -0.123739331884  0.035000295571  0.139496796611  0.000000000000
  0.839215686275  0.106432485625 -0.001134490772 -0.088019220871  0.026881807487  0.058137772242  0.030277320979 -0.059999979022 -0.002012445250  0.049252874764 -0.013931424618  0.058137772242  0.000000000000
  0.843137254902 -0.039820040941  0.003953233788  0.308144015324 -0.094109763939  0.317636465573 -0.105997021645  0.022448048705  0.007012544091 -0.172428004315  0.048772132707  0.317636465573 -0.000000000000
  0.847058823529 -0.121517687357 -0.001539690834 -0.120572996523  0.036824003310  0.128393356096  0.041475342329  0.068504072318 -0.002731219664  0.067468975969 -0.019083940933  0.128393356096  0.000000000000
  0.850980392157  0.050644658533  0.002654050577  0.208800583260 -0.063769447478  0.304003457005 -0.071824338110 -0.028550291124  0.004707954977 -0.116838445924  0.033048345091  0.304003457005 -0.000000000000
  0.854901960784 -0.276697742560 -0.001001706677 -0.079169853459  0.024179136539  0.120723348974  0.027233268386  0.155984882356 -0.001776902813  0.044301038330 -0.012530772650  0.120723348974  0.000000000000
  0.858823529412  0.111845318917 -0.000219226275 -0.017406020801  0.005315944582  0.106135572122  0.005987415857 -0.063051395909 -0.000388880092  0.009739879019 -0.002754974019  0.106135572122  0.000000000000
  0.862745098039 -0.264821830617  0.000153788764  0.012266200692 -0.003746200459  0.038115392546 -0.004219393126  0.149289985932  0.000272802102 -0.006863792255  0.001941458338  0.038115392546 -0.000000000000
  0.866666666667  0.105163864215 -0.002919323520 -0.233903800764  0.071436180421  0.156778764936  0.080459476736 -0.059284809612 -0.005178516120  0.130885441747 -0.037021608872  0.156778764936  0.000000000000
  0.870588235294 -0.092456239741  0.001220598047  0.098240015924 -0.030003323927  0.069938656288 -0.033793124566  0.052121045679  0.002165188826 -0.054972120331  0.015549142140  0.069938656288 -0.000000000000
  0.874509803922  0.033202872521 -0.003828047895 -0.309488848269  0.094520487188  0.325686170375  0.106459624453 -0.018717702993 -0.006790479917  0.173180531865 -0.048984988929  0.325686170375  0.000000000000
  0.878431372549  0.136572261189  0.001543944547  0.125384108132 -0.038293357103  0.137108657792 -0.043130294157 -0.076990899519  0.002738765221 -0.070161127469  0.019845429595  0.137108657792 -0.000000000000
  0.882352941176 -0.060924580172 -0.002425293700 -0.197837964794  0.060421371953  0.297886540442  0.068053358149  0.034345468029 -0.004302168786  0.110704098573 -0.031313213931  0.297886540442  0.000000000000
  0.886274509804  0.283709957430  0.000922396931  0.075576898803 -0.023081818085  0.120951736013 -0.025997344683 -0.159937930551  0.001636217207 -0.042290530352  0.011962090304  0.120951736013 -0.000000000000
  0.890196078431 -0.119437344916  0.000414364051  0.034101282034 -0.010414817237  0.089479002733 -0.011730340848  0.067331305356  0.000735030189 -0.019082038636  0.005397451095  0.089479002733 -0.000000000000
  0.894117647059  0.259493295679 -0.000266945241 -0.022065806704  0.006739082237  0.029688298160  0.007590313862 -0.146286091185 -0.000473527592  0.012347353265 -0.003492511291  0.029688298160  0.000000000000
  0.898039215686 -0.105362815485  0.002965960718  0.246242865298 -0.075204634108  0.173935405765 -0.084703933955  0.059396965895  0.005261244697 -0.137790006388  0.038974599886  0.173935405765 -0.000000000000
  0.901960784314  0.077946460014 -0.001297614690 -0.108202269057  0.033045879499  0.081838487463  0.037219993525 -0.043941339322 -0.002301806752  0.060546693715 -0.017125938403  0.081838487463  0.000000000000
  0.905882352941 -0.025861908098  0.003701170397  0.309965842779 -0.094666165308  0.332941833947 -0.106623703568  0.014579326361  0.006565415046 -0.173447443463  0.049060486224  0.332941833947 -0.000000000000
  0.909803921569 -0.151517660417 -0.001537796052 -0.129344958373  0.039503033951  0.145134604079  0.044492768545  0.085416180907 -0.002727858557  0.072377498609 -0.020472341376  0.145134604079  0.000000000000
  0.913725490196  0.071290696094  0.002203028489  0.186096760578 -0.056835509817  0.290785103627 -0.064014556110 -0.040189235881  0.003907898000 -0.104134078354  0.029454850498  0.290785103627  0.000000000000
  0.917647058824 -0.290030471441 -0.000837657011 -0.071063217021  0.021703301853  0.120126496477  0.024444704353  0.163501041060 -0.001485899149  0.039764811523 -0.011247677965  0.120126496477  0.000000000000
  0.921568627451  0.126428863398 -0.000598717133 -0.051009648068  0.015578773883  0.072246646036  0.017546570764 -0.071272686221 -0.001062049582  0.028543445207 -0.008073657774  0.072246646036  0.000000000000
  0.925490196078 -0.253307130837  0.000377453408  0.032295211493 -0.009863228162  0.020487136182 -0.011109079071  0.142798718335  0.000669555308 -0.018071416577  0.005111591536  0.020487136182 -0.000000000000
  0.929411764706  0.104643937329 -0.003003769618 -0.258093902969  0.078824040302  0.190903750024  0.088780517092 -0.058991707350 -0.005328312975  0.144421486064 -0.040850347437  0.190903750024  0.000000000000
  0.933333333333 -0.062935103593  0.001365738797  0.117843974846 -0.035990537226  0.093762393292 -0.040536598899  0.035478875394  0.002422650429 -0.065941898569  0.018651999371  0.093762393292 -0.000000000000
  0.937254901961  0.017846642144 -0.003572422180 -0.309544760241  0.094537563173  0.339352917975  0.106478857351 -0.010060820697 -0.006337031755  0.173211818501 -0.048993838512  0.339352917975  0.000000000000
  0.941176470588  0.166299031764  0.001522037985  0.132434004660 -0.040446454568  0.152423386201 -0.045555355160 -0.093748993634  0.002699905711 -0.074106034813  0.020961266580  0.152423386201 -0.000000000000
  0.945098039216 -0.081677783797 -0.001986775629 -0.173591575781  0.053016321610  0.282692192094  0.059712955957  0.046044826310 -0.003524292375  0.097136557873 -0.027475566455  0.282692192094 -0.000000000000
  0.949019607843  0.295615259934  0.000748387650  0.065660586384 -0.020053293192  0.118255621277 -0.022586278656 -0.166649395535  0.001327546427 -0.036741663993  0.010392565403  0.118255621277 -0.000000000000
  0.952941176471 -0.132778227459  0.000772776360  0.068080522587 -0.020792361983  0.054479544314 -0.023418701216  0.074852060584  0.001370808960 -0.038095786576  0.010775585821  0.054479544314 -0.000000000000
  0.956862745098  0.246257277957 -0.000484829636 -0.042888589510  0.013098534561  0.010570757694  0.014753045733 -0.138824452184 -0.000860027354  0.023999148221 -0.006788280399  0.010570757694  0.000000000000
  0.960784313725 -0.103014190746  0.003032989650  0.269401364804 -0.082277433881  0.207619858705 -0.092670118114  0.058072958153  0.005380145670 -0.150748797260  0.042640059395  0.207619858705 -0.000000000000
  0.964705882353  0.047457923007 -0.001425163673 -0.127104998517  0.038818931445  0.105636250576  0.043722255208 -0.026753808935 -0.002528062754  0.071124085307 -0.020117807087  0.105636250576  0.000000000000
  0.968627450980 -0.009208340692  0.003441691093  0.308199280175 -0.094126642288  0.344871838913 -0.106016031943  0.005191086585  0.006105131098 -0.172458928842  0.048780879866  0.344871838913  0.000000000000
  0.972549019608 -0.180860677035 -0.001497397621 -0.134633023349  0.041118053299  0.158930339249  0.046311785335  0.101957938540 -0.002656196775  0.075336538685 -0.021309320821  0.158930339249  0.000000000000
  0.976470588235  0.092021273484  0.001776168457  0.160341624447 -0.048969675463  0.273605893204 -0.055155167038 -0.051875838906  0.003150701498 -0.089722288726  0.025378402945  0.273605893204  0.000000000000
  0.980392156863 -0.300422872191 -0.000655405018 -0.059403570504  0.018142348121  0.115350780265  0.020433956966  0.169359626653 -0.001162606825  0.033240428507 -0.009402223246  0.115350780265  0.000000000000
  0.984313725490  0.138446528849 -0.000936942473 -0.085260804657  0.026039364065  0.036222794784  0.029328466260 -0.078047494408 -0.001662019186  0.047709349078 -0.013494830575  0.036222794784  0.000000000000
  0.988235294118 -0.238342070909  0.000588645727  0.053779568777 -0.016424730875  0.000000000000 -0.018499382861  0.134362353474  0.001044184163 -0.030093408458  0.008512072716  0.000000000000 -0.000000000000
  0.992156862745  0.100483741514 -0.003053841797 -0.280110787769  0.085548181379  0.000000000000  0.096354002536 -0.056646449132 -0.005417134780  0.156741464122 -0.044335115512  0.000000000000  0.000000000000
  0.996078431373 -0.031554203098  0.001476080786  0.135927278841 -0.041513329769  0.115475016692 -0.046756990241  0.017788286281  0.002618383367 -0.076060764633  0.021514171791  0.115475016692 -0.000000000000
  1.000000000000  0.000000000000 -0.003308922038 -0.305907055786  0.093426577755  0.236172794184  0.105227540373  0.000000000000 -0.005869615340  0.171176269899 -0.048418073300  0.236172794184 -0.000000000000
