             Rad         v_r[Re]         v_t[Re]         v_x[Re]         p[Re]          p_mg[Re]  p_no_phase[Re]         v_r[Im]         v_t[Im]         v_x[Im]         p[Im]          p_mg[Im]  p_no_phase[Im]
  0.000000000000 -0.095437433532  0.000000000000  0.010513713009  0.000000000000  0.100298389862  0.000000000000  0.008033095982  0.000000000000  0.061758240474  0.000000000000  0.100298389862  0.000000000000
  0.003921568627 -0.071819448076 -0.017238235317 -0.043333900182  0.000000000000  0.032610956638  0.000000000000  0.016704546848 -0.011813041686  0.011482384665  0.000000000000  0.032610956638 -0.000000000000
  0.007843137255  0.000649102812 -0.062637617138  0.015830844976 -0.000000000000  0.027664952978 -0.000000000000  0.042444031130  0.031580606401 -0.036351887894  0.000000000000  0.027664952978  0.000000000000
  0.011764705882 -0.008356961933 -0.040810839158  0.055897130695  0.000000000000  0.044699849938  0.000000000000  0.099949628295 -0.010215138927  0.011815491519  0.000000000000  0.044699849938  0.000000000000
  0.015686274510 -0.007708676207  0.060916598014 -0.112053291545 -0.000000000000  0.043067779003 -0.000000000000  0.031686760705  0.024628867125  0.049269604788 -0.000000000000  0.043067779003 -0.000000000000
  0.019607843137  0.018838149053 -0.018061631978 -0.027345052828  0.000000000000  0.018298483233  0.000000000000  0.020260152110 -0.012354127596 -0.019894416220  0.000000000000  0.018298483233 -0.000000000000
  0.023529411765 -0.024607122449 -0.052563803104 -0.068135888411 -0.000000000000  0.006807368114 -0.000000000000  0.037317102101 -0.022428314713 -0.032033883918  0.000000000000  0.006807368114  0.000000000000
  0.027450980392  0.012925800555  0.017689409629  0.064817719545  0.000000000000  0.032663730021  0.000000000000  0.041082323063  0.058843563049 -0.038774293992  0.000000000000  0.032663730021  0.000000000000
  0.031372549020  0.006338391882  0.066935249301  0.079310336178 -0.000000000000  0.021234389837 -0.000000000000  0.017165642341 -0.016835366816 -0.046879407374 -0.000000000000  0.021234389837  0.000000000000
  0.035294117647  0.004149124598 -0.025986591603  0.125685245547  0.000000000000  0.021122828458  0.000000000000  0.005396760669  0.009921098070 -0.039957973272  0.000000000000  0.021122828458  0.000000000000
  0.039215686275  0.010870394010 -0.049581787421  0.080743766897 -0.000000000000  0.017170548689 -0.000000000000  0.030801847233 -0.009057008061 -0.004959622217  0.000000000000  0.017170548689  0.000000000000
  0.043137254902 -0.001518094102  0.033696341436  0.128362392085 -0.000000000000  0.015814777964 -0.000000000000  0.021180054344  0.004829825680  0.074099239068  0.000000000000  0.015814777964  0.000000000000
  0.047058823529  0.010965476358  0.033150301122  0.139632775315 -0.000000000000  0.028894121720 -0.000000000000  0.018053592726  0.057220637885  0.090124954763  0.000000000000  0.028894121720  0.000000000000
  0.050980392157  0.013371664499 -0.013737866674 -0.346475851688  0.000000000000  0.014198632710  0.000000000000  0.010771551923  0.013398209961  0.085839971850 -0.000000000000  0.014198632710 -0.000000000000
  0.054901960784  0.010786641076 -0.098304490043 -0.467416174667 -0.000000000000  0.020134775678 -0.000000000000  0.011565274590  0.011720158528  0.025584610619  0.000000000000  0.020134775678  0.000000000000
  0.058823529412  0.014510453787 -0.052431388276 -0.664210323938  0.000000000000  0.017009132102  0.000000000000  0.024986336284  0.016122043323 -0.007394038451 -0.000000000000  0.017009132102 -0.000000000000
  0.062745098039  0.013344433652 -0.006719592620 -0.447921191457 -0.000000000000  0.006870331720 -0.000000000000  0.004850490836  0.005471477686  0.003283816892  0.000000000000  0.006870331720  0.000000000000
  0.066666666667  0.014124417580 -0.099142537333 -0.457733543676 -0.000000000000  0.020410929306 -0.000000000000  0.014349565138 -0.009077497630  0.026506862604 -0.000000000000  0.020410929306 -0.000000000000
  0.070588235294  0.008853865799 -0.000078606672 -0.269554820744 -0.000000000000  0.020338347881 -0.000000000000  0.014523072515 -0.041977544269 -0.000537397099  0.000000000000  0.020338347881  0.000000000000
  0.074509803922  0.003826361140 -0.032032184877 -0.154046042217 -0.000000000000  0.022341699459 -0.000000000000  0.005706173707  0.014725624255 -0.010357642602 -0.000000000000  0.022341699459 -0.000000000000
  0.078431372549  0.011822010406 -0.091948287368 -0.114192309320 -0.000000000000  0.012110893801 -0.000000000000  0.016638693011  0.015249551351 -0.010039556180  0.000000000000  0.012110893801  0.000000000000
  0.082352941176  0.005956542426 -0.045271257760 -0.186127360972  0.000000000000  0.013901370395  0.000000000000  0.019446542028  0.009342675350  0.021916267926 -0.000000000000  0.013901370395 -0.000000000000
  0.086274509804  0.012461303535  0.039446918160  0.057351286719 -0.000000000000  0.012485253234 -0.000000000000  0.018543663309 -0.014420240047  0.055729994052  0.000000000000  0.012485253234  0.000000000000
  0.090196078431  0.000744841515  0.070492065633  0.168392483230  0.000000000000  0.024125462189  0.000000000000  0.012087967561 -0.009065004822  0.030589900260 -0.000000000000  0.024125462189 -0.000000000000
  0.094117647059  0.010020276176  0.045727324449  0.322203430396  0.000000000000  0.006032038256  0.000000000000  0.009635463882  0.020394968646  0.006973427375 -0.000000000000  0.006032038256 -0.000000000000
  0.098039215686  0.003126668115 -0.086469166669  0.012766614571  0.000000000000  0.020286026679  0.000000000000  0.012087410592 -0.016727559347 -0.026168590488  0.000000000000  0.020286026679 -0.000000000000
  0.101960784314  0.007777879388  0.040868691993  0.072321012799 -0.000000000000  0.007436266324 -0.000000000000  0.022837305402 -0.015957697169 -0.038634421420  0.000000000000  0.007436266324  0.000000000000
  0.105882352941  0.001083389600  0.078763396378  0.315112135132  0.000000000000  0.016593919542  0.000000000000  0.005933949148 -0.008303460716 -0.027814971011 -0.000000000000  0.016593919542 -0.000000000000
  0.109803921569  0.007194674763  0.003070502541  0.093151901650  0.000000000000  0.005112562233  0.000000000000  0.018967328053  0.019053421746 -0.006916661595  0.000000000000  0.005112562233  0.000000000000
  0.113725490196  0.003472229406  0.041508862498  0.135731501242  0.000000000000  0.005376489155  0.000000000000  0.006575840616 -0.030900607531 -0.008249261903  0.000000000000  0.005376489155 -0.000000000000
  0.117647058824  0.002908724881  0.040791295945  0.082525160267  0.000000000000  0.014132622303  0.000000000000  0.016336997440  0.009433049479 -0.002921549361 -0.000000000000  0.014132622303 -0.000000000000
  0.121568627451  0.004612434720  0.015100579780 -0.339480020752  0.000000000000  0.004020532141  0.000000000000  0.002205388523 -0.017081931176  0.024894976593  0.000000000000  0.004020532141 -0.000000000000
  0.125490196078 -0.000243820766  0.041483357743 -0.385452795075  0.000000000000  0.017987932341  0.000000000000  0.005370957742  0.005776881340  0.032033602936 -0.000000000000  0.017987932341 -0.000000000000
  0.129411764706  0.004512303870 -0.015386104287 -0.160072688347  0.000000000000  0.012248063100  0.000000000000 -0.013392913310  0.006807643552  0.054438866490  0.000000000000  0.012248063100 -0.000000000000
  0.133333333333 -0.001115363152 -0.010189847653 -0.187550745497  0.000000000000  0.020738256981  0.000000000000  0.003862724911  0.006756144957  0.020386338426  0.000000000000  0.020738256981  0.000000000000
  0.137254901961  0.004839777882  0.045092036260 -0.456927066777  0.000000000000  0.005931831868  0.000000000000 -0.017324614280  0.013433945800  0.013020569634  0.000000000000  0.005931831868 -0.000000000000
  0.141176470588 -0.000197020846 -0.058678511908 -0.384277583846 -0.000000000000  0.006767698076 -0.000000000000 -0.012246478370 -0.000505795894 -0.000887140455  0.000000000000  0.006767698076  0.000000000000
  0.145098039216  0.004817717156  0.024154408247  0.304323945757 -0.000000000000  0.010851884834 -0.000000000000 -0.020170892495 -0.009484377446 -0.011203171454  0.000000000000  0.010851884834  0.000000000000
  0.149019607843 -0.001189882720 -0.065645070077  0.401904895031 -0.000000000000  0.005676473970 -0.000000000000 -0.005811265647  0.016578184007  0.012081745604  0.000000000000  0.005676473970  0.000000000000
  0.152941176471  0.006309551932  0.153102451234  0.410158198899 -0.000000000000  0.009068714112 -0.000000000000 -0.002447711514  0.004430713742  0.036099720341 -0.000000000000  0.009068714112  0.000000000000
  0.156862745098 -0.002002800846  0.012242372816  0.177532825419 -0.000000000000  0.025075961322 -0.000000000000 -0.010665467323  0.001224995056  0.040477373524  0.000000000000  0.025075961322  0.000000000000
  0.160784313725  0.005473959493 -0.056814333466  0.538683665358  0.000000000000  0.022620082152  0.000000000000  0.001502705627  0.004266767885 -0.001867675360 -0.000000000000  0.022620082152 -0.000000000000
  0.164705882353 -0.001804725109 -0.068369598253  0.599526587755 -0.000000000000  0.032306541867 -0.000000000000  0.008887324846  0.022870824861 -0.061924055572  0.000000000000  0.032306541867  0.000000000000
  0.168627450980  0.009357002137 -0.026933767749  0.470508423895  0.000000000000  0.010708475154  0.000000000000  0.023264787711  0.005695626510 -0.041694723244  0.000000000000  0.010708475154  0.000000000000
  0.172549019608 -0.000620050665 -0.065575405885  0.113035956926  0.000000000000  0.025742224354  0.000000000000  0.022611582291 -0.010912923476 -0.006146159069  0.000000000000  0.025742224354 -0.000000000000
  0.176470588235  0.008553786203 -0.045876127004 -0.566452940521  0.000000000000  0.005035287951  0.000000000000  0.031153577467  0.038981322306  0.013018704807  0.000000000000  0.005035287951  0.000000000000
  0.180392156863  0.002124429191  0.003802495327 -0.228507234736  0.000000000000  0.012648640392  0.000000000000  0.010495629601 -0.004365584635 -0.005512278908 -0.000000000000  0.012648640392 -0.000000000000
  0.184313725490  0.008225915528 -0.067022608431 -0.438759699179  0.000000000000  0.005576441245  0.000000000000  0.024392548625  0.013268445300 -0.019948725087 -0.000000000000  0.005576441245 -0.000000000000
  0.188235294118  0.003425154916  0.080185825787 -0.325309723102  0.000000000000  0.011470236633  0.000000000000  0.003690858781  0.012951886565  0.012536186629 -0.000000000000  0.011470236633 -0.000000000000
  0.192156862745  0.008834781179  0.051017351125 -0.165543975602 -0.000000000000  0.020871705685 -0.000000000000  0.009051781331  0.002411125104  0.044924515891  0.000000000000  0.020871705685  0.000000000000
  0.196078431373  0.002086880995  0.004611450110 -0.019940859537  0.000000000000  0.019131552985  0.000000000000 -0.005171230480 -0.000028985704  0.034595941831 -0.000000000000  0.019131552985 -0.000000000000
  0.200000000000  0.007844518016  0.165067222532 -0.082512723181 -0.000000000000  0.020206697694 -0.000000000000  0.008368384881  0.023690591377  0.011447842403 -0.000000000000  0.020206697694  0.000000000000
  0.203921568627  0.003338048438 -0.026666542627  0.272097360469  0.000000000000  0.018792064422  0.000000000000 -0.020603046640 -0.024296014170  0.013511633185 -0.000000000000  0.018792064422 -0.000000000000
  0.207843137255  0.005493962059  0.001735377340  0.076682013106 -0.000000000000  0.038792368859 -0.000000000000  0.018325738744  0.034632371659  0.006268335232 -0.000000000000  0.038792368859 -0.000000000000
  0.211764705882  0.005580614968 -0.010144033314 -0.055071673207  0.000000000000  0.004148795194  0.000000000000 -0.019420797313 -0.013995128336  0.008751352397  0.000000000000  0.004148795194  0.000000000000
  0.215686274510  0.004021802916  0.079695620125 -0.459347733308  0.000000000000  0.056901044224  0.000000000000  0.018356655103  0.031595941582 -0.021818713958 -0.000000000000  0.056901044224 -0.000000000000
  0.219607843137  0.008302678144  0.073687878704 -0.583724876985 -0.000000000000  0.007977417573 -0.000000000000 -0.037893448211 -0.003658810815 -0.023109912948 -0.000000000000  0.007977417573 -0.000000000000
  0.223529411765  0.004068115797  0.035561954554 -0.614348559083 -0.000000000000  0.059340303017 -0.000000000000 -0.000814208466 -0.008395480176  0.007715787666  0.000000000000  0.059340303017  0.000000000000
  0.227450980392  0.007369060797  0.019201751092 -0.217219668811 -0.000000000000  0.008724995196 -0.000000000000 -0.056421855488  0.027660488258  0.012299570095  0.000000000000  0.008724995196  0.000000000000
  0.231372549020  0.005400072744  0.004173940117 -0.097758412349 -0.000000000000  0.068811957863 -0.000000000000 -0.005871831528 -0.007842650192  0.034787150858 -0.000000000000  0.068811957863  0.000000000000
  0.235294117647  0.005744834389  0.000918758390 -0.107327799929 -0.000000000000  0.012194726296 -0.000000000000 -0.059061564829 -0.002613107140 -0.017943526562 -0.000000000000  0.012194726296 -0.000000000000
  0.239215686275  0.005503482927  0.010526842578 -0.341943376956 -0.000000000000  0.060408982290 -0.000000000000 -0.006770318814  0.010448553172 -0.023194343924 -0.000000000000  0.060408982290  0.000000000000
  0.243137254902  0.006855931430  0.000189077532 -0.264696333135 -0.000000000000  0.019530071667 -0.000000000000 -0.068469568052 -0.017791775590  0.002302869108  0.000000000000  0.019530071667  0.000000000000
  0.247058823529  0.004074261631 -0.202903753466 -0.172228421605 -0.000000000000  0.075893417596 -0.000000000000 -0.011493987193  0.023841439534 -0.031633048071  0.000000000000  0.075893417596  0.000000000000
  0.250980392157  0.009067339776 -0.021670105873 -0.415151554321 -0.000000000000  0.024016803949 -0.000000000000 -0.059724605404 -0.018381748311 -0.049956136124  0.000000000000  0.024016803949  0.000000000000
  0.254901960784  0.003948090768  0.024258056939 -0.548458514866 -0.000000000000  0.073709048613 -0.000000000000 -0.019126847064  0.008588961295 -0.089631545203 -0.000000000000  0.073709048613  0.000000000000
  0.258823529412  0.011817719896 -0.046590271649 -0.356983174574 -0.000000000000  0.033804541327 -0.000000000000 -0.074967675239  0.010907751149 -0.050070252122 -0.000000000000  0.033804541327  0.000000000000
  0.262745098039  0.005560080070 -0.140758806234 -0.267988842428 -0.000000000000  0.054082425843 -0.000000000000 -0.023364339955 -0.004983768211  0.010854027271 -0.000000000000  0.054082425843  0.000000000000
  0.266666666667  0.011070443537  0.133989988129 -0.167431245410 -0.000000000000  0.014465200717 -0.000000000000 -0.072872965682 -0.000534162368  0.020294870349 -0.000000000000  0.014465200717  0.000000000000
  0.270588235294  0.004672472628 -0.062580496575  0.582530268020 -0.000000000000  0.058543133360 -0.000000000000 -0.033480068904 -0.003614552860  0.007036271387 -0.000000000000  0.058543133360  0.000000000000
  0.274509803922  0.010541515444  0.023695396117  0.762803277106 -0.000000000000  0.017714325281 -0.000000000000 -0.053045124538  0.021517650521  0.003593801204 -0.000000000000  0.017714325281  0.000000000000
  0.278431372549  0.005506910916  0.169158393519  0.165696832580 -0.000000000000  0.068060475687 -0.000000000000 -0.013375947217 -0.014192524929  0.027210739074  0.000000000000  0.068060475687  0.000000000000
  0.282352941176  0.008875420453 -0.078756338720 -0.356750402067 -0.000000000000  0.011421907771 -0.000000000000 -0.057866444296  0.003116777739 -0.015983624531 -0.000000000000  0.011421907771  0.000000000000
  0.286274509804  0.005851398314  0.047827879169 -0.276254806304 -0.000000000000  0.060550018956 -0.000000000000 -0.016720001732  0.011201237797 -0.043382262219  0.000000000000  0.060550018956  0.000000000000
  0.290196078431  0.010463051415 -0.086998361689  0.056769246440 -0.000000000000  0.006276430026 -0.000000000000 -0.067251415642  0.011439077742 -0.045721468712  0.000000000000  0.006276430026  0.000000000000
  0.294117647059  0.007382274183  0.013510317334  0.303312867598 -0.000000000000  0.064613520753 -0.000000000000 -0.008715618453 -0.010449769299  0.010327074788 -0.000000000000  0.064613520753  0.000000000000
  0.298039215686  0.009438880857 -0.153521506011  0.073953361564 -0.000000000000  0.009492633784 -0.000000000000 -0.059809801235 -0.019454453110  0.020237537364  0.000000000000  0.009492633784  0.000000000000
  0.301960784314  0.005580878052  0.042228202400 -0.068041353466 -0.000000000000  0.040528053214 -0.000000000000  0.002871824166  0.006724355970 -0.008253212340  0.000000000000  0.040528053214  0.000000000000
  0.305882352941  0.009859010436  0.010131716232  0.085230836839 -0.000000000000  0.014931745725 -0.000000000000 -0.063856925836  0.027974519139 -0.015685235762  0.000000000000  0.014931745725  0.000000000000
  0.309803921569  0.007172745161 -0.201611290396  0.521190207329 -0.000000000000  0.022424324858 -0.000000000000  0.006217863219 -0.055276081789  0.060463064579 -0.000000000000  0.022424324858  0.000000000000
  0.313725490196  0.005297899285  0.155255404632  0.524573517483 -0.000000000000  0.020382889516 -0.000000000000 -0.040180285720  0.015647612764  0.030365046249 -0.000000000000  0.020382889516 -0.000000000000
  0.317647058824  0.007028820899 -0.071003856990  0.593571693780 -0.000000000000  0.014895232321 -0.000000000000  0.013173940457  0.027898628176  0.002540725239 -0.000000000000  0.014895232321  0.000000000000
  0.321568627451  0.006435633996  0.007236876853  0.254688500640 -0.000000000000  0.013353158796 -0.000000000000 -0.021480990675 -0.049525230464  0.020692421653 -0.000000000000  0.013353158796  0.000000000000
  0.325490196078  0.003915010972 -0.142325951237  0.100368326045  0.000000000000  0.008377049130  0.000000000000  0.020003371568  0.029303796666 -0.014453970262  0.000000000000  0.008377049130  0.000000000000
  0.329411764706  0.008131409123  0.041304536089 -0.205201381274 -0.000000000000  0.017647942886 -0.000000000000 -0.012479909117 -0.003817976458  0.013740148560 -0.000000000000  0.017647942886 -0.000000000000
  0.333333333333  0.003180378020 -0.187372510789  0.064205384120 -0.000000000000  0.008439036254 -0.000000000000  0.012968887597  0.003041317405  0.005409813935  0.000000000000  0.008439036254  0.000000000000
  0.337254901961  0.008058264474 -0.121585783179 -0.047374869673  0.000000000000  0.011916081769  0.000000000000 -0.002288957361 -0.008843395876 -0.004888490816 -0.000000000000  0.011916081769 -0.000000000000
  0.341176470588  0.002709459463 -0.078970472582 -0.207921865972 -0.000000000000  0.007447394605 -0.000000000000  0.017438713185 -0.012889537057  0.009983031747  0.000000000000  0.007447394605  0.000000000000
  0.345098039216  0.007142361362 -0.029542271125 -0.277879442648 -0.000000000000  0.005172988334 -0.000000000000 -0.004494886770 -0.001416544185 -0.006196500704 -0.000000000000  0.005172988334  0.000000000000
  0.349019607843  0.002644744715 -0.121738235296  0.003622023171 -0.000000000000  0.008365155400 -0.000000000000  0.011618878178  0.009434894927  0.003968985431 -0.000000000000  0.008365155400  0.000000000000
  0.352941176471  0.007403204793  0.210114189675 -0.273592319303 -0.000000000000  0.009906406801 -0.000000000000  0.000810089622 -0.016056784227  0.003054987762 -0.000000000000  0.009906406801 -0.000000000000
  0.356862745098  0.001686725237 -0.029010516164 -0.012385926461 -0.000000000000  0.010351823491 -0.000000000000 -0.004890272618  0.006350977900 -0.019446531190  0.000000000000  0.010351823491  0.000000000000
  0.360784313725  0.008153703816  0.055605615406 -0.090276417986 -0.000000000000  0.014811694232 -0.000000000000  0.001868940593 -0.001647885458 -0.020327033023 -0.000000000000  0.014811694232 -0.000000000000
  0.364705882353  0.001969249313  0.227654728458  0.397583779217 -0.000000000000  0.024337740484 -0.000000000000 -0.009708705004  0.024599950357 -0.031722564940  0.000000000000  0.024337740484  0.000000000000
  0.368627450980  0.009998764853 -0.068386422503  0.827772985697 -0.000000000000  0.014800689885 -0.000000000000  0.002680475893 -0.027164881824 -0.010741138928  0.000000000000  0.014800689885  0.000000000000
  0.372549019608  0.000881371307 -0.004149313501  0.676342006201 -0.000000000000  0.024232987457 -0.000000000000  0.014785447935  0.035295940099 -0.079176665838 -0.000000000000  0.024232987457  0.000000000000
  0.376470588235  0.013536332705  0.154568483427  0.261958575193  0.000000000000  0.026068497232  0.000000000000  0.020226055195 -0.002450518097 -0.016022386270  0.000000000000  0.026068497232  0.000000000000
  0.380392156863  0.000916145370 -0.007852936504 -0.007586252326 -0.000000000000  0.046167670850 -0.000000000000  0.014772308510  0.009617437120  0.011454476787  0.000000000000  0.046167670850  0.000000000000
  0.384313725490  0.013614575010 -0.007922505308  0.434603213720 -0.000000000000  0.031089246108 -0.000000000000  0.020046970554  0.010286549802  0.001650692575  0.000000000000  0.031089246108  0.000000000000
  0.388235294118  0.001015000715 -0.001873459253  0.908123820740 -0.000000000000  0.058414123961 -0.000000000000  0.026048729748 -0.002033809973 -0.091876179260  0.000000000000  0.058414123961  0.000000000000
  0.392156862745  0.015913887419  0.223086730731  0.558468585546  0.000000000000  0.027723255856  0.000000000000  0.043338228147  0.009752465483 -0.102892911699 -0.000000000000  0.027723255856 -0.000000000000
  0.396078431373  0.003776832349 -0.091663678110  0.369190040939  0.000000000000  0.044112276529  0.000000000000  0.030858981853 -0.003889738817 -0.034528355905  0.000000000000  0.044112276529  0.000000000000
  0.400000000000  0.016587751713  0.007386597423 -0.070519640124  0.000000000000  0.010888092077  0.000000000000  0.056009431092 -0.004073328553  0.037824455917 -0.000000000000  0.010888092077 -0.000000000000
  0.403921568627  0.002302969276  0.016377184097 -0.512683595323 -0.000000000000  0.036382049385 -0.000000000000  0.027627436504 -0.001965002923  0.050822459054 -0.000000000000  0.036382049385 -0.000000000000
  0.407843137255  0.015138031330  0.053212784932 -0.543460312002  0.000000000000  0.015142591633  0.000000000000  0.041433476176  0.011465512441 -0.005196346857 -0.000000000000  0.015142591633 -0.000000000000
  0.411764705882  0.002588686742 -0.001645528060 -0.305950686821 -0.000000000000  0.039818439948 -0.000000000000  0.010575880579 -0.021529273059 -0.015121070993  0.000000000000  0.039818439948  0.000000000000
  0.415686274510  0.014663882345 -0.018852641004  0.162732901828  0.000000000000  0.020277059556  0.000000000000  0.033296006848  0.002549242371 -0.008249296185 -0.000000000000  0.020277059556 -0.000000000000
  0.419607843137  0.002623875416 -0.013091371460  0.145271211561 -0.000000000000  0.046329900729 -0.000000000000  0.014913529400 -0.002532577144  0.022805663991 -0.000000000000  0.046329900729  0.000000000000
  0.423529411765  0.013923935654  0.047143325008  0.294486690929  0.000000000000  0.028524397646  0.000000000000  0.037304586525 -0.008277887712  0.001302636546 -0.000000000000  0.028524397646 -0.000000000000
  0.427450980392  0.002025380465 -0.076654707593  0.162483147898 -0.000000000000  0.040485966072 -0.000000000000  0.020175653105  0.005191027891 -0.016987073928  0.000000000000  0.040485966072  0.000000000000
  0.431372549020  0.014521375654 -0.108135295680  0.195791601973  0.000000000000  0.031197334060  0.000000000000  0.043995333283 -0.002653730296 -0.026559795476 -0.000000000000  0.031197334060 -0.000000000000
  0.435294117647  0.002359229907  0.118840624046 -0.054663524271  0.000000000000  0.040392296236  0.000000000000  0.028426665216 -0.006946228376 -0.013248722023  0.000000000000  0.040392296236 -0.000000000000
  0.439215686275  0.014574924289  0.021480369448  0.156121153720  0.000000000000  0.025309985369  0.000000000000  0.037771484361  0.009235718925 -0.016220834125 -0.000000000000  0.025309985369 -0.000000000000
  0.443137254902  0.002852884601 -0.027335748624  0.006260425423  0.000000000000  0.027422950700  0.000000000000  0.031066617162 -0.015988227665  0.049192727721 -0.000000000000  0.027422950700 -0.000000000000
  0.447058823529  0.012672391409 -0.008810165730 -0.208306023530  0.000000000000  0.013962592854  0.000000000000  0.038352941102  0.001578410241  0.040114545804 -0.000000000000  0.013962592854 -0.000000000000
  0.450980392157  0.001637198465  0.017054375769 -0.479811594411  0.000000000000  0.026468846976  0.000000000000  0.025256978057 -0.010145317760  0.020555152795  0.000000000000  0.026468846976 -0.000000000000
  0.454901960784  0.011753648159  0.070739761835 -0.324772876840  0.000000000000  0.011258226362  0.000000000000  0.024776399659  0.010134915192  0.017606302895  0.000000000000  0.011258226362  0.000000000000
  0.458823529412  0.001323733693 -0.066575237295 -0.080422071469  0.000000000000  0.021716872859  0.000000000000  0.013899702454 -0.018750370001  0.061521532217  0.000000000000  0.021716872859 -0.000000000000
  0.462745098039  0.009481575871 -0.051405954658 -0.151691764035  0.000000000000  0.006369455693  0.000000000000  0.024712336580 -0.000100562348  0.048801610283  0.000000000000  0.006369455693 -0.000000000000
  0.466666666667 -0.000116238969 -0.086327982787 -0.294380786995  0.000000000000  0.019471138850  0.000000000000  0.011257626274  0.001038163922  0.016864169025  0.000000000000  0.019471138850  0.000000000000
  0.470588235294  0.009077532426  0.115404006212 -0.514465649714  0.000000000000  0.009385285440  0.000000000000  0.019728683986 -0.002074720134 -0.007792399710  0.000000000000  0.009385285440  0.000000000000
  0.474509803922 -0.000132965645 -0.036002933099 -0.124524564578  0.000000000000  0.012516388360  0.000000000000 -0.006368067679 -0.018814929999  0.018939619067  0.000000000000  0.012516388360  0.000000000000
  0.478431372549  0.007962595609 -0.218254749362  0.339990459017  0.000000000000  0.000737393414  0.000000000000  0.017768576737  0.013930446287  0.005665985894 -0.000000000000  0.000737393414 -0.000000000000
  0.482352941176  0.000045105594  0.122919952755 -0.122736355713  0.000000000000  0.006934659333  0.000000000000  0.009385177051 -0.010512186118  0.025644323735  0.000000000000  0.006934659333  0.000000000000
  0.486274509804  0.006949562637 -0.009486759815 -0.392334704220  0.000000000000  0.003579100456  0.000000000000  0.010409781782  0.004357890054  0.000039449740  0.000000000000  0.003579100456  0.000000000000
  0.490196078431  0.000072561607 -0.104467358758 -0.439897921683  0.000000000000  0.011600871173  0.000000000000 -0.000733814595 -0.016180183438 -0.004746214086  0.000000000000  0.011600871173  0.000000000000
  0.494117647059  0.006554719810 -0.050316893821 -0.162483124796 -0.000000000000  0.003578315990 -0.000000000000  0.002263879036  0.017056183748 -0.020817802775  0.000000000000  0.003578315990  0.000000000000
  0.498039215686  0.001054240868  0.129458132756 -0.326922320738 -0.000000000000  0.009302631736 -0.000000000000 -0.003420312306 -0.012959765619  0.030798928585 -0.000000000000  0.009302631736 -0.000000000000
  0.501960784314  0.005324735250 -0.070846757963 -0.095203842992 -0.000000000000  0.002479384954 -0.000000000000 -0.010306668060 -0.000863083427  0.014708553123  0.000000000000  0.002479384954  0.000000000000
  0.505882352941  0.000559533186 -0.158191311202 -0.087765166704  0.000000000000  0.005198785262  0.000000000000 -0.003534298790  0.004807937019  0.006098324361  0.000000000000  0.005198785262  0.000000000000
  0.509803921569  0.005305710318  0.045661916940  0.093636944583 -0.000000000000  0.008319639067 -0.000000000000 -0.007641229956  0.005515213236 -0.002622701116  0.000000000000  0.008319639067  0.000000000000
  0.513725490196  0.000716173091 -0.111495700962  0.030901383537 -0.000000000000  0.008229278509 -0.000000000000 -0.002373698771 -0.019727040836  0.028811227623  0.000000000000  0.008229278509  0.000000000000
  0.517647058824  0.003939189277  0.096166230662 -0.109404725576  0.000000000000  0.009923867917  0.000000000000 -0.003392662087  0.028894266630 -0.014576909480  0.000000000000  0.009923867917  0.000000000000
  0.521568627451  0.001913167915 -0.050709313013 -0.215433566425  0.000000000000  0.014237976400  0.000000000000 -0.008096677265 -0.007399165009  0.001644952978  0.000000000000  0.014237976400  0.000000000000
  0.525490196078  0.003644883249 -0.097876117758 -0.179117495165  0.000000000000  0.002626756992  0.000000000000 -0.007378065524 -0.004848626454 -0.005645514338  0.000000000000  0.002626756992  0.000000000000
  0.529411764706  0.001861626701  0.211649746741  0.001605460777 -0.000000000000  0.019267253855 -0.000000000000 -0.009747692058  0.009767578826 -0.027816270738 -0.000000000000  0.019267253855 -0.000000000000
  0.533333333333  0.004633936102 -0.105768236188  0.337429300550  0.000000000000  0.009648712520  0.000000000000 -0.013462786048 -0.013230631432  0.011431169540  0.000000000000  0.009648712520 -0.000000000000
  0.537254901961  0.001105490258 -0.032805277062 -0.230937735520  0.000000000000  0.012155616683  0.000000000000  0.002382801626  0.013086599334 -0.004201944977  0.000000000000  0.012155616683 -0.000000000000
  0.541176470588  0.005109742820  0.118071305117 -0.338320278340  0.000000000000  0.002246080828  0.000000000000 -0.018577341021 -0.009500535957 -0.001771422282  0.000000000000  0.002246080828 -0.000000000000
  0.545098039216  0.000802369854 -0.056977638678  0.224985739475  0.000000000000  0.007208534295  0.000000000000 -0.009615292815 -0.004531468846 -0.014431947190  0.000000000000  0.007208534295  0.000000000000
  0.549019607843  0.005345101758  0.027690143433  0.318257650921  0.000000000000  0.018001786617  0.000000000000 -0.010917367089  0.001133076936 -0.014936311236  0.000000000000  0.018001786617 -0.000000000000
  0.552941176471  0.001148876681 -0.080405992291  0.187552958086  0.000000000000  0.012684461603  0.000000000000 -0.001930015921  0.025273770362 -0.005253846604 -0.000000000000  0.012684461603 -0.000000000000
  0.556862745098  0.006183147495  0.176296400055 -0.422083763150  0.000000000000  0.021746028331  0.000000000000 -0.003705624609 -0.052592591823  0.064301034337  0.000000000000  0.021746028331  0.000000000000
  0.560784313725 -0.002100764157 -0.085800066749 -0.307286972314  0.000000000000  0.014944033349  0.000000000000 -0.017878789426  0.047670709791 -0.049790803374 -0.000000000000  0.014944033349 -0.000000000000
  0.564705882353  0.008847695589  0.006692928321 -0.137157896702  0.000000000000  0.014367387580  0.000000000000 -0.009089216078 -0.018358298950  0.013919612494  0.000000000000  0.014367387580 -0.000000000000
  0.568627450980 -0.003097513004  0.017233581268 -0.133460730611  0.000000000000  0.007407246109  0.000000000000 -0.021524292355 -0.005700163169  0.036318735118 -0.000000000000  0.007407246109 -0.000000000000
  0.572549019608  0.007783664611  0.032099415293  0.312153046794  0.000000000000  0.005048103396  0.000000000000 -0.012756907853  0.024444182817  0.014640682778  0.000000000000  0.005048103396 -0.000000000000
  0.576470588235 -0.002917197856 -0.062764589409  0.602199440043  0.000000000000  0.006338999957  0.000000000000 -0.014068112259 -0.038359249814  0.046376045237 -0.000000000000  0.006338999957 -0.000000000000
  0.580392156863  0.005567119640  0.049464717812  0.406632679799  0.000000000000  0.020187786530  0.000000000000  0.004886151229  0.029051747112 -0.029571795698  0.000000000000  0.020187786530 -0.000000000000
  0.584313725490 -0.001434128006  0.038305189816 -0.300644969283  0.000000000000  0.015789310916  0.000000000000 -0.004840105862 -0.004161705217  0.019378076700  0.000000000000  0.015789310916  0.000000000000
  0.588235294118  0.004968029666 -0.074737402414 -0.645376629781  0.000000000000  0.024978484157  0.000000000000 -0.003937207347 -0.044996537877  0.070942295698  0.000000000000  0.024978484157 -0.000000000000
  0.592156862745 -0.004554976620 -0.015609241953 -0.412465976342  0.000000000000  0.006342855820  0.000000000000 -0.019667203994  0.036031967757 -0.046964738848  0.000000000000  0.006342855820 -0.000000000000
  0.596078431373  0.007210686004  0.165506200560 -0.034299861449  0.000000000000  0.024535303864  0.000000000000 -0.014046648944  0.003570151703 -0.041059452052  0.000000000000  0.024535303864 -0.000000000000
  0.600000000000 -0.003482452980 -0.156910618382  0.366623428311  0.000000000000  0.006526827310  0.000000000000 -0.024734534401 -0.027256090825  0.007683582103 -0.000000000000  0.006526827310 -0.000000000000
  0.603921568627  0.006342752764  0.014270737303  0.028332196611  0.000000000000  0.015249465537  0.000000000000 -0.000036157078  0.019152165461 -0.006629215817  0.000000000000  0.015249465537 -0.000000000000
  0.607843137255 -0.002894054717  0.016550386550 -0.101864874891  0.000000000000  0.017811329434  0.000000000000 -0.024364022307 -0.007443774023  0.011398750189  0.000000000000  0.017811329434 -0.000000000000
  0.611764705882  0.005889991470 -0.133037887301  0.218913646530  0.000000000000  0.018754256739  0.000000000000 -0.002812023330  0.020622737840 -0.043437399350 -0.000000000000  0.018754256739 -0.000000000000
  0.615686274510 -0.001305160995  0.159371738456 -0.399066454579  0.000000000000  0.030413457707  0.000000000000 -0.015193510257 -0.020033869491  0.017376488079 -0.000000000000  0.030413457707 -0.000000000000
  0.619607843137  0.004941913398 -0.178253957577 -0.313004697530  0.000000000000  0.033600113426  0.000000000000 -0.017112011810 -0.009962876759  0.014550038112 -0.000000000000  0.033600113426 -0.000000000000
  0.623529411765 -0.002000334742  0.016764244964 -0.478939928891  0.000000000000  0.021427130277  0.000000000000 -0.018647273440  0.023378347985 -0.016106374968  0.000000000000  0.021427130277  0.000000000000
  0.627450980392  0.005976291080  0.084144917529 -0.502974021560  0.000000000000  0.025294238240  0.000000000000 -0.029820502253 -0.010774394653 -0.005392305568 -0.000000000000  0.025294238240 -0.000000000000
  0.631372549020 -0.002203422938 -0.102228113312  0.239156284858  0.000000000000  0.018696495210  0.000000000000 -0.033527787723 -0.010156840813 -0.003957924602  0.000000000000  0.018696495210  0.000000000000
  0.635294117647  0.005854794076  0.033638744209  0.338976376819  0.000000000000  0.029709900753  0.000000000000 -0.020611727202  0.009560921176 -0.015737771743 -0.000000000000  0.029709900753 -0.000000000000
  0.639215686275 -0.001628187206 -0.024869640747  0.081098419934  0.000000000000  0.022628947003  0.000000000000 -0.025241780733  0.010690584494 -0.009581246151  0.000000000000  0.022628947003 -0.000000000000
  0.643137254902  0.006387607560 -0.001010558497 -0.178000447084  0.000000000000  0.026217492471  0.000000000000 -0.017571494040 -0.007013574145 -0.003666453972 -0.000000000000  0.026217492471 -0.000000000000
  0.647058823529 -0.001781292637  0.035897595159 -0.138868140375  0.000000000000  0.018879839871  0.000000000000 -0.029656452912 -0.008425875332 -0.006452956665  0.000000000000  0.018879839871 -0.000000000000
  0.650980392157  0.006373640091 -0.112030149299  0.019034467608  0.000000000000  0.037747813095  0.000000000000 -0.021712806232  0.013827787209 -0.019365662981 -0.000000000000  0.037747813095 -0.000000000000
  0.654901960784 -0.001018591947 -0.030541261619  0.102042275042  0.000000000000  0.022960586616  0.000000000000 -0.026197698027 -0.009202354951  0.017913476418 -0.000000000000  0.022960586616 -0.000000000000
  0.658823529412  0.005697096929  0.174531528278 -0.290779025034  0.000000000000  0.042452781767  0.000000000000 -0.017999762224  0.005888649326 -0.008748662020 -0.000000000000  0.042452781767 -0.000000000000
  0.662745098039 -0.000717485403 -0.176596100441 -0.337507244644  0.000000000000  0.023527034810  0.000000000000 -0.037740993735 -0.008218346163 -0.013802301401  0.000000000000  0.023527034810 -0.000000000000
  0.666666666667  0.005871915292  0.038609198360 -0.155159692288  0.000000000000  0.036315219450  0.000000000000 -0.022197052700 -0.005612485063 -0.003584034518 -0.000000000000  0.036315219450 -0.000000000000
  0.670588235294 -0.000824924983  0.159742822027  0.108355638208  0.000000000000  0.023501088686  0.000000000000 -0.042444766208  0.014705822051 -0.011405793023 -0.000000000000  0.023501088686 -0.000000000000
  0.674509803922  0.006523750042 -0.036171913387  0.194648110991  0.000000000000  0.044374769668  0.000000000000 -0.022604469743 -0.020405977920  0.029399990425 -0.000000000000  0.044374769668 -0.000000000000
  0.678431372549 -0.002143967368 -0.019712325618 -0.029679783975  0.000000000000  0.025632585535  0.000000000000 -0.036251876746  0.009185520090 -0.000259805410 -0.000000000000  0.025632585535 -0.000000000000
  0.682352941176  0.006767710058  0.091049848504 -0.239013871984  0.000000000000  0.027772395476  0.000000000000 -0.022505538651  0.003207443349 -0.010336432139 -0.000000000000  0.027772395476 -0.000000000000
  0.686274509804 -0.001877789289  0.120675177280  0.006519885165  0.000000000000  0.029863072256  0.000000000000 -0.044335021039  0.000705661193 -0.016908772008  0.000000000000  0.029863072256 -0.000000000000
  0.690196078431  0.007247359305 -0.200084162513  0.451083826305  0.000000000000  0.030397188102  0.000000000000 -0.024586687949 -0.003200131437 -0.009627132603  0.000000000000  0.030397188102 -0.000000000000
  0.694117647059 -0.001781186164  0.122062166823 -0.076482285986  0.000000000000  0.027904213140  0.000000000000 -0.027715218317 -0.007150663942  0.004122364055 -0.000000000000  0.027904213140 -0.000000000000
  0.698039215686  0.006998114553 -0.023890712095 -0.135264115021  0.000000000000  0.029723137014  0.000000000000 -0.029031525576  0.017641181273 -0.028126895290  0.000000000000  0.029723137014 -0.000000000000
  0.701960784314 -0.000728041957 -0.089583213902 -0.025854492602  0.000000000000  0.027353720321  0.000000000000 -0.030388468198 -0.028640954653  0.034901455232  0.000000000000  0.027353720321 -0.000000000000
  0.705882352941  0.005453771421  0.060295195711  0.065116771877  0.000000000000  0.027870427020  0.000000000000 -0.027366064537  0.026445073759 -0.018081310330  0.000000000000  0.027870427020 -0.000000000000
  0.709803921569  0.000271742884  0.069668920555  0.061908571751  0.000000000000  0.048303707543  0.000000000000 -0.029721894788 -0.014878796916  0.018759204127 -0.000000000000  0.048303707543 -0.000000000000
  0.713725490196  0.004631518836 -0.138738020757 -0.057137694070  0.000000000000  0.019503172615  0.000000000000 -0.026958765711 -0.002274299104  0.010299762517  0.000000000000  0.019503172615 -0.000000000000
  0.717647058824 -0.000098412360  0.229803790593 -0.627669490345  0.000000000000  0.041597402489  0.000000000000 -0.027870253269  0.007941269240  0.008964415477  0.000000000000  0.041597402489  0.000000000000
  0.721568627451  0.004571810234 -0.072578054630  0.240324888348  0.000000000000  0.012456920952  0.000000000000 -0.048086866332 -0.002193946518  0.023087885786  0.000000000000  0.012456920952 -0.000000000000
  0.725490196078 -0.000799405296  0.027342348182  0.272382801289  0.000000000000  0.048206317378  0.000000000000 -0.019486782526  0.000662232936  0.001176400099 -0.000000000000  0.048206317378 -0.000000000000
  0.729411764706  0.004564015445 -0.030849091346  0.227187481025  0.000000000000  0.016296893556  0.000000000000 -0.041346265331 -0.000271511690 -0.007297065283 -0.000000000000  0.016296893556 -0.000000000000
  0.733333333333 -0.000663546743  0.096478966692 -0.179833515835  0.000000000000  0.046426083383  0.000000000000 -0.012439235721  0.000931732664 -0.003453444354  0.000000000000  0.046426083383 -0.000000000000
  0.737254901961  0.004681328439  0.016678551709 -0.151036649277  0.000000000000  0.022003896682  0.000000000000 -0.047978476415 -0.002288009431  0.026271815627  0.000000000000  0.022003896682 -0.000000000000
  0.741176470588 -0.001448874014 -0.034851650422  0.034035420015  0.000000000000  0.049644114298  0.000000000000 -0.016232359769  0.006414171104  0.001980501989  0.000000000000  0.049644114298  0.000000000000
  0.745098039216  0.004780632262  0.115129979781 -0.142260028292  0.000000000000  0.026144267661  0.000000000000 -0.046179289443 -0.014676966130  0.016634992961 -0.000000000000  0.026144267661 -0.000000000000
  0.749019607843 -0.002243086997  0.019973640949 -0.115287533631  0.000000000000  0.041421597824  0.000000000000 -0.021889267459  0.007834774924 -0.004679236347  0.000000000000  0.041421597824  0.000000000000
  0.752941176471  0.005090532117 -0.018437535256 -0.193862444690  0.000000000000  0.038280197388  0.000000000000 -0.049382431766  0.004148797184 -0.003844570580 -0.000000000000  0.038280197388 -0.000000000000
  0.756862745098 -0.002109168449 -0.130377302194  0.196735707146  0.000000000000  0.035483478169  0.000000000000 -0.026059051018 -0.021650715049  0.041561175885  0.000000000000  0.035483478169  0.000000000000
  0.760784313725  0.003577102612  0.237574871329 -0.296018133454  0.000000000000  0.037941837225  0.000000000000 -0.041266852354  0.022421600865 -0.032494711770 -0.000000000000  0.037941837225 -0.000000000000
  0.764705882353 -0.000834209799 -0.163002354714  0.082607870377  0.000000000000  0.050749965021  0.000000000000 -0.038271106675 -0.026659201822  0.008256233625  0.000000000000  0.050749965021  0.000000000000
  0.768627450980  0.002822953943 -0.061256030781 -0.048825229414  0.000000000000  0.030924861345  0.000000000000 -0.035371007252  0.018778321534 -0.042621275741  0.000000000000  0.030924861345 -0.000000000000
  0.772549019608  0.000634497319  0.215434109520 -0.433333729934  0.000000000000  0.047027849873  0.000000000000 -0.037936531538 -0.006018374759  0.008052246221  0.000000000000  0.047027849873  0.000000000000
  0.776470588235  0.002483795602 -0.134979082389  0.144382520047  0.000000000000  0.033598956375  0.000000000000 -0.050689147843 -0.015327550610  0.024570851894 -0.000000000000  0.033598956375 -0.000000000000
  0.780392156863 -0.000342614225 -0.010688271136  0.126270507099  0.000000000000  0.044658698094  0.000000000000 -0.030922963388  0.026016461370 -0.035646192800  0.000000000000  0.044658698094  0.000000000000
  0.784313725490  0.003942109517  0.104131685945 -0.039878593132  0.000000000000  0.029558084208  0.000000000000 -0.046862334943 -0.015612589282  0.017115575583 -0.000000000000  0.029558084208 -0.000000000000
  0.788235294118 -0.001141753134 -0.082034245315  0.014027699046  0.000000000000  0.042315655306  0.000000000000 -0.033579551356 -0.007990805654  0.015020874000  0.000000000000  0.042315655306 -0.000000000000
  0.792156862745  0.003401746648 -0.079055006177  0.077221261502  0.000000000000  0.022516114212  0.000000000000 -0.044528950529  0.013589661061 -0.016740794122 -0.000000000000  0.022516114212 -0.000000000000
  0.796078431373 -0.000468663775  0.085247698115  0.142147719964  0.000000000000  0.045174230872  0.000000000000 -0.029554368481 -0.005886795390  0.006917967276  0.000000000000  0.045174230872  0.000000000000
  0.800000000000  0.003109506168 -0.047665622574  0.218777244512  0.000000000000  0.024723703224  0.000000000000 -0.042201251822 -0.004920898481  0.021489925013  0.000000000000  0.024723703224 -0.000000000000
  0.803921568627 -0.001157465440 -0.005225908695 -0.123331230161  0.000000000000  0.048363676354  0.000000000000 -0.022486344144 -0.002641813895  0.021256686313 -0.000000000000  0.048363676354 -0.000000000000
  0.807843137255  0.002513520564 -0.030115658170 -0.124003612849  0.000000000000  0.020814626057  0.000000000000 -0.045104249792  0.006798815620 -0.003967380724 -0.000000000000  0.020814626057 -0.000000000000
  0.811764705882 -0.000946130343  0.091208835324 -0.063475912413  0.000000000000  0.039690159841  0.000000000000 -0.024705593264 -0.002452876076 -0.009082167736  0.000000000000  0.039690159841 -0.000000000000
  0.815686274510  0.002712705642 -0.090049573567  0.066816570849  0.000000000000  0.029026570523  0.000000000000 -0.048287538957 -0.012830312865  0.009561543585  0.000000000000  0.029026570523 -0.000000000000
  0.819607843137 -0.001468925832 -0.116531258431  0.241840359892  0.000000000000  0.033507703935  0.000000000000 -0.020762728982  0.011569536058 -0.020922088092  0.000000000000  0.033507703935  0.000000000000
  0.823529411765  0.003495171571  0.164498322640 -0.206602140632  0.000000000000  0.023518106108  0.000000000000 -0.039535965448 -0.018449973853  0.023766959593 -0.000000000000  0.023518106108 -0.000000000000
  0.827450980392 -0.002474999675 -0.169143476092  0.109090240974  0.000000000000  0.034901969057  0.000000000000 -0.028920860515  0.010950480881 -0.029842181436  0.000000000000  0.034901969057  0.000000000000
  0.831372549020  0.004506411089 -0.090310149211  0.137634461752  0.000000000000  0.021530123843  0.000000000000 -0.033203290230 -0.012516096241  0.015393500450 -0.000000000000  0.021530123843 -0.000000000000
  0.835294117647 -0.003156110202  0.114399281344  0.020526620193  0.000000000000  0.028393224372  0.000000000000 -0.023305370267  0.001567343852 -0.001707259951  0.000000000000  0.028393224372  0.000000000000
  0.839215686275  0.004610113861  0.019620521110  0.077668827418  0.000000000000  0.027227283172  0.000000000000 -0.034596160109 -0.000727723923 -0.007633119718  0.000000000000  0.027227283172 -0.000000000000
  0.843137254902 -0.003013239010 -0.143827844990  0.144136056450  0.000000000000  0.022520501816  0.000000000000 -0.021318222801  0.000653124174 -0.012473898635 -0.000000000000  0.022520501816 -0.000000000000
  0.847058823529  0.004976410135  0.131401650795 -0.132776469835  0.000000000000  0.017996253286  0.000000000000 -0.027953721262 -0.007646305408  0.022035100623  0.000000000000  0.017996253286 -0.000000000000
  0.850980392157 -0.003776996191 -0.000238032411  0.215256845802  0.000000000000  0.037570724246  0.000000000000 -0.026964036209  0.001717412536  0.022055947097  0.000000000000  0.037570724246  0.000000000000
  0.854901960784  0.004466252466 -0.125860218660  0.261729121998  0.000000000000  0.012845715746  0.000000000000 -0.022073187149  0.008729791466  0.002016785127  0.000000000000  0.012845715746 -0.000000000000
  0.858823529412 -0.003710517733  0.171977016126 -0.472254656089  0.000000000000  0.034739901578  0.000000000000 -0.017609576670 -0.016816877826  0.023549295809  0.000000000000  0.034739901578  0.000000000000
  0.862745098039  0.003577313023 -0.145820116208  0.080619995897  0.000000000000  0.011527723112  0.000000000000 -0.037400028769  0.014057101971 -0.021894147173  0.000000000000  0.011527723112 -0.000000000000
  0.866666666667 -0.002915059084  0.017205121291  0.115220312161  0.000000000000  0.029979029556  0.000000000000 -0.012510589257 -0.008277028825  0.007138827579  0.000000000000  0.029979029556  0.000000000000
  0.870588235294  0.003267247156  0.054138938315  0.074465024696  0.000000000000  0.016957332269  0.000000000000 -0.034585919934  0.002273209299 -0.011114635322  0.000000000000  0.016957332269 -0.000000000000
  0.874509803922 -0.002612956316 -0.164091606989  0.066380225094  0.000000000000  0.027894222245  0.000000000000 -0.011227682728  0.002006702721  0.004379895081  0.000000000000  0.027894222245  0.000000000000
  0.878431372549  0.003212169349  0.093284108641 -0.150882201388  0.000000000000  0.005293127405  0.000000000000 -0.029806445296 -0.005232546470  0.032874937990 -0.000000000000  0.005293127405 -0.000000000000
  0.882352941176 -0.003594550232 -0.011356055418  0.066927104576  0.000000000000  0.027602718168  0.000000000000 -0.016571974122  0.005508337478  0.004595369504  0.000000000000  0.027602718168 -0.000000000000
  0.886274509804  0.003221906527 -0.071454552779  0.424481211395  0.000000000000  0.012980198939  0.000000000000 -0.027707525205  0.000144940113 -0.004338350002  0.000000000000  0.012980198939  0.000000000000
  0.890196078431 -0.003507076453  0.006030921659  0.014164586977  0.000000000000  0.022390666820  0.000000000000 -0.003964544424 -0.007036739635 -0.005333104043  0.000000000000  0.022390666820 -0.000000000000
  0.894117647059  0.003268238023  0.085923347619 -0.278760949028  0.000000000000  0.017112670760  0.000000000000 -0.027408551046  0.002168642277 -0.002673442226 -0.000000000000  0.017112670760 -0.000000000000
  0.898039215686 -0.003427804937 -0.096415587528  0.131270422332  0.000000000000  0.024004457880  0.000000000000 -0.012519413637 -0.001864101568  0.008589136513  0.000000000000  0.024004457880 -0.000000000000
  0.901960784314  0.003041061870  0.097420601533 -0.106215823678  0.000000000000  0.018852083992  0.000000000000 -0.022183189657  0.000571059348 -0.006733061727 -0.000000000000  0.018852083992 -0.000000000000
  0.905882352941 -0.003268289729 -0.004075540216 -0.070237148520  0.000000000000  0.024623711918  0.000000000000 -0.016797671946 -0.004923314380 -0.004431933096  0.000000000000  0.024623711918 -0.000000000000
  0.909803921569  0.003099974085 -0.006592542527 -0.080988489267  0.000000000000  0.013801866595  0.000000000000 -0.023803448464  0.001909133516 -0.006359360019 -0.000000000000  0.013801866595 -0.000000000000
  0.913725490196 -0.003095839770  0.060394501036  0.008416715976  0.000000000000  0.029303090152  0.000000000000 -0.018596151402 -0.000276221466  0.011178072044  0.000000000000  0.029303090152 -0.000000000000
  0.917647058824  0.002829568640 -0.025669796631  0.176422390676  0.000000000000  0.020527908352  0.000000000000 -0.024460595453 -0.001317329255  0.015810359744 -0.000000000000  0.020527908352 -0.000000000000
  0.921568627451 -0.003555885304 -0.006253461527 -0.189632227046  0.000000000000  0.022399434430  0.000000000000 -0.013335936458 -0.004219578359  0.011963681543  0.000000000000  0.022399434430 -0.000000000000
  0.925490196078  0.002475232896  0.038186841756 -0.251610395947  0.000000000000  0.009382252016  0.000000000000 -0.029198361505  0.008006457349 -0.018508477297 -0.000000000000  0.009382252016 -0.000000000000
  0.929411764706 -0.002957277428 -0.028398796917  0.238727305361  0.000000000000  0.023537592624  0.000000000000 -0.020313776890 -0.007718882601  0.012640103359  0.000000000000  0.023537592624 -0.000000000000
  0.933333333333  0.002039452105 -0.059954698099  0.393392374076  0.000000000000  0.007345303399  0.000000000000 -0.022306395897 -0.001610081729  0.006081347335 -0.000000000000  0.007345303399 -0.000000000000
  0.937254901961 -0.003160465351  0.058527034773 -0.007196852912  0.000000000000  0.018634447686  0.000000000000 -0.008833918250  0.008223171276 -0.012865053304 -0.000000000000  0.018634447686 -0.000000000000
  0.941176470588  0.002539867074 -0.063514058083  0.043704829903  0.000000000000  0.011143803293  0.000000000000 -0.023400156875 -0.007393765842  0.008871905586 -0.000000000000  0.011143803293 -0.000000000000
  0.945098039216 -0.003536805585 -0.046813523220  0.157862519762  0.000000000000  0.013516557488  0.000000000000 -0.006437739376 -0.002855072358 -0.005549523739 -0.000000000000  0.013516557488 -0.000000000000
  0.949019607843  0.002666916653  0.091990766871 -0.112713914578  0.000000000000  0.005396013478  0.000000000000 -0.018442619015  0.009142032656 -0.018397082393 -0.000000000000  0.005396013478 -0.000000000000
  0.952941176471 -0.002926768766 -0.056733454095  0.154412609905  0.000000000000  0.013044974917  0.000000000000 -0.010752598589 -0.015092814254  0.021010539943  0.000000000000  0.013044974917 -0.000000000000
  0.956862745098  0.001893268736 -0.039898699095  0.188354819080  0.000000000000  0.001976749737  0.000000000000 -0.013383305265  0.012370146443 -0.033557911679 -0.000000000000  0.001976749737 -0.000000000000
  0.960784313725 -0.001862167052  0.037050280667  0.038620696850  0.000000000000  0.015192650265  0.000000000000 -0.005064513336 -0.012851404226  0.000958467195  0.000000000000  0.015192650265 -0.000000000000
  0.964705882353  0.001673593289 -0.099015712594  0.187071803309  0.000000000000  0.005737761364  0.000000000000 -0.012937173420  0.010697165024 -0.017759583212 -0.000000000000  0.005737761364 -0.000000000000
  0.968627450980 -0.001237533030  0.010297747026 -0.078444889814  0.000000000000  0.008780197048  0.000000000000  0.001541444622 -0.013376626534  0.022534039349  0.000000000000  0.008780197048 -0.000000000000
  0.972549019608  0.000877863057 -0.061206244011  0.117204156697  0.000000000000  0.010326373767  0.000000000000 -0.015167266679  0.010597360445 -0.021590618751 -0.000000000000  0.010326373767 -0.000000000000
  0.976470588235 -0.000509226781 -0.063187260535  0.207669796571  0.000000000000  0.001124982671  0.000000000000  0.005715119733 -0.009198887810  0.011005548567  0.000000000000  0.001124982671 -0.000000000000
  0.980392156863  0.000446453174 -0.007833475680  0.168758205836  0.000000000000  0.002291624063  0.000000000000 -0.008768839134  0.008566273703 -0.003673733198  0.000000000000  0.002291624063  0.000000000000
  0.984313725490 -0.000279692715 -0.078140093685  0.250658638202  0.000000000000  0.002960329437  0.000000000000  0.010322585294 -0.003406853267 -0.000093927314  0.000000000000  0.002960329437 -0.000000000000
  0.988235294118  0.000396844935  0.104671092226 -0.244277463722  0.000000000000  0.000000000000  0.000000000000 -0.001052663341  0.002316775004 -0.016941078080  0.000000000000  0.000000000000  0.000000000000
  0.992156862745  0.000196835931 -0.097498842940 -0.131092051371  0.000000000000  0.000000000000  0.000000000000  0.002283154936 -0.005384825646  0.006084358107  0.000000000000  0.000000000000 -0.000000000000
  0.996078431373  0.000151085150  0.311889761300  0.099649494609  0.000000000000  0.020897480966  0.000000000000 -0.002956471487 -0.007371305203  0.003043274698  0.000000000000  0.020897480966 -0.000000000000
  1.000000000000  0.000000000000  0.037572522067  0.562214326983  0.000000000000  0.070148455303  0.000000000000  0.000000000000 -0.001009575350  0.014981308434  0.000000000000  0.070148455303  0.000000000000
