             Rad         v_r[Re]         v_t[Re]         v_x[Re]         p[Re]          p_mg[Re]  p_no_phase[Re]         v_r[Im]         v_t[Im]         v_x[Im]         p[Im]          p_mg[Im]  p_no_phase[Im]
  0.000000000000 -0.182279293715  0.000000000000  0.096227990058 -0.000000000000  0.220207237371 -0.000000000000 -0.031166689301  0.000000000000 -0.015575603301  0.000000000000  0.220207237371  0.000000000000
  0.003921568627 -0.139266934433 -0.040869324052 -0.601162009681 -0.000000000000  0.029265534160 -0.000000000000  0.004268274933 -0.026737424555 -0.002220839698  0.000000000000  0.029265534160  0.000000000000
  0.007843137255 -0.010637061901 -0.148199837698  0.966982672282 -0.000000000000  0.096874296111 -0.000000000000  0.108057403191  0.048819525609  0.033017327718 -0.000000000000  0.096874296111 -0.000000000000
  0.011764705882 -0.031854019423 -0.053116339156 -0.172953455540 -0.000000000000  0.050678824539 -0.000000000000  0.217891139877 -0.010460605761 -0.008037706224 -0.000000000000  0.050678824539 -0.000000000000
  0.015686274510 -0.003138387189  0.112252938168  0.213234085136 -0.000000000000  0.026953787224 -0.000000000000  0.029096769847  0.023853756546 -0.002292692188 -0.000000000000  0.026953787224  0.000000000000
  0.019607843137 -0.006371129618 -0.080978562937 -0.174345601630 -0.000000000000  0.046467282650 -0.000000000000  0.096664564109 -0.003053205864 -0.057490612249 -0.000000000000  0.046467282650 -0.000000000000
  0.023529411765 -0.001529477490  0.074966793211 -0.111963686684  0.000000000000  0.056084911362  0.000000000000  0.050655739608  0.005022471310 -0.017002273440  0.000000000000  0.056084911362  0.000000000000
  0.027450980392 -0.002068485700  0.021176774474  0.578664431089  0.000000000000  0.010566778325  0.000000000000  0.026874300226  0.009981224550 -0.067866954985  0.000000000000  0.010566778325 -0.000000000000
  0.031372549020  0.006539374787 -0.087438443612 -0.168302424268 -0.000000000000  0.048112628088 -0.000000000000  0.046004835988  0.030076650231 -0.041530223814  0.000000000000  0.048112628088  0.000000000000
  0.035294117647  0.012420753204  0.016517373604 -0.687184356387  0.000000000000  0.047098816193  0.000000000000  0.054692249655  0.001521495106 -0.067379859987 -0.000000000000  0.047098816193 -0.000000000000
  0.039215686275  0.006216992422  0.002725579950 -0.153679716541  0.000000000000  0.041021368671  0.000000000000  0.008544343708 -0.014883694659  0.017279782304 -0.000000000000  0.041021368671 -0.000000000000
  0.043137254902  0.004772117841 -0.097521933104  0.448065712953 -0.000000000000  0.017900817761 -0.000000000000  0.047875378566 -0.020523587618  0.025685050007  0.000000000000  0.017900817761  0.000000000000
  0.047058823529 -0.002785292713 -0.006141113943 -0.081637804678 -0.000000000000  0.017910684476  0.000000000000  0.047016386838  0.014286449875  0.026515599950  0.000000000000  0.017910684476  0.000000000000
  0.050980392157  0.009305264952  0.022259718426 -0.620115494143  0.000000000000  0.015047561252  0.000000000000  0.039952030384  0.012237782279  0.052142701672  0.000000000000  0.015047561252  0.000000000000
  0.054901960784 -0.001814608352  0.069846534731 -0.006259820019 -0.000000000000  0.021045830775 -0.000000000000  0.017808606712 -0.010045070477  0.077010384924 -0.000000000000  0.021045830775 -0.000000000000
  0.058823529412  0.004681131184  0.146187917011  0.324187116380  0.000000000000  0.001311234516  0.000000000000  0.017288135505  0.008916100603  0.041203028209 -0.000000000000  0.001311234516 -0.000000000000
  0.062745098039 -0.001138335701 -0.023525597135 -0.153153789691  0.000000000000  0.023479001016  0.000000000000 -0.015004442391 -0.017102530167  0.038075570494  0.000000000000  0.023479001016 -0.000000000000
  0.066666666667 -0.000447649146 -0.078994674080 -0.045222858600  0.000000000000  0.000949569955  0.000000000000  0.021041069442  0.000072579448  0.009198516593  0.000000000000  0.000949569955  0.000000000000
  0.070588235294 -0.001309077673 -0.047822089339 -0.319259732705 -0.000000000000  0.014246683906 -0.000000000000 -0.000075177146  0.010903850136 -0.019928304197 -0.000000000000  0.014246683906  0.000000000000
  0.074509803922  0.002641883153  0.023615715711  0.256469831598  0.000000000000  0.012540166697  0.000000000000  0.023329893744  0.004571666706 -0.043605440379  0.000000000000  0.012540166697 -0.000000000000
  0.078431372549  0.000515297026  0.222977405514  0.267086909351  0.000000000000  0.032379586311  0.000000000000 -0.000797591422 -0.007795656498 -0.003117140971 -0.000000000000  0.032379586311 -0.000000000000
  0.082352941176  0.001112716033  0.091785173133  0.172336740994  0.000000000000  0.006528463989  0.000000000000 -0.014203163920  0.007423870049  0.004124639051 -0.000000000000  0.006528463989 -0.000000000000
  0.086274509804  0.001715560855  0.068959602371 -0.236248027063 -0.000000000000  0.017490331752 -0.000000000000 -0.012422263552  0.025563832648 -0.021207902642  0.000000000000  0.017490331752  0.000000000000
  0.090196078431  0.006159180498 -0.161279685844 -0.465312403055  0.000000000000  0.017223158963  0.000000000000 -0.031788395764  0.001075719998 -0.022891323306 -0.000000000000  0.017223158963 -0.000000000000
  0.094117647059  0.001965527650  0.033446590161  0.795688210325  0.000000000000  0.036789527390  0.000000000000  0.006225555647 -0.004839042556  0.054293878500  0.000000000000  0.036789527390  0.000000000000
  0.098039215686  0.003769431631  0.140884390039 -0.085581539960 -0.000000000000  0.014481909379 -0.000000000000 -0.017079317609 -0.007360356422  0.061251619579 -0.000000000000  0.014481909379 -0.000000000000
  0.101960784314 -0.001115033440  0.093347663210 -0.247829133040 -0.000000000000  0.015307220295 -0.000000000000 -0.017187027232  0.003687838446  0.025614780558  0.000000000000  0.015307220295  0.000000000000
  0.105882352941  0.003752895729 -0.029530968800 -0.164653469572  0.000000000000  0.020145097834  0.000000000000 -0.036597610567  0.014834069254 -0.025939462093 -0.000000000000  0.020145097834 -0.000000000000
  0.109803921569  0.001482770045  0.005346736010  0.816656841712  0.000000000000  0.036332658803  0.000000000000 -0.014405800647 -0.007444476975 -0.021243434803  0.000000000000  0.036332658803 -0.000000000000
  0.113725490196  0.003138870789  0.000455515935 -0.256276635070 -0.000000000000  0.011220634832 -0.000000000000 -0.014981938571 -0.005371188280 -0.003763885164 -0.000000000000  0.011220634832 -0.000000000000
  0.117647058824  0.000623844868  0.155854725608 -0.067315235143  0.000000000000  0.027868027189  0.000000000000 -0.020135436035  0.006339163646  0.023572558764 -0.000000000000  0.027868027189 -0.000000000000
  0.121568627451  0.003326226904 -0.035776429092  0.088972605496  0.000000000000  0.022399524632  0.000000000000 -0.036180081678  0.023108670046  0.021598856628  0.000000000000  0.022399524632  0.000000000000
  0.125490196078  0.002826337471 -0.032360030305  0.195674196337  0.000000000000  0.023503673872  0.000000000000 -0.010858842596  0.044826210430 -0.013241688705 -0.000000000000  0.023503673872 -0.000000000000
  0.129411764706  0.009099045056  0.061100823752 -0.211039312474 -0.000000000000  0.019492270507 -0.000000000000 -0.026340734964 -0.002875784976 -0.044348445598 -0.000000000000  0.019492270507  0.000000000000
  0.133333333333  0.003085736684 -0.003631995893  0.123587610175  0.000000000000  0.016449515121  0.000000000000 -0.022185962518  0.008840340971  0.007215147316 -0.000000000000  0.016449515121 -0.000000000000
  0.137254901961  0.009768939945  0.033941978244  0.228801779954  0.000000000000  0.005335686211  0.000000000000 -0.021377336079  0.024037245969  0.013653627060 -0.000000000000  0.005335686211 -0.000000000000
  0.141176470588  0.004917667799 -0.026364679927  0.132859330226  0.000000000000  0.010870260393  0.000000000000 -0.018861737803 -0.005242524915  0.006082665061  0.000000000000  0.010870260393  0.000000000000
  0.145098039216  0.008754209487 -0.149889137744  0.184871652544 -0.000000000000  0.023054852564 -0.000000000000 -0.013926606334  0.004904534576  0.019679637677  0.000000000000  0.023054852564  0.000000000000
  0.149019607843  0.004460186909 -0.160473822100  0.021939378191  0.000000000000  0.013733938879  0.000000000000  0.002928528654  0.024858464592  0.030841179258 -0.000000000000  0.013733938879 -0.000000000000
  0.152941176471  0.010329837951 -0.177983221828  0.069228867668 -0.000000000000  0.025050474213 -0.000000000000  0.003384820367  0.006245780374  0.049170953179 -0.000000000000  0.025050474213 -0.000000000000
  0.156862745098  0.003285529372 -0.003208222713  0.225564914252 -0.000000000000  0.012859621269 -0.000000000000  0.022819542578  0.016625044102  0.038652511756  0.000000000000  0.012859621269  0.000000000000
  0.160784313725  0.010817542710  0.053063409829  0.289920943897 -0.000000000000  0.009954285058 -0.000000000000  0.008461787451  0.002633781388 -0.017272023654 -0.000000000000  0.009954285058 -0.000000000000
  0.164705882353  0.003466354818 -0.050769950833 -0.433926296520  0.000000000000  0.025276378619 -0.000000000000  0.024809486947  0.014034140770 -0.032413678234 -0.000000000000  0.025276378619 -0.000000000000
  0.168627450980  0.012836479454  0.141612646235 -0.086476095329 -0.000000000000  0.017871201935 -0.000000000000  0.000771138383  0.003764896439 -0.008584177786  0.000000000000  0.017871201935  0.000000000000
  0.172549019608  0.003443955135  0.145150569318 -0.370961660652  0.000000000000  0.023510842055  0.000000000000  0.009339537678 -0.006496885906  0.025431921783  0.000000000000  0.023510842055  0.000000000000
  0.176470588235  0.011424423203  0.018449527259 -0.986966655539 -0.000000000000  0.022955494379 -0.000000000000 -0.022547236428  0.024231189094 -0.003773332717 -0.000000000000  0.022955494379  0.000000000000
  0.180392156863  0.005188735689  0.064760507137  0.215245507511 -0.000000000000  0.038841170047 -0.000000000000 -0.017101370722 -0.028280437822 -0.001749810687 -0.000000000000  0.038841170047  0.000000000000
  0.184313725490  0.008785404178  0.124934222489  0.192140383953 -0.000000000000  0.014486856919 -0.000000000000 -0.021807713488  0.023030900421 -0.017910493085 -0.000000000000  0.014486856919  0.000000000000
  0.188235294118  0.007243213520  0.056994764772 -0.465877781319 -0.000000000000  0.036971723176 -0.000000000000 -0.021782804688  0.002523576950 -0.004335385971 -0.000000000000  0.036971723176  0.000000000000
  0.192156862745  0.008807245118 -0.015006436140  0.235630634399 -0.000000000000  0.024096377898 -0.000000000000 -0.037829471633  0.000750495209  0.010034852544 -0.000000000000  0.024096377898 -0.000000000000
  0.196078431373  0.006682649956 -0.014486148208  0.017581794057 -0.000000000000  0.038067547222 -0.000000000000 -0.012853451403  0.013676091533  0.000331175029  0.000000000000  0.038067547222  0.000000000000
  0.200000000000  0.009625368272  0.086358022597 -0.188045922358 -0.000000000000  0.011305839343 -0.000000000000 -0.035696786974  0.014857674327  0.029050663898 -0.000000000000  0.011305839343  0.000000000000
  0.203921568627  0.006710997843  0.032773958528 -0.002937578940 -0.000000000000  0.044562991266 -0.000000000000 -0.023142988911 -0.002723262017  0.079713243447 -0.000000000000  0.044562991266 -0.000000000000
  0.207843137255  0.007073764912  0.020789096277  0.504814524922 -0.000000000000  0.007881724937 -0.000000000000 -0.037404545198  0.010794068470  0.083521506009 -0.000000000000  0.007881724937  0.000000000000
  0.211764705882  0.005075141210  0.088903632318 -0.017142266787 -0.000000000000  0.047346290830 -0.000000000000 -0.010102719680  0.000497472565  0.010421224174 -0.000000000000  0.047346290830 -0.000000000000
  0.215686274510  0.006650196233  0.045382129350  0.200402445950 -0.000000000000  0.010840769029 -0.000000000000 -0.044063988478 -0.017715408709 -0.031426456248  0.000000000000  0.010840769029  0.000000000000
  0.219607843137  0.004366529231  0.070442008918  0.077310222546 -0.000000000000  0.035699516634 -0.000000000000 -0.006561631692  0.002461233989 -0.008996265311 -0.000000000000  0.035699516634  0.000000000000
  0.223529411765  0.006905247667 -0.035795711137 -0.293385167890 -0.000000000000  0.002063284327 -0.000000000000 -0.046840034266 -0.001922600184 -0.000358736816  0.000000000000  0.002063284327  0.000000000000
  0.227450980392  0.003998699269 -0.166993746891  0.018295211542 -0.000000000000  0.026440456297 -0.000000000000 -0.010076342457  0.034945336821 -0.000325979974 -0.000000000000  0.026440456297 -0.000000000000
  0.231372549020  0.009185907067 -0.126177666508 -0.025475573272 -0.000000000000  0.013063331201 -0.000000000000 -0.034497457867 -0.016027550214  0.030842720815  0.000000000000  0.013063331201  0.000000000000
  0.235294117647  0.001794353372 -0.044006316939  0.259261570300 -0.000000000000  0.017492214805 -0.000000000000 -0.001018547096 -0.002364934312 -0.012605279401 -0.000000000000  0.017492214805 -0.000000000000
  0.239215686275  0.009297982788  0.102693233678 -0.193802691034 -0.000000000000  0.003618347042 -0.000000000000 -0.024751671565  0.036583010755 -0.048042615995  0.000000000000  0.003618347042  0.000000000000
  0.243137254902  0.005144403533  0.040051387065  0.506902907182  0.000000000000  0.018379503608 -0.000000000000 -0.012007736438  0.019800638625 -0.018040583646 -0.000000000000  0.018379503608 -0.000000000000
  0.247058823529  0.010881144089 -0.060790869533  0.176042831232 -0.000000000000  0.008442971567 -0.000000000000 -0.013695922098 -0.039958049321  0.015829752628  0.000000000000  0.008442971567  0.000000000000
  0.250980392157  0.001848101641  0.025787740905  0.088173786338 -0.000000000000  0.013396353083 -0.000000000000 -0.003110780552  0.022502958038 -0.032774030139 -0.000000000000  0.013396353083 -0.000000000000
  0.254901960784  0.013086663180 -0.025400234162  0.294143585849 -0.000000000000  0.026551530723 -0.000000000000 -0.012905246984  0.033352882406 -0.070474261426 -0.000000000000  0.026551530723  0.000000000000
  0.258823529412  0.005340384504 -0.078167044346  0.451443281725 -0.000000000000  0.012747104160 -0.000000000000  0.006539423692 -0.013545488506 -0.032290813646 -0.000000000000  0.012747104160 -0.000000000000
  0.262745098039  0.012948098927 -0.105783590805  0.503699338458 -0.000000000000  0.024908084869 -0.000000000000  0.003436424027  0.011596209400 -0.004066115236  0.000000000000  0.024908084869  0.000000000000
  0.266666666667  0.005752488763 -0.084496155169 -0.071203026042  0.000000000000  0.010722634799  0.000000000000  0.025920892283 -0.013219784799  0.024533349792 -0.000000000000  0.010722634799 -0.000000000000
  0.270588235294  0.011359878916 -0.041706593579 -0.176784934742  0.000000000000  0.016054295972  0.000000000000  0.005782889890  0.047100855684  0.001494881527  0.000000000000  0.016054295972  0.000000000000
  0.274509803922  0.008114619428  0.088318304771  0.074271908408  0.000000000000  0.013580799889  0.000000000000  0.023549217468 -0.010366446109  0.000082651723 -0.000000000000  0.013580799889 -0.000000000000
  0.278431372549  0.010533503468  0.064695344617 -0.237312169180  0.000000000000  0.011941822087  0.000000000000  0.002005044072 -0.000013176847 -0.024630627479 -0.000000000000  0.011941822087 -0.000000000000
  0.282352941176  0.008461096636  0.032045076930  0.236779395725  0.000000000000  0.014820357605  0.000000000000  0.013643689489  0.012295552813 -0.045292734361 -0.000000000000  0.014820357605 -0.000000000000
  0.286274509804  0.012165683047  0.027083641531 -0.235791058731 -0.000000000000  0.013138560000  0.000000000000  0.006036081645  0.025119007360 -0.035111139044  0.000000000000  0.013138560000  0.000000000000
  0.290196078431  0.010422112492  0.145746053996 -0.315042330795 -0.000000000000  0.029974133312 -0.000000000000  0.005829810113 -0.012882429237  0.017980746627 -0.000000000000  0.029974133312  0.000000000000
  0.294117647059  0.010717571926  0.131725469917 -0.307211482431  0.000000000000  0.022462936543  0.000000000000 -0.010236046676  0.009751017521  0.039842616908  0.000000000000  0.022462936543  0.000000000000
  0.298039215686  0.009614727799  0.173749688561 -0.348380759288 -0.000000000000  0.024043301789 -0.000000000000 -0.008954259781  0.003776039844  0.024969987636 -0.000000000000  0.024043301789 -0.000000000000
  0.301960784314  0.010010481578 -0.038869164454 -0.509473332228  0.000000000000  0.010740059193  0.000000000000 -0.028253122418  0.021438652089 -0.024695336867  0.000000000000  0.010740059193  0.000000000000
  0.305882352941  0.011114041225 -0.080334454988  0.099264353161 -0.000000000000  0.021817750207 -0.000000000000 -0.019520799313  0.012913931383 -0.047906110387 -0.000000000000  0.021817750207  0.000000000000
  0.309803921569  0.011640206384 -0.102792035617  0.673412925347 -0.000000000000  0.012967390975 -0.000000000000 -0.021037726974 -0.025561922968 -0.019580266443  0.000000000000  0.012967390975  0.000000000000
  0.313725490196  0.010036980265 -0.046551212550  0.046862535813 -0.000000000000  0.016944651248 -0.000000000000  0.003822028077  0.012302503888 -0.035039178087 -0.000000000000  0.016944651248 -0.000000000000
  0.317647058824  0.012920464015  0.070959195107 -0.210268294009 -0.000000000000  0.016978428865 -0.000000000000 -0.017580552714  0.032947568642 -0.027653578082  0.000000000000  0.016978428865  0.000000000000
  0.321568627451  0.012067966251  0.010446987332  0.225973210983 -0.000000000000  0.019720380625 -0.000000000000 -0.004745252286 -0.009989578801  0.009283484543  0.000000000000  0.019720380625  0.000000000000
  0.325490196078  0.011896121370 -0.121164210648  0.411374780642 -0.000000000000  0.012819299665 -0.000000000000 -0.012066627626  0.006041071364  0.007745010907 -0.000000000000  0.012819299665 -0.000000000000
  0.329411764706  0.011869964748 -0.009484823050 -0.148613409008 -0.000000000000  0.011864138799 -0.000000000000  0.012139645119  0.011042153175  0.012411135102 -0.000000000000  0.011864138799 -0.000000000000
  0.333333333333  0.011814845859  0.041392561362 -0.306687126565 -0.000000000000  0.012811801533 -0.000000000000 -0.015789326437  0.027626833197  0.012545428944  0.000000000000  0.012811801533  0.000000000000
  0.337254901961  0.012564069572  0.206510036961  0.701082784402 -0.000000000000  0.016885348295 -0.000000000000  0.002545309349 -0.018537327243  0.044897604457  0.000000000000  0.016885348295  0.000000000000
  0.341176470588  0.009486663347 -0.088285562534 -0.282779248655 -0.000000000000  0.020486805745 -0.000000000000 -0.007124675992  0.019024738214  0.016222765317  0.000000000000  0.020486805745  0.000000000000
  0.345098039216  0.012796561382 -0.219092819869  0.414684848976 -0.000000000000  0.023402929296 -0.000000000000 -0.000624720206  0.012493780324 -0.004625574726 -0.000000000000  0.023402929296 -0.000000000000
  0.349019607843  0.009884661570  0.024330801985  0.678154962618 -0.000000000000  0.021976774058 -0.000000000000  0.013689720694  0.006655590437 -0.010837693315  0.000000000000  0.021976774058  0.000000000000
  0.352941176471  0.013156900203  0.139038238803  0.539808593916 -0.000000000000  0.029795117739 -0.000000000000  0.015703667937 -0.003815053070 -0.012626211376 -0.000000000000  0.029795117739 -0.000000000000
  0.356862745098  0.009752825125  0.075643414161  0.196916701000 -0.000000000000  0.024182763665 -0.000000000000  0.021273915993  0.029021566929  0.013895076205 -0.000000000000  0.024182763665  0.000000000000
  0.360784313725  0.013854955703  0.002943939012  0.306690622834 -0.000000000000  0.022461169105 -0.000000000000  0.017059273151 -0.007459970250  0.056049565717 -0.000000000000  0.022461169105  0.000000000000
  0.364705882353  0.007661935780 -0.091488608451  0.033867454093 -0.000000000000  0.021468123011  0.000000000000  0.028793120380 -0.002116929154  0.079381588077  0.000000000000  0.021468123011  0.000000000000
  0.368627450980  0.011523796539  0.072494115506 -0.135314989679 -0.000000000000  0.019554475388 -0.000000000000  0.021260483810 -0.003769276353  0.058422755676 -0.000000000000  0.019554475388 -0.000000000000
  0.372549019608  0.005728961576  0.085008993757  0.057069069047 -0.000000000000  0.032152663610 -0.000000000000  0.021718266892  0.009599047052  0.049380036420  0.000000000000  0.032152663610  0.000000000000
  0.376470588235  0.010516375879 -0.003918508073 -0.090187936780 -0.000000000000  0.027343329925 -0.000000000000  0.018715932891 -0.013489679001  0.034937390175  0.000000000000  0.027343329925  0.000000000000
  0.380392156863  0.004034404632 -0.067666643188  0.373955265929 -0.000000000000  0.034122849712 -0.000000000000  0.019133768237 -0.019949597283  0.026126261391  0.000000000000  0.034122849712  0.000000000000
  0.384313725490  0.008927488959 -0.045969822565  0.253054433417 -0.000000000000  0.023451674983 -0.000000000000  0.030888407504  0.021088721348  0.013983133150 -0.000000000000  0.023451674983 -0.000000000000
  0.388235294118  0.004347403008 -0.078640314586 -0.002229062250 -0.000000000000  0.032813923968 -0.000000000000  0.026995514043 -0.021736275972  0.048926705915  0.000000000000  0.032813923968  0.000000000000
  0.392156862745  0.006682299697 -0.058581005651 -0.212976474613 -0.000000000000  0.015886250841 -0.000000000000  0.033462153894  0.003598435813  0.012245508621 -0.000000000000  0.015886250841 -0.000000000000
  0.396078431373  0.004037550430  0.030973291761  0.017376439970  0.000000000000  0.022172506574  0.000000000000  0.023101498783  0.000045860395  0.017344774151  0.000000000000  0.022172506574  0.000000000000
  0.400000000000  0.006150706309  0.116838501234 -0.104784369038  0.000000000000  0.017272489655  0.000000000000  0.032232319465  0.007950778319 -0.021320376398 -0.000000000000  0.017272489655 -0.000000000000
  0.403921568627  0.004786139035  0.122344918531 -0.219637390708 -0.000000000000  0.023677640195 -0.000000000000  0.015148129881  0.002118934156  0.019356753345  0.000000000000  0.023677640195  0.000000000000
  0.407843137255  0.005634001364 -0.029484528277  0.026517078715  0.000000000000  0.006283960114  0.000000000000  0.021444768043  0.016677745970  0.016052998665 -0.000000000000  0.006283960114 -0.000000000000
  0.411764705882  0.004899558384 -0.111097239831 -0.076005031600 -0.000000000000  0.016533355293 -0.000000000000  0.016563007774 -0.022561403481  0.034596860660  0.000000000000  0.016533355293  0.000000000000
  0.415686274510  0.003776701316 -0.022387106312 -0.565176456385  0.000000000000  0.007955012596  0.000000000000  0.023374498334  0.013055142941 -0.021753038788 -0.000000000000  0.007955012596 -0.000000000000
  0.419607843137  0.005889653668  0.114991428468 -0.118113496613 -0.000000000000  0.024278691736 -0.000000000000  0.002190920899  0.006164627917 -0.017881081108  0.000000000000  0.024278691736  0.000000000000
  0.423529411765  0.004364546957  0.061257608679  0.277625224423  0.000000000000  0.005578431462 -0.000000000000  0.015946867000 -0.014541134003  0.049166330551 -0.000000000000  0.005578431462 -0.000000000000
  0.427450980392  0.003984873943 -0.067275817958  0.224460847768 -0.000000000000  0.013736216625 -0.000000000000  0.006884984028 -0.008677819867  0.059343757743  0.000000000000  0.013736216625  0.000000000000
  0.431372549020  0.002421507108 -0.061272409335 -0.214501048076  0.000000000000  0.010496290074  0.000000000000  0.024157631832  0.019741804831 -0.000061354934  0.000000000000  0.010496290074  0.000000000000
  0.435294117647  0.004660334404  0.033262678372 -0.355162908892 -0.000000000000  0.023035090667 -0.000000000000  0.003065971433 -0.011797995632  0.004489859890  0.000000000000  0.023035090667  0.000000000000
  0.439215686275  0.001795002165  0.062332120382  0.356314053739 -0.000000000000  0.004633792155 -0.000000000000  0.013618429220 -0.012715398040  0.027582153555 -0.000000000000  0.004633792155  0.000000000000
  0.443137254902  0.003453057381 -0.146412617354  0.168045627771  0.000000000000  0.017175452226  0.000000000000  0.009912038138  0.005387744584  0.040783441087  0.000000000000  0.017175452226  0.000000000000
  0.447058823529  0.000858368973 -0.069428993043 -0.304628199988  0.000000000000  0.003537017356  0.000000000000  0.023019092179  0.011198156345  0.055771741638  0.000000000000  0.003537017356  0.000000000000
  0.450980392157  0.002372831294  0.065748699071 -0.134639663474 -0.000000000000  0.024989105860  0.000000000000  0.003980163487 -0.006923160116  0.062428485460  0.000000000000  0.024989105860  0.000000000000
  0.454901960784 -0.001055820494  0.024642065234 -0.005376852881  0.000000000000  0.006138092574  0.000000000000  0.017142969470 -0.003597410872 -0.000939991640  0.000000000000  0.006138092574 -0.000000000000
  0.458823529412  0.002291561390 -0.040012136578  0.249552802161 -0.000000000000  0.028188615843 -0.000000000000  0.002694297343  0.001176877922 -0.040224860223  0.000000000000  0.028188615843  0.000000000000
  0.462745098039 -0.000003127008 -0.128160988900 -0.043066058095  0.000000000000  0.009846205411  0.000000000000  0.024989105664 -0.002801401846 -0.021036472164 -0.000000000000  0.009846205411 -0.000000000000
  0.466666666667  0.002746624744 -0.037884100809  0.077058915522 -0.000000000000  0.028128848737 -0.000000000000  0.005489283466  0.007186018485  0.024916457485  0.000000000000  0.028128848737  0.000000000000
  0.470588235294 -0.000459152582  0.124681895629  0.338550312025  0.000000000000  0.017069272044  0.000000000000  0.028184876123 -0.004893534932  0.037708856463 -0.000000000000  0.017069272044 -0.000000000000
  0.474509803922  0.001605307000  0.053118033459  0.070045384609 -0.000000000000  0.035354434308 -0.000000000000  0.009714460892 -0.008878856549  0.019256299163  0.000000000000  0.035354434308  0.000000000000
  0.478431372549 -0.001282635159 -0.033157727579  0.253539778002  0.000000000000  0.025059296458  0.000000000000  0.028099590359  0.004553394216 -0.002592200210 -0.000000000000  0.025059296458 -0.000000000000
  0.482352941176  0.001843395359 -0.092442040069  0.170802459315 -0.000000000000  0.039935448987  0.000000000000  0.016969441407  0.001305643449  0.029576636670  0.000000000000  0.039935448987  0.000000000000
  0.486274509804 -0.002043394521 -0.018734103598  0.308074846126  0.000000000000  0.025670521481  0.000000000000  0.035295333460 -0.009184228939  0.066871240030  0.000000000000  0.025670521481 -0.000000000000
  0.490196078431 -0.000168179827 -0.073207788952  0.098748133143  0.000000000000  0.039221801244  0.000000000000  0.025058732101  0.002828854078  0.042125972390  0.000000000000  0.039221801244  0.000000000000
  0.494117647059 -0.003051512925 -0.063897530877 -0.032253284318  0.000000000000  0.027582631173  0.000000000000  0.039818693533  0.018855995017 -0.047970046478 -0.000000000000  0.027582631173 -0.000000000000
  0.498039215686  0.001732978764 -0.025033370114 -0.040999969565 -0.000000000000  0.034899592839  0.000000000000  0.025611959271 -0.008335362426 -0.026295482168  0.000000000000  0.034899592839  0.000000000000
  0.501960784314 -0.002653871443 -0.013122737134  0.080384066753  0.000000000000  0.018708417684  0.000000000000  0.039131913565 -0.009820013543 -0.019238193224 -0.000000000000  0.018708417684 -0.000000000000
  0.505882352941  0.001970529382 -0.008719115738 -0.156381295263  0.000000000000  0.024119097666  0.000000000000  0.027512152886  0.038062519611 -0.022149015054  0.000000000000  0.024119097666  0.000000000000
  0.509803921569 -0.000925129902  0.115046519789 -0.181092578538  0.000000000000  0.013309098298  0.000000000000  0.034887328860 -0.026006164336  0.025276990987  0.000000000000  0.013309098298 -0.000000000000
  0.513725490196  0.000523736113 -0.014664817814 -0.418659246706 -0.000000000000  0.023313735462 -0.000000000000  0.018701085335  0.015836768727  0.015162677001  0.000000000000  0.023313735462  0.000000000000
  0.517647058824 -0.000845970273  0.076859283625 -0.103237243936  0.000000000000  0.025447183695  0.000000000000  0.024104257021  0.004529782621  0.018628210809 -0.000000000000  0.025447183695 -0.000000000000
  0.521568627451  0.000186807937 -0.062449498849 -0.096382493832 -0.000000000000  0.030979598268 -0.000000000000  0.013307787205 -0.002763914597  0.023433053156  0.000000000000  0.030979598268  0.000000000000
  0.525490196078 -0.001544533506 -0.077745998936  0.388622247477  0.000000000000  0.029769223860  0.000000000000  0.023262516576 -0.002790136178  0.025556206815  0.000000000000  0.029769223860  0.000000000000
  0.529411764706 -0.000541563097 -0.113271839976  0.178935235868  0.000000000000  0.026798177486  0.000000000000  0.025441420311  0.006103142099  0.021701770359  0.000000000000  0.026798177486  0.000000000000
  0.533333333333 -0.001923043055 -0.038958434331  0.138413158337  0.000000000000  0.025955147033  0.000000000000  0.030919854694 -0.002414584968  0.017270844676  0.000000000000  0.025955147033 -0.000000000000
  0.537254901961 -0.001035825608 -0.136799665670 -0.297486782072  0.000000000000  0.012806217142  0.000000000000  0.029751197531  0.004755916712  0.018986290656  0.000000000000  0.012806217142  0.000000000000
  0.541176470588 -0.002265436243 -0.021934250692 -0.157959825873  0.000000000000  0.017312318039  0.000000000000  0.026702249253  0.001737929061  0.043763864546  0.000000000000  0.017312318039 -0.000000000000
  0.545098039216 -0.002096771765  0.055252521593 -0.481217756418  0.000000000000  0.016143160269  0.000000000000  0.025870315144 -0.011763715764  0.055287451716  0.000000000000  0.016143160269  0.000000000000
  0.549019607843 -0.004019214634  0.087269518873 -0.228461886520  0.000000000000  0.026344218582  0.000000000000  0.012159157505  0.023564727513  0.012114474756 -0.000000000000  0.026344218582 -0.000000000000
  0.552941176471 -0.001682794779 -0.000222861074  0.134925046865  0.000000000000  0.006180918470  0.000000000000  0.017230338291 -0.003882697906  0.022147041072  0.000000000000  0.006180918470  0.000000000000
  0.556862745098 -0.004684500272 -0.006662705052  0.346993046029  0.000000000000  0.023281493054  0.000000000000  0.015448530049 -0.005315273389  0.006914704506 -0.000000000000  0.023281493054 -0.000000000000
  0.560784313725 -0.001947318501  0.011244860981 -0.428621393075  0.000000000000  0.007511121760  0.000000000000  0.026272148815  0.001806342710  0.017039044436  0.000000000000  0.007511121760  0.000000000000
  0.564705882353 -0.005052203194 -0.014677063839 -0.128336415378  0.000000000000  0.018581539946  0.000000000000  0.003560757788  0.028912232196 -0.020360753074 -0.000000000000  0.018581539946 -0.000000000000
  0.568627450980 -0.000541724181 -0.046758948816  0.051727804446  0.000000000000  0.007456125809  0.000000000000  0.023275189661 -0.013662681591 -0.028707697551  0.000000000000  0.007456125809  0.000000000000
  0.572549019608 -0.004671104657  0.069530661010 -0.104467931182  0.000000000000  0.018935581784  0.000000000000  0.005881983626 -0.005433217646 -0.059367532575  0.000000000000  0.018935581784 -0.000000000000
  0.576470588235  0.000925500631  0.071556156596  0.119468374495  0.000000000000  0.005610514924  0.000000000000  0.018558477183  0.022961527268 -0.038757997459  0.000000000000  0.005610514924  0.000000000000
  0.580392156863 -0.003045612059  0.038568615155  0.057813227131  0.000000000000  0.015581588647  0.000000000000  0.006805737232 -0.004789109909  0.031204638659 -0.000000000000  0.015581588647 -0.000000000000
  0.584313725490  0.000021414601 -0.001076944664 -0.068542054773  0.000000000000  0.008160650138  0.000000000000  0.018935569675  0.017796754120  0.013599278865  0.000000000000  0.008160650138  0.000000000000
  0.588235294118 -0.002923670995 -0.019095912930 -0.145691060533  0.000000000000  0.014942309296  0.000000000000  0.004788530633 -0.006379313433  0.016675875234  0.000000000000  0.014942309296 -0.000000000000
  0.592156862745 -0.000545688738 -0.036124432038  0.093845909607  0.000000000000  0.010180419325  0.000000000000  0.015572030329  0.014820333349 -0.033536462042  0.000000000000  0.010180419325  0.000000000000
  0.596078431373 -0.001647081468  0.077236644876  0.056890574441  0.000000000000  0.016374824317  0.000000000000  0.007992705006  0.006896001865 -0.043142877313  0.000000000000  0.016374824317 -0.000000000000
  0.600000000000  0.000785375481 -0.020167476100  0.060187899606  0.000000000000  0.008057573723  0.000000000000  0.014921655152 -0.018824225592  0.008795743834  0.000000000000  0.008057573723  0.000000000000
  0.603921568627 -0.002379438518  0.001568448505  0.061194279798  0.000000000000  0.012916690068  0.000000000000  0.009898444826 -0.000665349281 -0.002340567316 -0.000000000000  0.012916690068 -0.000000000000
  0.607843137255  0.000860186783  0.088686842800  0.023915671558  0.000000000000  0.016607957239  0.000000000000  0.016352215450  0.028047943659 -0.035647139420  0.000000000000  0.016607957239  0.000000000000
  0.611764705882 -0.000734768444  0.130156119559 -0.002508718821  0.000000000000  0.014439230206  0.000000000000  0.008024002096  0.001996850387 -0.016244606333 -0.000000000000  0.014439230206 -0.000000000000
  0.615686274510  0.001345503773 -0.026571535551  0.306258106291  0.000000000000  0.014965780936  0.000000000000  0.012846419809 -0.013517634866  0.013727010575  0.000000000000  0.014965780936  0.000000000000
  0.619607843137 -0.001455183054 -0.146902213899 -0.083365343188  0.000000000000  0.010991225990  0.000000000000  0.016544083110  0.027071391858 -0.026482753565 -0.000000000000  0.010991225990 -0.000000000000
  0.623529411765  0.002741635075 -0.093201250624 -0.145837844651  0.000000000000  0.014548726754  0.000000000000  0.014176558329 -0.005165919906 -0.007408138194  0.000000000000  0.014548726754  0.000000000000
  0.627450980392 -0.001425952463 -0.052798904679 -0.176577374127  0.000000000000  0.011560584294  0.000000000000  0.014897693063 -0.000861516461  0.007602251365  0.000000000000  0.011560584294 -0.000000000000
  0.631372549020  0.002539169899 -0.032039838253 -0.040890497633  0.000000000000  0.013731473352  0.000000000000  0.010693907845 -0.010046488984 -0.016132338588  0.000000000000  0.013731473352  0.000000000000
  0.635294117647 -0.001285336671 -0.038828902659 -0.035162849623  0.000000000000  0.011029247027  0.000000000000  0.014491837696  0.015158602307 -0.068381511307 -0.000000000000  0.011029247027 -0.000000000000
  0.639215686275  0.004717076660 -0.129337309721 -0.146519726029  0.000000000000  0.016427979502  0.000000000000  0.010554444419 -0.013833920522 -0.032182970208  0.000000000000  0.016427979502 -0.000000000000
  0.643137254902 -0.000841312783 -0.131447552526 -0.144917298352  0.000000000000  0.019714943174  0.000000000000  0.013705675949 -0.001790284249 -0.014052152049 -0.000000000000  0.019714943174 -0.000000000000
  0.647058823529  0.005051047626 -0.071317281273  0.042466830548  0.000000000000  0.016083583365  0.000000000000  0.009804652358  0.015433214681 -0.010406183670  0.000000000000  0.016083583365  0.000000000000
  0.650980392157 -0.000256341975 -0.113871386555  0.270535148160  0.000000000000  0.013998774601 -0.000000000000  0.016425979402 -0.009241637018  0.055607861420 -0.000000000000  0.013998774601 -0.000000000000
  0.654901960784  0.003377645737  0.069843572979  0.054178785629  0.000000000000  0.005362855741  0.000000000000  0.019423452155 -0.021767773843  0.051600581493 -0.000000000000  0.005362855741 -0.000000000000
  0.658823529412 -0.002167211437  0.124585893811 -0.118527098788  0.000000000000  0.009368878286  0.000000000000  0.015936902097  0.049026718726 -0.006815624297 -0.000000000000  0.009368878286 -0.000000000000
  0.662745098039  0.004748934956  0.035347794205 -0.566490516164  0.000000000000  0.005294207970  0.000000000000  0.013168648644 -0.043489147317  0.080647645567  0.000000000000  0.005294207970  0.000000000000
  0.666666666667 -0.005361175960  0.005895772191 -0.223891711661  0.000000000000  0.007741539118  0.000000000000  0.000134216346  0.020336726695 -0.028078340076  0.000000000000  0.007741539118  0.000000000000
  0.670588235294  0.006024593081  0.030100759597  0.019186934074  0.000000000000  0.010249550753  0.000000000000  0.007174967494 -0.014391115848 -0.018216691620 -0.000000000000  0.010249550753 -0.000000000000
  0.674509803922 -0.005292019950  0.158796549834 -0.223334030700  0.000000000000  0.016132741536  0.000000000000 -0.000152193547  0.027576617608 -0.024755391709  0.000000000000  0.016132741536 -0.000000000000
  0.678431372549  0.007374644668  0.133821338082 -0.185545919940  0.000000000000  0.020467764483  0.000000000000 -0.002355004021 -0.005128265581  0.031482529055  0.000000000000  0.020467764483  0.000000000000
  0.682352941176 -0.006318921227  0.015873048631 -0.470747444830  0.000000000000  0.028182157322  0.000000000000 -0.008069976775 -0.018194953719  0.035462049669  0.000000000000  0.028182157322  0.000000000000
  0.686274509804  0.006101888739  0.104799626514 -0.377233799744 -0.000000000000  0.023781442177 -0.000000000000 -0.014934266078  0.044375191250 -0.069671216382  0.000000000000  0.023781442177  0.000000000000
  0.690196078431 -0.003552897303  0.156736282431 -0.356049810216  0.000000000000  0.025376366269  0.000000000000 -0.020157041045 -0.008728731250  0.004962234867  0.000000000000  0.025376366269 -0.000000000000
  0.694117647059  0.005814150686  0.184124794061  0.019036755173 -0.000000000000  0.020587140444 -0.000000000000 -0.027575888800  0.010098055635  0.007670792477 -0.000000000000  0.020587140444  0.000000000000
  0.698039215686 -0.003590932868  0.045363697583  0.124854290197  0.000000000000  0.024876371624  0.000000000000 -0.023508768431 -0.020011695100  0.055629114627 -0.000000000000  0.024876371624 -0.000000000000
  0.701960784314  0.003950441295 -0.066824801103  0.045039255956 -0.000000000000  0.016595224878 -0.000000000000 -0.025066989820  0.047181031449 -0.056760019351  0.000000000000  0.016595224878  0.000000000000
  0.705882352941 -0.001096825078 -0.006991457002  0.001316748581  0.000000000000  0.021055205475  0.000000000000 -0.020557901800 -0.029708127072 -0.002098878928  0.000000000000  0.021055205475  0.000000000000
  0.709803921569  0.003357320290 -0.074073521447  0.078853881166 -0.000000000000  0.005028458627 -0.000000000000 -0.024648778178  0.013376229567 -0.052028171013  0.000000000000  0.005028458627  0.000000000000
  0.713725490196  0.000521898365  0.028882420057  0.159525513406  0.000000000000  0.018996199601  0.000000000000 -0.016587016334 -0.021480099723  0.022680163054 -0.000000000000  0.018996199601 -0.000000000000
  0.717647058824  0.002286549600 -0.095297617810  0.374421242872 -0.000000000000  0.004773973363 -0.000000000000 -0.020930680078  0.040655483359 -0.033864708534  0.000000000000  0.004773973363  0.000000000000
  0.721568627451  0.002270905054 -0.049726034960  0.031697072294  0.000000000000  0.009666348237  0.000000000000 -0.004486467029 -0.022104690370  0.031647223969  0.000000000000  0.009666348237  0.000000000000
  0.725490196078  0.000953950698 -0.056777927435  0.281588850716 -0.000000000000  0.010954783471 -0.000000000000 -0.018972231744 -0.008026894959  0.001147881256  0.000000000000  0.010954783471  0.000000000000
  0.729411764706  0.002057027621 -0.100861820915  0.287314114508  0.000000000000  0.010265918927  0.000000000000  0.004308069061  0.026974159695 -0.037717302747 -0.000000000000  0.010265918927 -0.000000000000
  0.733333333333  0.002497994852 -0.137214470964  0.136240823209 -0.000000000000  0.000349383315 -0.000000000000 -0.009338003532 -0.011327819018  0.028433530644  0.000000000000  0.000349383315  0.000000000000
  0.737254901961  0.001044644531 -0.055979096426 -0.073386568000  0.000000000000  0.009797072388  0.000000000000  0.010904861242 -0.005386766746  0.040506416110 -0.000000000000  0.009797072388 -0.000000000000
  0.741176470588  0.001313278283 -0.121096191113 -0.511831430540 -0.000000000000  0.002667487433 -0.000000000000 -0.010181571174  0.000523965467  0.028742764592  0.000000000000  0.002667487433  0.000000000000
  0.745098039216  0.000290391796 -0.240040585192 -0.177405808837  0.000000000000  0.013053680862  0.000000000000  0.000194271217 -0.002031917142  0.019726482253 -0.000000000000  0.013053680862 -0.000000000000
  0.749019607843  0.000751719298 -0.179761010381 -0.063426322448 -0.000000000000  0.005386167472 -0.000000000000 -0.009768190492  0.021750268925 -0.016067618049  0.000000000000  0.005386167472  0.000000000000
  0.752941176471  0.001158091850  0.013895129776 -0.113575756976  0.000000000000  0.003996753987  0.000000000000  0.002402979915 -0.029605915885  0.012701955447 -0.000000000000  0.003996753987 -0.000000000000
  0.756862745098 -0.000209211340 -0.009751579660  0.064647858767 -0.000000000000  0.003150547135 -0.000000000000 -0.013052004239  0.020381898541 -0.056620172671  0.000000000000  0.003150547135  0.000000000000
  0.760784313725  0.003062948563 -0.059346031376  0.301672839693  0.000000000000  0.008742045849  0.000000000000  0.004430479222 -0.006654064242 -0.003881769779 -0.000000000000  0.008742045849 -0.000000000000
  0.764705882353 -0.000276501153  0.054241470848 -0.083897688950 -0.000000000000  0.001016792109 -0.000000000000 -0.003987178143 -0.010942750407 -0.003281511802 -0.000000000000  0.001016792109 -0.000000000000
  0.768627450980  0.002927108955  0.084499801549 -0.114151503332  0.000000000000  0.005343186766  0.000000000000  0.001165324168  0.020607080537 -0.025154566594 -0.000000000000  0.005343186766 -0.000000000000
  0.772549019608  0.000771818780  0.004508390750 -0.055907001192 -0.000000000000  0.003669830673 -0.000000000000 -0.008707907981 -0.024127817845  0.055755705219  0.000000000000  0.003669830673  0.000000000000
  0.776470588235  0.000971702805 -0.133389338814  0.035319302746  0.000000000000  0.018567859166  0.000000000000 -0.000299432550  0.025553694350 -0.013660142485 -0.000000000000  0.018567859166 -0.000000000000
  0.780392156863  0.001635367758 -0.000311989442 -0.130287330158  0.000000000000  0.012175328868  0.000000000000 -0.005086768828 -0.022021457695  0.034811077337  0.000000000000  0.012175328868  0.000000000000
  0.784313725490 -0.000397468943  0.158279602498 -0.378842004115  0.000000000000  0.025460530092  0.000000000000 -0.003648242811  0.037504609316 -0.063609298169  0.000000000000  0.025460530092 -0.000000000000
  0.788235294118  0.004052422821  0.137649746717 -0.224824361391 -0.000000000000  0.025204137096 -0.000000000000 -0.018120244570 -0.011996210515  0.030745618669  0.000000000000  0.025204137096  0.000000000000
  0.792156862745 -0.001480329139  0.138498029449 -0.174186971342  0.000000000000  0.023012064533  0.000000000000 -0.012085001394  0.001255007827  0.046328085377 -0.000000000000  0.023012064533 -0.000000000000
  0.796078431373  0.002880739411 -0.011088243568 -0.519342371278 -0.000000000000  0.012915480598 -0.000000000000 -0.025297034075  0.029879200760 -0.009034209735  0.000000000000  0.012915480598  0.000000000000
  0.800000000000 -0.000683769594 -0.076506441367  0.024834295999  0.000000000000  0.013703855715  0.000000000000 -0.025194860307 -0.010322000304  0.016187539769 -0.000000000000  0.013703855715 -0.000000000000
  0.803921568627  0.002261847217  0.052669212482  0.500899805585 -0.000000000000  0.003235789092 -0.000000000000 -0.022900636699 -0.006205857382 -0.010545036743  0.000000000000  0.003235789092  0.000000000000
  0.807843137255 -0.000551239062 -0.057139320074  0.311127103202  0.000000000000  0.012050630135  0.000000000000 -0.012903711659  0.007067964040  0.009172507222 -0.000000000000  0.012050630135 -0.000000000000
  0.811764705882  0.002164636963 -0.122734559365  0.274415672879 -0.000000000000  0.001803415620 -0.000000000000 -0.013531814671  0.012668100545 -0.003416297034  0.000000000000  0.001803415620  0.000000000000
  0.815686274510 -0.000238044260  0.006263479626  0.061402568229  0.000000000000  0.008908210700  0.000000000000 -0.003227021224 -0.027549445703  0.027671260684 -0.000000000000  0.008908210700 -0.000000000000
  0.819607843137  0.000913697165  0.008278471946  0.193638564813 -0.000000000000  0.004684305658 -0.000000000000 -0.012015941250 -0.002460962983 -0.003481991964  0.000000000000  0.004684305658  0.000000000000
  0.823529411765 -0.000202855074  0.044796412490  0.155211837706  0.000000000000  0.015280708494  0.000000000000  0.001791970345  0.004086641069 -0.007495490412  0.000000000000  0.015280708494 -0.000000000000
  0.827450980392  0.001189430434 -0.086299386177  0.039427797552 -0.000000000000  0.000397449015 -0.000000000000 -0.008828446812 -0.009668691194  0.028558545018  0.000000000000  0.000397449015  0.000000000000
  0.831372549020 -0.001144050648  0.001852213695 -0.243448576861  0.000000000000  0.010363768820  0.000000000000  0.004542451719 -0.015839377034  0.013555928181  0.000000000000  0.010363768820 -0.000000000000
  0.835294117647  0.000546963843  0.127749044969 -0.079598224677 -0.000000000000  0.000900105079 -0.000000000000 -0.015270916235  0.016930887533 -0.044800480495  0.000000000000  0.000900105079  0.000000000000
  0.839215686275  0.000340018873  0.141548101393  0.290027652269  0.000000000000  0.011684716067  0.000000000000  0.000205798167  0.004595523794 -0.004822225873  0.000000000000  0.011684716067 -0.000000000000
  0.843137254902  0.000755755003  0.089226688539  0.017527692639 -0.000000000000  0.003545726943 -0.000000000000 -0.010336176205  0.008928627770  0.019922324615 -0.000000000000  0.003545726943 -0.000000000000
  0.847058823529 -0.000021742489  0.158078534088  0.060655886782  0.000000000000  0.014142024467  0.000000000000 -0.000899842440 -0.001909154018  0.004723836098 -0.000000000000  0.014142024467 -0.000000000000
  0.850980392157  0.000597102635 -0.048498113206  0.131621867680 -0.000000000000  0.000917617441 -0.000000000000 -0.011669449774  0.000106473484 -0.006496253335  0.000000000000  0.000917617441  0.000000000000
  0.854901960784  0.000144553594  0.001454808260 -0.089599065961  0.000000000000  0.010718629699  0.000000000000  0.003542779109  0.011255875717 -0.023416967840 -0.000000000000  0.010718629699 -0.000000000000
  0.858823529412  0.001414514594  0.021427183081 -0.108906640420 -0.000000000000  0.016997682398 -0.000000000000 -0.014071105304 -0.005233199683  0.032330894697  0.000000000000  0.016997682398  0.000000000000
  0.862745098039 -0.000809200052  0.168620640353  0.250075007051  0.000000000000  0.004521648737  0.000000000000  0.000432685850  0.000434745581 -0.005380188625 -0.000000000000  0.004521648737 -0.000000000000
  0.866666666667  0.001570433950 -0.034787877601  0.605363741507 -0.000000000000  0.021605857551 -0.000000000000 -0.010602959956  0.009027837662 -0.050565099137  0.000000000000  0.021605857551  0.000000000000
  0.870588235294  0.000661951029 -0.175261827102  0.129409394888  0.000000000000  0.001971552412  0.000000000000  0.016984788128  0.000482636849 -0.002448067383 -0.000000000000  0.001971552412 -0.000000000000
  0.874509803922  0.001637168348 -0.154574927219  0.068730400720 -0.000000000000  0.036981959730 -0.000000000000 -0.004214853152  0.000759980979 -0.004200116499  0.000000000000  0.036981959730  0.000000000000
  0.878431372549  0.000770706818  0.183074956040  0.218649215672  0.000000000000  0.009234889420  0.000000000000  0.021592107157 -0.029759608063  0.034063520170 -0.000000000000  0.009234889420 -0.000000000000
  0.882352941176  0.000208315918 -0.113487396775  0.503608483069  0.000000000000  0.034412234420  0.000000000000 -0.001960516103  0.049176334707 -0.079843684325  0.000000000000  0.034412234420  0.000000000000
  0.886274509804  0.003730517655 -0.135452745674 -0.349978204063  0.000000000000  0.014157209213  0.000000000000  0.036793322539 -0.031871314047  0.057591933472 -0.000000000000  0.014157209213 -0.000000000000
  0.890196078431 -0.001894463030 -0.077252701375 -0.153205654544  0.000000000000  0.026149101936  0.000000000000 -0.009038483968 -0.000311713401  0.007417023617  0.000000000000  0.026149101936  0.000000000000
  0.894117647059  0.003547807098  0.014273713043 -0.172593063883  0.000000000000  0.011316055589  0.000000000000  0.034228861251  0.002929986803 -0.023647954909 -0.000000000000  0.011316055589 -0.000000000000
  0.898039215686 -0.001255933681 -0.033076448728 -0.356292835366  0.000000000000  0.015911093182  0.000000000000 -0.014101390119  0.021155000134 -0.050877555553  0.000000000000  0.015911093182  0.000000000000
  0.901960784314  0.005258427775 -0.130959381130  0.047848253223  0.000000000000  0.020317593156  0.000000000000  0.025614926691 -0.039308696978  0.053815838944 -0.000000000000  0.020317593156 -0.000000000000
  0.905882352941 -0.003392238690 -0.018237945381 -0.452601086804  0.000000000000  0.010212632973  0.000000000000 -0.010795639433  0.024372767167 -0.056797664621  0.000000000000  0.010212632973 -0.000000000000
  0.909803921569  0.007194743330 -0.013352445176 -0.362032718600  0.000000000000  0.014004936710  0.000000000000  0.014191495857  0.003200944910 -0.031196508429 -0.000000000000  0.014004936710 -0.000000000000
  0.913725490196 -0.002583478642  0.085469100921 -0.186428539221  0.000000000000  0.009195763186  0.000000000000 -0.020152673018 -0.018839996236  0.021987519821  0.000000000000  0.009195763186  0.000000000000
  0.917647058824  0.006318648581 -0.006285764120  0.240904930743  0.000000000000  0.018475211846  0.000000000000  0.008023250734  0.009396559378 -0.006959658921 -0.000000000000  0.018475211846 -0.000000000000
  0.921568627451 -0.002294907372  0.225247919016 -0.412888139764  0.000000000000  0.020764363153  0.000000000000 -0.013815630727  0.006136431266 -0.002848565546  0.000000000000  0.020764363153  0.000000000000
  0.925490196078  0.006517101903 -0.185201046867 -0.294265374459  0.000000000000  0.018494149698  0.000000000000 -0.006487637732 -0.005938400537 -0.000839461221 -0.000000000000  0.018494149698 -0.000000000000
  0.929411764706 -0.002428841207  0.050914562707 -0.479029748651  0.000000000000  0.019675540737  0.000000000000 -0.018314862356 -0.007769276696 -0.004124227474  0.000000000000  0.019675540737 -0.000000000000
  0.933333333333  0.006514294361 -0.025360904587 -0.025810649619  0.000000000000  0.012754702751  0.000000000000 -0.019716053005  0.007578165447 -0.017986938676 -0.000000000000  0.012754702751 -0.000000000000
  0.937254901961 -0.001885972289 -0.108612664399 -0.022929782135  0.000000000000  0.013269956533  0.000000000000 -0.018397735773  0.006218086739 -0.018417681828  0.000000000000  0.013269956533  0.000000000000
  0.941176470588  0.007115652975  0.053524146116  0.252787179249  0.000000000000  0.005126758883  0.000000000000 -0.018343783308 -0.013712360069  0.008400691954 -0.000000000000  0.005126758883 -0.000000000000
  0.945098039216 -0.002393434665 -0.000622551718  0.279875403819  0.000000000000  0.008415408807  0.000000000000 -0.012528124871 -0.001383164931 -0.016750014912  0.000000000000  0.008415408807  0.000000000000
  0.949019607843  0.007550467296  0.003905922888  0.667512931054  0.000000000000  0.013468854477  0.000000000000 -0.010912478636  0.016778196068 -0.032112250545 -0.000000000000  0.013468854477 -0.000000000000
  0.952941176471 -0.001338973704  0.150892399521  0.296448937998  0.000000000000  0.005713564979  0.000000000000  0.004948818653 -0.018589420856  0.040248673385  0.000000000000  0.005713564979 -0.000000000000
  0.956862745098  0.006203236059  0.007041641960  0.328498930138  0.000000000000  0.012948440697  0.000000000000 -0.005686736128  0.014988800466 -0.038690227157  0.000000000000  0.012948440697 -0.000000000000
  0.960784313725 -0.000132592654 -0.075021273438  0.174964176774  0.000000000000  0.004677109585  0.000000000000  0.013468201815 -0.011824752998  0.011386901634  0.000000000000  0.004677109585 -0.000000000000
  0.964705882353  0.005713564482  0.023798685775 -0.005082700223  0.000000000000  0.000336851254  0.000000000000  0.000002383328  0.007622464417 -0.000067896595 -0.000000000000  0.000336851254 -0.000000000000
  0.968627450980 -0.000053326813 -0.126548021162 -0.146734731929  0.000000000000  0.002897113558  0.000000000000  0.012948330886 -0.018373416898  0.043525169870 -0.000000000000  0.002897113558 -0.000000000000
  0.972549019608  0.004278538127  0.070597315590 -0.440902390214  0.000000000000  0.012761467798  0.000000000000 -0.001889302931  0.004907191379 -0.006336318842 -0.000000000000  0.012761467798 -0.000000000000
  0.976470588235  0.000156972490  0.129903028951  0.205173402440  0.000000000000  0.011135208204  0.000000000000  0.000298040945 -0.018281349695  0.055052179219  0.000000000000  0.011135208204 -0.000000000000
  0.980392156863  0.002544328344 -0.044999505859  0.449269806801  0.000000000000  0.005120132535  0.000000000000  0.001385518041 -0.003605658022  0.021249117015  0.000000000000  0.005120132535 -0.000000000000
  0.984313725490 -0.000476605136  0.178705622453 -0.365222113443  0.000000000000  0.002676388677  0.000000000000  0.012752564758 -0.021727812642  0.056905805912  0.000000000000  0.002676388677 -0.000000000000
  0.988235294118  0.000714132544 -0.075748019525 -0.341305598508  0.000000000000  0.000000000000  0.000000000000 -0.011112284934  0.002979293794 -0.015792658622  0.000000000000  0.000000000000 -0.000000000000
  0.992156862745 -0.000022102513 -0.036524217622  0.304317146142  0.000000000000  0.000000000000  0.000000000000  0.005120084829 -0.010858043860 -0.000275793192  0.000000000000  0.000000000000 -0.000000000000
  0.996078431373  0.000549848870  0.049692052264 -0.166699513637  0.000000000000  0.048838422582  0.000000000000 -0.002619298106 -0.004502633565 -0.003723241482 -0.000000000000  0.048838422582 -0.000000000000
  1.000000000000  0.000000000000 -0.113616938161  0.528425692064  0.000000000000  0.156033771903  0.000000000000  0.000000000000 -0.000742151691  0.084527007162  0.000000000000  0.156033771903  0.000000000000
