             Rad         v_r[Re]         v_t[Re]         v_x[Re]         p[Re]          p_mg[Re]  p_no_phase[Re]         v_r[Im]         v_t[Im]         v_x[Im]         p[Im]          p_mg[Im]  p_no_phase[Im]
  0.250000000000  0.000000000000  0.049174794683  0.317980717746 -0.000000000000  0.064355479872 -0.000000000000  0.000000000000 -0.007505195042 -0.086981127298  0.000000000000  0.064355479872 -0.000000000000
  0.252941176471  0.002740641120 -0.064302915504 -0.087666271998 -0.000000000000  0.031393441997 -0.000000000000  0.003191676444  0.002977851331  0.069690840519 -0.000000000000  0.031393441997 -0.000000000000
  0.255882352941  0.005384783450  0.003540287004  0.441650488819 -0.000000000000  0.041112243767 -0.000000000000 -0.011788148320 -0.002816642167 -0.025440125944 -0.000000000000  0.041112243767 -0.000000000000
  0.258823529412  0.001696991005  0.023868940091  0.032000089255  0.000000000000  0.107402539075  0.000000000000 -0.064333101985 -0.002694394783  0.108716769887 -0.000000000000  0.107402539075  0.000000000000
  0.261764705882  0.023100092506 -0.039215350508 -0.246798049652 -0.000000000000  0.038172543686 -0.000000000000 -0.021258737654  0.007888110001  0.076526164085  0.000000000000  0.038172543686 -0.000000000000
  0.264705882353  0.017527274153 -0.122899881683  0.596558539930 -0.000000000000  0.071266999179 -0.000000000000 -0.037188859196  0.021855034718  0.104878842091  0.000000000000  0.071266999179 -0.000000000000
  0.267647058824  0.042983755784  0.005285656437 -0.126901598313 -0.000000000000  0.110838894965  0.000000000000 -0.098426125284  0.013717031403  0.075967720603 -0.000000000000  0.110838894965 -0.000000000000
  0.270588235294  0.033888384809  0.067406851223 -0.564909593492 -0.000000000000  0.072352221322 -0.000000000000 -0.017570442978  0.029125934654  0.133736549450  0.000000000000  0.072352221322 -0.000000000000
  0.273529411765  0.066665697775 -0.056673720043  0.630393030272  0.000000000000  0.095167630702 -0.000000000000 -0.025192655916  0.037765304631  0.069371784878  0.000000000000  0.095167630702  0.000000000000
  0.276470588235  0.046467847277  0.074102064710  0.029585223834  0.000000000000  0.081898207471  0.000000000000 -0.100628026943 -0.020852765897 -0.031597623643 -0.000000000000  0.081898207471  0.000000000000
  0.279411764706  0.060861731415 -0.021968521150 -0.113916204716 -0.000000000000  0.054360928011  0.000000000000 -0.039124079279 -0.009319438208 -0.043142608034 -0.000000000000  0.054360928011 -0.000000000000
  0.282352941176  0.035886504855  0.035296289807  0.250082587239  0.000000000000  0.041293695585  0.000000000000 -0.088142139200 -0.022567249190 -0.070525820879  0.000000000000  0.041293695585  0.000000000000
  0.285294117647  0.042813149897  0.034403828416 -0.205063608241  0.000000000000  0.062069222520  0.000000000000 -0.069816549492 -0.026665089998 -0.249314346844 -0.000000000000  0.062069222520  0.000000000000
  0.288235294118 -0.004821625490  0.145250231402 -0.418412050439  0.000000000000  0.047693088192  0.000000000000 -0.054146675076 -0.000428214973  0.004943763238 -0.000000000000  0.047693088192  0.000000000000
  0.291176470588  0.040401705132  0.228303525377  0.031526838380 -0.000000000000  0.023847718778 -0.000000000000 -0.008536481565  0.018973034986  0.111813059288  0.000000000000  0.023847718778 -0.000000000000
  0.294117647059  0.010293220545 -0.249042880190  0.262207828334 -0.000000000000  0.053316012690 -0.000000000000 -0.061209786759 -0.008268066837 -0.055427353969  0.000000000000  0.053316012690 -0.000000000000
  0.297058823529  0.032484795288  0.091993922083 -0.237690153687  0.000000000000  0.013308082297 -0.000000000000 -0.034919460711 -0.015174782643 -0.065790541216  0.000000000000  0.013308082297  0.000000000000
  0.300000000000  0.000271269991  0.119010362210 -0.390999457899  0.000000000000  0.025295077660 -0.000000000000 -0.023846175867  0.006143103313  0.086822087216  0.000000000000  0.025295077660  0.000000000000
  0.302941176471  0.045092206007  0.156601499802 -0.242224131137 -0.000000000000  0.054146612616 -0.000000000000  0.028448025705  0.012652038288  0.057934953917  0.000000000000  0.054146612616 -0.000000000000
  0.305882352941  0.007595352327  0.084026926957  0.254392334246 -0.000000000000  0.019168902713 -0.000000000000  0.010927748051 -0.022831876712 -0.121819578353  0.000000000000  0.019168902713 -0.000000000000
  0.308823529412  0.025224097802 -0.057115977222 -0.307122383700 -0.000000000000  0.039278190260  0.000000000000 -0.001893632462 -0.021909046986 -0.084512686666 -0.000000000000  0.039278190260 -0.000000000000
  0.311764705882 -0.009211163215 -0.132984906534  0.076005647819 -0.000000000000  0.032507677638 -0.000000000000  0.053357381214 -0.009506006120 -0.032855307937  0.000000000000  0.032507677638 -0.000000000000
  0.314705882353  0.017957308071 -0.043812961471  0.096744261116 -0.000000000000  0.010294199063 -0.000000000000 -0.006706856049  0.007010523191 -0.008053125552  0.000000000000  0.010294199063  0.000000000000
  0.317647058824 -0.010776131993 -0.216886090886  0.096566199224 -0.000000000000  0.035862846531 -0.000000000000  0.037771036647 -0.002649397241  0.021933604488  0.000000000000  0.035862846531 -0.000000000000
  0.320588235294  0.022620062839 -0.046816605562  0.315729183372  0.000000000000  0.032668709634 -0.000000000000 -0.023346988297 -0.001013115135  0.087780227554  0.000000000000  0.032668709634  0.000000000000
  0.323529411765  0.001678041300 -0.056322969783  0.008643567341 -0.000000000000  0.014786184688 -0.000000000000 -0.010156510805 -0.007584472837 -0.037242498253  0.000000000000  0.014786184688 -0.000000000000
  0.326470588235  0.017033191844  0.032185558961  0.164474053041 -0.000000000000  0.030155233788 -0.000000000000 -0.031559691648 -0.007096732883 -0.067682552322  0.000000000000  0.030155233788  0.000000000000
  0.329411764706 -0.009818542998 -0.006280871403 -0.264281248172  0.000000000000  0.010338658685  0.000000000000 -0.031158318353 -0.016910887309 -0.009475137631 -0.000000000000  0.010338658685 -0.000000000000
  0.332352941176  0.013649775472  0.135642617444 -0.029712177508  0.000000000000  0.021424032448 -0.000000000000  0.005684618473  0.004530107909  0.001361200827  0.000000000000  0.021424032448  0.000000000000
  0.335294117647 -0.011670294118 -0.151549707238  0.162337904878  0.000000000000  0.030759434065 -0.000000000000 -0.027805437598 -0.009627366111 -0.074907162649  0.000000000000  0.030759434065  0.000000000000
  0.338235294118  0.001105157015 -0.033626635175 -0.194651390556 -0.000000000000  0.036104285275 -0.000000000000 -0.010279420770 -0.014106181097 -0.052577925990  0.000000000000  0.036104285275  0.000000000000
  0.341176470588 -0.021251055047  0.083435905752  0.177314548215  0.000000000000  0.020084789992 -0.000000000000 -0.002716951548  0.003165743799  0.002452686664  0.000000000000  0.020084789992  0.000000000000
  0.344117647059  0.001919290952  0.166068661238 -0.286651006621 -0.000000000000  0.044564699821 -0.000000000000 -0.030699496840  0.020250136785  0.072090041244 -0.000000000000  0.044564699821 -0.000000000000
  0.347058823529 -0.010896102823 -0.113232110540 -0.019438932484 -0.000000000000  0.025494406090  0.000000000000  0.034420841920 -0.005570684701 -0.061937670661 -0.000000000000  0.025494406090 -0.000000000000
  0.350000000000 -0.004824062281 -0.001643886339 -0.058737516889 -0.000000000000  0.019503727242 -0.000000000000 -0.019496851339  0.010687644772  0.046061315073  0.000000000000  0.019503727242 -0.000000000000
  0.352941176471 -0.002305090710  0.009629841279 -0.037968200133  0.000000000000  0.023305739331  0.000000000000  0.044505044961  0.001956151154  0.119303327824 -0.000000000000  0.023305739331  0.000000000000
  0.355882352941  0.013815653974  0.082587434614  0.422481519819  0.000000000000  0.042467573882  0.000000000000 -0.021426442709 -0.019720170386 -0.014498529940 -0.000000000000  0.042467573882  0.000000000000
  0.358823529412 -0.002756968349  0.046373160381 -0.098372690487  0.000000000000  0.008832246824  0.000000000000 -0.019307887038 -0.004451139695 -0.004524014269  0.000000000000  0.008832246824  0.000000000000
  0.361764705882  0.013899596911 -0.034774557198  0.175683963639  0.000000000000  0.012498255613 -0.000000000000 -0.018707182885  0.008354885918  0.054751380067  0.000000000000  0.012498255613  0.000000000000
  0.364705882353  0.004293279338 -0.191644220660 -0.019888728365  0.000000000000  0.009623532246  0.000000000000 -0.042250000993 -0.002247845385 -0.064056436659 -0.000000000000  0.009623532246  0.000000000000
  0.367647058824  0.005530083747  0.005967239996 -0.337440685864 -0.000000000000  0.055775336074 -0.000000000000 -0.006886708773  0.000720728749  0.022856636936 -0.000000000000  0.055775336074 -0.000000000000
  0.370588235294  0.006497985547  0.206551172729 -0.054287127331  0.000000000000  0.045880682281  0.000000000000  0.010676262323  0.002287924957 -0.007781789478  0.000000000000  0.045880682281  0.000000000000
  0.373529411765  0.005039593605 -0.150991472717 -0.233156688275 -0.000000000000  0.127635783726  0.000000000000  0.008198467490 -0.002190710470  0.019826689599 -0.000000000000  0.127635783726 -0.000000000000
  0.376470588235  0.009707465189 -0.096350942526 -0.140429066648 -0.000000000000  0.090705983323 -0.000000000000  0.054924067891  0.001938130253  0.022798678421  0.000000000000  0.090705983323 -0.000000000000
  0.379411764706  0.008770578308  0.235488477449 -0.462606237167 -0.000000000000  0.159713398855 -0.000000000000  0.045034586295 -0.003096820415  0.002347234269  0.000000000000  0.159713398855 -0.000000000000
  0.382352941176  0.010070563998  0.020598645091 -0.233163337244  0.000000000000  0.086899173175 -0.000000000000  0.127237875761  0.001108632979 -0.010593987653  0.000000000000  0.086899173175  0.000000000000
  0.385294117647  0.006574952382  0.158290493649 -0.216338663717 -0.000000000000  0.100032247670  0.000000000000  0.090467372084 -0.008324538752 -0.023405961966 -0.000000000000  0.100032247670 -0.000000000000
  0.388235294118  0.005330892482  0.029490506117 -0.016785512867 -0.000000000000  0.092981859149  0.000000000000  0.159624407154 -0.007269677899 -0.044373652307 -0.000000000000  0.092981859149 -0.000000000000
  0.391176470588  0.000517024072  0.110910823463  0.391014796569  0.000000000000  0.033702952853 -0.000000000000  0.086897635092  0.002132123828  0.087875826162  0.000000000000  0.033702952853  0.000000000000
  0.394117647059  0.015617820557  0.044115510435 -0.154530206910 -0.000000000000  0.036784081136 -0.000000000000  0.098805537572 -0.011850504396 -0.097460712010  0.000000000000  0.036784081136  0.000000000000
  0.397058823529 -0.014851043278 -0.141703792705  0.407957246012 -0.000000000000  0.069738614577 -0.000000000000  0.091788194472 -0.014223994609 -0.081595271432  0.000000000000  0.069738614577 -0.000000000000
  0.400000000000  0.000567104066 -0.152982711790  0.422971428125 -0.000000000000  0.043407030289 -0.000000000000  0.033698181315 -0.002211057939 -0.039027370526  0.000000000000  0.043407030289 -0.000000000000
  0.402941176471 -0.022685653454 -0.097241799559 -0.280943152854 -0.000000000000  0.114661549980 -0.000000000000  0.028955651476 -0.000976585402 -0.001062487360 -0.000000000000  0.114661549980 -0.000000000000
  0.405882352941 -0.000704282003 -0.013647725717  0.024137237977 -0.000000000000  0.064967927987 -0.000000000000  0.069735058256 -0.003192671038 -0.020512457447 -0.000000000000  0.064967927987 -0.000000000000
  0.408823529412 -0.025588130584  0.109883489547 -0.296956660215 -0.000000000000  0.181286001686 -0.000000000000  0.035063055369  0.001082591990  0.016190945494 -0.000000000000  0.181286001686 -0.000000000000
  0.411764705882  0.001973595133 -0.093185507977 -0.075464445123 -0.000000000000  0.023710275328 -0.000000000000  0.114644563613 -0.004740184496  0.017539882663  0.000000000000  0.023710275328 -0.000000000000
  0.414705882353 -0.022706777144 -0.204677428806 -0.447967875231 -0.000000000000  0.065574771047 -0.000000000000  0.060870632809  0.014716462295 -0.002936531944 -0.000000000000  0.065574771047 -0.000000000000
  0.417647058824  0.002693157793 -0.108824362267  0.297595897009 -0.000000000000  0.059898990831 -0.000000000000  0.181265996007  0.003829276132  0.012996634099 -0.000000000000  0.059898990831 -0.000000000000
  0.420588235294 -0.020814307261 -0.067591591145  0.705187084314 -0.000000000000  0.022278007429 -0.000000000000  0.011355252941  0.000587036127  0.003436699446  0.000000000000  0.022278007429 -0.000000000000
  0.423529411765  0.001403585632 -0.137893332663  0.229126680612 -0.000000000000  0.034927555851  0.000000000000  0.065559747904 -0.009804314206 -0.115562141483 -0.000000000000  0.034927555851 -0.000000000000
  0.426470588235 -0.038911708951 -0.197077618233  0.614180085734 -0.000000000000  0.014046343041 -0.000000000000 -0.045538643030 -0.006189519734 -0.029230564709 -0.000000000000  0.014046343041 -0.000000000000
  0.429411764706 -0.004379577323 -0.084423021609 -0.351111227858 -0.000000000000  0.033815679113 -0.000000000000 -0.021843280832  0.016191261058  0.031577056327  0.000000000000  0.033815679113 -0.000000000000
  0.432352941176 -0.034886518372  0.174534519217 -0.058157513902 -0.000000000000  0.072501823086 -0.000000000000 -0.001692629190 -0.002380993365 -0.022626088169  0.000000000000  0.072501823086 -0.000000000000
  0.435294117647 -0.006565910186 -0.265788657010  0.052517061386 -0.000000000000  0.041168531412 -0.000000000000 -0.012417269275 -0.004880710990  0.008643189838 -0.000000000000  0.041168531412 -0.000000000000
  0.438235294118 -0.032242590037  0.046021587950  0.428650592319 -0.000000000000  0.036809612960  0.000000000000 -0.010193897270  0.018629986272  0.079808931972 -0.000000000000  0.036809612960 -0.000000000000
  0.441176470588  0.006862486274 -0.160560333598 -0.274078680343  0.000000000000  0.071899919665 -0.000000000000 -0.072176316288  0.002952896869  0.023204111502  0.000000000000  0.071899919665  0.000000000000
  0.444117647059 -0.026949729660 -0.141133328519 -0.168125035525  0.000000000000  0.019149294652 -0.000000000000  0.031121697413 -0.011518866718  0.013210835739  0.000000000000  0.019149294652  0.000000000000
  0.447058823529  0.008554553526  0.146412892183 -0.168275748401 -0.000000000000  0.028214252177 -0.000000000000 -0.035801776774 -0.003973692124 -0.060376926323  0.000000000000  0.028214252177 -0.000000000000
  0.450000000000 -0.034559098824  0.025263945043 -0.334134081169  0.000000000000  0.033522311127 -0.000000000000  0.063049719558  0.001750538144  0.055868770306  0.000000000000  0.033522311127  0.000000000000
  0.452941176471  0.018321995553 -0.035302096142  0.639632409859 -0.000000000000  0.077853096045 -0.000000000000  0.005567761187  0.003334020118  0.111766598572  0.000000000000  0.077853096045 -0.000000000000
  0.455882352941 -0.017523270288 -0.284232636298 -0.248681678313  0.000000000000  0.032926588327  0.000000000000 -0.022112870106  0.007568166273 -0.049810974641 -0.000000000000  0.032926588327  0.000000000000
  0.458823529412  0.014259166262 -0.053724280391  0.398975090002 -0.000000000000  0.030923064399 -0.000000000000  0.030338449545 -0.002600910450  0.048563863830  0.000000000000  0.030923064399  0.000000000000
  0.461764705882 -0.010989071892 -0.177618220092  0.032929031092  0.000000000000  0.030974629302  0.000000000000 -0.077073632734 -0.005522947113  0.005943804230  0.000000000000  0.030974629302  0.000000000000
  0.464705882353  0.014958624281 -0.094604818755 -0.348865681710  0.000000000000  0.019547576283  0.000000000000  0.029332571971  0.001848720151 -0.051055649290 -0.000000000000  0.019547576283  0.000000000000
  0.467647058824 -0.018915973887  0.024930681729  0.055722779618 -0.000000000000  0.073222589403 -0.000000000000 -0.024462662237 -0.007891591798 -0.020640529142  0.000000000000  0.073222589403 -0.000000000000
  0.470588235294  0.011764699852  0.041475996178 -0.158175896232 -0.000000000000  0.028262172109 -0.000000000000  0.028653437800 -0.000886414846  0.051920810211  0.000000000000  0.028262172109 -0.000000000000
  0.473529411765 -0.012493928865 -0.076819751218  0.744151945724  0.000000000000  0.119123129188  0.000000000000 -0.015033611678  0.000788433935 -0.044138971139 -0.000000000000  0.119123129188  0.000000000000
  0.476470588235  0.006266993046 -0.134902128085 -0.379158308567  0.000000000000  0.018919567339  0.000000000000 -0.072953905975  0.015813564002 -0.002838439800 -0.000000000000  0.018919567339  0.000000000000
  0.479411764706 -0.012018182037 -0.154637316086  0.321914310708 -0.000000000000  0.066030616674 -0.000000000000  0.025579555760 -0.005024124600  0.069917210804  0.000000000000  0.066030616674 -0.000000000000
  0.482352941176  0.017031486901 -0.056310319087  0.308921097376  0.000000000000  0.018365727502 -0.000000000000 -0.117899314508  0.002583747918  0.018697486066  0.000000000000  0.018365727502  0.000000000000
  0.485294117647 -0.008778545875  0.128865480091 -0.384974841074  0.000000000000  0.048580771408  0.000000000000 -0.016759688559  0.000098755734 -0.040051088308 -0.000000000000  0.048580771408  0.000000000000
  0.488235294118  0.011055136815 -0.039570613003 -0.131851300820 -0.000000000000  0.042118739681 -0.000000000000 -0.065098588989  0.001274069355 -0.015609455755 -0.000000000000  0.042118739681 -0.000000000000
  0.491176470588 -0.013362859477  0.068722632300 -0.140232812488  0.000000000000  0.026599555531  0.000000000000  0.012598965564 -0.009059334741 -0.072889862752 -0.000000000000  0.026599555531  0.000000000000
  0.494117647059 -0.000663992599  0.031340329676  0.385435479399 -0.000000000000  0.029866651443 -0.000000000000 -0.048576233535 -0.008831087693  0.002646298880  0.000000000000  0.029866651443 -0.000000000000
  0.497058823529 -0.016437066630 -0.167807769087 -0.154199902681  0.000000000000  0.032302409595  0.000000000000 -0.038779002991  0.007610717404 -0.094816272955  0.000000000000  0.032302409595  0.000000000000
  0.500000000000 -0.015437657293  0.456663708639 -0.413243784906 -0.000000000000  0.041731278880 -0.000000000000 -0.021661373266 -0.007781305799 -0.012701962923  0.000000000000  0.041731278880 -0.000000000000
  0.502941176471 -0.022251561534 -0.016717197123 -0.123658672192  0.000000000000  0.096752439520  0.000000000000  0.019921969725 -0.016093287991 -0.102451965977 -0.000000000000  0.096752439520  0.000000000000
  0.505882352941 -0.032227645741 -0.114383498399  0.289662964693  0.000000000000  0.049310123548 -0.000000000000 -0.002196478003  0.004737069778 -0.040365324632  0.000000000000  0.049310123548  0.000000000000
  0.508823529412 -0.029528055542 -0.289347352432  0.591205071592  0.000000000000  0.141101111289 -0.000000000000 -0.029488872017 -0.015406347669  0.014148156429  0.000000000000  0.141101111289  0.000000000000
  0.511764705882 -0.029070419024 -0.235195704666  0.039634440074  0.000000000000  0.064575274685 -0.000000000000 -0.092281879537  0.020903934835  0.103058995215  0.000000000000  0.064575274685  0.000000000000
  0.514705882353 -0.013549529753  0.143028187740  0.266605902398 -0.000000000000  0.069059139828 -0.000000000000 -0.047412008265 -0.007084984764 -0.024067083688  0.000000000000  0.069059139828 -0.000000000000
  0.517647058824 -0.030533473995 -0.128923599676  0.151609886931 -0.000000000000  0.037678676020 -0.000000000000 -0.137757869368 -0.012278953556 -0.009418243540  0.000000000000  0.037678676020 -0.000000000000
  0.520588235294 -0.012875734763  0.400555835662 -0.507001793588 -0.000000000000  0.015187852303  0.000000000000 -0.063278602663  0.005266925166  0.093215762955 -0.000000000000  0.015187852303 -0.000000000000
  0.523529411765 -0.013007197596  0.020581509744 -0.065665538981 -0.000000000000  0.070458132065  0.000000000000 -0.067823134729  0.020361036851  0.167535152545 -0.000000000000  0.070458132065 -0.000000000000
  0.526470588235  0.015407987448  0.241104577472 -0.589741027570  0.000000000000  0.069343411600 -0.000000000000 -0.034384248566 -0.002985100609  0.036148564189  0.000000000000  0.069343411600  0.000000000000
  0.529411764706 -0.004986073841 -0.040761849670  0.360558698718  0.000000000000  0.057638503276 -0.000000000000  0.014346076998  0.001924608905 -0.043613808505  0.000000000000  0.057638503276  0.000000000000
  0.532352941176  0.010198707361 -0.232567093121 -0.362805855058 -0.000000000000  0.087141024925 -0.000000000000 -0.069716101025  0.000437538009  0.022365107273  0.000000000000  0.087141024925 -0.000000000000
  0.535294117647 -0.003960094783 -0.022180437668 -0.022319313951  0.000000000000  0.056252792409 -0.000000000000  0.069230241815  0.004548062576 -0.080585598382  0.000000000000  0.056252792409  0.000000000000
  0.538235294118 -0.002077929691  0.084339674512 -0.021097833283  0.000000000000  0.069735648251  0.000000000000 -0.057601035304 -0.008598158129 -0.008434653321  0.000000000000  0.069735648251  0.000000000000
  0.541176470588 -0.009253433595 -0.046663314570 -0.749200956026  0.000000000000  0.049404918372 -0.000000000000  0.086648324806 -0.023517086276 -0.109887537066  0.000000000000  0.049404918372  0.000000000000
  0.544117647059 -0.021233511971  0.049805521980  0.147071018992 -0.000000000000  0.056504171379  0.000000000000  0.052091406423 -0.006631869415 -0.104649898722 -0.000000000000  0.056504171379 -0.000000000000
  0.547058823529 -0.025461336413  0.137922735810  0.637830607149  0.000000000000  0.059425125935  0.000000000000  0.064921344603  0.001143170990  0.087324803407 -0.000000000000  0.059425125935  0.000000000000
  0.550000000000 -0.009140582586 -0.134744222134 -0.000122274776  0.000000000000  0.028079357302  0.000000000000 -0.048551989756  0.004984990606  0.052965814462 -0.000000000000  0.028079357302  0.000000000000
  0.552941176471 -0.017035234146  0.083581453465  0.009972678250 -0.000000000000  0.021565067921  0.000000000000  0.053875060843 -0.008187554576 -0.065972495402 -0.000000000000  0.021565067921 -0.000000000000
  0.555882352941 -0.017363763074  0.082130787748  0.216770357907  0.000000000000  0.028725088370  0.000000000000 -0.056831728148 -0.002732129955  0.013123832369 -0.000000000000  0.028725088370  0.000000000000
  0.558823529412 -0.013674215484 -0.040885402804 -0.262070525072 -0.000000000000  0.072644003845 -0.000000000000  0.024524806572 -0.002477776814  0.126396780816 -0.000000000000  0.072644003845 -0.000000000000
  0.561764705882  0.001552239914 -0.034064460042 -0.008058276134 -0.000000000000  0.020343801306 -0.000000000000 -0.021509130752 -0.009580951983 -0.030813164006  0.000000000000  0.020343801306 -0.000000000000
  0.564705882353 -0.014959957645 -0.114295313793  0.315923679007 -0.000000000000  0.063564757248 -0.000000000000  0.024522038438 -0.006581919714  0.043074262132  0.000000000000  0.063564757248 -0.000000000000
  0.567647058824  0.009902493004  0.069520538001  0.265230419917  0.000000000000  0.017470146014  0.000000000000 -0.071965908088  0.011857185196  0.112062509993  0.000000000000  0.017470146014  0.000000000000
  0.570588235294  0.002339949339  0.096244422107 -0.101584732679 -0.000000000000  0.036904414131 -0.000000000000 -0.020208782464 -0.013485073883 -0.020076674420  0.000000000000  0.036904414131 -0.000000000000
  0.573529411765  0.007254479158 -0.102109902940  0.001039587448  0.000000000000  0.006711162533  0.000000000000 -0.063149433063 -0.010457722882 -0.086001542864 -0.000000000000  0.006711162533  0.000000000000
  0.576470588235 -0.010711455754  0.232113616898 -0.190230414538 -0.000000000000  0.073008876556 -0.000000000000 -0.013801112904 -0.009985936316  0.004682082631 -0.000000000000  0.073008876556 -0.000000000000
  0.579411764706  0.008403071824 -0.067256459967 -0.100372474035 -0.000000000000  0.009969163491 -0.000000000000 -0.035934999183  0.018341158310  0.107671865767 -0.000000000000  0.009969163491 -0.000000000000
  0.582352941176  0.006587322456  0.048546288028  0.245748348835 -0.000000000000  0.020837694309  0.000000000000  0.001283310330  0.004561397101  0.042509234929 -0.000000000000  0.020837694309 -0.000000000000
  0.585294117647  0.017249327992 -0.137372347077  0.031398765876 -0.000000000000  0.034630002319 -0.000000000000 -0.070941925121  0.007621435874  0.025869262525  0.000000000000  0.034630002319 -0.000000000000
  0.588235294118  0.009894064020  0.281845625145 -0.388410253620 -0.000000000000  0.016083313601 -0.000000000000  0.001221359036 -0.008413179191 -0.105115121187  0.000000000000  0.016083313601 -0.000000000000
  0.591176470588  0.004543570165  0.012981426322  0.173713227503 -0.000000000000  0.053996995610 -0.000000000000 -0.020336309259  0.010800710333  0.142339935849  0.000000000000  0.053996995610 -0.000000000000
  0.594117647059  0.030209333639  0.108831340482 -0.116581943296 -0.000000000000  0.031825845969 -0.000000000000 -0.016930245767  0.006844007539  0.046034599871 -0.000000000000  0.031825845969 -0.000000000000
  0.597058823529  0.011294357754 -0.000040557299  0.289620043246 -0.000000000000  0.034059950827 -0.000000000000 -0.011450347563  0.003501696002 -0.129851331442 -0.000000000000  0.034059950827 -0.000000000000
  0.600000000000  0.010723476413  0.104924544277 -0.312569079936  0.000000000000  0.090227516256  0.000000000000 -0.052921475683  0.000467766631 -0.053598008460 -0.000000000000  0.090227516256  0.000000000000
  0.602941176471  0.001676637792 -0.114637453931 -0.062586654755  0.000000000000  0.041336040773  0.000000000000  0.031781651269  0.009798147724  0.047678983375 -0.000000000000  0.041336040773  0.000000000000
  0.605882352941  0.016899815845  0.309144724627 -0.346540125940 -0.000000000000  0.156495198262 -0.000000000000 -0.029571548400  0.006130761243  0.015949319180  0.000000000000  0.156495198262  0.000000000000
  0.608823529412  0.003563196027 -0.121015871512 -0.364251497448  0.000000000000  0.054487810690  0.000000000000  0.090157131297 -0.015200024985 -0.064040506083 -0.000000000000  0.054487810690  0.000000000000
  0.611764705882  0.007322229216  0.017145397976 -0.383228010110  0.000000000000  0.111441941786  0.000000000000  0.040682345386  0.011031674434  0.003991744472  0.000000000000  0.111441941786  0.000000000000
  0.614705882353  0.002366600448  0.195482066786 -0.102542583887  0.000000000000  0.038248638343  0.000000000000  0.156477302767 -0.000210258067 -0.041231899701 -0.000000000000  0.038248638343 -0.000000000000
  0.617647058824  0.001780432040  0.147125631280  0.289111809940 -0.000000000000  0.106823695642  0.000000000000  0.054458714413 -0.003153547385  0.045563952366 -0.000000000000  0.106823695642 -0.000000000000
  0.620588235294  0.007896961747 -0.009572457340  0.062537772692 -0.000000000000  0.026943942903 -0.000000000000  0.111161793725  0.000247774475 -0.035527407052  0.000000000000  0.026943942903  0.000000000000
  0.623529411765 -0.001577385849 -0.043495521882 -0.026864212118  0.000000000000  0.049253037726  0.000000000000  0.038216098558 -0.003313549917  0.072913259058  0.000000000000  0.049253037726  0.000000000000
  0.626470588235  0.017721940236  0.076047705643  0.373089499792  0.000000000000  0.020517814313 -0.000000000000  0.105343413581 -0.008530831588 -0.027540759452  0.000000000000  0.020517814313  0.000000000000
  0.629411764706 -0.005114211952 -0.124401848955  0.393230786470  0.000000000000  0.041375193668 -0.000000000000 -0.026454128133  0.007262888041 -0.027730378334  0.000000000000  0.041375193668  0.000000000000
  0.632352941176  0.013962886025 -0.032394363263 -0.372954977264 -0.000000000000  0.054038947901 -0.000000000000  0.047232399252  0.012059335138  0.049260886714  0.000000000000  0.054038947901 -0.000000000000
  0.635294117647 -0.000127152764  0.085052278864  0.098330198587  0.000000000000  0.051490866287 -0.000000000000  0.020517420314  0.001184880884 -0.115002029999  0.000000000000  0.051490866287  0.000000000000
  0.638235294118 -0.000902405104 -0.188933447529 -0.202261410252 -0.000000000000  0.085288001661 -0.000000000000  0.041365351637  0.004655523970  0.076087788175  0.000000000000  0.085288001661 -0.000000000000
  0.641176470588  0.011121247421  0.069116509880 -0.010514112858 -0.000000000000  0.034834482131 -0.000000000000  0.052882187417  0.009707731178  0.089793962346  0.000000000000  0.034834482131 -0.000000000000
  0.644117647059  0.013870243348  0.301141810427 -0.252542457858  0.000000000000  0.018822240803  0.000000000000  0.049587555500  0.002305101764 -0.005343619088 -0.000000000000  0.018822240803  0.000000000000
  0.647058823529  0.011957516857 -0.039413449993  0.086372459391  0.000000000000  0.023885994201 -0.000000000000  0.084445609820  0.001334647870  0.005891832084  0.000000000000  0.023885994201  0.000000000000
  0.650000000000  0.012581760523 -0.080683994180  0.396030968619  0.000000000000  0.035499001885  0.000000000000  0.032482925476  0.000160402755 -0.102745739890 -0.000000000000  0.035499001885  0.000000000000
  0.652941176471 -0.005611552093 -0.149030860492  0.344921778506  0.000000000000  0.035034150287  0.000000000000  0.017966280415 -0.011497362496 -0.091688101825 -0.000000000000  0.035034150287  0.000000000000
  0.655882352941 -0.005139213992 -0.010834764443 -0.123986565707  0.000000000000  0.019366076427 -0.000000000000 -0.023326577085  0.004504984984 -0.080075831208  0.000000000000  0.019366076427  0.000000000000
  0.658823529412 -0.021002293205 -0.376602942145  0.074273220697  0.000000000000  0.061209361008  0.000000000000  0.028619622900 -0.003592125121 -0.071939520459 -0.000000000000  0.061209361008  0.000000000000
  0.661764705882 -0.017098699199  0.135608080404  0.098055053322 -0.000000000000  0.043177834733 -0.000000000000 -0.030578197659  0.006454140185  0.039897149629  0.000000000000  0.043177834733  0.000000000000
  0.664705882353 -0.017392956100 -0.027647859126  0.116734938604  0.000000000000  0.091487438547  0.000000000000  0.008516454325 -0.016888723515 -0.054823987917  0.000000000000  0.091487438547  0.000000000000
  0.667647058824 -0.024802712486  0.224703426329  0.257951606104  0.000000000000  0.018491891687  0.000000000000 -0.055959014719  0.004978147390 -0.007571620564 -0.000000000000  0.018491891687  0.000000000000
  0.670588235294 -0.017265617217  0.242093309166  0.197684996568  0.000000000000  0.035648789987  0.000000000000 -0.039575546419 -0.001010892485  0.099533647523  0.000000000000  0.035648789987  0.000000000000
  0.673529411765 -0.009009679798  0.029627707069 -0.135406902385  0.000000000000  0.046516124307  0.000000000000 -0.091042721190 -0.003702874457  0.052054229013 -0.000000000000  0.046516124307  0.000000000000
  0.676470588235 -0.008949410407  0.039051445090 -0.420847420323  0.000000000000  0.029952318985  0.000000000000 -0.016182030514 -0.015235243566 -0.067605362047  0.000000000000  0.029952318985  0.000000000000
  0.679411764706 -0.019597376208  0.125935856526  0.214956835406  0.000000000000  0.005961854296  0.000000000000 -0.029778835996 -0.009808261184 -0.082539275226 -0.000000000000  0.005961854296  0.000000000000
  0.682352941176 -0.021308629655  0.245238582040 -0.013424955002 -0.000000000000  0.023520978094 -0.000000000000 -0.041348423461 -0.001044377199  0.050896232968  0.000000000000  0.023520978094  0.000000000000
  0.685294117647 -0.010777409503 -0.161515281804 -0.295400027737 -0.000000000000  0.024284911660 -0.000000000000 -0.027946177860  0.014754852967  0.145071205534 -0.000000000000  0.024284911660 -0.000000000000
  0.688235294118  0.000738270609 -0.108696768671 -0.007740346844  0.000000000000  0.047586113062  0.000000000000  0.005915966798 -0.001055257232 -0.050860920760 -0.000000000000  0.047586113062 -0.000000000000
  0.691176470588 -0.015969053501 -0.003466976857 -0.060939362022 -0.000000000000  0.037203975110 -0.000000000000 -0.017269213669  0.001719744469 -0.020652461080  0.000000000000  0.037203975110 -0.000000000000
  0.694117647059 -0.002859312731  0.088093967896 -0.465166009159  0.000000000000  0.057511189496  0.000000000000  0.024115996041 -0.000631817224  0.008869231070  0.000000000000  0.057511189496  0.000000000000
  0.697058823529 -0.016252137700  0.135960239903  0.357612724147  0.000000000000  0.078653105374  0.000000000000  0.044724782576 -0.011475960492 -0.061589639206 -0.000000000000  0.078653105374  0.000000000000
  0.700000000000 -0.012041928661 -0.200462014651  0.610155610786  0.000000000000  0.028127214300  0.000000000000 -0.035201245974 -0.013524656541  0.002212226453  0.000000000000  0.028127214300  0.000000000000
  0.702941176471 -0.016632352337 -0.138866854026  0.260655234427 -0.000000000000  0.060503595801 -0.000000000000 -0.055053626338  0.011702552812  0.036065310766  0.000000000000  0.060503595801 -0.000000000000
  0.705882352941 -0.007746974337  0.109605623221 -0.334469488845  0.000000000000  0.022025150269 -0.000000000000 -0.078270654613  0.001303048244 -0.080760561878  0.000000000000  0.022025150269  0.000000000000
  0.708823529412 -0.026332529418  0.405135630884 -0.094851754354  0.000000000000  0.024021057066  0.000000000000 -0.009886257064 -0.000233213465  0.082438224923 -0.000000000000  0.024021057066  0.000000000000
  0.711764705882  0.004851426890 -0.244411940769 -0.108242466481  0.000000000000  0.043215357012  0.000000000000 -0.060308778482  0.007873869655  0.063003346822 -0.000000000000  0.043215357012 -0.000000000000
  0.714705882353 -0.014119228205 -0.520311705305 -0.196086466177  0.000000000000  0.016414196242  0.000000000000  0.016904278727  0.005479883879  0.046084686089  0.000000000000  0.016414196242  0.000000000000
  0.717647058824  0.015297537854 -0.059033560886 -0.126147656958  0.000000000000  0.050740643238  0.000000000000 -0.018520165176  0.006598292313  0.099108467209  0.000000000000  0.050740643238  0.000000000000
  0.720588235294  0.001780611614  0.173431542648 -0.078422693653  0.000000000000  0.011138356140  0.000000000000  0.043178657969  0.001059062631 -0.002854043194 -0.000000000000  0.011138356140  0.000000000000
  0.723529411765  0.015555274297  0.042295845650 -0.043219832824 -0.000000000000  0.052240064814  0.000000000000 -0.005240160285 -0.017232915728 -0.057592891052 -0.000000000000  0.052240064814 -0.000000000000
  0.726470588235 -0.008716170068  0.065569707807 -0.048863970795  0.000000000000  0.040303124225  0.000000000000  0.049986410708 -0.003402101966 -0.088668227389 -0.000000000000  0.040303124225  0.000000000000
  0.729411764706  0.001519680748  0.020119596838  0.662258205564  0.000000000000  0.028406725575  0.000000000000 -0.011034199016 -0.007099014608  0.037315438101 -0.000000000000  0.028406725575  0.000000000000
  0.732352941176 -0.006281464186  0.052008225632  0.137487854801  0.000000000000  0.022382645081  0.000000000000 -0.051861041056  0.000311090209 -0.051822487517 -0.000000000000  0.022382645081  0.000000000000
  0.735294117647 -0.008107059707 -0.042482694536 -0.231896388727 -0.000000000000  0.021325997598  0.000000000000 -0.039479328834 -0.012162346807 -0.115366076809 -0.000000000000  0.021325997598 -0.000000000000
  0.738235294118 -0.025095167101  0.305995143289 -0.364020032001  0.000000000000  0.054956522421  0.000000000000 -0.013310696679  0.001758338561 -0.021877488723 -0.000000000000  0.054956522421  0.000000000000
  0.741176470588 -0.012486699894  0.278181035662 -0.122883309335  0.000000000000  0.022940856049  0.000000000000  0.018575928688  0.006396788233  0.058628028987 -0.000000000000  0.022940856049  0.000000000000
  0.744117647059 -0.016948260590  0.204781946214 -0.223242959264  0.000000000000  0.010320345991  0.000000000000  0.012944289727  0.000398920151 -0.030324813081 -0.000000000000  0.010320345991 -0.000000000000
  0.747058823529 -0.013109782049  0.200393130828 -0.098514131398  0.000000000000  0.068510409741 -0.000000000000  0.053369963193  0.000069367512  0.145206200923  0.000000000000  0.068510409741  0.000000000000
  0.750000000000  0.004754714043 -0.229866270593  0.423902810318  0.000000000000  0.008922065337  0.000000000000  0.022442717541  0.000895878401 -0.013510675943 -0.000000000000  0.008922065337  0.000000000000
  0.752941176471 -0.010319641641  0.052818702085 -0.341091114244 -0.000000000000  0.032132248737  0.000000000000  0.000120572685 -0.001704218332  0.094400783943 -0.000000000000  0.032132248737 -0.000000000000
  0.755882352941  0.021407208834  0.007482815632 -0.004790241391 -0.000000000000  0.089752834576 -0.000000000000  0.065080009625  0.009601043836  0.106625980998  0.000000000000  0.089752834576 -0.000000000000
  0.758823529412  0.008726467729 -0.021409715021  0.335964973383  0.000000000000  0.035526917761  0.000000000000 -0.001857958783 -0.001744931673  0.058020983167 -0.000000000000  0.035526917761  0.000000000000
  0.761764705882  0.031784221274 -0.092228507379  0.531027844871  0.000000000000  0.119657425176  0.000000000000  0.004716427344  0.007059475346 -0.031049025610 -0.000000000000  0.119657425176  0.000000000000
  0.764705882353  0.005004679129 -0.295421492456  0.098797693484 -0.000000000000  0.080199241801  0.000000000000 -0.089613193790 -0.011432339868 -0.019728549010 -0.000000000000  0.080199241801 -0.000000000000
  0.767647058824  0.028979633586  0.339107846539  0.232739296289  0.000000000000  0.052165157212 -0.000000000000 -0.020550978633  0.002399726624  0.037787822951  0.000000000000  0.052165157212  0.000000000000
  0.770588235294  0.010786101989  0.095980460739 -0.601830937608  0.000000000000  0.115871092415  0.000000000000 -0.119170295810 -0.004609453718  0.051219039630 -0.000000000000  0.115871092415  0.000000000000
  0.773529411765  0.034691074288 -0.047727144362 -0.344860571386  0.000000000000  0.031532726850  0.000000000000  0.072308006128  0.002090659294 -0.121496683312 -0.000000000000  0.031532726850 -0.000000000000
  0.776470588235 -0.008645228966  0.093689321373 -0.164060970513 -0.000000000000  0.135135899368 -0.000000000000 -0.051443791103 -0.004662822578 -0.103051308253 -0.000000000000  0.135135899368 -0.000000000000
  0.779411764706  0.017858340544  0.148121611782 -0.526037252900  0.000000000000  0.080560001974  0.000000000000  0.114486635597 -0.002034538058  0.076764560994  0.000000000000  0.080560001974  0.000000000000
  0.782352941176 -0.002608006715 -0.141465361303 -0.018987858955  0.000000000000  0.058483349877 -0.000000000000  0.031424690349 -0.009559014722 -0.157277006581  0.000000000000  0.058483349877  0.000000000000
  0.785294117647 -0.006329456314  0.254964862033 -0.397534439535 -0.000000000000  0.092328719363 -0.000000000000  0.134987589359 -0.004966127663 -0.062390962677 -0.000000000000  0.092328719363 -0.000000000000
  0.788235294118 -0.016371018325  0.017027520239  0.587052350459  0.000000000000  0.084187673386  0.000000000000  0.078879044601 -0.006517504639 -0.071152926941 -0.000000000000  0.084187673386  0.000000000000
  0.791176470588 -0.018682696218  0.285524260928 -0.147327873248  0.000000000000  0.041077104014  0.000000000000  0.055418941481  0.003069871172 -0.005786746388 -0.000000000000  0.041077104014  0.000000000000
  0.794117647059 -0.017873973675 -0.250791641674 -0.211343822815  0.000000000000  0.029459642942 -0.000000000000  0.090582081475 -0.001356018811  0.045503958534  0.000000000000  0.029459642942  0.000000000000
  0.797058823529 -0.012652482870  0.487460809732  0.279638944900 -0.000000000000  0.030178610384 -0.000000000000  0.083231478585 -0.001991740049 -0.026484086650  0.000000000000  0.030178610384 -0.000000000000
  0.800000000000 -0.022337244229 -0.217197721892  0.639671425114  0.000000000000  0.029734127960  0.000000000000  0.034472829801 -0.009383150406 -0.069765316771  0.000000000000  0.029734127960  0.000000000000
  0.802941176471 -0.023614978927  0.231902900814 -0.003070778231  0.000000000000  0.021092795149  0.000000000000 -0.017612590171  0.003671529786 -0.009621097816 -0.000000000000  0.021092795149  0.000000000000
  0.805882352941 -0.023654640493  0.269515893090  0.000926483280 -0.000000000000  0.046497501338 -0.000000000000  0.018740504472  0.000769583754  0.065340763170 -0.000000000000  0.046497501338 -0.000000000000
  0.808823529412 -0.013233507281 -0.373563411542  0.292573760429 -0.000000000000  0.088815524360  0.000000000000 -0.026626915904  0.001722110688  0.029034300273 -0.000000000000  0.088815524360 -0.000000000000
  0.811764705882 -0.017260335599 -0.104304335548 -0.429458754470  0.000000000000  0.071192694468  0.000000000000 -0.012123812198  0.003775242484  0.042975904896 -0.000000000000  0.071192694468  0.000000000000
  0.814705882353 -0.007346295529  0.151780726242 -0.585580930742 -0.000000000000  0.126061846477 -0.000000000000  0.045913500985 -0.011448661517 -0.075774146171  0.000000000000  0.126061846477 -0.000000000000
  0.817647058824 -0.028195565914 -0.245780059869 -0.034423068362 -0.000000000000  0.056611811781 -0.000000000000  0.084221181601  0.002387258687 -0.028404688395  0.000000000000  0.056611811781 -0.000000000000
  0.820588235294 -0.010895604756 -0.249546039925 -0.350938704875 -0.000000000000  0.147547455140  0.000000000000  0.070354001610  0.001689651793  0.092510672712 -0.000000000000  0.147547455140 -0.000000000000
  0.823529411765 -0.013660698019 -0.098695674866  0.918551541572  0.000000000000  0.050133093563  0.000000000000  0.125319489573  0.005740256757  0.063371552786 -0.000000000000  0.050133093563  0.000000000000
  0.826470588235 -0.000517412468  0.001904639088 -0.240515084656 -0.000000000000  0.124400319730 -0.000000000000 -0.056609447246 -0.001684591019 -0.048054372413  0.000000000000  0.124400319730 -0.000000000000
  0.829411764706 -0.020802276081  0.329103370663 -0.084623833553 -0.000000000000  0.132971302480 -0.000000000000  0.146073669181  0.000994604322 -0.066679762823  0.000000000000  0.132971302480  0.000000000000
  0.832352941176 -0.011371889712 -0.019014894190  0.100394741997  0.000000000000  0.017947882895  0.000000000000 -0.048826296138 -0.008490812968 -0.021763675166 -0.000000000000  0.017947882895  0.000000000000
  0.835294117647 -0.023019586600  0.191064834082  0.432294008756  0.000000000000  0.198698553607  0.000000000000  0.122251945513  0.003997711471  0.124879503422 -0.000000000000  0.198698553607 -0.000000000000
  0.838235294118  0.007586295774  0.031702477058  0.675642611826 -0.000000000000  0.046909271229 -0.000000000000 -0.132754718935  0.000879609596  0.022999896649 -0.000000000000  0.046909271229 -0.000000000000
  0.841176470588 -0.017364348403 -0.085846288572  0.310238113718  0.000000000000  0.146052732644  0.000000000000  0.004539372747 -0.000626794601 -0.017460456593 -0.000000000000  0.146052732644  0.000000000000
  0.844117647059  0.007056664519 -0.285742190376  0.362360867430  0.000000000000  0.035724807017  0.000000000000 -0.198573207385  0.010897487538  0.063424488118  0.000000000000  0.035724807017  0.000000000000
  0.847058823529 -0.007390898910  0.059779681926 -0.396942875681 -0.000000000000  0.122755987871 -0.000000000000 -0.046323367111  0.003350526410  0.024531088547 -0.000000000000  0.122755987871 -0.000000000000
  0.850000000000  0.012140610891  0.000386745952 -0.004486799500 -0.000000000000  0.095364921982 -0.000000000000 -0.145547264763  0.005396752651 -0.003897791715  0.000000000000  0.095364921982 -0.000000000000
  0.852941176471 -0.006140046256  0.108284600064 -0.216131016088  0.000000000000  0.074795360507  0.000000000000 -0.035193204861  0.000895547422  0.055195308446 -0.000000000000  0.074795360507  0.000000000000
  0.855882352941  0.021705058241 -0.247238560816  0.491774990561 -0.000000000000  0.022109668528 -0.000000000000 -0.120821864764  0.006410797642  0.065216229645 -0.000000000000  0.022109668528 -0.000000000000
  0.858823529412  0.003860837752  0.518496480127 -0.345837058901 -0.000000000000  0.091166876745 -0.000000000000 -0.095286737149 -0.007434460447 -0.041039736429 -0.000000000000  0.091166876745 -0.000000000000
  0.861764705882  0.015789035270  0.252661943736 -0.489697967353  0.000000000000  0.019885036313  0.000000000000 -0.073109864715 -0.007475148854 -0.047703637349 -0.000000000000  0.019885036313  0.000000000000
  0.864705882353 -0.004416471064 -0.044631196577  0.185971688675  0.000000000000  0.012315893278  0.000000000000 -0.021664076850  0.001997740804 -0.010027385396  0.000000000000  0.012315893278  0.000000000000
  0.867647058824  0.012867462797 -0.188847182331  0.063966226784 -0.000000000000  0.122509272853 -0.000000000000 -0.090254239881 -0.003031573453 -0.015415141795  0.000000000000  0.122509272853 -0.000000000000
  0.870588235294 -0.008058163037 -0.025355607611 -0.563580998130 -0.000000000000  0.040327206443 -0.000000000000 -0.018179127527 -0.002932058638 -0.050325675705  0.000000000000  0.040327206443 -0.000000000000
  0.873529411765  0.005561019125  0.188916840374 -0.927176544287  0.000000000000  0.106585987771  0.000000000000  0.010988916850  0.007494648610  0.038481066379  0.000000000000  0.106585987771  0.000000000000
  0.876470588235 -0.003750290946 -0.093150528174  0.455093885435  0.000000000000  0.034960306414  0.000000000000  0.122451856878  0.002378349156 -0.015312178219 -0.000000000000  0.034960306414  0.000000000000
  0.879411764706  0.001677656196  0.027529730051  0.083215615587 -0.000000000000  0.074144897067 -0.000000000000 -0.040292295159  0.001431314628 -0.113884675532 -0.000000000000  0.074144897067 -0.000000000000
  0.882352941176 -0.021453302476  0.047400646172 -0.087061473041  0.000000000000  0.012818704681  0.000000000000  0.104404638796  0.000354468630 -0.012150236668 -0.000000000000  0.012818704681  0.000000000000
  0.885294117647 -0.002128659349 -0.005955013203  0.251432080065  0.000000000000  0.118526827766  0.000000000000 -0.034895441450  0.010381026122  0.008389684519 -0.000000000000  0.118526827766  0.000000000000
  0.888235294118 -0.020792908818  0.252078879572 -0.164621878229  0.000000000000  0.066571340230  0.000000000000  0.071169661401 -0.004380433595 -0.005326458387  0.000000000000  0.066571340230  0.000000000000
  0.891176470588 -0.003821998132 -0.084975509511 -0.205183687083 -0.000000000000  0.115447943764 -0.000000000000 -0.012235665899  0.002198056955 -0.052649680046 -0.000000000000  0.115447943764 -0.000000000000
  0.894117647059 -0.029211685474 -0.158786336855 -0.488845689872  0.000000000000  0.135232129489  0.000000000000  0.114870737492 -0.001302357354 -0.035534224002 -0.000000000000  0.135232129489  0.000000000000
  0.897058823529 -0.007863542322 -0.095789790064  0.129604419185  0.000000000000  0.082133433142 -0.000000000000  0.066105279987  0.005895354417  0.099544085188  0.000000000000  0.082133433142  0.000000000000
  0.900000000000 -0.012370568087 -0.039579662027 -0.495739778528 -0.000000000000  0.062622255233 -0.000000000000  0.114783259949  0.005449763038  0.127822228775 -0.000000000000  0.062622255233 -0.000000000000
  0.902941176471  0.013022970490 -0.087286249227  0.227528696780 -0.000000000000  0.037144866523 -0.000000000000  0.134603607254  0.004609631271 -0.007511049115  0.000000000000  0.037144866523 -0.000000000000
  0.905882352941 -0.013411228366 -0.389199206126  0.402406442838  0.000000000000  0.055416455932  0.000000000000  0.081031103863 -0.016239753974 -0.119874121505  0.000000000000  0.055416455932  0.000000000000
  0.908823529412 -0.007203617044 -0.010406008544  0.513562580300 -0.000000000000  0.041216799433 -0.000000000000  0.062206549108 -0.007111656757 -0.104141668744  0.000000000000  0.041216799433 -0.000000000000
  0.911764705882 -0.032411970133 -0.121871056338  0.700040916459 -0.000000000000  0.025676974970 -0.000000000000 -0.018144015573 -0.005885410572 -0.046846025570  0.000000000000  0.025676974970 -0.000000000000
  0.914705882353 -0.016190743787 -0.258607325247  0.023723161654  0.000000000000  0.033145934294  0.000000000000 -0.052998522655  0.003304041458  0.024316344952  0.000000000000  0.033145934294  0.000000000000
  0.917647058824 -0.030994283274  0.087575140642 -0.330820823179  0.000000000000  0.142273391063 -0.000000000000 -0.027169449015 -0.001936091637 -0.063957512234  0.000000000000  0.142273391063  0.000000000000
  0.920588235294 -0.025349284314  0.148010569619 -0.196958913476 -0.000000000000  0.164288416263 -0.000000000000 -0.004089110947  0.006623622167  0.006714470732  0.000000000000  0.164288416263 -0.000000000000
  0.923529411765 -0.031479320004  0.170471716764  0.794133876190  0.000000000000  0.150391491012  0.000000000000 -0.010378119885  0.000986442637 -0.027872071152 -0.000000000000  0.150391491012  0.000000000000
  0.926470588235 -0.029450154073  0.271136187650  0.889067981460  0.000000000000  0.041707471985  0.000000000000 -0.139191976168 -0.000828072708 -0.007319874368  0.000000000000  0.041707471985  0.000000000000
  0.929411764706 -0.032288997626  0.129702740743  0.046149857040  0.000000000000  0.026827841681  0.000000000000 -0.161084153008 -0.001127468803  0.035074601843 -0.000000000000  0.026827841681  0.000000000000
  0.932352941176 -0.024273907762 -0.239967213395 -0.797264268153 -0.000000000000  0.021290236071 -0.000000000000 -0.148419601033 -0.002405871463 -0.013432977082  0.000000000000  0.021290236071 -0.000000000000
  0.935294117647 -0.032474120904  0.083704594649 -0.729887541376  0.000000000000  0.056452951458  0.000000000000 -0.026171448010  0.002858127565  0.046610348488 -0.000000000000  0.056452951458  0.000000000000
  0.938235294118 -0.015864375948 -0.129190066963  0.002036782484  0.000000000000  0.098485805204 -0.000000000000 -0.021634571062  0.000236036530  0.074570604221  0.000000000000  0.098485805204  0.000000000000
  0.941176470588 -0.021289593484 -0.013671483131 -0.390445653078 -0.000000000000  0.086722340003 -0.000000000000 -0.000165412303 -0.000286180186 -0.075735217604 -0.000000000000  0.086722340003 -0.000000000000
  0.944117647059 -0.023142348288  0.012169555741 -0.580944573854 -0.000000000000  0.135548303026  0.000000000000  0.051491430782 -0.000008902848  0.115242587303 -0.000000000000  0.135548303026 -0.000000000000
  0.947058823529 -0.002374539862  0.152091247032 -0.137297277026  0.000000000000  0.040228393198 -0.000000000000  0.098457175396  0.005290515409  0.122947278354  0.000000000000  0.040228393198  0.000000000000
  0.950000000000 -0.000987930323  0.036143708565 -0.264891054172 -0.000000000000  0.082622734055 -0.000000000000  0.086716712630  0.000768544450  0.061686885365  0.000000000000  0.082622734055 -0.000000000000
  0.952941176471  0.010819077056  0.153165393589  0.295739625273 -0.000000000000  0.007068675031 -0.000000000000  0.135115839282 -0.004314996056  0.058814209784  0.000000000000  0.007068675031  0.000000000000
  0.955882352941  0.009739971977  0.177286163095  0.274189485483  0.000000000000  0.067307934092 -0.000000000000  0.039031481719 -0.001115766862  0.027701068532  0.000000000000  0.067307934092  0.000000000000
  0.958823529412  0.014975826446 -0.184754785936  0.152579282772  0.000000000000  0.014323123104  0.000000000000  0.081254174077 -0.002217104596 -0.071144862151 -0.000000000000  0.014323123104  0.000000000000
  0.961764705882  0.000118597232  0.081871424832  0.966863716870  0.000000000000  0.019801086108  0.000000000000 -0.007067680057  0.002913622906  0.033136283130 -0.000000000000  0.019801086108  0.000000000000
  0.964705882353  0.018262396763  0.228655813939 -0.219349023300 -0.000000000000  0.059057338129 -0.000000000000 -0.064783044512 -0.001155290561 -0.025008121437  0.000000000000  0.059057338129 -0.000000000000
  0.967647058824 -0.003160819679 -0.234214412905 -0.410164819878  0.000000000000  0.051436976531  0.000000000000  0.013970006242  0.003016571276  0.001143606720  0.000000000000  0.051436976531  0.000000000000
  0.970588235294  0.018914480416 -0.072809346208 -0.282183609623  0.000000000000  0.022539903129  0.000000000000  0.005858791828  0.004861230675  0.036974553371 -0.000000000000  0.022539903129 -0.000000000000
  0.973529411765  0.003654504691 -0.096604130336  0.317758402382  0.000000000000  0.030837084092  0.000000000000  0.058944158170  0.007282749654  0.050616534821  0.000000000000  0.030837084092  0.000000000000
  0.976470588235  0.029619772406 -0.062058099505  0.389565876740 -0.000000000000  0.043146953882 -0.000000000000 -0.042052724492  0.005363448542  0.122776182272  0.000000000000  0.043146953882 -0.000000000000
  0.979411764706  0.022537086993  0.251686740098 -0.208172762594  0.000000000000  0.051158204539  0.000000000000 -0.000356290506 -0.005796089895 -0.035250632890  0.000000000000  0.051158204539  0.000000000000
  0.982352941176  0.026215446469 -0.092948577673 -0.183199248151  0.000000000000  0.016583594843  0.000000000000 -0.016238107086  0.005312858775 -0.013858239717  0.000000000000  0.016583594843  0.000000000000
  0.985294117647  0.019121113491 -0.007534366546 -0.422686714440  0.000000000000  0.017117361485 -0.000000000000  0.038678710528 -0.003281466866 -0.037224131372  0.000000000000  0.017117361485  0.000000000000
  0.988235294118  0.019155905845  0.103833409667  0.190670202221 -0.000000000000  0.018148014494 -0.000000000000  0.047436411784 -0.000055074149 -0.046464510728  0.000000000000  0.018148014494 -0.000000000000
  0.991176470588  0.010773883301 -0.057965837003  0.246811284733  0.000000000000  0.000000000000  0.000000000000  0.012607103415 -0.004070440576 -0.021771759438  0.000000000000  0.000000000000  0.000000000000
  0.994117647059  0.014789808578 -0.169850855683 -0.045353050260  0.000000000000  0.049744229663 -0.000000000000  0.008617750661  0.002663664159  0.014567578413  0.000000000000  0.049744229663  0.000000000000
  0.997058823529  0.010479692758  0.014119449953 -0.019358780503  0.000000000000  0.064371830336 -0.000000000000  0.014816425675 -0.013433125366 -0.097418714670  0.000000000000  0.064371830336  0.000000000000
  1.000000000000  0.000000000000  0.029712835736  0.389517983567  0.000000000000  0.004524058485  0.000000000000  0.000000000000 -0.019138391270 -0.071532271576 -0.000000000000  0.004524058485  0.000000000000
