             Rad         v_r[Re]         v_t[Re]         v_x[Re]         p[Re]          p_mg[Re]  p_no_phase[Re]         v_r[Im]         v_t[Im]         v_x[Im]         p[Im]          p_mg[Im]  p_no_phase[Im]
  0.000000000000 -0.068710760176  0.000000000000  0.227903822708 -0.000000000000  0.025542911023  0.000000000000  0.072445400504  0.000000000000  0.039690731146 -0.000000000000  0.025542911023  0.000000000000
  0.003921568627 -0.035830633728  0.020667350675 -0.240086025593 -0.000000000000  0.002320309353  0.000000000000  0.030473547234  0.002132175826  0.007788613911 -0.000000000000  0.002320309353  0.000000000000
  0.007843137255 -0.010412272215 -0.021043100029  0.157335060945  0.000000000000  0.009631423736 -0.000000000000  0.007520988565  0.001263553801 -0.009294568507 -0.000000000000  0.009631423736  0.000000000000
  0.011764705882 -0.019269102917  0.000335849617 -0.042007962941  0.000000000000  0.029566524708 -0.000000000000  0.016767288878 -0.002903002362  0.002847547510 -0.000000000000  0.029566524708  0.000000000000
  0.015686274510  0.000724922709  0.021080994070  0.056404719658 -0.000000000000  0.032986453724  0.000000000000  0.002204160284  0.011463743956  0.021178522685  0.000000000000  0.032986453724 -0.000000000000
  0.019607843137 -0.005052208300 -0.038095309234 -0.039551865040  0.000000000000  0.010333487788 -0.000000000000 -0.008199970395 -0.009394826926  0.030755658900  0.000000000000  0.010333487788 -0.000000000000
  0.023529411765  0.003493977059  0.054555407692 -0.057276659681  0.000000000000  0.104670829010 -0.000000000000  0.029359351280 -0.031213558217  0.046998221509  0.000000000000  0.104670829010  0.000000000000
  0.027450980392 -0.012390969616 -0.089610827957  0.398231017903  0.000000000000  0.015376619721 -0.000000000000 -0.030570737663 -0.011148046062 -0.007413210737  0.000000000000  0.015376619721 -0.000000000000
  0.031372549020  0.000134318758  0.005386535975 -0.738101147810 -0.000000000000  0.025317616821  0.000000000000  0.010332614787 -0.009786467971  0.066215785516 -0.000000000000  0.025317616821  0.000000000000
  0.035294117647 -0.003320698831 -0.097824988025  0.242224029727  0.000000000000  0.027016304257 -0.000000000000  0.104618140898  0.016378872463 -0.023777913351 -0.000000000000  0.027016304257  0.000000000000
  0.039215686275  0.001749126541  0.000895909965  0.404190644954 -0.000000000000  0.012889324658  0.000000000000 -0.015276812180 -0.010741982457 -0.009324447641  0.000000000000  0.012889324658 -0.000000000000
  0.043137254902 -0.010278411422 -0.029788141173 -0.003668686218  0.000000000000  0.025406270717 -0.000000000000  0.023137328716  0.008539851494 -0.090051190550  0.000000000000  0.025406270717  0.000000000000
  0.047058823529 -0.013021087687  0.003724815084  0.170699921254 -0.000000000000  0.043524927758  0.000000000000 -0.023671332264  0.047596005053 -0.052968676239  0.000000000000  0.043524927758 -0.000000000000
  0.050980392157 -0.010070858885  0.016986867092 -0.111198414262 -0.000000000000  0.073158812411  0.000000000000 -0.008044407465  0.005440391632 -0.064354645535  0.000000000000  0.073158812411 -0.000000000000
  0.054901960784 -0.021715431366 -0.061414501743  0.315972386926  0.000000000000  0.009917422766 -0.000000000000 -0.013187821365 -0.001214684562  0.050420253682  0.000000000000  0.009917422766 -0.000000000000
  0.058823529412  0.001775325364 -0.002991053792 -0.404570445702 -0.000000000000  0.079091315878  0.000000000000 -0.043488706076  0.012914179420  0.027489265847  0.000000000000  0.079091315878 -0.000000000000
  0.062745098039 -0.013873118198 -0.006896560810 -0.181529249471  0.000000000000  0.057007131849 -0.000000000000  0.071831388855 -0.014028852333 -0.053505724249  0.000000000000  0.057007131849 -0.000000000000
  0.066666666667 -0.009695197339 -0.026943988132 -0.008383749168 -0.000000000000  0.095096515720  0.000000000000 -0.002087683617  0.036923033379 -0.056971266273  0.000000000000  0.095096515720 -0.000000000000
  0.070588235294 -0.018910625301  0.041467839087  0.224062411665  0.000000000000  0.060159329765 -0.000000000000  0.076797294861 -0.000550346807 -0.008039099586 -0.000000000000  0.060159329765  0.000000000000
  0.074509803922 -0.008128343332  0.032443732098 -0.133670809097 -0.000000000000  0.057369577766 -0.000000000000 -0.056424667623  0.002337401705  0.084416981221  0.000000000000  0.057369577766 -0.000000000000
  0.078431372549 -0.000601221645 -0.015794243044 -0.018850855495 -0.000000000000  0.047753440308  0.000000000000  0.095094615172 -0.003241891790  0.019425045543 -0.000000000000  0.047753440308  0.000000000000
  0.082352941176 -0.003724960106 -0.140246416769  0.328020424951  0.000000000000  0.022497616678 -0.000000000000 -0.060043897525 -0.030349261563 -0.027881465520  0.000000000000  0.022497616678 -0.000000000000
  0.086274509804 -0.010624682001 -0.021986144399 -0.121666947710  0.000000000000  0.091993997272 -0.000000000000  0.056377163687 -0.016122286654 -0.031275766183  0.000000000000  0.091993997272 -0.000000000000
  0.090196078431 -0.012024072263 -0.116783087587  0.250406490682  0.000000000000  0.011806406252 -0.000000000000 -0.046214854186 -0.008663458226  0.030435807098  0.000000000000  0.011806406252 -0.000000000000
  0.094117647059 -0.006141425532 -0.017179143926  0.201139808436 -0.000000000000  0.032537770065  0.000000000000  0.021643143224  0.004159471412 -0.021800631843  0.000000000000  0.032537770065 -0.000000000000
  0.098039215686 -0.012834649545 -0.112961300873  0.184669071754  0.000000000000  0.023636749865 -0.000000000000 -0.091094277016  0.013774512012  0.069797836722 -0.000000000000  0.023636749865  0.000000000000
  0.101960784314  0.009857585126 -0.041624004063 -0.291577787147 -0.000000000000  0.055592481624  0.000000000000  0.006497633729  0.004953313247 -0.013546230919 -0.000000000000  0.055592481624 -0.000000000000
  0.105882352941 -0.012902953019 -0.127383536924  0.043979449935  0.000000000000  0.004465362160 -0.000000000000 -0.029870056648 -0.019322024694  0.036330768091  0.000000000000  0.004465362160 -0.000000000000
  0.109803921569  0.014538501873  0.070240942242  0.064599485906 -0.000000000000  0.048809166616  0.000000000000  0.018636735430  0.014344375594 -0.040666925688  0.000000000000  0.048809166616 -0.000000000000
  0.113725490196 -0.020936268435 -0.103462639979  0.138387166687 -0.000000000000  0.029795187727  0.000000000000 -0.051499482299  0.017999803038 -0.068287550110  0.000000000000  0.029795187727 -0.000000000000
  0.117647058824  0.003317925215  0.083162134057 -0.107334676022 -0.000000000000  0.014400609348  0.000000000000  0.002988449681  0.004648765150  0.013656508182 -0.000000000000  0.014400609348  0.000000000000
  0.121568627451 -0.019109512836 -0.156888503487  0.277670779092 -0.000000000000  0.025058060768  0.000000000000 -0.044912818493 -0.011892778260  0.001787859531 -0.000000000000  0.025058060768  0.000000000000
  0.125490196078  0.005338731014  0.054656082531 -0.198706175712  0.000000000000  0.018356517114 -0.000000000000 -0.029312986250  0.020869449316  0.062747191034  0.000000000000  0.018356517114 -0.000000000000
  0.129411764706 -0.005764226152  0.019398082486  0.009058791335 -0.000000000000  0.068232262771  0.000000000000 -0.013196637696 -0.011531639527 -0.037506261088 -0.000000000000  0.068232262771  0.000000000000
  0.133333333333 -0.001996810495  0.108797513591 -0.203117477555 -0.000000000000  0.023809595767  0.000000000000 -0.024978373792 -0.004003247999 -0.027863167032  0.000000000000  0.023809595767 -0.000000000000
  0.137254901961 -0.012669929491  0.020062055879  0.209741057631 -0.000000000000  0.058337566746  0.000000000000  0.013282868939 -0.019527800809  0.004956925745  0.000000000000  0.058337566746 -0.000000000000
  0.141176470588 -0.004078901553  0.159293734129  0.049050020039 -0.000000000000  0.043601079557  0.000000000000 -0.068110235978 -0.034056474106 -0.029375593152 -0.000000000000  0.043601079557  0.000000000000
  0.145098039216 -0.021150008255 -0.044954023820 -0.062620365027 -0.000000000000  0.018093384214  0.000000000000 -0.010934989776 -0.009098910141  0.012144833124 -0.000000000000  0.018093384214  0.000000000000
  0.149019607843 -0.002413396575 -0.056150829831  0.213636618186 -0.000000000000  0.049837817312  0.000000000000 -0.058287624852  0.010477632061  0.010517936408 -0.000000000000  0.049837817312  0.000000000000
  0.152941176471 -0.019354074658 -0.069618544207 -0.223698408036  0.000000000000  0.018694552920 -0.000000000000 -0.039070115596 -0.023490897652 -0.052775153419  0.000000000000  0.018694552920 -0.000000000000
  0.156862745098 -0.013589733619  0.014902957852  0.059991637611 -0.000000000000  0.073390865067  0.000000000000 -0.011945279087 -0.024596380066 -0.002269097011 -0.000000000000  0.073390865067 -0.000000000000
  0.160784313725 -0.019275313105 -0.060646978288  0.111064806693 -0.000000000000  0.012828132754  0.000000000000 -0.045959442328  0.020746626594  0.122716853060 -0.000000000000  0.012828132754  0.000000000000
  0.164705882353  0.012456971663 -0.018208492490 -0.568641859048 -0.000000000000  0.008185312545  0.000000000000 -0.013939518136 -0.014810904410 -0.007267193004  0.000000000000  0.008185312545 -0.000000000000
  0.168627450980 -0.021263378649  0.001218657531 -0.107858022010  0.000000000000  0.045331846175 -0.000000000000  0.070243062317 -0.042027856187 -0.098266872247 -0.000000000000  0.045331846175  0.000000000000
  0.172549019608 -0.006072230825 -0.021586367737  0.363507605948 -0.000000000000  0.025042283439  0.000000000000  0.011299955875  0.035822681389  0.134903889931 -0.000000000000  0.025042283439  0.000000000000
  0.176470588235  0.004158622286  0.140333112230 -0.236121581825  0.000000000000  0.085240868801 -0.000000000000  0.007050191639 -0.003553190503 -0.074333455264 -0.000000000000  0.085240868801  0.000000000000
  0.180392156863 -0.016976673193  0.029573221546 -0.156412841873 -0.000000000000  0.011897475206  0.000000000000  0.042032949515  0.024339810888  0.027775907337  0.000000000000  0.011897475206 -0.000000000000
  0.184313725490  0.011106581740 -0.144583033649  0.677133805540  0.000000000000  0.135565620622 -0.000000000000  0.022444594046 -0.031442675081  0.041615898953  0.000000000000  0.135565620622 -0.000000000000
  0.188235294118 -0.011186335042 -0.015781433725  0.076779739399 -0.000000000000  0.015588308784  0.000000000000 -0.084503678158  0.000570971680 -0.045339439538 -0.000000000000  0.015588308784  0.000000000000
  0.192156862745  0.004093043077 -0.071410278746  0.273727309242  0.000000000000  0.123308485169 -0.000000000000 -0.011171253943  0.018595169740  0.024155575841  0.000000000000  0.123308485169  0.000000000000
  0.196078431373 -0.005046362620  0.201718905025 -0.154957559724 -0.000000000000  0.079176494479  0.000000000000 -0.135471663897 -0.009544827993  0.052486536627  0.000000000000  0.079176494479 -0.000000000000
  0.200000000000  0.014229801422  0.081341149992 -0.032545135749  0.000000000000  0.021841715527 -0.000000000000  0.006364599143 -0.000740410905 -0.005204756286 -0.000000000000  0.021841715527  0.000000000000
  0.203921568627 -0.009053700039 -0.107189718403 -0.237600442986 -0.000000000000  0.084041410974  0.000000000000 -0.122975660316 -0.007140954365 -0.148237171791 -0.000000000000  0.084041410974  0.000000000000
  0.207843137255 -0.016104715458 -0.078006380408 -0.482901034163  0.000000000000  0.063575304028 -0.000000000000  0.077521322344  0.000580235147 -0.003626764435  0.000000000000  0.063575304028 -0.000000000000
  0.211764705882 -0.013987091035  0.033175097706  0.014780048319  0.000000000000  0.133760357364 -0.000000000000 -0.016775631778  0.005231095539 -0.043208903992 -0.000000000000  0.133760357364  0.000000000000
  0.215686274510 -0.023457382959  0.101664894802  0.232983494531  0.000000000000  0.102904953252 -0.000000000000  0.080701362709 -0.008247643989  0.043640666208  0.000000000000  0.102904953252 -0.000000000000
  0.219607843137 -0.005529540922  0.228106605874 -0.372668479096  0.000000000000  0.140701396295 -0.000000000000 -0.063334378180 -0.032212353110  0.026031238550 -0.000000000000  0.140701396295  0.000000000000
  0.223529411765 -0.018419264089  0.021904266742  0.215748059001  0.000000000000  0.071291155322 -0.000000000000  0.132486089505 -0.006929160868  0.012997466130  0.000000000000  0.071291155322 -0.000000000000
  0.227450980392 -0.001895062885 -0.092906015444 -0.004006474156 -0.000000000000  0.112084568578  0.000000000000 -0.102887502353  0.009524552893  0.013347524002  0.000000000000  0.112084568578 -0.000000000000
  0.231372549020 -0.015729939216  0.179636233656 -0.242025990437  0.000000000000  0.034316900148 -0.000000000000  0.139819354638  0.004346152459 -0.055732609548  0.000000000000  0.034316900148 -0.000000000000
  0.235294117647 -0.009285510765 -0.068905271514  0.213176272397 -0.000000000000  0.026819335379  0.000000000000 -0.070683860371 -0.004381543335  0.110158443993  0.000000000000  0.026819335379 -0.000000000000
  0.239215686275  0.004913618022  0.040214964591 -0.289126379586  0.000000000000  0.021735195303 -0.000000000000  0.111976813989 -0.008170670504 -0.013013724370  0.000000000000  0.021735195303  0.000000000000
  0.243137254902 -0.009648649002 -0.135732086341  0.533713941791 -0.000000000000  0.094128618222  0.000000000000 -0.032932555446  0.039448557476 -0.007874426232  0.000000000000  0.094128618222 -0.000000000000
  0.247058823529  0.005959943589  0.050043909012 -0.421633160063  0.000000000000  0.078135720793 -0.000000000000  0.026148725066  0.001842011979  0.022313470388  0.000000000000  0.078135720793  0.000000000000
  0.250980392157 -0.005700754879 -0.151400418908  0.715467608696 -0.000000000000  0.042075937777  0.000000000000  0.020974272542 -0.029081621530 -0.035524332059 -0.000000000000  0.042075937777  0.000000000000
  0.254901960784  0.001928757335  0.212870090554 -0.354962450574  0.000000000000  0.096367560208 -0.000000000000 -0.094108855393  0.017791674894  0.145145990575  0.000000000000  0.096367560208 -0.000000000000
  0.258823529412  0.023663019947 -0.029421290934 -0.225273277580 -0.000000000000  0.023781945693  0.000000000000  0.074466451176  0.024566701214 -0.000370423901 -0.000000000000  0.023781945693  0.000000000000
  0.262745098039  0.006977001453 -0.062977459890 -0.001676788278  0.000000000000  0.017486645511 -0.000000000000 -0.041493445152  0.015318694855  0.019923564505  0.000000000000  0.017486645511 -0.000000000000
  0.266666666667  0.030635276532  0.062493987024 -0.328800176872 -0.000000000000  0.009913170311  0.000000000000  0.091368410801 -0.007228122577  0.086929907099 -0.000000000000  0.009913170311  0.000000000000
  0.270588235294  0.022216478327 -0.145399485351  0.545383605610  0.000000000000  0.033618183218 -0.000000000000  0.008485813557 -0.007799745663 -0.063989476425 -0.000000000000  0.033618183218  0.000000000000
  0.274509803922  0.017175523704  0.025495697902 -0.069772527268 -0.000000000000  0.026822196004  0.000000000000 -0.003283923980  0.013552852753 -0.081743441121 -0.000000000000  0.026822196004 -0.000000000000
  0.278431372549  0.006251318503  0.025779577766  0.040330061635  0.000000000000  0.053016470876 -0.000000000000  0.007693631300  0.007410436133  0.065869684102 -0.000000000000  0.053016470876  0.000000000000
  0.282352941176  0.029436686740 -0.050108213916  0.132498734767  0.000000000000  0.021615174780 -0.000000000000 -0.016237725108 -0.008733180799  0.054830406413 -0.000000000000  0.021615174780  0.000000000000
  0.286274509804  0.015532412658 -0.020504720247  0.194443469882  0.000000000000  0.019276062236 -0.000000000000 -0.021867198163 -0.024151127088 -0.070993273023  0.000000000000  0.019276062236 -0.000000000000
  0.290196078431  0.013232971023  0.032315653324 -0.213765423691  0.000000000000  0.047507863276 -0.000000000000 -0.051338432602  0.003876008911 -0.079874375550  0.000000000000  0.047507863276 -0.000000000000
  0.294117647059 -0.001523040446  0.208921220338 -0.312608525541 -0.000000000000  0.031366498080  0.000000000000  0.021561450057  0.003134988155  0.043864899631 -0.000000000000  0.031366498080  0.000000000000
  0.298039215686  0.019175003246 -0.182275721197  0.434543102014  0.000000000000  0.025302665126 -0.000000000000 -0.001971249822  0.004013785962 -0.031174987804 -0.000000000000  0.025302665126  0.000000000000
  0.301960784314 -0.006985897933 -0.050335768957 -0.147137351362 -0.000000000000  0.032768904964  0.000000000000 -0.046991427975  0.032433843121 -0.007044403719 -0.000000000000  0.032768904964  0.000000000000
  0.305882352941  0.020192173517  0.019336555083 -0.135602294198  0.000000000000  0.056544555483 -0.000000000000  0.024002777558  0.004524040740  0.068274014602 -0.000000000000  0.056544555483  0.000000000000
  0.309803921569  0.006466405599  0.022376345733  0.311399820570 -0.000000000000  0.040990739994  0.000000000000 -0.024462429584  0.012167798988 -0.010474641658 -0.000000000000  0.040990739994  0.000000000000
  0.313725490196  0.021411413702 -0.264270521805 -0.337186059276 -0.000000000000  0.017357228595  0.000000000000 -0.024806299519  0.027679325965  0.064801181050 -0.000000000000  0.017357228595  0.000000000000
  0.317647058824  0.016484526289 -0.095070110535 -0.295676421340  0.000000000000  0.014270740577 -0.000000000000  0.054088327279 -0.013601485782 -0.140214878708 -0.000000000000  0.014270740577  0.000000000000
  0.321568627451 -0.006403858142  0.052415865520  0.209369091729 -0.000000000000  0.057364754491  0.000000000000  0.040487422320  0.009191730935 -0.028697810608 -0.000000000000  0.057364754491  0.000000000000
  0.325490196078  0.010361360529 -0.029780179552  0.121411102368  0.000000000000  0.059740445799 -0.000000000000  0.013925357894  0.036211639192  0.106705892805 -0.000000000000  0.059740445799  0.000000000000
  0.329411764706  0.013814848436  0.107623835987  0.280697116393 -0.000000000000  0.107085082378  0.000000000000  0.003578267638 -0.010573910589 -0.053237221866  0.000000000000  0.107085082378 -0.000000000000
  0.333333333333  0.001879578881  0.054487881002  0.232562535600 -0.000000000000  0.083347333865  0.000000000000 -0.057333953649  0.008136976167  0.002050926771 -0.000000000000  0.083347333865  0.000000000000
  0.337254901961  0.014245923392 -0.145481536043  0.227636698203  0.000000000000  0.088816721166 -0.000000000000 -0.058017019322  0.007096647710  0.041225122754 -0.000000000000  0.088816721166  0.000000000000
  0.341176470588  0.008560673301  0.212004095822  0.081042798486 -0.000000000000  0.031808140368  0.000000000000 -0.106742352141 -0.026751253558 -0.050770573560  0.000000000000  0.031808140368 -0.000000000000
  0.345098039216  0.002604088017  0.316446458215 -0.082214059689  0.000000000000  0.098095668150 -0.000000000000 -0.083306643121  0.016150368530 -0.052028753270 -0.000000000000  0.098095668150  0.000000000000
  0.349019607843 -0.003054550054  0.121280001105 -0.594536509545  0.000000000000  0.039575868350 -0.000000000000 -0.088764180178  0.005890414235 -0.010338936861  0.000000000000  0.039575868350 -0.000000000000
  0.352941176471 -0.001111675877 -0.067302179733  0.133372273221  0.000000000000  0.056668499691 -0.000000000000  0.031788708222 -0.007618353814 -0.015595147725  0.000000000000  0.056668499691 -0.000000000000
  0.356862745098 -0.006947773431 -0.015040377486 -0.008186144908  0.000000000000  0.063422229568 -0.000000000000 -0.097849315552 -0.012098997288 -0.006406600686 -0.000000000000  0.063422229568  0.000000000000
  0.360784313725 -0.002195384611  0.106820892063 -0.213470014328  0.000000000000  0.055912575772 -0.000000000000  0.039514929357 -0.002541695815  0.052150377967 -0.000000000000  0.055912575772  0.000000000000
  0.364705882353  0.000600104211 -0.049692490429 -0.061974394482 -0.000000000000  0.050070680512  0.000000000000 -0.056665322131 -0.014164179956 -0.104216825178  0.000000000000  0.050070680512 -0.000000000000
  0.368627450980 -0.022156472628  0.085428591764 -0.017323622830  0.000000000000  0.010250302791 -0.000000000000  0.059426172046  0.016280997439  0.003548277559  0.000000000000  0.010250302791 -0.000000000000
  0.372549019608  0.000573600308 -0.064036774453  0.112300467972 -0.000000000000  0.066171062765  0.000000000000 -0.055909633447 -0.003670167799  0.031503067581 -0.000000000000  0.066171062765  0.000000000000
  0.376470588235 -0.014958677696  0.104364582297 -0.318423216221  0.000000000000  0.010736196764 -0.000000000000  0.047784003688 -0.010490334901  0.023013616503  0.000000000000  0.010736196764 -0.000000000000
  0.380392156863  0.009765542131  0.055972969151 -0.051095502516 -0.000000000000  0.038286274466  0.000000000000  0.003114946898  0.016327521928  0.153423747795  0.000000000000  0.038286274466 -0.000000000000
  0.384313725490  0.016032020376  0.097036059777 -0.067423795141  0.000000000000  0.010689411195 -0.000000000000  0.064199562849 -0.001155168997 -0.051031594018  0.000000000000  0.010689411195 -0.000000000000
  0.388235294118  0.005002791532 -0.130987167590  0.212649952607 -0.000000000000  0.042679811434  0.000000000000  0.009499368287 -0.000130351409  0.071163087330  0.000000000000  0.042679811434 -0.000000000000
  0.392156862745  0.029234879820  0.128057647032  0.061947960601  0.000000000000  0.045280844611 -0.000000000000  0.024721662856 -0.003442557535  0.002648859037 -0.000000000000  0.045280844611  0.000000000000
  0.396078431373  0.004398044715  0.159190539824 -0.085248192018 -0.000000000000  0.011177607604  0.000000000000 -0.009742726230 -0.002798091990 -0.094552936263  0.000000000000  0.011177607604 -0.000000000000
  0.400000000000  0.011373372224  0.056847624068 -0.307389702398  0.000000000000  0.014859206847 -0.000000000000  0.041136513078  0.016400310165  0.053834445739 -0.000000000000  0.014859206847  0.000000000000
  0.403921568627  0.011616495272 -0.293826978845  0.304679117901 -0.000000000000  0.024681370400  0.000000000000  0.043765419297  0.007149182570 -0.058999168907 -0.000000000000  0.024681370400  0.000000000000
  0.407843137255  0.000015442164 -0.017116861095  0.254436474716  0.000000000000  0.041078834792 -0.000000000000 -0.011177596937 -0.013472573024 -0.021291191156  0.000000000000  0.041078834792 -0.000000000000
  0.411764705882  0.005769869308  0.099462066743  0.001204846507 -0.000000000000  0.008340407803  0.000000000000 -0.013693233230  0.025994506227  0.011173807727 -0.000000000000  0.008340407803 -0.000000000000
  0.415686274510  0.001109148526 -0.033488192587  0.157000738480 -0.000000000000  0.087581632240  0.000000000000 -0.024656435962  0.013207995456 -0.047246186462 -0.000000000000  0.087581632240  0.000000000000
  0.419607843137 -0.002443583157 -0.091971380606 -0.186996123499 -0.000000000000  0.024056779790  0.000000000000 -0.041006091855 -0.006080557848  0.039913581559 -0.000000000000  0.024056779790  0.000000000000
  0.423529411765  0.005554561931 -0.041413003830  0.258274648091  0.000000000000  0.078773457001 -0.000000000000  0.006221675343 -0.008365425688 -0.098210778275  0.000000000000  0.078773457001 -0.000000000000
  0.427450980392 -0.020186546418  0.150232822832 -0.098724797145 -0.000000000000  0.079733740386  0.000000000000 -0.085223504091  0.005488545152  0.060931988312 -0.000000000000  0.079733740386  0.000000000000
  0.431372549020  0.015697722257  0.162564595572 -0.124272492954 -0.000000000000  0.031647077035  0.000000000000  0.018229376561  0.033923677105  0.008704676362 -0.000000000000  0.031647077035 -0.000000000000
  0.435294117647 -0.020308749146 -0.111762142590  0.547972534001  0.000000000000  0.012857857779 -0.000000000000 -0.076110526447 -0.012641876101 -0.172735153758  0.000000000000  0.012857857779  0.000000000000
  0.439215686275 -0.014766504943 -0.084854537511 -0.218146968762 -0.000000000000  0.012803476465  0.000000000000 -0.078354449061  0.019620384756  0.146887683968 -0.000000000000  0.012803476465  0.000000000000
  0.443137254902  0.007594578080 -0.238735922650 -0.387100604467 -0.000000000000  0.034950792183  0.000000000000 -0.030722302463 -0.017934521580  0.074057150680  0.000000000000  0.034950792183 -0.000000000000
  0.447058823529  0.002725793086  0.178306416225 -0.103120555203  0.000000000000  0.015679616874 -0.000000000000  0.012565610161  0.000320959207 -0.006464766599 -0.000000000000  0.015679616874  0.000000000000
  0.450980392157  0.008077161389  0.220061117927  0.226299065736  0.000000000000  0.096521770961 -0.000000000000 -0.009934207241 -0.003123474967 -0.018043680894 -0.000000000000  0.096521770961  0.000000000000
  0.454901960784 -0.000545672893  0.064127528541 -0.070505686664  0.000000000000  0.042957576918 -0.000000000000 -0.034946532236  0.020433629737  0.014364258328  0.000000000000  0.042957576918 -0.000000000000
  0.458823529412  0.011221353290 -0.316332411316  0.336386918799  0.000000000000  0.095154524970 -0.000000000000 -0.010951329402 -0.009364692824  0.006811041387 -0.000000000000  0.095154524970  0.000000000000
  0.462745098039  0.001063061914 -0.151849115261  0.139975453749  0.000000000000  0.086693267505 -0.000000000000 -0.096515916661 -0.008552193587  0.012211924242 -0.000000000000  0.086693267505  0.000000000000
  0.466666666667  0.013334924016  0.085623848045  0.046892929694  0.000000000000  0.023644630986 -0.000000000000 -0.040835440688 -0.002111714699 -0.001233141905 -0.000000000000  0.023644630986  0.000000000000
  0.470588235294 -0.000945529483 -0.012342267095 -0.588866801935  0.000000000000  0.190357096374 -0.000000000000 -0.095149827095  0.021329631556 -0.062964774491  0.000000000000  0.190357096374 -0.000000000000
  0.474509803922 -0.001142447379 -0.137780894714 -0.264710699296  0.000000000000  0.037324972963  0.000000000000  0.086685739569  0.024209932530 -0.086795430634 -0.000000000000  0.037324972963  0.000000000000
  0.478431372549 -0.020348114791  0.010337553397 -0.490391635856 -0.000000000000  0.074649635876  0.000000000000 -0.012042541215 -0.015199812786 -0.043667294977  0.000000000000  0.074649635876 -0.000000000000
  0.482352941176 -0.010651333994  0.016656513215  0.103425324846  0.000000000000  0.034909340427 -0.000000000000  0.190058867786  0.013841526792  0.064088613323  0.000000000000  0.034909340427 -0.000000000000
  0.486274509804 -0.007530231602  0.011115204868  0.610103251009  0.000000000000  0.073772882949 -0.000000000000 -0.036557478287  0.006738013006  0.043707973841 -0.000000000000  0.073772882949  0.000000000000
  0.490196078431 -0.002870480270  0.367676905866 -0.411543251422  0.000000000000  0.058285187396 -0.000000000000  0.074594426598 -0.012393260629 -0.114373078670  0.000000000000  0.058285187396 -0.000000000000
  0.494117647059 -0.028695676233 -0.067344620418  0.063478314198 -0.000000000000  0.083995534984  0.000000000000  0.019880146241  0.004604232443  0.038696475917  0.000000000000  0.083995534984 -0.000000000000
  0.498039215686  0.001537799749 -0.145219476698 -0.112783157054  0.000000000000  0.027299222695 -0.000000000000  0.073756853448  0.004737725048 -0.028830413727 -0.000000000000  0.027299222695  0.000000000000
  0.501960784314 -0.036574264030  0.180393745139 -0.057861053505  0.000000000000  0.081240488170 -0.000000000000  0.045381563222  0.006575601422 -0.135330651938 -0.000000000000  0.081240488170  0.000000000000
  0.505882352941 -0.021425018459  0.253330198692  0.062130683850  0.000000000000  0.015742647999 -0.000000000000  0.081217107073 -0.001154444569  0.176766609311  0.000000000000  0.015742647999 -0.000000000000
  0.509803921569 -0.004776608826  0.134147447601 -0.020958367039  0.000000000000  0.028266214753 -0.000000000000  0.026878087132  0.015733757040 -0.028552195326  0.000000000000  0.028266214753 -0.000000000000
  0.513725490196 -0.023140158988  0.008005460322  0.026719469224  0.000000000000  0.038702291969 -0.000000000000  0.077875220450 -0.002756413409 -0.023307656430  0.000000000000  0.038702291969 -0.000000000000
  0.517647058824 -0.008853242233  0.052394315862  0.287904816682 -0.000000000000  0.062697191928  0.000000000000  0.013017337208 -0.013883010206  0.005760940854 -0.000000000000  0.062697191928  0.000000000000
  0.521568627451 -0.019091773472 -0.008513826512 -0.111776120481 -0.000000000000  0.073346063979  0.000000000000  0.020844257773  0.016368344588  0.134870462771  0.000000000000  0.073346063979 -0.000000000000
  0.525490196078  0.020293048802 -0.229594691568 -0.151104636354  0.000000000000  0.095065698218 -0.000000000000  0.032955417976  0.026317454720  0.071810158540  0.000000000000  0.095065698218 -0.000000000000
  0.529411764706 -0.006207593205  0.066612864512 -0.153883867871  0.000000000000  0.043277938355 -0.000000000000  0.062389130963 -0.030639946712 -0.227027566826 -0.000000000000  0.043277938355  0.000000000000
  0.533333333333 -0.021319472071  0.132111572780 -0.204467473388  0.000000000000  0.108378399524 -0.000000000000  0.070179236329  0.000644730186  0.116940587561  0.000000000000  0.108378399524 -0.000000000000
  0.537254901961  0.009025048568 -0.151090676676  0.400316783525  0.000000000000  0.060637138693 -0.000000000000  0.094636332748 -0.007794982278 -0.115390783015  0.000000000000  0.060637138693  0.000000000000
  0.541176470588 -0.043276938595  0.084040981979 -0.104103449267  0.000000000000  0.028026519202 -0.000000000000 -0.000294166810  0.005684892075 -0.022958498190 -0.000000000000  0.028026519202  0.000000000000
  0.545098039216  0.001293883975  0.012204820570 -0.243345448068  0.000000000000  0.102925196238 -0.000000000000  0.108370675681  0.001663002977 -0.027727543166 -0.000000000000  0.102925196238  0.000000000000
  0.549019607843 -0.051907347255 -0.282691456268  0.635651177483 -0.000000000000  0.083887668713  0.000000000000  0.031344694764 -0.012611877751 -0.097150129125  0.000000000000  0.083887668713 -0.000000000000
  0.552941176471 -0.016699470343  0.013145431005  0.527901878505  0.000000000000  0.081880367655 -0.000000000000 -0.022508075636  0.031378065519  0.083289796061  0.000000000000  0.081880367655 -0.000000000000
  0.556862745098 -0.037118578739 -0.024644475133  0.242935717326  0.000000000000  0.012396426728 -0.000000000000 -0.095998995480 -0.003884441274 -0.020276663316 -0.000000000000  0.012396426728  0.000000000000
  0.560784313725 -0.017808807226 -0.252180678606 -0.051208612032 -0.000000000000  0.059243085572  0.000000000000 -0.081975528954  0.019316063007  0.011796185745 -0.000000000000  0.059243085572  0.000000000000
  0.564705882353 -0.031455767637  0.170360346237 -0.459620756674 -0.000000000000  0.059534954077  0.000000000000 -0.075597151334  0.008160525506  0.112565019219 -0.000000000000  0.059534954077 -0.000000000000
  0.568627450980  0.005362895606  0.229374669554 -0.140854842848 -0.000000000000  0.040179692304  0.000000000000  0.011176347630  0.001854733380 -0.003736814637 -0.000000000000  0.040179692304  0.000000000000
  0.572549019608 -0.032298936811  0.095308641267  0.365203922789 -0.000000000000  0.029626183517  0.000000000000 -0.049664090336  0.006552275696 -0.129904728686  0.000000000000  0.029626183517 -0.000000000000
  0.576470588235 -0.018555655108  0.043764072807 -0.074365565512 -0.000000000000  0.040900358622  0.000000000000 -0.056569412411  0.020290101251  0.047170370398 -0.000000000000  0.040900358622  0.000000000000
  0.580392156863 -0.022763843466 -0.076354348214 -0.411711893149 -0.000000000000  0.101002459633  0.000000000000 -0.033109139287 -0.011423612560  0.110400757121  0.000000000000  0.101002459633 -0.000000000000
  0.584313725490  0.002823487543  0.030421714618  0.039405383115 -0.000000000000  0.064239768071  0.000000000000  0.029491332080  0.004370702539 -0.075140709660 -0.000000000000  0.064239768071  0.000000000000
  0.588235294118 -0.034436693158 -0.077184722102 -0.292897469642 -0.000000000000  0.082990851010  0.000000000000 -0.022067022903 -0.000408295491 -0.002907637122  0.000000000000  0.082990851010 -0.000000000000
  0.592156862745  0.005452716408  0.018744881963 -0.413924364880 -0.000000000000  0.012391878562  0.000000000000  0.100855167125  0.005043114308  0.168426022824 -0.000000000000  0.012391878562  0.000000000000
  0.596078431373  0.000141378681  0.298438533312  0.085321771880 -0.000000000000  0.036185962111  0.000000000000  0.064239612497  0.006422960180  0.021093585367 -0.000000000000  0.036185962111  0.000000000000
  0.600000000000  0.014882153252 -0.105682794506  0.224186136161 -0.000000000000  0.055784451917  0.000000000000  0.081645593059 -0.014505422252  0.018148967760 -0.000000000000  0.055784451917 -0.000000000000
  0.603921568627  0.006907834423 -0.087056452156  0.364356694606 -0.000000000000  0.049041512518  0.000000000000  0.010287880145 -0.000502340750  0.102751675373 -0.000000000000  0.049041512518  0.000000000000
  0.607843137255  0.034557981372  0.045653514559 -0.258312166412  0.000000000000  0.137734627502 -0.000000000000  0.010731718289 -0.001355079025 -0.046618639378 -0.000000000000  0.137734627502  0.000000000000
  0.611764705882 -0.003014535309 -0.241747786025 -0.086711474709  0.000000000000  0.051643618641 -0.000000000000  0.055702941148 -0.004732012879 -0.102980247506 -0.000000000000  0.051643618641  0.000000000000
  0.615686274510  0.011515748163  0.006760941328 -0.390936236365  0.000000000000  0.130857925906 -0.000000000000  0.047670299918 -0.000987897032 -0.042705244487 -0.000000000000  0.130857925906  0.000000000000
  0.619607843137 -0.015396273452 -0.095742248715  0.028955793265  0.000000000000  0.006065137811 -0.000000000000  0.136871408179 -0.005309778566 -0.024981257553 -0.000000000000  0.006065137811  0.000000000000
  0.623529411765  0.003523895705  0.059465301416  0.003823913181 -0.000000000000  0.089120653021  0.000000000000  0.051523252085  0.002874508698 -0.058027103905 -0.000000000000  0.089120653021  0.000000000000
  0.627450980392 -0.028125857191  0.253689897392  0.229277534556 -0.000000000000  0.018887001558  0.000000000000  0.127799581102 -0.004786128522 -0.006337928562  0.000000000000  0.018887001558 -0.000000000000
  0.631372549020  0.000534052631 -0.132936812158  0.216879234095  0.000000000000  0.078872136940 -0.000000000000 -0.006041579632  0.013029557815 -0.009207182343 -0.000000000000  0.078872136940  0.000000000000
  0.635294117647 -0.030764689336 -0.041757800430 -0.154834647340 -0.000000000000  0.032105116772  0.000000000000  0.083642242228 -0.004408551972 -0.046802701435  0.000000000000  0.032105116772 -0.000000000000
  0.639215686275 -0.005046611660  0.229443813354  0.004092187478 -0.000000000000  0.080134754725  0.000000000000  0.018200289519  0.025123067841  0.170036690526  0.000000000000  0.080134754725 -0.000000000000
  0.643137254902 -0.000980916331 -0.289696853440  0.126826264800  0.000000000000  0.038196333377 -0.000000000000  0.078866036979 -0.006178144750 -0.166164501204  0.000000000000  0.038196333377 -0.000000000000
  0.647058823529 -0.031990615462 -0.224445367282 -0.007286251391  0.000000000000  0.039024609615 -0.000000000000 -0.002709067236  0.010236655591  0.093592419301  0.000000000000  0.039024609615 -0.000000000000
  0.650980392157  0.015165822591 -0.156757836166  0.063991253883 -0.000000000000  0.096444103155  0.000000000000  0.078686572806  0.008397716012  0.036710774418  0.000000000000  0.096444103155 -0.000000000000
  0.654901960784 -0.026499896706 -0.354662089033  0.560271957264  0.000000000000  0.204873895501 -0.000000000000 -0.027508459753 -0.006029677019 -0.183112413517  0.000000000000  0.204873895501 -0.000000000000
  0.658823529412 -0.014758497872  0.186988566813  0.149620980247 -0.000000000000  0.109251510821  0.000000000000 -0.036126263247  0.022581494561  0.220824112214  0.000000000000  0.109251510821 -0.000000000000
  0.662745098039  0.014812335509  0.045404888400  0.810831650363 -0.000000000000  0.106104427839  0.000000000000 -0.095299841291  0.002464017793  0.015016199199  0.000000000000  0.106104427839 -0.000000000000
  0.666666666667 -0.005007190162 -0.048062353886  0.020934523932 -0.000000000000  0.056642357887  0.000000000000 -0.204812697615  0.002980620271  0.053737735272 -0.000000000000  0.056642357887  0.000000000000
  0.670588235294  0.028657586482 -0.278053300389 -0.443186931366 -0.000000000000  0.077030052041  0.000000000000 -0.105425970964  0.014468752260  0.067032723489  0.000000000000  0.077030052041 -0.000000000000
  0.674509803922  0.010934781047  0.268996057065 -0.251276670498 -0.000000000000  0.067647016264  0.000000000000 -0.105539472097 -0.010812029295  0.017772880021  0.000000000000  0.067647016264 -0.000000000000
  0.678431372549  0.037179091629 -0.070263675191 -0.077621836707 -0.000000000000  0.066439906058  0.000000000000 -0.042732561971  0.006656386300  0.146818477432  0.000000000000  0.066439906058 -0.000000000000
  0.682352941176  0.037557370478 -0.177915100537 -0.503197986441 -0.000000000000  0.086988506614  0.000000000000 -0.067253794244  0.000845764344 -0.141897922932 -0.000000000000  0.086988506614  0.000000000000
  0.686274509804  0.012990275135  0.063045985862 -0.011261577695 -0.000000000000  0.080385268514  0.000000000000  0.066388037788  0.005832647770  0.030672489964  0.000000000000  0.080385268514 -0.000000000000
  0.690196078431  0.042482732577  0.033666687791 -0.085946834133 -0.000000000000  0.052053753562  0.000000000000 -0.051083055408 -0.001244867394  0.086424811987 -0.000000000000  0.052053753562  0.000000000000
  0.694117647059  0.028559134413  0.189117263251  0.026568017737 -0.000000000000  0.096993148959  0.000000000000  0.082166758026  0.006500725755 -0.066086657194  0.000000000000  0.096993148959 -0.000000000000
  0.698039215686  0.029606216768 -0.190644307594  0.669708789866  0.000000000000  0.017017999447 -0.000000000000 -0.074734619306  0.012492529806 -0.069244914253 -0.000000000000  0.017017999447  0.000000000000
  0.701960784314  0.014698251449  0.043286645493  0.023525584539 -0.000000000000  0.123138866009  0.000000000000 -0.049935505047 -0.009028124779  0.081044621578 -0.000000000000  0.123138866009  0.000000000000
  0.705882352941  0.040526680882  0.072049359216 -0.358796744717  0.000000000000  0.012647134031 -0.000000000000 -0.088120707451 -0.009099414224 -0.120103187660 -0.000000000000  0.012647134031  0.000000000000
  0.709803921569 -0.009010138371 -0.004481438397  0.183982918325  0.000000000000  0.077654087337 -0.000000000000  0.014437094988 -0.006129732511 -0.039523552816  0.000000000000  0.077654087337  0.000000000000
  0.713725490196  0.032251289280  0.091418948177  0.120518659206  0.000000000000  0.044106178952 -0.000000000000 -0.118840374712  0.006998929156  0.099300806119 -0.000000000000  0.044106178952  0.000000000000
  0.717647058824  0.010708273519 -0.075047256041 -0.253382023955  0.000000000000  0.029418926386 -0.000000000000 -0.006729255340 -0.016225297570  0.056868242848 -0.000000000000  0.029418926386  0.000000000000
  0.721568627451  0.043711528539 -0.100326840707 -0.168484005689  0.000000000000  0.022334006473 -0.000000000000 -0.064183016078 -0.009540273456 -0.068805448921 -0.000000000000  0.022334006473  0.000000000000
  0.725490196078 -0.003703221372  0.165283502021 -0.350448459043 -0.000000000000  0.032769389143  0.000000000000  0.043950439966 -0.005447834860 -0.064357408930  0.000000000000  0.032769389143 -0.000000000000
  0.729411764706  0.028984581460 -0.037814674417  0.137355899037  0.000000000000  0.135987184421 -0.000000000000  0.005036592827 -0.000603474927  0.023186069603 -0.000000000000  0.135987184421  0.000000000000
  0.733333333333 -0.005687967607  0.136984063102  0.235885950910  0.000000000000  0.080142033472 -0.000000000000  0.021597566290 -0.007587492122 -0.187422795395 -0.000000000000  0.080142033472  0.000000000000
  0.737254901961 -0.006588905864  0.045503063860 -0.537677791864  0.000000000000  0.124944611976 -0.000000000000 -0.032100143058  0.007942807529  0.086055511095 -0.000000000000  0.124944611976  0.000000000000
  0.741176470588  0.006314214348  0.130728492094 -0.518943640335  0.000000000000  0.106241148105 -0.000000000000  0.135840513190 -0.010421188107 -0.018412493132  0.000000000000  0.106241148105 -0.000000000000
  0.745098039216 -0.011421543804  0.016165609988  0.143123035038  0.000000000000  0.137553699037 -0.000000000000  0.079323980398  0.005779700132 -0.106301787161  0.000000000000  0.137553699037 -0.000000000000
  0.749019607843 -0.013742500984  0.303587814592 -0.166069760992  0.000000000000  0.155157054092 -0.000000000000  0.124186552124 -0.003087325626  0.063843806097  0.000000000000  0.155157054092  0.000000000000
  0.752941176471 -0.001746155140 -0.057870649240 -0.016054906593 -0.000000000000  0.009881398066  0.000000000000  0.106226797433 -0.010255388606 -0.003252989343  0.000000000000  0.009881398066 -0.000000000000
  0.756862745098 -0.016905290160  0.037213904633 -0.326159175849  0.000000000000  0.130980811958 -0.000000000000  0.136510920015  0.004561204106 -0.151736398325  0.000000000000  0.130980811958 -0.000000000000
  0.760784313725 -0.030448339948 -0.344379423679  0.767535810546  0.000000000000  0.031967605511 -0.000000000000  0.152140100003 -0.016115536636  0.064804722799 -0.000000000000  0.031967605511  0.000000000000
  0.764705882353 -0.006960402212 -0.018828648436  0.021064432468 -0.000000000000  0.149028150092  0.000000000000 -0.007013902536 -0.004767168796  0.039574562894  0.000000000000  0.149028150092 -0.000000000000
  0.768627450980 -0.023731246531 -0.225510552229  0.074593695473  0.000000000000  0.040901870200 -0.000000000000  0.128813046852 -0.013808186591 -0.096227026928  0.000000000000  0.040901870200 -0.000000000000
  0.772549019608 -0.025087892521 -0.004179132257 -0.061318718312  0.000000000000  0.134120048914 -0.000000000000 -0.019812255070  0.009312604771 -0.010035710140 -0.000000000000  0.134120048914  0.000000000000
  0.776470588235 -0.024286041556  0.094703468542 -0.323856706329  0.000000000000  0.061215122157 -0.000000000000  0.147035974188 -0.000777967595  0.148687272304 -0.000000000000  0.061215122157  0.000000000000
  0.780392156863  0.001680800980  0.032961128593  0.074273334048 -0.000000000000  0.104093489875  0.000000000000  0.040867320611 -0.001435142780 -0.124710873774 -0.000000000000  0.104093489875  0.000000000000
  0.784313725490 -0.044194217669 -0.286063060211  0.379388994070  0.000000000000  0.173093616642 -0.000000000000  0.126629612040 -0.012073481300  0.064568120286  0.000000000000  0.173093616642 -0.000000000000
  0.788235294118  0.011546035986  0.079162936904  0.977191003863 -0.000000000000  0.071762952002  0.000000000000 -0.060116389061 -0.008545727310 -0.020000968326 -0.000000000000  0.071762952002 -0.000000000000
  0.792156862745 -0.047850322755  0.255967993750  0.438360146257  0.000000000000  0.221729087091 -0.000000000000 -0.092443502998 -0.004489284838 -0.039630467870 -0.000000000000  0.221729087091  0.000000000000
  0.796078431373  0.005515729187  0.022184431341 -0.243044115405 -0.000000000000  0.056869989781  0.000000000000 -0.173005713356  0.020076843640  0.072056288737  0.000000000000  0.056869989781 -0.000000000000
  0.800000000000 -0.032580445319 -0.283152494771  0.299061594234  0.000000000000  0.082881188599 -0.000000000000 -0.063940877871  0.001005560582  0.058105182347  0.000000000000  0.082881188599 -0.000000000000
  0.803921568627  0.018628018925 -0.451859072758  0.003084157032  0.000000000000  0.018423181674 -0.000000000000 -0.220945208079  0.010846319879 -0.038750287460  0.000000000000  0.018423181674 -0.000000000000
  0.807843137255 -0.036132186954 -0.072868955458 -0.699966741859  0.000000000000  0.112884563529 -0.000000000000 -0.043916520851  0.001692909543  0.086511868630 -0.000000000000  0.112884563529  0.000000000000
  0.811764705882  0.037707168311 -0.073022925679 -0.164651540546  0.000000000000  0.030013509191 -0.000000000000 -0.073806916217  0.015503537936  0.083050901486  0.000000000000  0.030013509191 -0.000000000000
  0.815686274510 -0.017954161966 -0.159665929934  0.202679193863  0.000000000000  0.109188028761 -0.000000000000  0.004130579992 -0.012376971149 -0.024077502069  0.000000000000  0.109188028761  0.000000000000
  0.819607843137  0.034164706082  0.061011383750  0.072285822229 -0.000000000000  0.086119545184  0.000000000000 -0.107590415658 -0.009165356771 -0.026180635068 -0.000000000000  0.086119545184 -0.000000000000
  0.823529411765 -0.026310959072  0.033149242380 -0.051723243090  0.000000000000  0.061386747945 -0.000000000000 -0.014441058364 -0.002549725066 -0.087873351634  0.000000000000  0.061386747945 -0.000000000000
  0.827450980392  0.014934545398  0.104705209201  0.355856651126 -0.000000000000  0.052950191644  0.000000000000 -0.108161846223 -0.016412830242 -0.036191788687 -0.000000000000  0.052950191644  0.000000000000
  0.831372549020 -0.035166982082 -0.189489420083 -0.238951582805 -0.000000000000  0.038082363890  0.000000000000 -0.078612081984  0.001657182240  0.055524170751  0.000000000000  0.038082363890 -0.000000000000
  0.835294117647  0.022804175473  0.165615959587 -0.289371163034 -0.000000000000  0.059837246534  0.000000000000 -0.056993880410 -0.000846185978 -0.087155620737  0.000000000000  0.059837246534 -0.000000000000
  0.839215686275 -0.052628846333  0.251754750815 -0.410412958676  0.000000000000  0.033717812941 -0.000000000000 -0.005824717057 -0.001999306225 -0.048710383154 -0.000000000000  0.033717812941  0.000000000000
  0.843137254902  0.013334417762  0.078151564285 -0.249025011752 -0.000000000000  0.041124465087  0.000000000000  0.035671553687  0.010775214180  0.073666772628 -0.000000000000  0.041124465087  0.000000000000
  0.847058823529 -0.037243528611 -0.117414967896  0.248151746472  0.000000000000  0.125880425124 -0.000000000000  0.046833915588 -0.009680790255  0.060945231151 -0.000000000000  0.125880425124  0.000000000000
  0.850980392157  0.029872427448  0.137344058592  0.478390984328 -0.000000000000  0.039964492632  0.000000000000 -0.015637422672  0.007524455078  0.112178869952 -0.000000000000  0.039964492632  0.000000000000
  0.854901960784 -0.016918572991  0.135664403504 -0.740139831988 -0.000000000000  0.204003217318  0.000000000000 -0.037483109751 -0.008354097160 -0.188300969235 -0.000000000000  0.204003217318  0.000000000000
  0.858823529412  0.000786941568 -0.134353149457 -0.203404348901  0.000000000000  0.049517128885 -0.000000000000  0.125877965317  0.013450676250  0.237361861505 -0.000000000000  0.049517128885  0.000000000000
  0.862745098039  0.025435073253 -0.478368336533 -0.336007698583  0.000000000000  0.179446165417 -0.000000000000  0.030825601696 -0.004787765238 -0.070384105370 -0.000000000000  0.179446165417  0.000000000000
  0.866666666667 -0.005061660997 -0.069503603050  0.140961542196 -0.000000000000  0.055866390749  0.000000000000  0.203940413513 -0.001643732464  0.118385074024 -0.000000000000  0.055866390749  0.000000000000
  0.870588235294  0.048608715585 -0.052249847156  0.079332030452 -0.000000000000  0.020393506156  0.000000000000  0.009441335826  0.012587529518  0.024393861677 -0.000000000000  0.020393506156  0.000000000000
  0.874509803922  0.000377666886 -0.073296561850  0.138111952743  0.000000000000  0.047796320581 -0.000000000000  0.179445767993 -0.013288753983 -0.084129498563 -0.000000000000  0.047796320581  0.000000000000
  0.878431372549  0.031951499389 -0.135186038809  0.993019067805  0.000000000000  0.026072191233 -0.000000000000 -0.045827451403 -0.001836764701 -0.006980932195  0.000000000000  0.026072191233 -0.000000000000
  0.882352941176 -0.004901047000 -0.092737856508 -0.132448836130 -0.000000000000  0.027616533009  0.000000000000 -0.019795828642 -0.011498451738 -0.055779342895  0.000000000000  0.027616533009 -0.000000000000
  0.886274509804  0.019237970054 -0.135969150423  0.037081522297  0.000000000000  0.061668683571 -0.000000000000 -0.043753728633 -0.004598269879 -0.017414316513  0.000000000000  0.061668683571 -0.000000000000
  0.890196078431 -0.012868446980  0.419645967865 -0.136069247155  0.000000000000  0.036294718117 -0.000000000000 -0.022675145601  0.008677881777 -0.107498320176  0.000000000000  0.036294718117 -0.000000000000
  0.894117647059 -0.002961328543 -0.033058129896  0.198400085691  0.000000000000  0.098640517926 -0.000000000000 -0.027457301919  0.002457056289  0.007427779801  0.000000000000  0.098640517926  0.000000000000
  0.898039215686 -0.015468375442 -0.366090795508  0.133904585495 -0.000000000000  0.090963078170  0.000000000000 -0.059697201731 -0.003606371754 -0.049607472656  0.000000000000  0.090963078170 -0.000000000000
  0.901960784314 -0.013627373844 -0.010926434487 -0.833812486111  0.000000000000  0.105529527092 -0.000000000000 -0.033639281284  0.001347695157 -0.018851155686 -0.000000000000  0.105529527092  0.000000000000
  0.905882352941 -0.020813775538 -0.108455303730  0.392946333954  0.000000000000  0.084562227062 -0.000000000000  0.096419596164  0.002965136616 -0.019405653036  0.000000000000  0.084562227062 -0.000000000000
  0.909803921569 -0.017005711492  0.116425848583  0.019776696014  0.000000000000  0.130568479759 -0.000000000000 -0.089359316061  0.001696093116  0.057697716714  0.000000000000  0.130568479759 -0.000000000000
  0.913725490196 -0.013444137806  0.045683970213 -0.801522861350  0.000000000000  0.033563855230 -0.000000000000  0.104669652942 -0.015040089642 -0.163405587095  0.000000000000  0.033563855230 -0.000000000000
  0.917647058824 -0.046231557958 -0.057648518469 -0.087554316937  0.000000000000  0.073389065500 -0.000000000000  0.070805460908  0.011241856688  0.084691504773  0.000000000000  0.073389065500 -0.000000000000
  0.921568627451  0.002558734132  0.128173430832  0.439387507907  0.000000000000  0.111758060564 -0.000000000000  0.130543405755  0.001765186496  0.108974550991  0.000000000000  0.111758060564 -0.000000000000
  0.925490196078 -0.025356015310 -0.004294291276  0.186845280376  0.000000000000  0.033839430870 -0.000000000000 -0.021991017837 -0.021582034319 -0.128392067665  0.000000000000  0.033839430870 -0.000000000000
  0.929411764706 -0.017429884364  0.032700086645  0.383707065790 -0.000000000000  0.074369495814  0.000000000000  0.071289228261  0.002677394150  0.127176785717  0.000000000000  0.074369495814 -0.000000000000
  0.933333333333 -0.003835689868 -0.178227317955  0.234692110703  0.000000000000  0.024682551170 -0.000000000000 -0.111692218101 -0.009109254857 -0.053064309733 -0.000000000000  0.024682551170  0.000000000000
  0.937254901961 -0.025925313845  0.086585995755 -0.258201377105 -0.000000000000  0.097956911088  0.000000000000  0.021748222540 -0.008301247220 -0.030932178092  0.000000000000  0.097956911088 -0.000000000000
  0.941176470588 -0.009356134046 -0.281074711911  0.245241937722 -0.000000000000  0.073663889635  0.000000000000 -0.073778619284  0.000450107981  0.062914868966 -0.000000000000  0.073663889635  0.000000000000
  0.945098039216 -0.013540465469  0.514686851513  0.119886027946 -0.000000000000  0.034840817578  0.000000000000 -0.020636960220 -0.000357060582 -0.008583198792  0.000000000000  0.034840817578 -0.000000000000
  0.949019607843 -0.003959710898 -0.036033538247 -0.415228738040 -0.000000000000  0.027951312065  0.000000000000 -0.097876846698  0.005817913812  0.226724779511  0.000000000000  0.027951312065 -0.000000000000
  0.952941176471  0.030071256436  0.227234575233 -0.364064585514 -0.000000000000  0.008035624080  0.000000000000  0.067246473309 -0.005438587128 -0.078398122591  0.000000000000  0.008035624080 -0.000000000000
  0.956862745098 -0.016882404254  0.354160814563  0.524699333586 -0.000000000000  0.060049066570  0.000000000000 -0.030477319372  0.000243930109 -0.112203899355 -0.000000000000  0.060049066570  0.000000000000
  0.960784313725  0.008077579606 -0.057975698589 -0.188645649453 -0.000000000000  0.030069574575  0.000000000000 -0.026758709870  0.000287374296  0.083219337510  0.000000000000  0.030069574575 -0.000000000000
  0.964705882353 -0.004757284204 -0.071441369949 -0.437605114864 -0.000000000000  0.030773749801  0.000000000000  0.006476071445 -0.015169060378 -0.064184272556  0.000000000000  0.030773749801 -0.000000000000
  0.968627450980 -0.003100434832  0.229538922368  0.205331721991 -0.000000000000  0.033107427101 -0.000000000000  0.059968972809  0.004637927145  0.007556301164  0.000000000000  0.033107427101 -0.000000000000
  0.972549019608 -0.004377462215 -0.059202247306  0.169598543305 -0.000000000000  0.049080008616  0.000000000000 -0.029749237632 -0.003307683476 -0.000374036210 -0.000000000000  0.049080008616  0.000000000000
  0.976470588235 -0.001338143120 -0.034178713158 -0.319131942537 -0.000000000000  0.089105122161  0.000000000000  0.030744642620  0.008401059311  0.064294320921  0.000000000000  0.089105122161 -0.000000000000
  0.980392156863  0.010036058669  0.133273468889 -0.022421230742  0.000000000000  0.030883336476 -0.000000000000  0.031549631625 -0.003063557859  0.045748737955  0.000000000000  0.030883336476 -0.000000000000
  0.984313725490  0.010479666019  0.033433015824 -0.323180048323 -0.000000000000  0.023260141565  0.000000000000  0.047948137042  0.005469049629  0.036174436677 -0.000000000000  0.023260141565  0.000000000000
  0.988235294118  0.019178117068 -0.213859195560  0.358909073132  0.000000000000  0.000000000000  0.000000000000  0.087016795051  0.012968010486  0.023155015234 -0.000000000000  0.000000000000  0.000000000000
  0.992156862745  0.015032192553 -0.060486791147  0.525245742462 -0.000000000000  0.000000000000  0.000000000000 -0.026978021775 -0.006879626331 -0.040211383915 -0.000000000000  0.000000000000  0.000000000000
  0.996078431373  0.009812873467 -0.087923750159 -0.471472014359  0.000000000000  0.020777044007 -0.000000000000 -0.021088899923  0.004339627511 -0.043227688054 -0.000000000000  0.020777044007  0.000000000000
  1.000000000000  0.000000000000  0.092842603093  0.764125203350 -0.000000000000  0.021081001567  0.000000000000  0.000000000000 -0.010876362383 -0.130206960075 -0.000000000000  0.021081001567 -0.000000000000
