             Rad         v_r[Re]         v_t[Re]         v_x[Re]         p[Re]          p_mg[Re]  p_no_phase[Re]         v_r[Im]         v_t[Im]         v_x[Im]         p[Im]          p_mg[Im]  p_no_phase[Im]
  0.000000000000 -0.039381633254  0.000000000000  0.302700823836 -0.000000000000  0.014685911065  0.000000000000  0.180289578695  0.000000000000 -0.056227002753 -0.000000000000  0.014685911065 -0.000000000000
  0.003921568627 -0.016230719228  0.020309909000 -0.331096064637 -0.000000000000  0.030290885285 -0.000000000000  0.100605934355  0.015410873907 -0.071427054500 -0.000000000000  0.030290885285 -0.000000000000
  0.007843137255  0.013871304065  0.004458612676  0.347953816108  0.000000000000  0.107203945319  0.000000000000  0.017021812909  0.033180136744 -0.076485667301 -0.000000000000  0.107203945319  0.000000000000
  0.011764705882  0.013471889744 -0.040378967258  0.022795223639 -0.000000000000  0.071645757061  0.000000000000 -0.005846723059 -0.001826626096 -0.033400020881 -0.000000000000  0.071645757061 -0.000000000000
  0.015686274510  0.003282939323 -0.058971104595  0.710129264517 -0.000000000000  0.047437219318 -0.000000000000  0.030112456571  0.006059101006  0.026780091628  0.000000000000  0.047437219318  0.000000000000
  0.019607843137  0.019955120196  0.030016364362 -0.167794907655 -0.000000000000  0.034875743450 -0.000000000000 -0.105330333095 -0.002198853307  0.007388928120  0.000000000000  0.034875743450  0.000000000000
  0.023529411765 -0.002776627261 -0.001524697638 -0.387684187242 -0.000000000000  0.129685225608  0.000000000000  0.071591932827  0.003788669094 -0.048227546376 -0.000000000000  0.129685225608 -0.000000000000
  0.027450980392  0.011851665932 -0.012437873633  0.252424162954  0.000000000000  0.007450915712  0.000000000000 -0.045932861780 -0.007088194146  0.017622601952  0.000000000000  0.007450915712  0.000000000000
  0.031372549020 -0.006601572545  0.019141245805  0.315629905791  0.000000000000  0.021930686709 -0.000000000000  0.034245243773 -0.003283991195 -0.027885606683  0.000000000000  0.021930686709  0.000000000000
  0.035294117647  0.006331782275 -0.065619843379  0.377850636130 -0.000000000000  0.024751240495  0.000000000000 -0.129530561159  0.014328329813  0.002173304698 -0.000000000000  0.024751240495 -0.000000000000
  0.039215686275 -0.003243953623  0.062877391896 -0.691170133660 -0.000000000000  0.076762620579 -0.000000000000  0.006707675442 -0.005396359455 -0.004705898004  0.000000000000  0.076762620579 -0.000000000000
  0.043137254902  0.005537008766  0.021407689955  0.178130561731  0.000000000000  0.017713410879 -0.000000000000 -0.021220192116 -0.002264542290  0.039716130972  0.000000000000  0.017713410879  0.000000000000
  0.047058823529  0.003480558520  0.036441443829  0.250004528305 -0.000000000000  0.150155394405 -0.000000000000 -0.024505297763 -0.019740009118  0.031625653333  0.000000000000  0.150155394405 -0.000000000000
  0.050980392157  0.008809258863  0.031668716267 -0.235096231116 -0.000000000000  0.034097439623  0.000000000000 -0.076255471125  0.007108578958  0.066803848256 -0.000000000000  0.034097439623 -0.000000000000
  0.054901960784  0.016285755941  0.061827864128  0.302801375113 -0.000000000000  0.060900432424  0.000000000000  0.006966999239 -0.010181452890 -0.043644533432 -0.000000000000  0.060900432424 -0.000000000000
  0.058823529412 -0.001803668888  0.033237550364  0.234235103863  0.000000000000  0.045807839857 -0.000000000000 -0.150144561165  0.017484099022 -0.001199526826  0.000000000000  0.045807839857  0.000000000000
  0.062745098039  0.018452288351  0.126033947999 -0.537799595843 -0.000000000000  0.041544731578 -0.000000000000 -0.028673131037 -0.003147670610  0.018797275804  0.000000000000  0.041544731578 -0.000000000000
  0.066666666667 -0.001394364692 -0.002945948786 -0.276354990166  0.000000000000  0.010455545744 -0.000000000000 -0.060884467778  0.010588413296 -0.062591275887  0.000000000000  0.010455545744  0.000000000000
  0.070588235294  0.008634988856  0.149633061413 -0.221026097806  0.000000000000  0.041456898218 -0.000000000000  0.044986610895  0.000983283304  0.034617277860  0.000000000000  0.041456898218  0.000000000000
  0.074509803922  0.001907723087  0.038742400706  0.181308978776 -0.000000000000  0.019587876029 -0.000000000000 -0.041500907394 -0.030227198709 -0.051890318061  0.000000000000  0.019587876029 -0.000000000000
  0.078431372549 -0.004987006910  0.166404241293 -0.178757494571  0.000000000000  0.022526918364  0.000000000000  0.009189570114  0.018391954571  0.030541587828 -0.000000000000  0.022526918364  0.000000000000
  0.082352941176  0.010412848954 -0.040086559551  0.229567618835 -0.000000000000  0.085874164918 -0.000000000000 -0.040127882906  0.013395618585  0.038567892301 -0.000000000000  0.085874164918 -0.000000000000
  0.086274509804  0.003705073097  0.070158804408 -0.421530627582  0.000000000000  0.052752728633 -0.000000000000 -0.019234274634 -0.004798591760 -0.036714191090  0.000000000000  0.052752728633  0.000000000000
  0.090196078431  0.001586629573 -0.037870675615  0.411590822610  0.000000000000  0.074102701056  0.000000000000  0.022470973667  0.029079106645 -0.075171453737 -0.000000000000  0.074102701056  0.000000000000
  0.094117647059 -0.010750097642  0.076282042166 -0.194306244796  0.000000000000  0.039819904786 -0.000000000000 -0.085198636146 -0.001393727450 -0.078850509098  0.000000000000  0.039819904786  0.000000000000
  0.098039215686 -0.016828119988  0.056450412514 -0.120005580723  0.000000000000  0.090743297020 -0.000000000000  0.049996647446 -0.013932276012 -0.048397418257  0.000000000000  0.090743297020  0.000000000000
  0.101960784314 -0.023907171665  0.006997653196  0.103161633407 -0.000000000000  0.120500833354 -0.000000000000 -0.070140269794 -0.007628387501 -0.019992117625  0.000000000000  0.120500833354 -0.000000000000
  0.105882352941 -0.022454956399 -0.013005017750  0.123815125260  0.000000000000  0.030167148128  0.000000000000  0.032884643077  0.013818932870 -0.035376309055  0.000000000000  0.030167148128  0.000000000000
  0.109803921569 -0.028397095190  0.164785567230 -0.468318602194 -0.000000000000  0.086575247837 -0.000000000000 -0.086185561081  0.010991879412  0.003543533792  0.000000000000  0.086575247837 -0.000000000000
  0.113725490196 -0.019518735197  0.096493195131 -0.425629520288  0.000000000000  0.034137686800 -0.000000000000  0.118909502628 -0.049399471928  0.018339995432  0.000000000000  0.034137686800  0.000000000000
  0.117647058824 -0.027567681000 -0.009580656512  0.249930157105  0.000000000000  0.140001243399  0.000000000000 -0.012250705712  0.005058101403  0.024026358225 -0.000000000000  0.140001243399  0.000000000000
  0.121568627451 -0.011782659585 -0.009336164178 -0.209326845434  0.000000000000  0.011430889260  0.000000000000  0.085769706022  0.014533214990  0.021931968833 -0.000000000000  0.011430889260  0.000000000000
  0.125490196078 -0.019270448880 -0.018420454980 -0.264347989734 -0.000000000000  0.074590249765 -0.000000000000  0.028178563838  0.014831694922  0.020664429528  0.000000000000  0.074590249765 -0.000000000000
  0.129411764706 -0.003356517405  0.072637396907  0.052733779690  0.000000000000  0.062412403982  0.000000000000  0.139961001512 -0.005342188839  0.029535150391 -0.000000000000  0.062412403982  0.000000000000
  0.133333333333 -0.010923524500  0.073780475057  0.246092791838  0.000000000000  0.126271480319 -0.000000000000  0.003367765102  0.008663298313  0.056399117646  0.000000000000  0.126271480319  0.000000000000
  0.137254901961  0.011327764251 -0.023985921040  0.320991064485 -0.000000000000  0.079649418351  0.000000000000  0.073725077939 -0.003858345819  0.061093780145 -0.000000000000  0.079649418351 -0.000000000000
  0.141176470588 -0.000236030762  0.115897449616 -0.355825922876  0.000000000000  0.078795908179 -0.000000000000 -0.062411957671 -0.029684586802 -0.090747986195  0.000000000000  0.078795908179  0.000000000000
  0.145098039216 -0.007160420392  0.054469558092  0.042191886243 -0.000000000000  0.042771553229  0.000000000000  0.126068295466  0.006521940928  0.019055614631 -0.000000000000  0.042771553229 -0.000000000000
  0.149019607843  0.003231828232 -0.045300121357  0.340309239468  0.000000000000  0.038496978868  0.000000000000 -0.079583824550  0.012807926615  0.056260542587 -0.000000000000  0.038496978868  0.000000000000
  0.152941176471  0.002626729324  0.145387886141 -0.735919455594  0.000000000000  0.109397751247  0.000000000000  0.078752113869 -0.047503482831 -0.099950456838  0.000000000000  0.109397751247  0.000000000000
  0.156862745098 -0.017259304016 -0.044962868154  0.351359521559  0.000000000000  0.019539888518 -0.000000000000  0.039134667374 -0.011106182055  0.083189998072  0.000000000000  0.019539888518  0.000000000000
  0.160784313725  0.015736688878  0.094704840892 -0.428480896503 -0.000000000000  0.110446750618 -0.000000000000  0.035133659148  0.009754129825 -0.021886160620  0.000000000000  0.110446750618 -0.000000000000
  0.164705882353 -0.020896691924 -0.022913499670  0.119831241698  0.000000000000  0.044757384136  0.000000000000  0.107383407678 -0.016950659737 -0.058011295054 -0.000000000000  0.044757384136  0.000000000000
  0.168627450980  0.006754984035  0.012711933751 -0.073077223692  0.000000000000  0.039889762893 -0.000000000000  0.018335142050  0.014662035116  0.135645976458  0.000000000000  0.039889762893  0.000000000000
  0.172549019608  0.005600775000 -0.122617500822  0.297056684000 -0.000000000000  0.030851881116 -0.000000000000  0.110304651042 -0.032609435246  0.002070551731  0.000000000000  0.030851881116 -0.000000000000
  0.176470588235  0.008640072345 -0.022121350060  0.350437106457  0.000000000000  0.082090743569  0.000000000000 -0.043915516444  0.010339753263  0.031723615385 -0.000000000000  0.082090743569 -0.000000000000
  0.180392156863  0.010250539038 -0.037489453853 -0.086630310288 -0.000000000000  0.017487351413 -0.000000000000  0.038550222218 -0.005793517140 -0.094019699202  0.000000000000  0.017487351413  0.000000000000
  0.184313725490 -0.009019953383 -0.006746285382 -0.171282233106 -0.000000000000  0.022014760404 -0.000000000000 -0.029503881260  0.006076145755  0.029736473941 -0.000000000000  0.022014760404 -0.000000000000
  0.188235294118  0.017499208536  0.051587804839 -0.243190781321 -0.000000000000  0.030223840365 -0.000000000000  0.080203914370  0.012435667566  0.116218911541  0.000000000000  0.030223840365 -0.000000000000
  0.192156862745  0.014578299467  0.066182957920  0.303965179467  0.000000000000  0.009803425176  0.000000000000  0.009658190519 -0.011665253238 -0.016288502652 -0.000000000000  0.009803425176  0.000000000000
  0.196078431373  0.014889355226 -0.086123393921  0.178890163508 -0.000000000000  0.079609247961 -0.000000000000  0.016215942050 -0.002681540759 -0.030943060737  0.000000000000  0.079609247961 -0.000000000000
  0.200000000000  0.004935601745 -0.073505854910  0.014067827060  0.000000000000  0.019335555369  0.000000000000 -0.029818121367  0.001985238936 -0.103813490357 -0.000000000000  0.019335555369  0.000000000000
  0.203921568627 -0.006243653939 -0.226328982379  0.312624376328 -0.000000000000  0.039602002936  0.000000000000  0.007558037488  0.032250935758  0.028516036194 -0.000000000000  0.039602002936 -0.000000000000
  0.207843137255  0.008586004866 -0.069719323674  0.029487246360  0.000000000000  0.023892054594 -0.000000000000 -0.079144885377 -0.044870906410 -0.059382646210  0.000000000000  0.023892054594  0.000000000000
  0.211764705882 -0.016964347456  0.091962773587 -0.348802379893 -0.000000000000  0.030957550129 -0.000000000000  0.009277640693  0.034281017378  0.126594556697  0.000000000000  0.030957550129 -0.000000000000
  0.215686274510  0.034582204687 -0.006664265975  0.183840998280 -0.000000000000  0.022107581537 -0.000000000000 -0.019297402817 -0.005019098820  0.000070791801  0.000000000000  0.022107581537 -0.000000000000
  0.219607843137 -0.015859614865  0.087825176249 -0.053339897540 -0.000000000000  0.071952141002 -0.000000000000 -0.017869048354  0.021814227550 -0.043928615499 -0.000000000000  0.071952141002 -0.000000000000
  0.223529411765  0.027048180137  0.084205244284 -0.104617878280 -0.000000000000  0.033551098733 -0.000000000000 -0.015058747001  0.007518448904 -0.026700695559  0.000000000000  0.033551098733  0.000000000000
  0.227450980392 -0.021076355266 -0.013250041158  0.271671308310 -0.000000000000  0.032076706706 -0.000000000000 -0.006673260831  0.016567097798  0.045051895736  0.000000000000  0.032076706706 -0.000000000000
  0.231372549020  0.037260416512 -0.065033891804 -0.167633025888  0.000000000000  0.040412196935  0.000000000000 -0.061553001195  0.006342054952  0.035969690796 -0.000000000000  0.040412196935  0.000000000000
  0.235294117647 -0.016047340276 -0.074530340421 -0.174774560686 -0.000000000000  0.073673442323 -0.000000000000  0.029464539641  0.000820840538 -0.112422543767  0.000000000000  0.073673442323 -0.000000000000
  0.239215686275  0.015855826505 -0.057240239246  0.341307071709  0.000000000000  0.055934896734 -0.000000000000 -0.027883828269  0.016230474937 -0.002024270382  0.000000000000  0.055934896734  0.000000000000
  0.243137254902 -0.019501791333 -0.085643338663  0.201586122488 -0.000000000000  0.062883101582  0.000000000000 -0.035395279288 -0.010834390767 -0.038848232564 -0.000000000000  0.062883101582 -0.000000000000
  0.247058823529  0.009533552499 -0.035840476222  0.101440932987  0.000000000000  0.050238158895 -0.000000000000 -0.073054003864 -0.009440851631  0.071705102744  0.000000000000  0.050238158895  0.000000000000
  0.250980392157 -0.005267710846  0.013233279577 -0.074729895998 -0.000000000000  0.072010156436 -0.000000000000 -0.055686298989  0.014477332044  0.067073199514  0.000000000000  0.072010156436 -0.000000000000
  0.254901960784  0.022662307528  0.022078502825 -0.061055986398  0.000000000000  0.034020782452 -0.000000000000 -0.058657516842 -0.015865482381 -0.105977424801  0.000000000000  0.034020782452  0.000000000000
  0.258823529412 -0.026101308386  0.136521954273  0.044914100744 -0.000000000000  0.058725363694 -0.000000000000 -0.042925450605 -0.018721606469 -0.009152585836  0.000000000000  0.058725363694 -0.000000000000
  0.262745098039  0.019145704798  0.198706159324 -0.105999821829  0.000000000000  0.038740181360  0.000000000000 -0.069418330560 -0.002946971978  0.066062352264 -0.000000000000  0.038740181360  0.000000000000
  0.266666666667 -0.016981370832  0.065029500065 -0.063372426122  0.000000000000  0.068486057026  0.000000000000 -0.029479597747 -0.035229731399 -0.122093578991 -0.000000000000  0.068486057026 -0.000000000000
  0.270588235294 -0.003520698072 -0.099039791852  0.073508996124  0.000000000000  0.039228817835 -0.000000000000 -0.058619732395  0.014746797734  0.062818535231  0.000000000000  0.039228817835  0.000000000000
  0.274509803922 -0.006475881399 -0.010669195679  0.100569703708 -0.000000000000  0.034368949947  0.000000000000 -0.038195086228 -0.010513018584  0.003931686478 -0.000000000000  0.034368949947 -0.000000000000
  0.278431372549 -0.001090874799 -0.062355420562 -0.356341720099 -0.000000000000  0.051224237724 -0.000000000000 -0.068477368518  0.012273368319  0.031282369021  0.000000000000  0.051224237724 -0.000000000000
  0.282352941176 -0.001215823570 -0.025493248573 -0.132952461473  0.000000000000  0.044099821250 -0.000000000000  0.039209972224 -0.009251679828 -0.074486771316  0.000000000000  0.044099821250  0.000000000000
  0.286274509804 -0.014843735646 -0.061963816377  0.027008664981 -0.000000000000  0.087047824291 -0.000000000000 -0.030998197247 -0.014214357375  0.019707963209 -0.000000000000  0.087047824291 -0.000000000000
  0.290196078431  0.003224482057  0.174509179374 -0.394413913170 -0.000000000000  0.038250367560  0.000000000000  0.051122649050 -0.001259182861  0.088492840098 -0.000000000000  0.038250367560 -0.000000000000
  0.294117647059  0.005750265371  0.010247239965 -0.135752062397 -0.000000000000  0.034251073150 -0.000000000000  0.043723319664 -0.027227183952  0.091496161400 -0.000000000000  0.034251073150 -0.000000000000
  0.298039215686  0.025655158991  0.081521657140  0.057209340295 -0.000000000000  0.089869849298 -0.000000000000  0.083181347254  0.018052988764  0.107941854457  0.000000000000  0.089869849298 -0.000000000000
  0.301960784314  0.030711030720 -0.106469383774  0.408590818004  0.000000000000  0.001843919758  0.000000000000  0.022801824720  0.017633934538  0.025354124746 -0.000000000000  0.001843919758  0.000000000000
  0.305882352941  0.031939919597  0.098786278531 -0.407654284996 -0.000000000000  0.025001935897 -0.000000000000  0.012368409278  0.010010333934 -0.060225037275  0.000000000000  0.025001935897 -0.000000000000
  0.309803921569  0.015547017521  0.100813354533 -0.004138793622 -0.000000000000  0.047536469560 -0.000000000000  0.088514857843 -0.013625851127 -0.138110880312  0.000000000000  0.047536469560  0.000000000000
  0.313725490196  0.000647431139  0.174771540239  0.507766549770  0.000000000000  0.041867600058  0.000000000000  0.001726520488  0.006491398338 -0.052674878306  0.000000000000  0.041867600058  0.000000000000
  0.317647058824  0.003516712551  0.070784137449  0.149894140067  0.000000000000  0.021549522139  0.000000000000 -0.024753374142  0.021788805600  0.105729900234 -0.000000000000  0.021549522139  0.000000000000
  0.321568627451  0.016474435094  0.018511270214  0.026338048337 -0.000000000000  0.041562419223  0.000000000000 -0.044590457797 -0.018911139767 -0.177112154990 -0.000000000000  0.041562419223 -0.000000000000
  0.325490196078 -0.029622722683  0.099555005568 -0.220496449412  0.000000000000  0.026662943048  0.000000000000 -0.029586994364  0.008808736855  0.034914326461 -0.000000000000  0.026662943048  0.000000000000
  0.329411764706  0.021300798164  0.064130076986 -0.307950058879 -0.000000000000  0.061823096142 -0.000000000000  0.003264644238 -0.003857383262  0.054955682007 -0.000000000000  0.061823096142 -0.000000000000
  0.333333333333 -0.019469861721 -0.110672760682 -0.020169840364  0.000000000000  0.029268589550  0.000000000000  0.036720010569 -0.013097512596 -0.036147453175  0.000000000000  0.029268589550  0.000000000000
  0.337254901961  0.015637412072  0.149880363652 -0.164777104454 -0.000000000000  0.078124079682  0.000000000000  0.021595922664 -0.027578720291  0.031662621287 -0.000000000000  0.078124079682 -0.000000000000
  0.341176470588 -0.017278489244 -0.306383883181  0.332692399793  0.000000000000  0.029979840310  0.000000000000  0.059359489772 -0.001450150153 -0.085428633394  0.000000000000  0.029979840310  0.000000000000
  0.345098039216 -0.000956727405  0.077173125667 -0.121487825052  0.000000000000  0.134150717493 -0.000000000000 -0.029252948688  0.020511636956  0.003636191125  0.000000000000  0.134150717493  0.000000000000
  0.349019607843 -0.020200476571  0.035430163343  0.003422782836  0.000000000000  0.033790596477  0.000000000000  0.075467294721 -0.026065689948 -0.104270397161 -0.000000000000  0.033790596477  0.000000000000
  0.352941176471 -0.019166861393  0.110532459425 -0.310379923876 -0.000000000000  0.098181476989 -0.000000000000 -0.023052597454  0.006144218823  0.141655391717  0.000000000000  0.098181476989  0.000000000000
  0.356862745098  0.004907136500  0.019289069697 -0.010644563166 -0.000000000000  0.034052466105 -0.000000000000  0.134060937693 -0.007304851073 -0.049311565590  0.000000000000  0.034052466105 -0.000000000000
  0.360784313725 -0.026494398734  0.048784254035  0.174333343860  0.000000000000  0.076598073891  0.000000000000 -0.020972630880 -0.013847595467 -0.018026225416  0.000000000000  0.076598073891  0.000000000000
  0.364705882353  0.001104349193  0.082411785023 -0.029154077631 -0.000000000000  0.036168904252 -0.000000000000  0.098175265911  0.007686216727  0.030230609484  0.000000000000  0.036168904252 -0.000000000000
  0.368627450980 -0.021156102757 -0.185924838668  0.176470588471  0.000000000000  0.073711249113 -0.000000000000 -0.026683136321 -0.012362796917 -0.020145886739  0.000000000000  0.073711249113  0.000000000000
  0.372549019608 -0.001648102711 -0.119576412525 -0.304029775091  0.000000000000  0.018650819612  0.000000000000  0.076580341350  0.002750403668  0.034559736136 -0.000000000000  0.018650819612  0.000000000000
  0.376470588235 -0.016456943292 -0.225966431918  0.064658922901  0.000000000000  0.014024644918  0.000000000000  0.032208052600 -0.005368127886 -0.082637566042 -0.000000000000  0.014024644918  0.000000000000
  0.380392156863 -0.016416746107 -0.054188295108  0.206171449506 -0.000000000000  0.022909450750 -0.000000000000  0.071859854530  0.000041019618  0.029718127767  0.000000000000  0.022909450750 -0.000000000000
  0.384313725490 -0.010392781283  0.084926811803  0.266053808588 -0.000000000000  0.030845168747 -0.000000000000 -0.015486870872  0.016959568399  0.074907072167  0.000000000000  0.030845168747 -0.000000000000
  0.388235294118 -0.001792564497 -0.005735316794 -0.130906279244 -0.000000000000  0.009293684002  0.000000000000  0.013909614574 -0.012477679252 -0.064095048800 -0.000000000000  0.009293684002 -0.000000000000
  0.392156862745 -0.022390729243  0.138043542874 -0.096721560781  0.000000000000  0.050314719047 -0.000000000000  0.004847491891  0.003488629185 -0.044132274971  0.000000000000  0.050314719047  0.000000000000
  0.396078431373 -0.009051465372  0.225710362788  0.050109440092 -0.000000000000  0.034285360685  0.000000000000  0.029487207559 -0.001228038940  0.118028352640 -0.000000000000  0.034285360685 -0.000000000000
  0.400000000000 -0.002761048799  0.005538716079 -0.078045986056  0.000000000000  0.047276463105 -0.000000000000 -0.008874073014 -0.008112005788 -0.125168120225  0.000000000000  0.047276463105  0.000000000000
  0.403921568627 -0.030681245285 -0.162492927868  0.155753283212 -0.000000000000  0.072025620182 -0.000000000000  0.039877714835 -0.008312304472  0.037908357240  0.000000000000  0.072025620182 -0.000000000000
  0.407843137255  0.002497058797 -0.170965126323 -0.003007374216  0.000000000000  0.067443579049 -0.000000000000 -0.034194307343 -0.005633489356  0.008768311324  0.000000000000  0.067443579049  0.000000000000
  0.411764705882 -0.028088360762 -0.125417187882  0.219309055101 -0.000000000000  0.061287287757 -0.000000000000  0.038027726115 -0.017951643624  0.018992679210  0.000000000000  0.061287287757 -0.000000000000
  0.415686274510  0.005815971721  0.084645957558 -0.129951919830  0.000000000000  0.035935753861  0.000000000000 -0.071790420221 -0.000742542483 -0.018194457182 -0.000000000000  0.035935753861  0.000000000000
  0.419607843137 -0.033029245413 -0.096318676858 -0.061114530626 -0.000000000000  0.074074000465 -0.000000000000  0.058802255929  0.008719740074 -0.069447685436  0.000000000000  0.074074000465 -0.000000000000
  0.423529411765 -0.007663158700  0.129674186992  0.213037245453 -0.000000000000  0.082471020083  0.000000000000 -0.060806312496 -0.014341670841 -0.014560892577 -0.000000000000  0.082471020083 -0.000000000000
  0.427450980392 -0.032643902332  0.047096677463  0.027585006918 -0.000000000000  0.057965974907  0.000000000000  0.015025113847  0.024936507307  0.208730630338 -0.000000000000  0.057965974907 -0.000000000000
  0.431372549020  0.034074908063  0.036947999702 -0.253111509771  0.000000000000  0.018929650968  0.000000000000 -0.065771256528 -0.001808251257 -0.052647242757 -0.000000000000  0.018929650968  0.000000000000
  0.435294117647 -0.035629739141  0.033263932681 -0.449456432754 -0.000000000000  0.042470489511 -0.000000000000  0.074377354365  0.017467606493  0.093291725341 -0.000000000000  0.042470489511 -0.000000000000
  0.439215686275  0.055145847279 -0.256742943305  0.482299077049 -0.000000000000  0.071691793730  0.000000000000  0.017860284847 -0.008480897366  0.089327419164 -0.000000000000  0.071691793730 -0.000000000000
  0.443137254902 -0.018044993397  0.080627216592  0.003929715008 -0.000000000000  0.084098756932 -0.000000000000 -0.005719256863 -0.030582875821 -0.077136700087  0.000000000000  0.084098756932 -0.000000000000
  0.447058823529  0.042357250973 -0.211102050244  0.298189415418  0.000000000000  0.065852563825  0.000000000000 -0.003099317556  0.012608286709  0.045817758036 -0.000000000000  0.065852563825 -0.000000000000
  0.450980392157 -0.012360568796 -0.062531315682  0.360282973530 -0.000000000000  0.074648040855 -0.000000000000 -0.070618196148 -0.011304908660 -0.058812734111 -0.000000000000  0.074648040855 -0.000000000000
  0.454901960784  0.030554532940  0.068746166323 -0.083218815276 -0.000000000000  0.028899835027  0.000000000000 -0.078351907663  0.001125404958 -0.027149583382 -0.000000000000  0.028899835027 -0.000000000000
  0.458823529412 -0.019141981658  0.093566037241 -0.041195077025  0.000000000000  0.034907600097 -0.000000000000 -0.063009084270  0.003147232117  0.005323081528  0.000000000000  0.034907600097  0.000000000000
  0.462745098039  0.033621501198  0.079349455734 -0.116790306208 -0.000000000000  0.011479183929  0.000000000000 -0.066647765610  0.020825482631  0.104955556863 -0.000000000000  0.011479183929 -0.000000000000
  0.466666666667  0.001216379207 -0.036170549819 -0.398803994242 -0.000000000000  0.040946335076 -0.000000000000 -0.028874225292 -0.001156105583 -0.033549616764 -0.000000000000  0.040946335076 -0.000000000000
  0.470588235294  0.027968696567  0.096360293714 -0.106359539155  0.000000000000  0.049881079166 -0.000000000000  0.020887617311 -0.007501319190 -0.057271465796  0.000000000000  0.049881079166  0.000000000000
  0.474509803922 -0.011381744641 -0.005302062494 -0.001791700958 -0.000000000000  0.044782484582  0.000000000000  0.001492498776  0.005559387547  0.005307390114 -0.000000000000  0.044782484582 -0.000000000000
  0.478431372549  0.026971237313  0.115949117595 -0.240110629345  0.000000000000  0.039262218401 -0.000000000000  0.030808354613  0.003901899972 -0.030985763812  0.000000000000  0.039262218401  0.000000000000
  0.482352941176 -0.017320069150  0.104594093599 -0.001341711741  0.000000000000  0.078909483732 -0.000000000000  0.046777529471  0.010894493806  0.019335282116  0.000000000000  0.078909483732  0.000000000000
  0.486274509804  0.030952541909 -0.215902955727  0.086173889370  0.000000000000  0.065394437741 -0.000000000000  0.032363730853 -0.003187052328 -0.002076136345  0.000000000000  0.065394437741  0.000000000000
  0.490196078431 -0.013676679904  0.051754413626 -0.074597038513  0.000000000000  0.069983353600  0.000000000000  0.036803127864 -0.009589712160  0.159231174943  0.000000000000  0.069983353600  0.000000000000
  0.494117647059  0.062987291863 -0.073016057604 -0.124138673698  0.000000000000  0.013947321627  0.000000000000  0.047532175279 -0.013397764814  0.011558349983 -0.000000000000  0.013947321627  0.000000000000
  0.498039215686 -0.010288198129  0.160639462618 -0.062717582833  0.000000000000  0.074462749158 -0.000000000000  0.064580070197 -0.016166670015 -0.072543990338  0.000000000000  0.074462749158  0.000000000000
  0.501960784314  0.048480395944  0.072377221757  0.336560686145  0.000000000000  0.050680820830 -0.000000000000  0.050470991571  0.004532763068  0.000350473427  0.000000000000  0.050680820830  0.000000000000
  0.505882352941 -0.013854347068 -0.079404088995 -0.074846436939 -0.000000000000  0.060905159375 -0.000000000000 -0.001607746213 -0.000529188132 -0.045333165997  0.000000000000  0.060905159375 -0.000000000000
  0.509803921569  0.037603482156 -0.161514158746 -0.217317573398  0.000000000000  0.034772180855 -0.000000000000  0.064270359746 -0.010014614013 -0.064127542602  0.000000000000  0.034772180855  0.000000000000
  0.513725490196 -0.027382982676 -0.252912546880  0.167736419742 -0.000000000000  0.047142508126 -0.000000000000  0.042646428452  0.007407315069  0.049125965188  0.000000000000  0.047142508126 -0.000000000000
  0.517647058824  0.046163477243 -0.066642326417  0.047044025512  0.000000000000  0.044857570591  0.000000000000  0.039728727733  0.001206601345  0.008659529429  0.000000000000  0.044857570591  0.000000000000
  0.521568627451 -0.026300154102 -0.121270280941  0.318158617135  0.000000000000  0.111294835081  0.000000000000  0.022746570196 -0.012379695755 -0.046681655149  0.000000000000  0.111294835081  0.000000000000
  0.525490196078  0.036659832865  0.059494675392  0.186324509996  0.000000000000  0.107316461934  0.000000000000 -0.029639040585 -0.005111514501 -0.009223098453 -0.000000000000  0.107316461934  0.000000000000
  0.529411764706 -0.030325028155 -0.024134519237  0.321211376031  0.000000000000  0.030250272627 -0.000000000000 -0.033054414330 -0.002097091329 -0.006660080604  0.000000000000  0.030250272627  0.000000000000
  0.533333333333  0.032630555475  0.066493315127  0.314773364737  0.000000000000  0.117868634265 -0.000000000000 -0.106403886984 -0.002254584489 -0.085649451906  0.000000000000  0.117868634265  0.000000000000
  0.537254901961 -0.050409929784  0.213258179029 -0.472846684981 -0.000000000000  0.082579140937 -0.000000000000 -0.094739970347 -0.009088782540 -0.092175639440  0.000000000000  0.082579140937 -0.000000000000
  0.541176470588  0.013609735767 -0.270196978732  0.128110386903  0.000000000000  0.075064096252  0.000000000000 -0.027015811784  0.011406350517  0.062203985906 -0.000000000000  0.075064096252 -0.000000000000
  0.545098039216 -0.040725620301 -0.072220320304  0.318613717381 -0.000000000000  0.029326255369  0.000000000000 -0.110609397406  0.001150095390 -0.011375140577 -0.000000000000  0.029326255369 -0.000000000000
  0.549019607843  0.011729893632 -0.025690450378 -0.244107431144  0.000000000000  0.063688123986  0.000000000000 -0.081741813739 -0.008451507063 -0.053252985683  0.000000000000  0.063688123986  0.000000000000
  0.552941176471 -0.051319767608 -0.144398521274 -0.420162160630 -0.000000000000  0.027490992933  0.000000000000 -0.054780470962  0.001996154642  0.004595631365 -0.000000000000  0.027490992933 -0.000000000000
  0.556862745098  0.014844901739  0.032227422127 -0.512093524955  0.000000000000  0.039500511104  0.000000000000  0.025291463902  0.012242508539  0.114960096242  0.000000000000  0.039500511104  0.000000000000
  0.560784313725 -0.027721799755 -0.062472917258  0.091167242285 -0.000000000000  0.059668360421 -0.000000000000  0.057338285248 -0.010942468753 -0.000008762503  0.000000000000  0.059668360421 -0.000000000000
  0.564705882353  0.019369416090 -0.153102197391  0.143227482396  0.000000000000  0.028413466514  0.000000000000  0.019508470282 -0.005568291243  0.063173017813  0.000000000000  0.028413466514  0.000000000000
  0.568627450980 -0.015599714318  0.084951515125 -0.225218986968 -0.000000000000  0.029022862885  0.000000000000  0.036289658178  0.007681919784 -0.033690289461 -0.000000000000  0.029022862885 -0.000000000000
  0.572549019608  0.015268821876 -0.022170680839  0.022107955955 -0.000000000000  0.042513770660  0.000000000000  0.057681680921 -0.001152941798  0.051875712335 -0.000000000000  0.042513770660 -0.000000000000
  0.576470588235 -0.010241541600  0.054795918184  0.407335338537  0.000000000000  0.057734160410 -0.000000000000  0.026503507410 -0.001946452671 -0.185867803106  0.000000000000  0.057734160410  0.000000000000
  0.580392156863 -0.017694372232  0.259099197794 -0.160654677602  0.000000000000  0.049733639476  0.000000000000 -0.023005124676  0.000299478124  0.147822704995 -0.000000000000  0.049733639476  0.000000000000
  0.584313725490  0.011733815000  0.165475171512  0.015440024943  0.000000000000  0.070736811551  0.000000000000  0.040862431172 -0.006362990778 -0.131484855236 -0.000000000000  0.070736811551 -0.000000000000
  0.588235294118 -0.042290321107  0.046011208731  0.428852289645 -0.000000000000  0.029869305669  0.000000000000 -0.039303460648 -0.003602988656 -0.066047120336 -0.000000000000  0.029869305669 -0.000000000000
  0.592156862745  0.001211537216  0.093831267851  0.140985256702 -0.000000000000  0.019024771850 -0.000000000000 -0.049718880449  0.021667778557  0.228706509181 -0.000000000000  0.019024771850 -0.000000000000
  0.596078431373 -0.001076015989 -0.104155555187 -0.322787383842 -0.000000000000  0.020139165457 -0.000000000000 -0.070728627146 -0.021877210128 -0.148335258947  0.000000000000  0.020139165457 -0.000000000000
  0.600000000000 -0.020654656807 -0.002247395302 -0.356211325749 -0.000000000000  0.004496678181  0.000000000000  0.021576852722  0.011054456307  0.102788723270 -0.000000000000  0.004496678181 -0.000000000000
  0.603921568627  0.018832233550  0.282444595879  0.225719279058  0.000000000000  0.043620793376 -0.000000000000  0.002699800635  0.010293322758  0.081324057671  0.000000000000  0.043620793376  0.000000000000
  0.607843137255 -0.004113684888  0.253418311086 -0.026096935543 -0.000000000000  0.091529967016 -0.000000000000 -0.019714552543 -0.004262100653 -0.113531555518  0.000000000000  0.091529967016 -0.000000000000
  0.611764705882  0.003547902647 -0.163410376973  0.100062436920 -0.000000000000  0.064223539194 -0.000000000000 -0.002762698224 -0.003733062304  0.201636457302  0.000000000000  0.064223539194 -0.000000000000
  0.615686274510  0.035500869841  0.240321898630 -0.516369287108 -0.000000000000  0.057908523429 -0.000000000000 -0.025346831267 -0.005457167864  0.068635095813 -0.000000000000  0.057908523429 -0.000000000000
  0.619607843137  0.020303422207  0.169978344782  0.116299907454 -0.000000000000  0.102170591787  0.000000000000  0.089249682961  0.008106910467 -0.057657373676 -0.000000000000  0.102170591787 -0.000000000000
  0.623529411765  0.025815235225  0.128298762750  0.681761703955 -0.000000000000  0.023966228198  0.000000000000 -0.058806773563 -0.003961204404 -0.011307139858 -0.000000000000  0.023966228198 -0.000000000000
  0.627450980392  0.016816367443 -0.047400316307  0.140019270809  0.000000000000  0.043580300563  0.000000000000 -0.055413056870 -0.002570686345  0.014659630362  0.000000000000  0.043580300563  0.000000000000
  0.631372549020  0.027887358987 -0.078414327914 -0.165872467155 -0.000000000000  0.027790352641  0.000000000000 -0.098291022148  0.010028479578  0.000391269580 -0.000000000000  0.027790352641 -0.000000000000
  0.635294117647  0.015531744204 -0.019014041282 -0.241433801489 -0.000000000000  0.037594144038 -0.000000000000 -0.018252260573  0.006293898155 -0.062927259544  0.000000000000  0.037594144038 -0.000000000000
  0.639215686275  0.015508125398 -0.027217148061 -0.160855318439 -0.000000000000  0.077008693461 -0.000000000000 -0.040727639801  0.003648383993  0.013889301634  0.000000000000  0.077008693461 -0.000000000000
  0.643137254902  0.016709995683  0.131990275172  0.012813159355 -0.000000000000  0.043790134596  0.000000000000  0.022205398988  0.001220370134  0.011786741641 -0.000000000000  0.043790134596 -0.000000000000
  0.647058823529  0.016130748107 -0.048945457293 -0.275007144089  0.000000000000  0.051392798249 -0.000000000000 -0.033957600496  0.000989220973 -0.060013918103  0.000000000000  0.051392798249  0.000000000000
  0.650980392157  0.003067811241  0.139985587868  0.052165597062  0.000000000000  0.026293704985  0.000000000000  0.076947562682  0.000113674035 -0.063874408397 -0.000000000000  0.026293704985  0.000000000000
  0.654901960784  0.001539387873 -0.274872352894  0.168296037990 -0.000000000000  0.073239639561 -0.000000000000 -0.043763068595 -0.000829810260  0.009474811280  0.000000000000  0.073239639561  0.000000000000
  0.658823529412  0.000379598923  0.187592200756 -0.251186258407  0.000000000000  0.034330053096  0.000000000000  0.051391396328 -0.012306635547 -0.102861030864 -0.000000000000  0.034330053096  0.000000000000
  0.662745098039 -0.020007530639 -0.101289834489  0.653877248542  0.000000000000  0.014405052634  0.000000000000 -0.017060411472 -0.005384756901 -0.020774790722 -0.000000000000  0.014405052634  0.000000000000
  0.666666666667 -0.006171695203  0.012915402489  0.037440449741  0.000000000000  0.044247083773 -0.000000000000 -0.072979140728  0.000149289054  0.006905541864  0.000000000000  0.044247083773  0.000000000000
  0.670588235294 -0.018939011978  0.040473032294 -0.415713712590  0.000000000000  0.020737994085  0.000000000000 -0.028633308766 -0.006491525358  0.025876044836 -0.000000000000  0.020737994085  0.000000000000
  0.674509803922 -0.002361199492 -0.304066006059 -0.223229910827  0.000000000000  0.132765452202 -0.000000000000  0.014210217393 -0.003667268130 -0.063723759821  0.000000000000  0.132765452202  0.000000000000
  0.678431372549 -0.030531401396 -0.272415538244  0.091112661518 -0.000000000000  0.086452951228 -0.000000000000  0.032025582762 -0.009201987650  0.021893766197  0.000000000000  0.086452951228 -0.000000000000
  0.682352941176  0.001395005368 -0.154837897506 -0.445008362647  0.000000000000  0.177327595599  0.000000000000  0.020691021209  0.000627832028  0.042964097796 -0.000000000000  0.177327595599  0.000000000000
  0.686274509804 -0.024073744507  0.037805259715 -0.242440135986  0.000000000000  0.038653701183 -0.000000000000  0.130564620490 -0.012923139990 -0.108923166833  0.000000000000  0.038653701183  0.000000000000
  0.690196078431 -0.018084997845 -0.030402138957 -0.225000603444 -0.000000000000  0.078412004689 -0.000000000000  0.084540201259  0.002329760317  0.048275090077  0.000000000000  0.078412004689 -0.000000000000
  0.694117647059 -0.015390012269  0.244575871676  0.169200092595 -0.000000000000  0.005852319347 -0.000000000000  0.176658494512  0.010995868955  0.065421683739  0.000000000000  0.005852319347 -0.000000000000
  0.698039215686 -0.006411530844  0.000632084448  0.489854744166 -0.000000000000  0.045604670407  0.000000000000  0.038118248745 -0.003615542299 -0.112074823843 -0.000000000000  0.045604670407 -0.000000000000
  0.701960784314 -0.035842613443 -0.039204825639  0.087583123299 -0.000000000000  0.064625740355 -0.000000000000  0.069740587472 -0.001954257988  0.019991177808 -0.000000000000  0.064625740355 -0.000000000000
  0.705882352941 -0.005846911179  0.044000897554  0.232768307079 -0.000000000000  0.058161686046 -0.000000000000  0.000251538074  0.004443886743 -0.046425774047  0.000000000000  0.058161686046 -0.000000000000
  0.709803921569 -0.044372598586 -0.009061741591  0.316964710085 -0.000000000000  0.028942174805  0.000000000000  0.010528934307  0.000547588086  0.011747021672 -0.000000000000  0.028942174805 -0.000000000000
  0.713725490196 -0.002808980695  0.111744792408 -0.214917456230 -0.000000000000  0.014756079699  0.000000000000 -0.064564664825  0.003166732933  0.059985923173 -0.000000000000  0.014756079699 -0.000000000000
  0.717647058824 -0.032980308344  0.171208398064 -0.203944757155 -0.000000000000  0.103601413033 -0.000000000000  0.047907003510 -0.003663984306 -0.066404177327  0.000000000000  0.103601413033 -0.000000000000
  0.721568627451 -0.009406953677 -0.000255915237  0.151643937099 -0.000000000000  0.059837627306  0.000000000000 -0.027370763690  0.017377527898  0.204417266468 -0.000000000000  0.059837627306 -0.000000000000
  0.725490196078  0.005324912337  0.007995127591  0.384067359307 -0.000000000000  0.109176178315  0.000000000000  0.013761802087  0.004313826712 -0.084346990428 -0.000000000000  0.109176178315 -0.000000000000
  0.729411764706 -0.019901881933 -0.058885300981 -0.267256486637 -0.000000000000  0.008164049397 -0.000000000000 -0.101671863747  0.002641388689  0.031908448016  0.000000000000  0.008164049397 -0.000000000000
  0.733333333333  0.015155038346 -0.045539372503  0.028684495638 -0.000000000000  0.082370346775  0.000000000000  0.057886669055  0.008281226853  0.193219519688 -0.000000000000  0.082370346775 -0.000000000000
  0.737254901961  0.017556770187 -0.128417676489  0.284152452896  0.000000000000  0.026846142670  0.000000000000 -0.107755267770 -0.011117081965 -0.094752733681 -0.000000000000  0.026846142670  0.000000000000
  0.741176470588  0.001814371228 -0.093445326701 -0.161290746116 -0.000000000000  0.068668024924  0.000000000000  0.007959884397  0.012195097172  0.046983729055 -0.000000000000  0.068668024924 -0.000000000000
  0.745098039216  0.024544367091 -0.209605144783 -0.048364606966 -0.000000000000  0.030032875090  0.000000000000 -0.078628544892 -0.003341682564 -0.028597348971 -0.000000000000  0.030032875090 -0.000000000000
  0.749019607843 -0.004077539168  0.157595277072 -0.099850077083 -0.000000000000  0.027332191490 -0.000000000000  0.026534676380  0.007620381948 -0.038651004028 -0.000000000000  0.027332191490 -0.000000000000
  0.752941176471  0.017252351462  0.037124640027  0.328125733374  0.000000000000  0.042633209961 -0.000000000000 -0.066465434747  0.002861478008  0.037033999245  0.000000000000  0.042633209961  0.000000000000
  0.756862745098  0.002893556746 -0.097427342235 -0.291949882002 -0.000000000000  0.027838279187 -0.000000000000 -0.029893158340 -0.004148599251  0.009295552459  0.000000000000  0.027838279187 -0.000000000000
  0.760784313725  0.022941173790  0.057319420176  0.035575271176  0.000000000000  0.056170324493  0.000000000000 -0.014857699579  0.011418035669  0.129837692677 -0.000000000000  0.056170324493  0.000000000000
  0.764705882353  0.027547578952 -0.069400324201  0.110930005492  0.000000000000  0.115560673929  0.000000000000 -0.032538000637 -0.004540956498 -0.077878665793 -0.000000000000  0.115560673929  0.000000000000
  0.768627450980  0.010824061383  0.003036855681 -0.323612239504  0.000000000000  0.061378223908  0.000000000000 -0.025647796851  0.004623065430  0.019721717236  0.000000000000  0.061378223908  0.000000000000
  0.772549019608  0.030373393081  0.107960296832 -0.667003543461  0.000000000000  0.114774918507  0.000000000000  0.047249998374  0.005259163972  0.028194697680 -0.000000000000  0.114774918507  0.000000000000
  0.776470588235  0.014708267778 -0.091916937810  0.030223997565 -0.000000000000  0.105212168040 -0.000000000000  0.114620836752 -0.001316367383 -0.062349312543  0.000000000000  0.105212168040 -0.000000000000
  0.780392156863  0.015603698955  0.100910272171  0.025683085787  0.000000000000  0.059943432184  0.000000000000  0.059361695975 -0.001763551604 -0.114581455800  0.000000000000  0.059943432184  0.000000000000
  0.784313725490 -0.008479678571 -0.141095997005 -0.247781317923  0.000000000000  0.019807730668 -0.000000000000  0.114461246584  0.003884046479  0.072240753920  0.000000000000  0.019807730668  0.000000000000
  0.788235294118  0.025759055437  0.197178996417  0.225799778670  0.000000000000  0.104728298772  0.000000000000  0.102010153253 -0.004328281790 -0.046527472833 -0.000000000000  0.104728298772  0.000000000000
  0.792156862745 -0.018342576335  0.276203821685  0.571383607143  0.000000000000  0.012955957814  0.000000000000  0.057068072996 -0.004354894707 -0.066063072406 -0.000000000000  0.012955957814  0.000000000000
  0.796078431373  0.011739451779  0.013926477572 -0.307258127887  0.000000000000  0.029547563686 -0.000000000000 -0.015954042313  0.002496386219  0.015210190810  0.000000000000  0.029547563686  0.000000000000
  0.800000000000 -0.017580403737 -0.039516111784 -0.087118888859  0.000000000000  0.049463949956  0.000000000000  0.103242171461 -0.001203276820 -0.027951375198 -0.000000000000  0.049463949956  0.000000000000
  0.803921568627  0.008396131867 -0.052419499544  0.660668563148  0.000000000000  0.059012128366 -0.000000000000 -0.009867208953  0.004259410282  0.078692760415  0.000000000000  0.059012128366  0.000000000000
  0.807843137255 -0.002136420614 -0.031964480004  0.169371685915 -0.000000000000  0.061245546274 -0.000000000000 -0.029470226106 -0.005550416358  0.012851251013  0.000000000000  0.061245546274 -0.000000000000
  0.811764705882  0.011844510799  0.013828474555 -0.479157511382  0.000000000000  0.094026713133  0.000000000000 -0.048024888435 -0.010119411210 -0.029356759928 -0.000000000000  0.094026713133  0.000000000000
  0.815686274510 -0.009629998639  0.001774801495  0.141446036723 -0.000000000000  0.056855608022 -0.000000000000  0.058221082268 -0.005286619811 -0.065403139555  0.000000000000  0.056855608022 -0.000000000000
  0.819607843137 -0.003642769464  0.067013568316 -0.103391264512  0.000000000000  0.019500647936 -0.000000000000 -0.061137117768 -0.011951888121 -0.063696071051  0.000000000000  0.019500647936  0.000000000000
  0.823529411765 -0.023387084883  0.236904248179 -0.647476169437 -0.000000000000  0.021972237994 -0.000000000000  0.091071768641  0.004384466046  0.030327116233  0.000000000000  0.021972237994 -0.000000000000
  0.827450980392  0.002866537816  0.036199463557  0.393143918233  0.000000000000  0.092082999714  0.000000000000  0.056783299698 -0.007726133978  0.087960448685  0.000000000000  0.092082999714  0.000000000000
  0.831372549020 -0.006964974118 -0.027477043194  0.275919044532 -0.000000000000  0.089077127895 -0.000000000000  0.018214401046 -0.006837425413 -0.076288110489  0.000000000000  0.089077127895 -0.000000000000
  0.835294117647 -0.009201229937  0.047264490850  0.466878106634  0.000000000000  0.088359991543  0.000000000000 -0.019952859698 -0.010903338219  0.040129489039  0.000000000000  0.088359991543  0.000000000000
  0.839215686275  0.000118201737 -0.075493672152  0.293839208576  0.000000000000  0.020250435933  0.000000000000 -0.092082923850  0.003099388564  0.019202984426 -0.000000000000  0.020250435933  0.000000000000
  0.843137254902 -0.002706107442 -0.089687814337 -0.015334946781  0.000000000000  0.030231827110 -0.000000000000 -0.089036013481  0.004558875223  0.063930554699  0.000000000000  0.030231827110  0.000000000000
  0.847058823529  0.014532710480 -0.022753093004 -0.276931396373 -0.000000000000  0.068233629620 -0.000000000000 -0.087156688967  0.006031499328  0.026987652458  0.000000000000  0.068233629620 -0.000000000000
  0.850980392157  0.005171680689 -0.074697112815 -0.450013008531  0.000000000000  0.008783936077  0.000000000000 -0.019578914024  0.012434733770  0.023430737407 -0.000000000000  0.008783936077  0.000000000000
  0.854901960784  0.020944140518 -0.072832488489 -0.382480909341 -0.000000000000  0.029966104570  0.000000000000  0.021801521698 -0.007764547655  0.033465236053 -0.000000000000  0.029966104570 -0.000000000000
  0.858823529412  0.010741956436 -0.027248704633  0.095242300603  0.000000000000  0.095024003066  0.000000000000  0.067382776606  0.002831919336 -0.060740900826  0.000000000000  0.095024003066  0.000000000000
  0.862745098039  0.008608129579  0.039201570566  0.421028580545 -0.000000000000  0.114814390941  0.000000000000  0.001748610350 -0.002664019366 -0.046595394796 -0.000000000000  0.114814390941 -0.000000000000
  0.866666666667  0.002041690641  0.118707821359  0.353605648137  0.000000000000  0.062612348613 -0.000000000000 -0.029896470066 -0.000625084649  0.081151237984  0.000000000000  0.062612348613  0.000000000000
  0.870588235294  0.025192984164 -0.014911282166  0.391072221480 -0.000000000000  0.123483761549 -0.000000000000 -0.091623548870  0.009451351140  0.070639905136  0.000000000000  0.123483761549 -0.000000000000
  0.874509803922  0.016303477053 -0.118286147275 -0.197651062893  0.000000000000  0.043682565561  0.000000000000 -0.113650961294 -0.003690918141 -0.089074372685  0.000000000000  0.043682565561  0.000000000000
  0.878431372549  0.012234741783 -0.037557392977  0.054401669896 -0.000000000000  0.036873235801  0.000000000000 -0.061405352310  0.010227759328  0.143562788270 -0.000000000000  0.036873235801 -0.000000000000
  0.882352941176  0.039374803776 -0.181184502923 -0.017955537438 -0.000000000000  0.022201698720  0.000000000000 -0.117037875040 -0.004705673849 -0.154780257860 -0.000000000000  0.022201698720 -0.000000000000
  0.886274509804 -0.015873331437 -0.027655569292 -0.533008374972 -0.000000000000  0.024581965201 -0.000000000000 -0.040696484898 -0.000368241226  0.000475242078 -0.000000000000  0.024581965201 -0.000000000000
  0.890196078431  0.036833380720 -0.105723219834 -0.213535254965  0.000000000000  0.051212539964  0.000000000000 -0.001713937897  0.008131177977  0.050937665841 -0.000000000000  0.051212539964  0.000000000000
  0.894117647059 -0.009645846925  0.230673947419 -0.080685095446 -0.000000000000  0.089662939624  0.000000000000  0.019996826327 -0.005749238946 -0.138046425276 -0.000000000000  0.089662939624 -0.000000000000
  0.898039215686  0.010379913998 -0.012887971290 -0.209179042405  0.000000000000  0.054896001020 -0.000000000000  0.022282962068  0.006925937452  0.015269451713  0.000000000000  0.054896001020  0.000000000000
  0.901960784314 -0.010860146121  0.178181443929  0.575023210100 -0.000000000000  0.113833377725 -0.000000000000  0.050047791918  0.000102591019 -0.027282621127  0.000000000000  0.113833377725 -0.000000000000
  0.905882352941  0.002984969218  0.019350991114 -0.074746007727  0.000000000000  0.054629102962  0.000000000000 -0.089613239540 -0.006145384563 -0.075591906718 -0.000000000000  0.054629102962  0.000000000000
  0.909803921569 -0.026586458200  0.195823112791  0.111405295358 -0.000000000000  0.045832242774  0.000000000000  0.048028441244  0.009046293301  0.000123204656 -0.000000000000  0.045832242774 -0.000000000000
  0.913725490196  0.003938502164  0.178472762592 -0.007265304256  0.000000000000  0.114778121491 -0.000000000000 -0.113765223531  0.005250352980  0.124268300998  0.000000000000  0.114778121491  0.000000000000
  0.917647058824 -0.005736129839  0.112415540320 -0.352542054811 -0.000000000000  0.135299959973  0.000000000000  0.054327117583 -0.007737831024 -0.169532387470 -0.000000000000  0.135299959973 -0.000000000000
  0.921568627451 -0.025481039698  0.013890464855 -0.319137139941  0.000000000000  0.130678688179  0.000000000000 -0.038096077142  0.002735374613  0.072606241443 -0.000000000000  0.130678688179  0.000000000000
  0.925490196078  0.004489826907 -0.008215714674  0.524223279907 -0.000000000000  0.020989492819 -0.000000000000  0.114690272592 -0.001799644906 -0.020131169037  0.000000000000  0.020989492819 -0.000000000000
  0.929411764706 -0.029726504193 -0.038834210681 -0.060792737453  0.000000000000  0.108491570864  0.000000000000 -0.131993992731 -0.007718025241 -0.072029298568 -0.000000000000  0.108491570864  0.000000000000
  0.933333333333 -0.007710230405 -0.086203676352 -0.584064043651  0.000000000000  0.015031358834  0.000000000000  0.130451032542  0.003109336319  0.096982685698  0.000000000000  0.015031358834  0.000000000000
  0.937254901961 -0.010817930462  0.089444875790  0.186904163985  0.000000000000  0.034236185481  0.000000000000 -0.017986972767 -0.006446255644  0.043933030671 -0.000000000000  0.034236185481  0.000000000000
  0.941176470588  0.002926416069  0.024616721725 -0.124416468560  0.000000000000  0.063503688538 -0.000000000000  0.108452095589  0.003117365491 -0.023538377974  0.000000000000  0.063503688538  0.000000000000
  0.945098039216 -0.013443727267 -0.122940658670  0.441683675164  0.000000000000  0.032857175117 -0.000000000000 -0.006723685417 -0.004144860176  0.030532402360  0.000000000000  0.032857175117  0.000000000000
  0.949019607843  0.008040925253  0.041889612862 -0.399152466766  0.000000000000  0.028269680105  0.000000000000  0.033278520360 -0.007321007842 -0.030775769047 -0.000000000000  0.028269680105  0.000000000000
  0.952941176471 -0.018052452522  0.047465378371  0.036372267448 -0.000000000000  0.015821352564  0.000000000000  0.060883720450  0.000568134636  0.038421126256 -0.000000000000  0.015821352564 -0.000000000000
  0.956862745098  0.015457104112  0.142009135617  0.160893513583  0.000000000000  0.047446408944  0.000000000000  0.028994342365 -0.002731946765  0.009906538599  0.000000000000  0.047446408944  0.000000000000
  0.960784313725 -0.015330320940  0.093181773165  0.111769680494 -0.000000000000  0.115652395079 -0.000000000000  0.023751969879 -0.005541187698 -0.006553189480  0.000000000000  0.115652395079 -0.000000000000
  0.964705882353  0.015307211043 -0.065295598446 -0.058688533999  0.000000000000  0.076718998160 -0.000000000000  0.004000560842 -0.000015214095  0.026417353409  0.000000000000  0.076718998160  0.000000000000
  0.968627450980 -0.009180146801  0.068018763381 -0.529491097783  0.000000000000  0.115276567000  0.000000000000  0.046549829499 -0.003005897629  0.044054320888 -0.000000000000  0.115276567000  0.000000000000
  0.972549019608  0.023967689004 -0.104214888651 -0.073172529807 -0.000000000000  0.046261923599 -0.000000000000  0.113141620862  0.000241618783 -0.033149177167  0.000000000000  0.046261923599 -0.000000000000
  0.976470588235 -0.015305242341 -0.110045173708  0.001800329769 -0.000000000000  0.025058307687  0.000000000000  0.075176819802  0.006460354651 -0.029516657100 -0.000000000000  0.025058307687 -0.000000000000
  0.980392156863  0.019441500431 -0.044594894017  0.086238785202 -0.000000000000  0.044564137070 -0.000000000000  0.113625327107  0.008298193049  0.080187995799  0.000000000000  0.044564137070 -0.000000000000
  0.984313725490 -0.000449303620 -0.136696644562  0.417745500130 -0.000000000000  0.062787042858  0.000000000000  0.046259741691 -0.000383702874 -0.027902381805 -0.000000000000  0.062787042858 -0.000000000000
  0.988235294118  0.017166672805  0.045080050844  0.341684240650  0.000000000000  0.000000000000  0.000000000000  0.018254427653  0.001873878905  0.062119787531 -0.000000000000  0.000000000000 -0.000000000000
  0.992156862745  0.010279786768  0.047976552161  0.379303404242 -0.000000000000  0.000000000000 -0.000000000000 -0.043362291185 -0.001962998500 -0.044207800742  0.000000000000  0.000000000000 -0.000000000000
  0.996078431373  0.008470415520  0.056404664537 -0.142830499480 -0.000000000000  0.025494851209 -0.000000000000 -0.062213059816 -0.001322947503  0.002322102577  0.000000000000  0.025494851209 -0.000000000000
  1.000000000000  0.000000000000 -0.180768540973 -0.799985529148  0.000000000000  0.033478361689  0.000000000000  0.000000000000  0.013025108250 -0.200014470852 -0.000000000000  0.033478361689 -0.000000000000
