             Rad         v_r[Re]         v_t[Re]         v_x[Re]         p[Re]          p_mg[Re]  p_no_phase[Re]         v_r[Im]         v_t[Im]         v_x[Im]         p[Im]          p_mg[Im]  p_no_phase[Im]
  0.000000000000  0.259868529897  0.000000000000  0.071566727642 -0.000000000000  0.075575384284  0.000000000000  0.106196321883  0.000000000000  0.102470625944 -0.000000000000  0.075575384284  0.000000000000
  0.003921568627  0.047844409628  0.025897524379 -0.039738166113 -0.000000000000  0.016035114620  0.000000000000  0.038369251201 -0.096490733073 -0.259710925278 -0.000000000000  0.016035114620  0.000000000000
  0.007843137255 -0.089364037361  0.022812818823 -0.078995347990 -0.000000000000  0.016036045227  0.000000000000 -0.012323390131 -0.003870362300 -0.021451716061  0.000000000000  0.016036045227 -0.000000000000
  0.011764705882  0.074139517744 -0.005794885126 -0.050342660892 -0.000000000000  0.008826067868  0.000000000000  0.014661876357  0.063560422359  0.415157833620 -0.000000000000  0.008826067868 -0.000000000000
  0.015686274510  0.014139268942  0.010936904855 -0.000028488463  0.000000000000  0.008091847603 -0.000000000000 -0.007563463140  0.026746363372 -0.444182522911  0.000000000000  0.008091847603 -0.000000000000
  0.019607843137  0.012717577848  0.007913464726 -0.046486621633  0.000000000000  0.019898234395 -0.000000000000  0.009768211720 -0.000246064265 -0.019104277099  0.000000000000  0.019898234395  0.000000000000
  0.023529411765 -0.002043031254  0.021261475406  0.039289905481 -0.000000000000  0.032222675144  0.000000000000 -0.008586355298  0.012782537863 -0.046186427034 -0.000000000000  0.032222675144  0.000000000000
  0.027450980392  0.006351904973 -0.026895009472  0.003055622080 -0.000000000000  0.039926779574  0.000000000000 -0.005013112890  0.091233941154 -0.292735244772 -0.000000000000  0.039926779574  0.000000000000
  0.031372549020 -0.019553030709 -0.050107438889  0.017545063889  0.000000000000  0.026019704001 -0.000000000000  0.003690355289  0.023531395533  0.030537980771  0.000000000000  0.026019704001  0.000000000000
  0.035294117647  0.029917019023 -0.040610715707  0.045063000351  0.000000000000  0.061016210471 -0.000000000000  0.011969660236  0.104115033735  0.155882079218  0.000000000000  0.061016210471 -0.000000000000
  0.039215686275  0.038651433554 -0.035637759537 -0.025034131177 -0.000000000000  0.090391139542  0.000000000000  0.010010714825  0.060767641784 -0.318809240754 -0.000000000000  0.090391139542  0.000000000000
  0.043137254902 -0.010284020764  0.034639362828  0.074235928223  0.000000000000  0.113415927241 -0.000000000000  0.023901127866 -0.074564362642  0.273224380029  0.000000000000  0.113415927241 -0.000000000000
  0.047058823529  0.059470957650 -0.031122149199 -0.053504070019  0.000000000000  0.042508692135 -0.000000000000 -0.013644894150  0.105386807742 -0.502382492232  0.000000000000  0.042508692135 -0.000000000000
  0.050980392157 -0.080647100616  0.034874809537 -0.051686705809 -0.000000000000  0.103078030851  0.000000000000  0.040824052591  0.080040066846  0.110950318227  0.000000000000  0.103078030851 -0.000000000000
  0.054901960784  0.112495105112  0.025795241352 -0.000629019088  0.000000000000  0.032652513107 -0.000000000000 -0.014423032893 -0.005404287580  0.540941776423 -0.000000000000  0.032652513107  0.000000000000
  0.058823529412  0.017659689317 -0.045226057525 -0.069753414706  0.000000000000  0.008404247244 -0.000000000000  0.038666836957  0.033733559173 -0.145400815624 -0.000000000000  0.008404247244  0.000000000000
  0.062745098039  0.103078026037  0.097593681867  0.083656974556  0.000000000000  0.003005393420 -0.000000000000 -0.000031501708 -0.057889315493  0.254937351846 -0.000000000000  0.003005393420  0.000000000000
  0.066666666667  0.032250034350  0.009158711509 -0.009707289907 -0.000000000000  0.063855734432  0.000000000000  0.005110958482 -0.002177680793 -0.532768194922  0.000000000000  0.063855734432 -0.000000000000
  0.070588235294 -0.006541370243 -0.007847336817  0.035217336492  0.000000000000  0.029808524840 -0.000000000000 -0.005276537414 -0.094688983678  0.029947990644  0.000000000000  0.029808524840 -0.000000000000
  0.074509803922  0.002258437651  0.001162323956  0.043553208819 -0.000000000000  0.010596693935 -0.000000000000 -0.001982889049 -0.007711218980 -0.236608730410  0.000000000000  0.010596693935 -0.000000000000
  0.078431372549 -0.061940923034 -0.015562634541  0.051521038507  0.000000000000  0.010348435810 -0.000000000000 -0.015520208554  0.119535074174 -0.270354185918  0.000000000000  0.010348435810  0.000000000000
  0.082352941176 -0.028628569510 -0.031967590284 -0.029678070801  0.000000000000  0.040625492203 -0.000000000000 -0.008303804005  0.019820248596  0.239683178041  0.000000000000  0.040625492203 -0.000000000000
  0.086274509804 -0.010159072847  0.001477494919 -0.076646168357  0.000000000000  0.051433476530  0.000000000000 -0.003013828334 -0.017145386950  0.098069600909 -0.000000000000  0.051433476530  0.000000000000
  0.090196078431  0.001528731275 -0.026614089649 -0.047849194770  0.000000000000  0.056671024797 -0.000000000000  0.010234896404  0.088270989394  0.141857986014  0.000000000000  0.056671024797 -0.000000000000
  0.094117647059  0.038645561187 -0.017618731046 -0.023379879914  0.000000000000  0.031639810216  0.000000000000  0.012528017290 -0.014071385861  0.216922308437 -0.000000000000  0.031639810216  0.000000000000
  0.098039215686  0.047974912194  0.020112726176 -0.025679557430  0.000000000000  0.011159799326 -0.000000000000  0.018542122532  0.039110814579  0.057811355938  0.000000000000  0.011159799326  0.000000000000
  0.101960784314  0.054534253210 -0.005928848057 -0.016509776447  0.000000000000  0.021352812344 -0.000000000000  0.015414936860  0.044313709078 -0.107377249331 -0.000000000000  0.021352812344  0.000000000000
  0.105882352941  0.023435363407 -0.000059587867  0.016451852120 -0.000000000000  0.077644849421  0.000000000000  0.021257030190 -0.036833617851 -0.233477006947 -0.000000000000  0.077644849421 -0.000000000000
  0.109803921569 -0.004971235093  0.005265807392  0.035012518089  0.000000000000  0.075148844285 -0.000000000000  0.009991393428 -0.073624519489 -0.091889349379 -0.000000000000  0.075148844285  0.000000000000
  0.113725490196 -0.018673841244  0.025431143857  0.076658366950 -0.000000000000  0.130321026205 -0.000000000000  0.010355203918  0.011591863042 -0.318825587626  0.000000000000  0.130321026205 -0.000000000000
  0.117647058824 -0.077223026444 -0.022375268090 -0.066968792550 -0.000000000000  0.033135709911  0.000000000000 -0.008082501368  0.061352494938 -0.243009231323  0.000000000000  0.033135709911 -0.000000000000
  0.121568627451 -0.071780771264  0.045383698646  0.050836185876  0.000000000000  0.062504091693 -0.000000000000  0.022245666414  0.127863225727 -0.363796611056  0.000000000000  0.062504091693 -0.000000000000
  0.125490196078 -0.128606930682 -0.032220082554 -0.041225069987 -0.000000000000  0.086155612036  0.000000000000 -0.021067207972 -0.014225477473  0.393913975716 -0.000000000000  0.086155612036  0.000000000000
  0.129411764706  0.014139286088  0.015461824325  0.099953664798 -0.000000000000  0.043949613166 -0.000000000000  0.029967580153 -0.039019117456  0.347861624722  0.000000000000  0.043949613166 -0.000000000000
  0.133333333333 -0.045325334166 -0.001878615894  0.021003777711  0.000000000000  0.067719845615 -0.000000000000 -0.043039232812 -0.025058557355  0.257024286570 -0.000000000000  0.067719845615  0.000000000000
  0.137254901961  0.082325805729  0.001701307278 -0.023401563498 -0.000000000000  0.084942639573  0.000000000000  0.025401795139  0.010177271770  0.373856265228  0.000000000000  0.084942639573 -0.000000000000
  0.141176470588  0.015401091630  0.016109743790  0.066411137800  0.000000000000  0.108098397283  0.000000000000 -0.041162785062  0.016123232767 -0.730925678433 -0.000000000000  0.108098397283  0.000000000000
  0.145098039216 -0.065243218009 -0.044809290905 -0.197981923196  0.000000000000  0.039437333997 -0.000000000000  0.018146624864 -0.127699833611 -0.352465548909  0.000000000000  0.039437333997 -0.000000000000
  0.149019607843 -0.084942564889  0.025902842522 -0.002836090854  0.000000000000  0.024587050024  0.000000000000  0.000112639633 -0.025742402363 -0.229222116242 -0.000000000000  0.024587050024  0.000000000000
  0.152941176471 -0.105863948971  0.022096517559 -0.015907658493  0.000000000000  0.032127382305 -0.000000000000  0.021865219035 -0.211240023895  0.643434009889  0.000000000000  0.032127382305 -0.000000000000
  0.156862745098  0.039433739367 -0.017955123113  0.027309755004  0.000000000000  0.036037611184 -0.000000000000  0.000532458758 -0.082063861345  0.595965175154  0.000000000000  0.036037611184 -0.000000000000
  0.160784313725  0.017879303330  0.001987747063  0.025862172683 -0.000000000000  0.096356799725 -0.000000000000  0.016877604728  0.010447790442 -0.087070283770  0.000000000000  0.096356799725 -0.000000000000
  0.164705882353  0.031224558559  0.008648230358  0.048909905036  0.000000000000  0.022943068543  0.000000000000 -0.007562779686  0.000046483181 -0.302515953824 -0.000000000000  0.022943068543  0.000000000000
  0.168627450980 -0.035839371087  0.005068613187  0.075087319812  0.000000000000  0.120909259585 -0.000000000000  0.003774771505  0.003614831149  0.304752982615  0.000000000000  0.120909259585 -0.000000000000
  0.172549019608  0.093113914188 -0.014818936502  0.004949608829  0.000000000000  0.059428872303  0.000000000000 -0.024787735632 -0.019001343857  0.269446173950 -0.000000000000  0.059428872303  0.000000000000
  0.176470588235  0.022930988934 -0.005476081653  0.062392379016  0.000000000000  0.059193883588 -0.000000000000  0.000744406249  0.111638225594  0.015248550419  0.000000000000  0.059193883588  0.000000000000
  0.180392156863  0.114485846951  0.014999898346  0.062638305627 -0.000000000000  0.027174051462 -0.000000000000 -0.038884957264  0.023578228903  0.224316164743  0.000000000000  0.027174051462 -0.000000000000
  0.184313725490  0.057791339634 -0.042319549558  0.037807485579 -0.000000000000  0.081903458867  0.000000000000 -0.013854671646 -0.152971080217 -0.330112896337  0.000000000000  0.081903458867 -0.000000000000
  0.188235294118  0.037692414551 -0.004581212366  0.031517107061  0.000000000000  0.029861605884 -0.000000000000 -0.045642061079  0.060487306094 -0.093319989495  0.000000000000  0.029861605884 -0.000000000000
  0.192156862745  0.019275808531  0.002899573439 -0.004947854209  0.000000000000  0.087574601027 -0.000000000000 -0.019153910262 -0.009141934821 -0.485449058300  0.000000000000  0.087574601027 -0.000000000000
  0.196078431373 -0.068074654041 -0.019077306261  0.048658411121 -0.000000000000  0.039679924776  0.000000000000 -0.045541388336 -0.009537074787 -0.119112650772 -0.000000000000  0.039679924776 -0.000000000000
  0.200000000000 -0.017658201666 -0.022935109284 -0.068211422376  0.000000000000  0.022157977668 -0.000000000000 -0.024081183938  0.102866081173 -0.120450950043 -0.000000000000  0.022157977668  0.000000000000
  0.203921568627 -0.082696414336 -0.011111802052 -0.045586645260 -0.000000000000  0.106046330859  0.000000000000 -0.028820371286  0.093686666097  0.190787795313 -0.000000000000  0.106046330859  0.000000000000
  0.207843137255  0.038681954315 -0.003990661420 -0.110943011124 -0.000000000000  0.032211024281  0.000000000000 -0.008843236999  0.026242969922  0.450429553183  0.000000000000  0.032211024281 -0.000000000000
  0.211764705882  0.021047833105  0.018705186033  0.105914914111  0.000000000000  0.012671332232  0.000000000000 -0.006925654909  0.188191554700  0.202467328019 -0.000000000000  0.012671332232  0.000000000000
  0.215686274510  0.102614185317  0.001604726125 -0.037757484723 -0.000000000000  0.006038608205 -0.000000000000 -0.026761039970 -0.127558971943  0.128333045322  0.000000000000  0.006038608205 -0.000000000000
  0.219607843137  0.032202230294 -0.007235892795 -0.070449113463 -0.000000000000  0.027860441027  0.000000000000  0.000752628279 -0.044316467645 -0.465802427335 -0.000000000000  0.027860441027  0.000000000000
  0.223529411765  0.004661040437  0.019260936061  0.027866286916  0.000000000000  0.033529514414 -0.000000000000 -0.011782926741 -0.018478393153 -0.107920853770  0.000000000000  0.033529514414  0.000000000000
  0.227450980392 -0.006013601921 -0.027880048785 -0.131139136710 -0.000000000000  0.049196848433  0.000000000000 -0.000548981774 -0.008355477118 -0.143893941819 -0.000000000000  0.049196848433  0.000000000000
  0.231372549020 -0.025063210905 -0.008383785787  0.135174687350  0.000000000000  0.153477046661 -0.000000000000  0.012167153873  0.083116214657  0.154033836410  0.000000000000  0.153477046661 -0.000000000000
  0.235294117647  0.022337452034 -0.000916892750  0.031296615580 -0.000000000000  0.050195303270  0.000000000000 -0.025005330901  0.109653679216 -0.054774920625 -0.000000000000  0.050195303270  0.000000000000
  0.239215686275 -0.049059819941  0.010446518039 -0.022246903442  0.000000000000  0.088081919568 -0.000000000000  0.003669327326  0.150143915734 -0.915888000030  0.000000000000  0.088081919568  0.000000000000
  0.243137254902 -0.151459011374  0.005663091293  0.094963708563 -0.000000000000  0.029970165956  0.000000000000 -0.024806687110  0.128597392468  0.022426728364  0.000000000000  0.029970165956 -0.000000000000
  0.247058823529 -0.047471987444  0.006538981239  0.048939932551 -0.000000000000  0.148033150345 -0.000000000000 -0.016308858898  0.198788678239  0.279816340995  0.000000000000  0.148033150345 -0.000000000000
  0.250980392157 -0.079233352888  0.002424949776  0.069544480576 -0.000000000000  0.045209887561  0.000000000000 -0.038477270498  0.022738677177  0.249063776205  0.000000000000  0.045209887561 -0.000000000000
  0.254901960784  0.005046550625  0.016677750559 -0.054199152368  0.000000000000  0.063482461654 -0.000000000000 -0.029542226968 -0.027803083917 -0.333509100071  0.000000000000  0.063482461654 -0.000000000000
  0.258823529412 -0.145382240830  0.000230507318 -0.055980069227  0.000000000000  0.025853109613  0.000000000000 -0.027889382428  0.046844290799 -0.281869967500 -0.000000000000  0.025853109613  0.000000000000
  0.262745098039 -0.042314136510  0.000673724232 -0.023556412311 -0.000000000000  0.038091625748  0.000000000000 -0.015920043491 -0.002147256499  0.442683521064  0.000000000000  0.038091625748 -0.000000000000
  0.266666666667 -0.059437303602  0.030513666618  0.061104373749  0.000000000000  0.049605388805  0.000000000000 -0.022298651938  0.059328101566  0.083033391211 -0.000000000000  0.049605388805  0.000000000000
  0.270588235294 -0.008608959595 -0.024627295881 -0.155689553632 -0.000000000000  0.034607630301 -0.000000000000 -0.024377635065 -0.127406922939  0.133337508825  0.000000000000  0.034607630301 -0.000000000000
  0.274509803922 -0.037417548209  0.022321036952  0.072766337190  0.000000000000  0.067149150674 -0.000000000000  0.007134356183 -0.013423356058 -0.138957127570  0.000000000000  0.067149150674 -0.000000000000
  0.278431372549 -0.032494728867  0.002779510144  0.033519713895  0.000000000000  0.060374355619 -0.000000000000 -0.037480490850 -0.083782403198  0.022781571435  0.000000000000  0.060374355619  0.000000000000
  0.282352941176 -0.034363636289  0.015069959706  0.142416425076 -0.000000000000  0.110738017199  0.000000000000 -0.004102264748 -0.043692318557  0.200839001101 -0.000000000000  0.110738017199  0.000000000000
  0.286274509804  0.002915282934 -0.023957170817 -0.024205259943  0.000000000000  0.079342267104 -0.000000000000 -0.067085837266 -0.038845992886 -0.094208250068 -0.000000000000  0.079342267104  0.000000000000
  0.290196078431 -0.060342190687  0.005955325748  0.058247068109  0.000000000000  0.030258354013  0.000000000000 -0.001970492196  0.060370245303 -0.510273163215 -0.000000000000  0.030258354013  0.000000000000
  0.294117647059 -0.079295006957  0.031117714089 -0.021544958896  0.000000000000  0.058438181959 -0.000000000000 -0.077299484635 -0.005703212593  0.704289232522  0.000000000000  0.058438181959 -0.000000000000
  0.298039215686  0.079017776775 -0.055442516217 -0.238743332215 -0.000000000000  0.058817375222  0.000000000000  0.007168424003  0.059221145308  0.337162147466 -0.000000000000  0.058817375222  0.000000000000
  0.301960784314  0.002165425979  0.032843857059  0.157764796613  0.000000000000  0.007060463842  0.000000000000 -0.030180770665 -0.033557376493 -0.122788987288 -0.000000000000  0.007060463842  0.000000000000
  0.305882352941  0.056234549616 -0.012316032599 -0.114022999766  0.000000000000  0.059892226819  0.000000000000 -0.015896431680 -0.038202772586 -0.243506877906 -0.000000000000  0.059892226819  0.000000000000
  0.309803921569 -0.058153737086 -0.016961664438 -0.039717299701  0.000000000000  0.092526816081  0.000000000000 -0.008810589704  0.070001362959 -0.276597517817 -0.000000000000  0.092526816081  0.000000000000
  0.313725490196 -0.001157786131  0.015052046005  0.084966117119 -0.000000000000  0.009335554539  0.000000000000 -0.006964889155 -0.042134942873  0.013039950674 -0.000000000000  0.009335554539  0.000000000000
  0.317647058824 -0.053194516578  0.000297655469  0.114716186308 -0.000000000000  0.051076007945  0.000000000000 -0.027521305190 -0.120124974783  0.431604384273 -0.000000000000  0.051076007945  0.000000000000
  0.321568627451  0.087920304034  0.018358513060 -0.119828758225 -0.000000000000  0.054248038675  0.000000000000 -0.028831091424 -0.148628367322  0.309602993587 -0.000000000000  0.054248038675 -0.000000000000
  0.325490196078  0.005156415100  0.007147987470  0.046648941019 -0.000000000000  0.145088268809  0.000000000000 -0.007782285131 -0.020328241999 -0.326647804890 -0.000000000000  0.145088268809 -0.000000000000
  0.329411764706  0.036365284162  0.017708285970  0.017737229610 -0.000000000000  0.046486121749  0.000000000000 -0.035865369027  0.253076825513  0.167280762108 -0.000000000000  0.046486121749  0.000000000000
  0.333333333333  0.053377589675 -0.017097505486 -0.089524677086 -0.000000000000  0.042037584365  0.000000000000 -0.009678978284  0.107528072982  0.508979931247 -0.000000000000  0.042037584365  0.000000000000
  0.337254901961  0.144175881328  0.000301614257 -0.049936718475  0.000000000000  0.010718398411  0.000000000000 -0.016245645243 -0.157126546573  0.004407217958 -0.000000000000  0.010718398411  0.000000000000
  0.341176470588  0.046416092334  0.012241535869  0.016188528183 -0.000000000000  0.066171875413  0.000000000000  0.002550664169 -0.112266984556 -0.478237715372 -0.000000000000  0.066171875413 -0.000000000000
  0.345098039216  0.037726856009  0.008628953175  0.011510784462  0.000000000000  0.107113965985  0.000000000000 -0.018542999620  0.122006351868 -0.175460996318 -0.000000000000  0.107113965985  0.000000000000
  0.349019607843 -0.010665382184  0.002772846848 -0.055759390037  0.000000000000  0.024272587199 -0.000000000000  0.001064747562 -0.066821313028 -0.418301024378  0.000000000000  0.024272587199 -0.000000000000
  0.352941176471 -0.065372867739  0.010261052614  0.091649344302  0.000000000000  0.050625560235 -0.000000000000 -0.010252085602 -0.052332550934 -0.460864441493  0.000000000000  0.050625560235 -0.000000000000
  0.356862745098 -0.105642026616 -0.001135954766  0.063690120639  0.000000000000  0.025030651046  0.000000000000 -0.017696438100  0.029519957101  0.375656455046 -0.000000000000  0.025030651046  0.000000000000
  0.360784313725  0.006077279211  0.000960594662 -0.056110353443 -0.000000000000  0.035287084275 -0.000000000000 -0.023499471627 -0.094928218730  0.249134639197  0.000000000000  0.035287084275 -0.000000000000
  0.364705882353 -0.050045533993  0.000260394765 -0.016852083657  0.000000000000  0.082591204649  0.000000000000 -0.007641457744  0.055288293615 -0.056843362026 -0.000000000000  0.082591204649  0.000000000000
  0.368627450980  0.014156210949  0.023067102011  0.081136212519  0.000000000000  0.149064335978  0.000000000000 -0.020643042009 -0.043947860063  0.354997362695 -0.000000000000  0.149064335978  0.000000000000
  0.372549019608  0.027430050366 -0.015050282759 -0.066677121502  0.000000000000  0.072125386085 -0.000000000000 -0.022198438087 -0.075576547077  0.235544204542  0.000000000000  0.072125386085 -0.000000000000
  0.376470588235  0.082051252034  0.019848736061  0.047007496492  0.000000000000  0.195860585117 -0.000000000000 -0.009428633249 -0.029649026397  0.580001725006  0.000000000000  0.195860585117  0.000000000000
  0.380392156863  0.146191560415 -0.009882181418 -0.059194510795  0.000000000000  0.095983236358 -0.000000000000 -0.029123940734 -0.042228756511 -0.138000439106  0.000000000000  0.095983236358 -0.000000000000
  0.384313725490  0.072110326984  0.005971273754  0.016938654424 -0.000000000000  0.132362068105  0.000000000000  0.001473791070  0.121151075005  0.217332274932 -0.000000000000  0.132362068105  0.000000000000
  0.388235294118  0.192907832985  0.000859940179  0.102170506895 -0.000000000000  0.026823829883  0.000000000000 -0.033881215669  0.109981489919  0.122200894330 -0.000000000000  0.026823829883  0.000000000000
  0.392156862745  0.094028245087 -0.000249476356  0.017791249450 -0.000000000000  0.041655684969  0.000000000000 -0.019273577447 -0.015155807171 -0.267498640052 -0.000000000000  0.041655684969 -0.000000000000
  0.396078431373  0.126567816116 -0.009178712675 -0.033419330084 -0.000000000000  0.084829887158 -0.000000000000 -0.038733770752  0.031949597214 -0.458766251592  0.000000000000  0.084829887158 -0.000000000000
  0.400000000000 -0.024083314952 -0.003337666949 -0.018411368045  0.000000000000  0.035578345385  0.000000000000 -0.011811510934 -0.025162091311 -0.656740354191 -0.000000000000  0.035578345385  0.000000000000
  0.403921568627 -0.024905534659  0.000830649242 -0.011761386923  0.000000000000  0.144587061128 -0.000000000000 -0.033390274536  0.037750350160 -0.220103371474  0.000000000000  0.144587061128 -0.000000000000
  0.407843137255 -0.084490452462 -0.012731006615 -0.022157259604 -0.000000000000  0.065276991289 -0.000000000000 -0.007581107967  0.060977651525  0.070706017151  0.000000000000  0.065276991289 -0.000000000000
  0.411764705882 -0.023126907203 -0.001765379555 -0.048852263552 -0.000000000000  0.059949146240  0.000000000000 -0.027036361137 -0.098888799138 -0.282337245465  0.000000000000  0.059949146240 -0.000000000000
  0.415686274510 -0.144586358855  0.006066837226  0.127954433256 -0.000000000000  0.047627277839  0.000000000000  0.000450642770 -0.044046633948 -0.121736083843 -0.000000000000  0.047627277839  0.000000000000
  0.419607843137 -0.042830753148 -0.003123490479 -0.077989173014  0.000000000000  0.058728399660  0.000000000000 -0.049260655463 -0.053707409922  0.459519368660 -0.000000000000  0.058728399660  0.000000000000
  0.423529411765 -0.057558101385 -0.007593113367 -0.126226945130 -0.000000000000  0.118117544654  0.000000000000  0.016762013598 -0.118055101053 -0.030153094996 -0.000000000000  0.118117544654  0.000000000000
  0.427450980392 -0.040472470485  0.009053422063  0.121442437350 -0.000000000000  0.091177791188  0.000000000000 -0.025106507666  0.030304160678  0.033717984129 -0.000000000000  0.091177791188  0.000000000000
  0.431372549020 -0.058582002712 -0.003721256133 -0.003289011980 -0.000000000000  0.125341426561  0.000000000000 -0.004144138611  0.171357980647 -0.386808751057  0.000000000000  0.125341426561 -0.000000000000
  0.435294117647 -0.115041079828 -0.005546184724  0.005542438789  0.000000000000  0.019873658096 -0.000000000000 -0.026782537354 -0.041176658021 -0.114485318184 -0.000000000000  0.019873658096  0.000000000000
  0.439215686275 -0.091126110647 -0.004267602941 -0.084094429979 -0.000000000000  0.055345769213  0.000000000000 -0.003069456666  0.079008971207 -0.099087609093 -0.000000000000  0.055345769213  0.000000000000
  0.443137254902 -0.124774333431  0.008394453659  0.100083542535 -0.000000000000  0.084392000935  0.000000000000 -0.011909614993 -0.036909799335  0.383470616535 -0.000000000000  0.084392000935  0.000000000000
  0.447058823529 -0.007710493545  0.002898292035 -0.103663842005 -0.000000000000  0.094144878506  0.000000000000 -0.018316947765 -0.021464104287  0.248116847732 -0.000000000000  0.094144878506  0.000000000000
  0.450980392157 -0.054649801024 -0.013601267700 -0.076434052733 -0.000000000000  0.103483596019  0.000000000000  0.008749481002  0.026080756057  0.442997957119 -0.000000000000  0.103483596019  0.000000000000
  0.454901960784  0.084374378103  0.000665339498  0.064838962513  0.000000000000  0.070434263240 -0.000000000000 -0.001724569966  0.049963528959 -0.273219788697 -0.000000000000  0.070434263240  0.000000000000
  0.458823529412 -0.094139644844 -0.002590036635 -0.032431753016  0.000000000000  0.047035436153  0.000000000000 -0.000992682023  0.021507810461  0.096888090266 -0.000000000000  0.047035436153  0.000000000000
  0.462745098039  0.103341918686 -0.009300799615 -0.069955719467  0.000000000000  0.006629511569 -0.000000000000  0.005413177182  0.022790501527  0.156646533681  0.000000000000  0.006629511569  0.000000000000
  0.466666666667 -0.068958001167  0.000410233174 -0.019665926190 -0.000000000000  0.091952233932  0.000000000000  0.014345017018 -0.018431466969 -0.356884051566 -0.000000000000  0.091952233932  0.000000000000
  0.470588235294  0.045981466106  0.013226382769  0.064367992147 -0.000000000000  0.028628578711  0.000000000000  0.009901364995  0.095742881127  0.373657569238 -0.000000000000  0.028628578711  0.000000000000
  0.474509803922  0.003558377254 -0.029610828457 -0.163717532461 -0.000000000000  0.119920151715  0.000000000000  0.005593601252  0.314515434107  0.086527855284  0.000000000000  0.119920151715 -0.000000000000
  0.478431372549  0.082792996061  0.004272897192  0.076823060472  0.000000000000  0.013346114576 -0.000000000000  0.040006663548 -0.158463579547  0.104735398580  0.000000000000  0.013346114576  0.000000000000
  0.482352941176  0.027773939718  0.002322205465  0.026255553874  0.000000000000  0.067489876906 -0.000000000000 -0.006942895042  0.092498429508  0.147665907997  0.000000000000  0.067489876906 -0.000000000000
  0.486274509804  0.114731881087 -0.008507404145 -0.070345087332 -0.000000000000  0.099141756526  0.000000000000  0.034891807772 -0.101142230319 -0.045483821744  0.000000000000  0.099141756526 -0.000000000000
  0.490196078431  0.012097839207  0.014335745443  0.017386355483  0.000000000000  0.061313094528 -0.000000000000  0.005635695235 -0.058242398006 -0.193363082409  0.000000000000  0.061313094528 -0.000000000000
  0.494117647059  0.059410364156  0.001881781683  0.005111450074  0.000000000000  0.081447205748 -0.000000000000  0.032020182942  0.049382267231 -0.535430095629 -0.000000000000  0.081447205748  0.000000000000
  0.498039215686 -0.099139623679  0.004872810904  0.121035887711  0.000000000000  0.059397502706 -0.000000000000  0.000650310665 -0.017111367391  0.063437550029 -0.000000000000  0.059397502706  0.000000000000
  0.501960784314  0.060974507861 -0.000975524311  0.025796830153 -0.000000000000  0.025105674852  0.000000000000  0.006434667952 -0.008824289203  0.097074794940 -0.000000000000  0.025105674852  0.000000000000
  0.505882352941 -0.081032772811 -0.007215486744  0.037774362437 -0.000000000000  0.066810756006  0.000000000000 -0.008205915832 -0.020776254038 -0.067028156141  0.000000000000  0.066810756006 -0.000000000000
  0.509803921569  0.059361897293 -0.009573361223 -0.161545731911  0.000000000000  0.070218547104 -0.000000000000  0.002056326201  0.049494986626  0.438484251451  0.000000000000  0.070218547104 -0.000000000000
  0.513725490196 -0.010570885281  0.002649828466  0.029722635064  0.000000000000  0.060163439283 -0.000000000000  0.022771721370 -0.022621891670 -0.736237557571  0.000000000000  0.060163439283 -0.000000000000
  0.517647058824 -0.066806801786  0.008172713109  0.024563850474 -0.000000000000  0.120817820015  0.000000000000 -0.000726879134  0.049849576728  0.465114096745  0.000000000000  0.120817820015 -0.000000000000
  0.521568627451  0.067676221142  0.000738802473 -0.055741979047  0.000000000000  0.005193192924 -0.000000000000  0.018723606736 -0.035523525223 -0.036892119894  0.000000000000  0.005193192924 -0.000000000000
  0.525490196078 -0.059388896335  0.000562207448 -0.003118118939  0.000000000000  0.042018193796 -0.000000000000  0.009622807203  0.032536981639  0.212662450841  0.000000000000  0.042018193796 -0.000000000000
  0.529411764706  0.119158735718 -0.001572197292  0.032126537948  0.000000000000  0.014859596555  0.000000000000  0.019953479278  0.160237836053  0.321519016028 -0.000000000000  0.014859596555  0.000000000000
  0.533333333333  0.000319228908 -0.010190656334 -0.073929243761 -0.000000000000  0.106103255926  0.000000000000  0.005183372035 -0.130252543270 -0.509062322222  0.000000000000  0.106103255926 -0.000000000000
  0.537254901961  0.023102829742  0.000460345423 -0.046748594681 -0.000000000000  0.026939615386  0.000000000000  0.035096835581 -0.064204972117  0.117568540228 -0.000000000000  0.026939615386  0.000000000000
  0.541176470588 -0.006293101056  0.008504488869  0.108992597692 -0.000000000000  0.058487203674  0.000000000000  0.013461221671 -0.054039759369 -0.642484405642 -0.000000000000  0.058487203674  0.000000000000
  0.545098039216 -0.104889951687 -0.006818787265 -0.074097076216 -0.000000000000  0.042289188840  0.000000000000  0.015999967289 -0.082214676875  0.049768415503 -0.000000000000  0.042289188840  0.000000000000
  0.549019607843 -0.006953354167  0.000959134521 -0.020529078705  0.000000000000  0.051128574437  0.000000000000  0.026026788949 -0.040924288549  0.279744815982 -0.000000000000  0.051128574437  0.000000000000
  0.552941176471 -0.055107205626  0.009986882772  0.066293710023 -0.000000000000  0.112819716058  0.000000000000  0.019594613590 -0.083441848063 -0.200249317292 -0.000000000000  0.112819716058  0.000000000000
  0.556862745098 -0.040426939649  0.011147467973  0.026434337447 -0.000000000000  0.015375436030  0.000000000000  0.012411206365 -0.032368209338  0.097256296219 -0.000000000000  0.015375436030 -0.000000000000
  0.560784313725 -0.049049166589 -0.017104131724 -0.105156217920 -0.000000000000  0.040755842800  0.000000000000  0.014432961612 -0.044571067981 -0.387650220954  0.000000000000  0.040755842800 -0.000000000000
  0.564705882353 -0.108993615727  0.007228296120  0.151926016381 -0.000000000000  0.017862647082 -0.000000000000  0.029132113932  0.033239341892  0.270178637343  0.000000000000  0.017862647082 -0.000000000000
  0.568627450980  0.007802608694  0.000283117255 -0.029896349983 -0.000000000000  0.083430700926  0.000000000000 -0.013248521829  0.009592596672  0.412558101431  0.000000000000  0.083430700926 -0.000000000000
  0.572549019608 -0.024045056215 -0.007883349546 -0.059546850822 -0.000000000000  0.072289045834 -0.000000000000  0.032907050824  0.020376368224 -0.150068880782  0.000000000000  0.072289045834 -0.000000000000
  0.576470588235 -0.017552660528  0.018477099260  0.102806809490  0.000000000000  0.094741265503 -0.000000000000 -0.003313347127  0.058191989870 -0.252133985148  0.000000000000  0.094741265503 -0.000000000000
  0.580392156863 -0.081759449543 -0.012733244828 -0.141899301474  0.000000000000  0.032346230888 -0.000000000000  0.016615482767 -0.191014097732 -0.203536055971 -0.000000000000  0.032346230888  0.000000000000
  0.584313725490 -0.069341850783  0.017296100620  0.099523244308 -0.000000000000  0.108785864107  0.000000000000  0.020430709181 -0.014754034810 -0.095257318388 -0.000000000000  0.108785864107 -0.000000000000
  0.588235294118 -0.094740219064 -0.001695645118 -0.009031073391  0.000000000000  0.005722381804 -0.000000000000 -0.000445287489  0.057449462205  0.486680559582  0.000000000000  0.005722381804  0.000000000000
  0.592156862745  0.024816338076 -0.000851124372 -0.039790656658  0.000000000000  0.110881487798  0.000000000000  0.020746759197 -0.032736055923 -0.114388934806 -0.000000000000  0.110881487798  0.000000000000
  0.596078431373 -0.108685555770  0.001959850811  0.096087714595 -0.000000000000  0.053332475249  0.000000000000  0.004670567043  0.021155547422 -0.095154070061 -0.000000000000  0.053332475249  0.000000000000
  0.600000000000  0.005704319845  0.001760186660  0.084733084774  0.000000000000  0.014679386426 -0.000000000000  0.000454300139 -0.018658625276 -0.020081196960  0.000000000000  0.014679386426  0.000000000000
  0.603921568627 -0.110295866748 -0.007479423427 -0.127971646899 -0.000000000000  0.059689084182  0.000000000000 -0.011380954027  0.040690466178  0.121625508126 -0.000000000000  0.059689084182  0.000000000000
  0.607843137255  0.046808007866 -0.001841149025 -0.067501418090 -0.000000000000  0.031089016590 -0.000000000000  0.025560972513  0.114999017753  0.593060711957  0.000000000000  0.031089016590 -0.000000000000
  0.611764705882  0.014422983143 -0.003405914666  0.083725760457  0.000000000000  0.099679875383  0.000000000000  0.002731655742  0.031490607398 -0.029015947944 -0.000000000000  0.099679875383  0.000000000000
  0.615686274510  0.058981352345  0.000458661492  0.063784744480 -0.000000000000  0.069774222825  0.000000000000  0.009164433756  0.007827446118  0.042572877155  0.000000000000  0.069774222825 -0.000000000000
  0.619607843137  0.028870852954  0.008422590790 -0.036693266333 -0.000000000000  0.163543791199 -0.000000000000 -0.011532597377  0.119632948748  0.162411441556  0.000000000000  0.163543791199 -0.000000000000
  0.623529411765  0.098921559149  0.005844123928  0.089950521938  0.000000000000  0.129349950371 -0.000000000000  0.012272028839 -0.019281848717  0.115165998479  0.000000000000  0.129349950371 -0.000000000000
  0.627450980392  0.063202221528 -0.008894538168  0.012674779452  0.000000000000  0.102892048339 -0.000000000000 -0.029562161028 -0.063431086386  0.276003449721  0.000000000000  0.102892048339  0.000000000000
  0.631372549020  0.163356000090 -0.004976769578  0.001926679173 -0.000000000000  0.065660497209  0.000000000000  0.007835105259 -0.011625364486  0.324956454550 -0.000000000000  0.065660497209  0.000000000000
  0.635294117647  0.125654622251 -0.002117992139  0.011463826374  0.000000000000  0.093571121325 -0.000000000000 -0.030697321835  0.059235373863 -0.306383199983  0.000000000000  0.093571121325 -0.000000000000
  0.639215686275  0.102713726027 -0.002895432872 -0.019696982121  0.000000000000  0.116802862110  0.000000000000  0.006055088527 -0.033057998189 -0.286444988643 -0.000000000000  0.116802862110  0.000000000000
  0.643137254902  0.059197265896 -0.004187683938  0.060454849878  0.000000000000  0.029848597436  0.000000000000 -0.028407474443 -0.063625539674 -0.031199362790 -0.000000000000  0.029848597436  0.000000000000
  0.647058823529  0.093451803646  0.009250286358 -0.038999001115  0.000000000000  0.061116563369  0.000000000000 -0.004723890475  0.032017389496  0.336837518564 -0.000000000000  0.061116563369  0.000000000000
  0.650980392157  0.114141981978  0.007926072507  0.110549096108  0.000000000000  0.050429226184 -0.000000000000 -0.024789444274 -0.044550606004 -0.384684867302  0.000000000000  0.050429226184 -0.000000000000
  0.654901960784  0.016038296519 -0.000472197414 -0.039114393050  0.000000000000  0.106471632484 -0.000000000000 -0.025173633303  0.031011245941 -0.257231556862  0.000000000000  0.106471632484 -0.000000000000
  0.658823529412  0.058008730785 -0.008747348569 -0.008718604736 -0.000000000000  0.039694702148 -0.000000000000 -0.019241140056  0.001229739425  0.155427142868  0.000000000000  0.039694702148 -0.000000000000
  0.662745098039  0.044582021902  0.007255119025  0.055631825826  0.000000000000  0.108501866789 -0.000000000000 -0.023570111936  0.037960376671  0.212121925523  0.000000000000  0.108501866789 -0.000000000000
  0.666666666667  0.102652305823 -0.011985669785 -0.082115134756 -0.000000000000  0.095062994020  0.000000000000 -0.028261504436 -0.069966875648 -0.046292641572 -0.000000000000  0.095062994020  0.000000000000
  0.670588235294  0.038221386123  0.006057701802  0.109529694342  0.000000000000  0.065132159903 -0.000000000000 -0.010714243857 -0.027283377027 -0.056614144922  0.000000000000  0.065132159903  0.000000000000
  0.674509803922  0.096863274582 -0.002768615000  0.024766385732 -0.000000000000  0.032825387538  0.000000000000 -0.048889274220 -0.083841276814  0.327290215458 -0.000000000000  0.032825387538  0.000000000000
  0.678431372549  0.093587722246  0.001192481417 -0.034938368944  0.000000000000  0.037333753384 -0.000000000000 -0.016682657969  0.021004903745 -0.229910739420 -0.000000000000  0.037333753384  0.000000000000
  0.682352941176  0.050643264091 -0.003179470361 -0.059118799444 -0.000000000000  0.042490420277 -0.000000000000 -0.040956782782  0.019054602976 -0.241640492327  0.000000000000  0.042490420277 -0.000000000000
  0.686274509804  0.032683258146 -0.001619754163 -0.021141654439  0.000000000000  0.036147559034 -0.000000000000 -0.003051344611  0.014094277605 -0.278216739633  0.000000000000  0.036147559034  0.000000000000
  0.690196078431 -0.010464110880  0.002515227874  0.036949788044  0.000000000000  0.034548860636 -0.000000000000 -0.035837292381 -0.102544808759  0.090563298775  0.000000000000  0.034548860636 -0.000000000000
  0.694117647059  0.041455345791 -0.004224983438 -0.008493899326  0.000000000000  0.064538856292  0.000000000000 -0.009321487045  0.014313348541  0.013688640427 -0.000000000000  0.064538856292  0.000000000000
  0.698039215686 -0.007970190359  0.002674185194  0.026005671445 -0.000000000000  0.040362823029  0.000000000000 -0.035257936550 -0.063858316314 -0.087226849590 -0.000000000000  0.040362823029 -0.000000000000
  0.701960784314  0.032031984071  0.002088463838 -0.043952545135  0.000000000000  0.026570066143 -0.000000000000 -0.012945105939  0.004714594018  0.394705666820 -0.000000000000  0.026570066143  0.000000000000
  0.705882352941  0.059048219951 -0.003806590570 -0.032103119352 -0.000000000000  0.034418126656  0.000000000000 -0.026049408672 -0.006870398191 -0.373571317884 -0.000000000000  0.034418126656 -0.000000000000
  0.709803921569 -0.040028244519  0.001761494963  0.018220847320  0.000000000000  0.023629856196  0.000000000000 -0.005186243695  0.018976249777 -0.232555541421 -0.000000000000  0.023629856196  0.000000000000
  0.713725490196  0.006394806145 -0.007178374986 -0.112919172333  0.000000000000  0.027198662648  0.000000000000 -0.025789045527 -0.084289521854  0.100123187493 -0.000000000000  0.027198662648  0.000000000000
  0.717647058824 -0.029572314304  0.006104907501  0.000624953151 -0.000000000000  0.025739522616  0.000000000000  0.017609249535 -0.044209388336 -0.056228381917 -0.000000000000  0.025739522616  0.000000000000
  0.721568627451 -0.002823581362 -0.001373243952  0.019094648187  0.000000000000  0.026063151413 -0.000000000000 -0.023460551829  0.023158353146  0.057821064085 -0.000000000000  0.026063151413  0.000000000000
  0.725490196078 -0.021715176759 -0.001750815549 -0.078870854039 -0.000000000000  0.022096173247  0.000000000000  0.016377373055  0.026203272162 -0.125678301253  0.000000000000  0.022096173247 -0.000000000000
  0.729411764706 -0.024652603232 -0.001296954475 -0.027131025015 -0.000000000000  0.017946137247  0.000000000000 -0.007400822820  0.040771859081  0.032238278711 -0.000000000000  0.017946137247  0.000000000000
  0.733333333333 -0.011869951346 -0.002678254744  0.012803610973 -0.000000000000  0.081562994626 -0.000000000000  0.023203278144  0.021332274630  0.215528935555  0.000000000000  0.081562994626 -0.000000000000
  0.737254901961  0.018516997409  0.012476623209  0.122506056792 -0.000000000000  0.038687099030  0.000000000000 -0.012056603133 -0.025873088400 -0.095791743066 -0.000000000000  0.038687099030  0.000000000000
  0.741176470588 -0.017942516575 -0.004489397663 -0.102370835328  0.000000000000  0.027486345757 -0.000000000000  0.000360473377  0.023742568624  0.289476257554 -0.000000000000  0.027486345757  0.000000000000
  0.745098039216  0.081513316155  0.003139322132  0.105120152578 -0.000000000000  0.070262288630  0.000000000000  0.002846292637  0.108901129912  0.253027966434  0.000000000000  0.070262288630 -0.000000000000
  0.749019607843  0.033866057864  0.004758278238  0.008061293810  0.000000000000  0.071079544035 -0.000000000000 -0.018702453211  0.012680126709 -0.331461987423  0.000000000000  0.071079544035  0.000000000000
  0.752941176471  0.027471256146 -0.000284986021 -0.081453211725 -0.000000000000  0.012413650547  0.000000000000  0.000910652955  0.036303006709  0.190135047304 -0.000000000000  0.012413650547  0.000000000000
  0.756862745098  0.070195771877  0.006028681568  0.014181724913 -0.000000000000  0.184280780935  0.000000000000 -0.003056601725  0.037302154222  0.251699150706 -0.000000000000  0.184280780935  0.000000000000
  0.760784313725  0.071079051336  0.003506781190 -0.001137545112 -0.000000000000  0.060248024511  0.000000000000  0.000264653199 -0.046569029861 -0.514148336279  0.000000000000  0.060248024511 -0.000000000000
  0.764705882353 -0.012367883701 -0.000447783035 -0.082186626942  0.000000000000  0.127035960975 -0.000000000000 -0.001064975423  0.054219676219  0.651865156333  0.000000000000  0.127035960975  0.000000000000
  0.768627450980  0.183626965125  0.007210052062  0.060348778814  0.000000000000  0.037108410086 -0.000000000000  0.015509477784 -0.069470179232 -0.261409722934  0.000000000000  0.037108410086 -0.000000000000
  0.772549019608 -0.059388787829 -0.001309531332 -0.066576466673 -0.000000000000  0.022161076744  0.000000000000 -0.010138852875  0.035465277665 -0.315321260475  0.000000000000  0.022161076744 -0.000000000000
  0.776470588235  0.124715305473  0.004159793269  0.136744132576  0.000000000000  0.041936014274 -0.000000000000  0.024170808046  0.032837561956  0.428737830048  0.000000000000  0.041936014274 -0.000000000000
  0.780392156863  0.003022190039 -0.001505110727  0.023142158282  0.000000000000  0.060106121391  0.000000000000 -0.036985138454 -0.004798571452 -0.619532316700 -0.000000000000  0.060106121391  0.000000000000
  0.784313725490  0.013963051407  0.001029237868 -0.036094262622 -0.000000000000  0.025753688159  0.000000000000  0.017208908096 -0.015271032976  0.166477476779  0.000000000000  0.025753688159 -0.000000000000
  0.788235294118  0.027169543187  0.003331860462  0.052643699158  0.000000000000  0.067026864364  0.000000000000 -0.031944408215  0.014809380552  0.242896716075 -0.000000000000  0.067026864364  0.000000000000
  0.792156862745  0.059423297649 -0.005635279787 -0.070785923598  0.000000000000  0.121864941250 -0.000000000000  0.009034241815 -0.030341459422 -0.156492716093  0.000000000000  0.121864941250  0.000000000000
  0.796078431373 -0.014456518577  0.004153764406  0.100661550493 -0.000000000000  0.059445221766  0.000000000000 -0.021313411843 -0.034851398872 -0.699257091650 -0.000000000000  0.059445221766  0.000000000000
  0.800000000000 -0.066431649602 -0.000041852371 -0.033833666641  0.000000000000  0.005666924151 -0.000000000000 -0.008912714387  0.045706182992  0.755498941784 -0.000000000000  0.005666924151  0.000000000000
  0.803921568627  0.120469624341  0.006746153878  0.074082081599 -0.000000000000  0.111642981595  0.000000000000 -0.018388407140 -0.075929539409  0.053572757353 -0.000000000000  0.111642981595  0.000000000000
  0.807843137255 -0.055548880370  0.000837757453 -0.082878595389  0.000000000000  0.110966507612  0.000000000000 -0.021167339946 -0.027081161300 -0.563814092788 -0.000000000000  0.110966507612  0.000000000000
  0.811764705882  0.004511129846 -0.001180565860  0.001697877703  0.000000000000  0.130688999024 -0.000000000000 -0.003429830440 -0.033796198806 -0.126579269876  0.000000000000  0.130688999024 -0.000000000000
  0.815686274510 -0.109766112718  0.004196320155  0.041457190997 -0.000000000000  0.163369214570  0.000000000000 -0.020385186732 -0.044458291191 -0.539737241914 -0.000000000000  0.163369214570  0.000000000000
  0.819607843137 -0.110532602356 -0.001197910435 -0.063823460282  0.000000000000  0.126504710981 -0.000000000000 -0.009803551803 -0.033712942905 -0.000093978399  0.000000000000  0.126504710981 -0.000000000000
  0.823529411765 -0.130454941522 -0.003272091958 -0.017594435552  0.000000000000  0.092897460911  0.000000000000 -0.007818100690 -0.055893715414 -0.259261170330 -0.000000000000  0.092897460911  0.000000000000
  0.827450980392 -0.163327110274  0.001181833506 -0.034065746668 -0.000000000000  0.036863818178 -0.000000000000 -0.003708816371 -0.029508996594  0.005117466939  0.000000000000  0.036863818178 -0.000000000000
  0.831372549020 -0.126504702206 -0.000405665177 -0.016273031703 -0.000000000000  0.067960202852  0.000000000000 -0.000047119840  0.005194206764  0.293134620557  0.000000000000  0.067960202852 -0.000000000000
  0.835294117647 -0.092890359010 -0.003117846176  0.068784031395 -0.000000000000  0.052723533346  0.000000000000 -0.001148671746 -0.025750551476  0.406791727316 -0.000000000000  0.052723533346  0.000000000000
  0.839215686275 -0.034528610978  0.008118363827 -0.026011222973 -0.000000000000  0.020209778921  0.000000000000 -0.012911859456  0.021228839963  0.073486172905  0.000000000000  0.020209778921 -0.000000000000
  0.843137254902 -0.067954839823  0.001977533492  0.057375851431 -0.000000000000  0.096981848402  0.000000000000  0.000853766022 -0.074748817267 -0.130457182306 -0.000000000000  0.096981848402  0.000000000000
  0.847058823529 -0.046609965068 -0.002031908031  0.033473534478 -0.000000000000  0.095354228513  0.000000000000 -0.024643094872  0.027159802685  0.482871715049 -0.000000000000  0.095354228513  0.000000000000
  0.850980392157  0.019648751361 -0.001844942082 -0.095317556473 -0.000000000000  0.051937892608  0.000000000000 -0.004728819516 -0.032790039166 -0.356741238163 -0.000000000000  0.051937892608  0.000000000000
  0.854901960784 -0.096752907398 -0.000651332538  0.024134046258  0.000000000000  0.049656077121 -0.000000000000 -0.006659867082 -0.006174097608  0.385344984972 -0.000000000000  0.049656077121  0.000000000000
  0.858823529412  0.095208835627 -0.008424609247 -0.074848426420 -0.000000000000  0.018811971804  0.000000000000 -0.005263697736 -0.013739987572  0.217309534484  0.000000000000  0.018811971804 -0.000000000000
  0.862745098039 -0.051238143406  0.003931517516 -0.012352817571  0.000000000000  0.109798878619  0.000000000000  0.008496902308  0.030217136834 -0.310099781141 -0.000000000000  0.109798878619  0.000000000000
  0.866666666667  0.049611836702  0.008248337983  0.055800385516  0.000000000000  0.034378832806 -0.000000000000 -0.002095627383  0.010368514260  0.349760312952 -0.000000000000  0.034378832806  0.000000000000
  0.870588235294  0.018810907694 -0.010765620155 -0.108323200572  0.000000000000  0.032824891766 -0.000000000000  0.000200087218  0.094474635226  0.241496036083  0.000000000000  0.032824891766  0.000000000000
  0.874509803922  0.108525479155  0.006208458655  0.073879116362  0.000000000000  0.083311795172 -0.000000000000  0.016673755433 -0.058734823561  0.088130477039 -0.000000000000  0.083311795172  0.000000000000
  0.878431372549  0.032057016457 -0.000057054973  0.005286777955  0.000000000000  0.039945522393 -0.000000000000 -0.012419816463 -0.006365697764 -0.442216567540  0.000000000000  0.039945522393 -0.000000000000
  0.882352941176  0.029497993971 -0.001144482253 -0.008176828962 -0.000000000000  0.016270635694  0.000000000000  0.014399370513 -0.008242119909  0.350556831505  0.000000000000  0.016270635694 -0.000000000000
  0.886274509804  0.082663452552 -0.000889535719 -0.029341598507 -0.000000000000  0.019852616433  0.000000000000 -0.010373467455  0.045458874254 -0.294761586614 -0.000000000000  0.019852616433 -0.000000000000
  0.890196078431 -0.034063715311 -0.002132311508 -0.016906210408  0.000000000000  0.006406177228 -0.000000000000  0.020864037443  0.043362074756 -0.471120312928  0.000000000000  0.006406177228  0.000000000000
  0.894117647059 -0.014503822741  0.000274010203  0.046281174288  0.000000000000  0.034969589508 -0.000000000000 -0.007373785446 -0.030741689666  0.154017250627  0.000000000000  0.034969589508 -0.000000000000
  0.898039215686 -0.015213214370 -0.000559981721 -0.037043050136  0.000000000000  0.038676611165 -0.000000000000  0.012754782937  0.019290634837  0.043879493708  0.000000000000  0.038676611165  0.000000000000
  0.901960784314 -0.005655618937  0.007183608163  0.072298338866  0.000000000000  0.071941521282 -0.000000000000 -0.003008833846 -0.022937127989 -0.084490347340  0.000000000000  0.071941521282 -0.000000000000
  0.905882352941 -0.034927588177 -0.001307444686  0.019980472697 -0.000000000000  0.020520841782  0.000000000000 -0.001713410205  0.006509289104 -0.128382199633  0.000000000000  0.020520841782 -0.000000000000
  0.909803921569 -0.037586571341  0.000903661137  0.006893830936 -0.000000000000  0.036568006113  0.000000000000 -0.009117560312  0.017509601808 -0.188712837401 -0.000000000000  0.036568006113  0.000000000000
  0.913725490196 -0.071767700984 -0.000821664096  0.046271628501  0.000000000000  0.030101357789 -0.000000000000 -0.004997957573 -0.010052782278  0.103519260341  0.000000000000  0.030101357789  0.000000000000
  0.917647058824 -0.008111855410  0.005509249553  0.006385032593  0.000000000000  0.110866777703 -0.000000000000 -0.018849476101  0.000093561981  0.509183975386  0.000000000000  0.110866777703 -0.000000000000
  0.921568627451  0.035826274911 -0.000882088574 -0.013324161985 -0.000000000000  0.017278777646 -0.000000000000 -0.007327830312  0.018313130506  0.048658958345  0.000000000000  0.017278777646 -0.000000000000
  0.925490196078  0.024019685737  0.003745009878  0.078031223808 -0.000000000000  0.127077361347  0.000000000000 -0.018142393388  0.003824704122  0.357403415029  0.000000000000  0.127077361347 -0.000000000000
  0.929411764706  0.108916000041 -0.001275904871 -0.090899464614  0.000000000000  0.034628740143 -0.000000000000 -0.020706214845  0.020778470041 -0.089066941705  0.000000000000  0.034628740143 -0.000000000000
  0.933333333333  0.016805524737  0.005845704726  0.105252141706 -0.000000000000  0.115807295732  0.000000000000 -0.004016278782  0.005165485328  0.099783313319  0.000000000000  0.115807295732 -0.000000000000
  0.937254901961  0.121236421960 -0.003065332337 -0.075278532612  0.000000000000  0.041462260820 -0.000000000000 -0.038083930435 -0.065457172891 -0.248360889681 -0.000000000000  0.041462260820  0.000000000000
  0.941176470588 -0.033613335235  0.002439449354  0.032891791589  0.000000000000  0.061484168808 -0.000000000000  0.008324262025 -0.025804491945 -0.032448303830  0.000000000000  0.061484168808 -0.000000000000
  0.945098039216  0.107811119157 -0.003782940617 -0.018322527549  0.000000000000  0.004559417816 -0.000000000000 -0.042285840785  0.002341746121  0.016825255980  0.000000000000  0.004559417816 -0.000000000000
  0.949019607843 -0.038797815124 -0.002003149988 -0.123478740327  0.000000000000  0.064039949554 -0.000000000000  0.014623563652 -0.047512652912 -0.273688493533  0.000000000000  0.064039949554 -0.000000000000
  0.952941176471  0.058503010023  0.003638226237  0.089379627271  0.000000000000  0.038596129442  0.000000000000 -0.018912980523  0.026388295010  0.246513319785 -0.000000000000  0.038596129442  0.000000000000
  0.956862745098  0.004025215701 -0.006751947069 -0.094149659671 -0.000000000000  0.085127659438  0.000000000000  0.002141478318  0.042354739628 -0.023832898923 -0.000000000000  0.085127659438  0.000000000000
  0.960784313725  0.063990591481  0.000837972304  0.027606161106 -0.000000000000  0.056397036900 -0.000000000000 -0.002513829921  0.012170493781  0.160747283242  0.000000000000  0.056397036900 -0.000000000000
  0.964705882353  0.038519697486  0.000580882127  0.048676058699  0.000000000000  0.014151914910 -0.000000000000 -0.002427779531 -0.008249169388  0.071642811827  0.000000000000  0.014151914910 -0.000000000000
  0.968627450980  0.084248284562  0.002668835759 -0.018261022933  0.000000000000  0.041386798082 -0.000000000000 -0.012204300465  0.000104030801  0.143024197246  0.000000000000  0.041386798082 -0.000000000000
  0.972549019608  0.056389685701  0.001281295670 -0.039761200439  0.000000000000  0.055382997982  0.000000000000  0.000910559005 -0.016028368719 -0.496473305810 -0.000000000000  0.055382997982  0.000000000000
  0.976470588235 -0.013318258947  0.000912513849  0.039227184996 -0.000000000000  0.037910068793  0.000000000000 -0.004785464893  0.040048569033 -0.062706898818  0.000000000000  0.037910068793 -0.000000000000
  0.980392156863  0.041048671227 -0.002398671762 -0.022520437239 -0.000000000000  0.002760151327  0.000000000000 -0.005279549786 -0.002170022503  0.363545065592 -0.000000000000  0.002760151327 -0.000000000000
  0.984313725490  0.055381984781  0.001142553176 -0.025869287854 -0.000000000000  0.018397983067 -0.000000000000 -0.000335003262  0.015152325007 -0.023175623475  0.000000000000  0.018397983067 -0.000000000000
  0.988235294118  0.037903524342 -0.003388047854 -0.013310903894  0.000000000000  0.000000000000 -0.000000000000  0.000704385116  0.125681920342 -0.279060305025  0.000000000000  0.000000000000 -0.000000000000
  0.992156862745 -0.000926598452 -0.000834462653  0.018918308542 -0.000000000000  0.000000000000  0.000000000000  0.002599971280  0.002301201220 -0.065569035069 -0.000000000000  0.000000000000  0.000000000000
  0.996078431373  0.018156883339  0.007624452499  0.045482642246  0.000000000000  0.099905672201 -0.000000000000 -0.002968731775 -0.142977318528  0.245217078126  0.000000000000  0.099905672201 -0.000000000000
  1.000000000000  0.000000000000 -0.015733373153 -0.141743108884 -0.000000000000  0.023138807381  0.000000000000  0.000000000000  0.011548734674 -0.858256891116 -0.000000000000  0.023138807381  0.000000000000
