             Rad         v_r[Re]         v_t[Re]         v_x[Re]         p[Re]          p_mg[Re]  p_no_phase[Re]         v_r[Im]         v_t[Im]         v_x[Im]         p[Im]          p_mg[Im]  p_no_phase[Im]
  0.000000000000  0.032810164425  0.000000000000 -0.015799414215  0.008227314207  0.417649299093  0.014543327247  0.156702484173  0.000000000000 -0.057016373302  0.016203707146  0.417649299093  0.010896809483
  0.003921568627  0.037265896250 -0.240226404519  0.008741317372 -0.007332716869  0.255803525822 -0.016621031297  0.274953550123  0.022955190131  0.077227987966 -0.022718294623  0.255803525822 -0.017135663566
  0.007843137255  0.045365395781 -0.466391673995  0.039222334318 -0.030056569864  0.014756479305 -0.065804899521  0.409451317899  0.052765658191  0.299779096850 -0.087864487557  0.014756479305 -0.065523131524
  0.011764705882  0.053125697540 -0.600661312655  0.075307321841 -0.057925214944  0.314331213579 -0.127012998850  0.414256680445  0.067476307011  0.579131975947 -0.169770398254  0.314331213579 -0.126668925837
  0.015686274510  0.027643689628 -0.622341662735  0.110928884988 -0.082089776299  0.532294532126 -0.177117015435  0.254305466412  0.075264725344  0.799926720747 -0.234074900511  0.532294532126 -0.173664484756
  0.019607843137  0.007203308593 -0.550146499483  0.115971446897 -0.088727365391  0.610706022568 -0.194128995805 -0.012878898509  0.062431825825  0.884028553103 -0.259087798693  0.610706022568 -0.193165643396
  0.023529411765 -0.035477015599 -0.403240104951  0.116611124085 -0.082423349573  0.507061306332 -0.174252120588 -0.312322738836  0.053320738337  0.777303401585 -0.226917992436  0.507061306332 -0.167097523370
  0.027450980392 -0.056893908041 -0.221667047473  0.066831359601 -0.050474296749  0.264964970660 -0.109845669665 -0.529245266544  0.025781963424  0.498649801034 -0.146056239448  0.264964970660 -0.108692265456
  0.031372549020 -0.070428236946 -0.049075882773  0.034092739953 -0.017925999676  0.042922330320 -0.031914828959 -0.606631444488  0.012378024317  0.125869830798 -0.035819298366  0.042922330320 -0.024203456207
  0.035294117647 -0.066277039905  0.084672182854 -0.033129610847  0.024881033170  0.314355274999  0.054020760663 -0.502711171908 -0.009954329090 -0.244889532241  0.071710213362  0.314355274999  0.053321458433
  0.039215686275 -0.032734279325  0.153115652659 -0.056999535594  0.047122537670  0.459270791796  0.106247223108 -0.262935168119 -0.015029952951 -0.492213823603  0.144717097483  0.459270791796  0.108972929859
  0.043137254902 -0.011885693651  0.161215568373 -0.081921246409  0.059348359258  0.454717579505  0.126869427957  0.041243868957 -0.020315190056 -0.569800039331  0.166558304140  0.454717579505  0.123158615917
  0.047058823529  0.037832598028  0.115626812859 -0.067810647955  0.047549503294  0.285132849275  0.100155997144  0.312070398222 -0.015531511013 -0.445758364785  0.130073036256  0.285132849275  0.095648974174
  0.050980392157  0.042398160759  0.046371101721 -0.033321132176  0.021816424405  0.043687590204  0.044439743292  0.457309584594 -0.007150856571 -0.193597368047  0.056256443053  0.043687590204  0.040814862181
  0.054901960784  0.062987837434 -0.024537810999 -0.002654045745 -0.005939655963  0.212448387385 -0.020133610886  0.450333886629 -0.001016731475  0.110702163484 -0.033489751803  0.212448387385 -0.027413148332
  0.058823529412  0.037407405873 -0.073307172265  0.050012096706 -0.036564562031  0.373041111213 -0.078479278219  0.282668405948  0.009075212215  0.353327432795 -0.103329049775  0.373041111213 -0.076517074005
  0.062745098039  0.017165699989 -0.088995013582  0.051350792392 -0.043325241979  0.397746815988 -0.098408704246  0.040173925396  0.008414269919  0.457769960672 -0.134691217246  0.397746815988 -0.101658878237
  0.066666666667 -0.012208079385 -0.073897696555  0.071511857257 -0.046086122695  0.287516887912 -0.093107559871 -0.212097336381  0.011774211678  0.403412728756 -0.117099081401  0.287516887912 -0.084658773112
  0.070588235294 -0.044393945400 -0.035143400233  0.031264799256 -0.021782992800  0.071623983264 -0.045745657331 -0.370390129819  0.004780904554  0.203218367528 -0.059278132180  0.071623983264 -0.043539988120
  0.074509803922 -0.039946470123  0.007408865676  0.012265723284 -0.000919551341  0.147501502492  0.005569028024 -0.395735781998  0.002133989188 -0.045557546710  0.014462279593  0.147501502492  0.013378678281
  0.078431372549 -0.052486603632  0.043147549065 -0.029592100742  0.025798237699  0.317818233880  0.059272885491 -0.282685544861 -0.003842171166 -0.277453045516  0.081729179864  0.317818233880  0.061902608630
  0.082352941176 -0.010962709774  0.057635136883 -0.053272220540  0.039713781349  0.354939443309  0.085956123770 -0.070780039369 -0.006872417185 -0.388938424041  0.113851708371  0.354939443309  0.084563235005
  0.086274509804 -0.003928150434  0.051796415119 -0.049292619828  0.037131337569  0.277397837228  0.080719928917  0.147449187422 -0.006054439754 -0.366196725159  0.107247298438  0.277397837228  0.079781027365
  0.090196078431  0.036228371344  0.028461248418 -0.051072414550  0.028157189338  0.097632635262  0.051828433665  0.315746630855 -0.006399268735 -0.209968242452  0.060104528012  0.097632635262  0.041463177190
  0.094117647059  0.040080924576 -0.001837575333 -0.001512799702 -0.000410901422  0.110823823925 -0.002303595015  0.352669147930 -0.000227798877  0.014232230605 -0.004376868653  0.110823823925 -0.003744231455
  0.098039215686  0.039673680398 -0.027229060395  0.006413436361 -0.015271609533  0.267294254609 -0.042695843032  0.274546096644  0.000321693565  0.219160170304 -0.065590358167  0.267294254609 -0.052080535040
  0.101960784314  0.030940292285 -0.041503888653  0.053289715851 -0.037145759951  0.331016503960 -0.078025586963  0.092600376789  0.005640934459  0.346664821121 -0.101123675828  0.331016503960 -0.074281983511
  0.105882352941 -0.007978016955 -0.038380716402  0.043722273317 -0.033435884796  0.260335057821 -0.073141727397 -0.110536289041  0.004359268201  0.333038188335 -0.097603608629  0.260335057821 -0.072764761546
  0.109803921569 -0.011282187384 -0.023789836742  0.045355510898 -0.026667740108  0.117401962448 -0.051152912418 -0.267056044295  0.004615322517  0.213774446765 -0.061598431472  0.117401962448 -0.043461646004
  0.113725490196 -0.050127249970 -0.001024553007  0.019498404155 -0.006432110211  0.084516507322 -0.006473226130 -0.327198998630  0.002070090421  0.009230568252 -0.001592060236  0.084516507322  0.001415641563
  0.117647058824 -0.029008851451  0.018803075903 -0.017306404641  0.016252554277  0.231848234330  0.038256735804 -0.258713797212 -0.001463472017 -0.181400555376  0.053559300721  0.231848234330  0.040855432684
  0.121568627451 -0.036037517286  0.030729236677 -0.026060140609  0.026496597810  0.301926588540  0.063846396019 -0.111734140416 -0.002074557648 -0.306393966098  0.090657184201  0.301926588540  0.069601957286
  0.125490196078 -0.002150025225  0.030728138493 -0.060043834322  0.037293550920  0.257464825986  0.073853375717  0.084489155526 -0.005290931533 -0.315688198065  0.091386659242  0.257464825986  0.065482893361
  0.129411764706  0.017453092689  0.019464661521 -0.028825840255  0.021242533060  0.117742538972  0.045750314977  0.231190383272 -0.002373095491 -0.206402375638  0.060385180315  0.117742538972  0.044771909631
  0.133333333333  0.028644741521  0.003225057505 -0.034205638313  0.012411729830  0.059312965892  0.014834101683  0.300564707926 -0.003067954942 -0.034723851091  0.008371852033  0.059312965892  0.002021972084
  0.137254901961  0.047900450227 -0.013943207924  0.014594369329 -0.013947178982  0.211349187188 -0.033006350645  0.252969728402  0.001051691900  0.156941373019 -0.046360662562  0.211349187188 -0.035417730755
  0.141176470588  0.017723468924 -0.023497651060  0.025420939192 -0.024212858976  0.273434643179 -0.057242419760  0.116400962766  0.001782981556  0.272038404877 -0.080352946247  0.273434643179 -0.061369079270
  0.145098039216  0.023704469644 -0.025160319855  0.043890245082 -0.031420638910  0.252890331541 -0.066812579127 -0.054370267995  0.003244850696  0.299101273261 -0.087376274611  0.252890331541 -0.064482161757
  0.149019607843 -0.024268328520 -0.016844247285  0.047495377080 -0.026799228748  0.125564699314 -0.050092122284 -0.209951249474  0.003587588201  0.205351175006 -0.058932247568  0.125564699314 -0.041012043962
  0.152941176471 -0.020429137935 -0.003749394328  0.015321796673 -0.007463722900  0.036544556358 -0.012516041047 -0.272670413528  0.001154617178  0.046834408843 -0.013167380105  0.036544556358 -0.008510920918
  0.156862745098 -0.042779128074  0.009822455532  0.012732067952  0.003884266306  0.183232776639  0.020701242443 -0.249245794324  0.001159799355 -0.126780397416  0.038943765778  0.183232776639  0.033213897378
  0.160784313725 -0.030685377399  0.019239394773 -0.039573214890  0.027338928892  0.261854643681  0.057184571682 -0.121757551419 -0.002661761786 -0.253398709341  0.073879765092  0.261854643681  0.054180822111
  0.164705882353 -0.009633234745  0.020436953697 -0.027449837923  0.025065383833  0.236100983104  0.058480995243  0.035252026718 -0.001673119047 -0.276009031824  0.081424846803  0.236100983104  0.061953630555
  0.168627450980 -0.001542397648  0.015237745556 -0.052570501310  0.028618661352  0.142444279615  0.052224902156  0.183226284808 -0.003530806184 -0.210140000527  0.060065045924  0.142444279615  0.041223744545
  0.172549019608  0.038941768413  0.003868405641 -0.021549000154  0.009802148051  0.025951200452  0.015459739850  0.258942837496 -0.001453405760 -0.054451214749  0.015081445730  0.025951200452  0.009193941237
  0.176470588235  0.021888211420 -0.007086480782 -0.005146790467 -0.004708740021  0.157699523886 -0.018046086062  0.235084198583 -0.000478789277  0.102809472868 -0.031265302987  0.157699523886 -0.025962091235
  0.180392156863  0.045778602061 -0.015650812994  0.016074381800 -0.018938734103  0.246088599588 -0.047383811979  0.134887702881  0.000812168388  0.231622056257 -0.068754072841  0.246088599588 -0.053297021905
  0.184313725490  0.006432806907 -0.017530513671  0.047564193526 -0.030424829480  0.231335924569 -0.061224586737 -0.025141276821  0.002836916051  0.264571653771 -0.076757083300  0.231335924569 -0.055397383192
  0.188235294118  0.003225751581 -0.013183861278  0.028159349647 -0.020856144921  0.139169118189 -0.045015558815 -0.157666528980  0.001591838998  0.203351177052 -0.059507151706  0.139169118189 -0.044155173532
  0.192156862745 -0.024844799607 -0.004599710778  0.045206902845 -0.017981400816  0.033243613426 -0.024470225460 -0.244831237344  0.002784802552  0.071811538794 -0.018867867029  0.033243613426 -0.008974143274
  0.196078431373 -0.038156786188  0.005689048444 -0.006458986603  0.007515194455  0.146890821535  0.018747559877 -0.228167415868 -0.000301922536 -0.091513651511  0.027158092967  0.146890821535  0.021037327776
  0.200000000000 -0.024350266028  0.012516436657 -0.004366444708  0.013826370069  0.222392684327  0.039642016641 -0.137022290164 -0.000047547933 -0.205541999646  0.061615051961  0.222392684327  0.049153775583
  0.203921568627 -0.032782434255  0.015402874203 -0.042777425069  0.028538118865  0.232919806556  0.058686772049  0.005518137179 -0.002285981090 -0.257251445420  0.074844629378  0.232919806556  0.054516103690
  0.207843137255  0.014532292183  0.011661424510 -0.038680120882  0.023722771540  0.138098418116  0.046646021796  0.146170195098 -0.002062969983 -0.198410076005  0.057379152035  0.138098418116  0.040979087696
  0.211764705882  0.005526759607  0.004715287981 -0.028356452890  0.013499593730  0.027560032152  0.022196420276  0.222323999988 -0.001548470757 -0.081524012239  0.022817646400  0.027560032152  0.014498377323
  0.215686274510  0.044989057244 -0.004075787431 -0.021015120130  0.001909079006  0.130217641286 -0.008512892616  0.228533632129 -0.001257658010  0.072574489612 -0.023128644738  0.130217641286 -0.021589568068
  0.219607843137  0.025607432658 -0.010733303640  0.025858289830 -0.019543075260  0.212504263778 -0.042543368574  0.135703472611  0.001246723231  0.193160842352 -0.056579301707  0.212504263778 -0.042109511545
  0.223529411765  0.025519444866 -0.013029153837  0.016535907180 -0.019522767618  0.218082468860 -0.048868454246  0.010407367868  0.000673624412  0.238933860545 -0.070927283821  0.218082468860 -0.054988109854
  0.227450980392  0.006381139807 -0.010973082520  0.055853180658 -0.029235146083  0.154007367118 -0.051876551280 -0.130061197737  0.002799076754  0.204032048593 -0.058026350818  0.154007367118 -0.039122558493
  0.231372549020 -0.025235808112 -0.004362402342  0.020316465700 -0.011141640458  0.017194086829 -0.020434627072 -0.211000512115  0.000993249813  0.082552064792 -0.023616565732  0.017194086829 -0.016257439697
  0.235294117647 -0.018546948306  0.002661774913  0.024320159360 -0.004164547910  0.109677940672  0.003822721682 -0.217292369707  0.001305172092 -0.051868040103  0.017095908609  0.109677940672  0.017175574209
  0.239215686275 -0.049200342192  0.009221117835 -0.012251025740  0.014704487878  0.205331563261  0.036947189922 -0.145936957125 -0.000462836455 -0.180972037191  0.053738022456  0.205331563261  0.041700146020
  0.243137254902 -0.009521947406  0.011411350799 -0.032055513479  0.023489276583  0.209312779285  0.050465221863 -0.014316743327 -0.001406530495 -0.227338230971  0.066491569474  0.209312779285  0.049255825117
  0.247058823529 -0.020055515512  0.009881100458 -0.030775272243  0.021438646945  0.153021241389  0.045019283845  0.107828692691 -0.001344631393 -0.199982607019  0.058333766855  0.153021241389  0.042845163326
  0.250980392157  0.023367657913  0.004629277852 -0.048354347794  0.020315594192  0.043788094015  0.029511128723  0.203997557424 -0.002265515141 -0.094590691833  0.025534208157  0.043788094015  0.013921653460
  0.254901960784  0.025321815736 -0.002145583439 -0.002180884986 -0.002080301632  0.098893699689 -0.007908998950  0.207775468282 -0.000141619666  0.044961105044 -0.013668827166  0.098893699689 -0.011340733071
  0.258823529412  0.032425079090 -0.007459589264 -0.011395775626 -0.006234853418  0.185267225415 -0.027033699501  0.149546362585 -0.000666313402  0.158786460835 -0.048498226182  0.185267225415 -0.040744698198
  0.262745098039  0.034528929253 -0.010443773489  0.041186130960 -0.026076090735  0.214206202522 -0.052185411667  0.026928613447  0.001726789859  0.224675832997 -0.065134222045  0.214206202522 -0.046894692648
  0.266666666667 -0.002742697235 -0.008776069378  0.027827535287 -0.020049686423  0.145803581845 -0.042756186246 -0.098855659676  0.001117745934  0.191743883534 -0.056032837149  0.145803581845 -0.041395377789
  0.270588235294  0.004393086148 -0.004763692912  0.041121930304 -0.018781575384  0.057980658056 -0.029736607632 -0.185215133310  0.001767647591  0.105160140289 -0.029156518875  0.057980658056 -0.017848930875
  0.274509803922 -0.043749113504  0.001477648272  0.022613916381 -0.004756030227  0.090247133154  0.000829754107 -0.209690992335  0.001029002216 -0.033712521818  0.011526112528  0.090247133154  0.012441165607
  0.278431372549 -0.019835225706  0.006433362682 -0.009505695258  0.011807958586  0.172983405623  0.029896782629 -0.144448081676 -0.000303544987 -0.146966135872  0.043667258524  0.172983405623  0.033947602882
  0.282352941176 -0.039333904212  0.009088221632 -0.010814496355  0.016074779445  0.203019642519  0.042156824520 -0.042598130100 -0.000307910773 -0.210587769161  0.062741633186  0.203019642519  0.049170247259
  0.286274509804 -0.007118939685  0.008381970635 -0.053537871889  0.028059084240  0.157977487054  0.049836590978  0.089965914325 -0.002131297883 -0.196162930468  0.055798197857  0.157977487054  0.037643927693
  0.290196078431  0.008892885881  0.004351366270 -0.019912654100  0.012287543368  0.046926253629  0.024244735307  0.172754667670 -0.000759737228 -0.103373958760  0.029909823808  0.046926253629  0.021395655917
  0.294117647059  0.018872999739 -0.000571415114 -0.039401140427  0.010980025784  0.077091058320  0.006859449001  0.202140508383 -0.001641399667  0.014491878856 -0.006761386696  0.077091058320 -0.010919032726
  0.298039215686  0.046235133057 -0.005755999180  0.010262677219 -0.011656370572  0.170956591727 -0.028910673039  0.151060249196  0.000318938512  0.140731989966 -0.041744316069  0.170956591727 -0.032289810830
  0.301960784314  0.014611878890 -0.007953250340  0.014756291519 -0.016434736008  0.190425150488 -0.040565836811  0.044593343393  0.000456393701  0.197005756312 -0.058412661895  0.190425150488 -0.045128178570
  0.305882352941  0.031931345517 -0.007806487902  0.035658819815 -0.022636980383  0.162135521405 -0.045368159623 -0.070167089482  0.001283520147  0.195515607176 -0.056691651339  0.162135521405 -0.040842457135
  0.309803921569 -0.020776629463 -0.004357175207  0.044829940380 -0.020198331944  0.059815635746 -0.031564475105 -0.169689386595  0.001686226431  0.110095335062 -0.030416602714  0.059815635746 -0.018352826632
  0.313725490196 -0.011867882199  0.000300017416  0.013532739893 -0.003589206414  0.061538384947 -0.001794749709 -0.190054969182  0.000530545240 -0.007967258397  0.003222405346  0.061538384947  0.004477183532
  0.317647058824 -0.040518583070  0.004670543735  0.021193453094  0.001059886474  0.155248977018  0.017789955191 -0.156990992504  0.000893997577 -0.122230213116  0.038088942440  0.155248977018  0.033695821549
  0.321568627451 -0.031106130642  0.007439289689 -0.036092196353  0.022788869778  0.194750897832  0.045539563846 -0.051091280237 -0.001237084510 -0.195867430457  0.056771191297  0.194750897832  0.040846650681
  0.325490196078 -0.011714461532  0.006941713593 -0.017861848107  0.016655853025  0.151269632390  0.039119725789  0.060413112922 -0.000547210969 -0.185278775759  0.054693073699  0.151269632390  0.041694085970
  0.329411764706 -0.009116350258  0.004530906586 -0.051621417788  0.022949095007  0.082568518884  0.035392985707  0.154981086017 -0.001829378086 -0.121695181696  0.033495461191  0.082568518884  0.019898327689
  0.333333333333  0.037410236371 -0.000084424206 -0.020650477585  0.006054436265  0.056956343984  0.004519258705  0.191124007966 -0.000755926524  0.002671726734 -0.002061395560  0.056956343984 -0.004525687892
  0.337254901961  0.016080281943 -0.003920214737 -0.008839251562 -0.003958782716  0.140602699655 -0.018263654204  0.150412520144 -0.000387563679  0.108751455226 -0.033278975321  0.140602699655 -0.028099841532
  0.341176470588  0.049102354020 -0.006652167188  0.009508897003 -0.014200483715  0.188749717912 -0.037271991289  0.066381617488  0.000223380219  0.186254348638 -0.055495244218  0.188749717912 -0.043499132564
  0.345098039216  0.006934783923 -0.006613673472  0.045101735098 -0.024942349265  0.157107805560 -0.046006520185 -0.056532591414  0.001476228898  0.186685105970 -0.053458313300  0.157107805560 -0.036923057136
  0.349019607843  0.008270805493 -0.004190287899  0.022445836501 -0.014046214146  0.072729485533 -0.027931895546 -0.140359228150  0.000710097804  0.119736530931 -0.034681768994  0.072729485533 -0.024898402432
  0.352941176471 -0.021446088715 -0.000527747585  0.048682565533 -0.015536088928  0.055029074568 -0.014548526753 -0.187527388108  0.001670574591  0.014450389367 -0.001387044003  0.055029074568  0.005624439488
  0.356862745098 -0.037698832465  0.003611954307 -0.006842887732  0.008497725965  0.139361071204  0.021514167452 -0.152517738636 -0.000170513097 -0.105755835676  0.031422501844  0.139361071204  0.024427966913
  0.360784313725 -0.022670360971  0.005764425425  0.001816315198  0.009853676796  0.174020161501  0.031628564289 -0.069105953429  0.000161859798 -0.170857870444  0.051549343514  0.174020161501  0.041881543478
  0.364705882353 -0.037831077393  0.006335849722 -0.040571666274  0.023725108199  0.166708284217  0.045357138382  0.039962590395 -0.001244238818 -0.189093259317  0.054459071715  0.166708284217  0.038358848379
  0.368627450980  0.014690026541  0.004024779711 -0.036625892308  0.018405989120  0.074769361668  0.031659168493  0.138584671906 -0.001139784782 -0.121226564270  0.034267189486  0.074769361668  0.022599065491
  0.372549019608  0.000415732280  0.000755865696 -0.027394081200  0.009626209480  0.039285979200  0.010912174870  0.174019664910 -0.000882292655 -0.022652327066  0.005152211801  0.039285979200  0.000365561231
  0.376470588235  0.046254651799 -0.002948489576 -0.024975895038  0.001942670486  0.128800127859 -0.011123238986  0.160162914601 -0.000859357009  0.091611849623 -0.029101168080  0.128800127859 -0.026961556088
  0.380392156863  0.025146623633 -0.005416168609  0.025955953453 -0.018088126332  0.174282648812 -0.037990083179  0.070413810890  0.000736496794  0.168776132526 -0.049232051738  0.174282648812 -0.036162533271
  0.384313725490  0.027492689607 -0.005664954351  0.011108433610 -0.014218128640  0.154995555847 -0.036230395914 -0.028063146293  0.000253188951  0.178633230575 -0.053103449228  0.154995555847 -0.041345978206
  0.388235294118  0.009502520639 -0.004193389031  0.057444912736 -0.025373581941  0.099397867051 -0.038878679300 -0.128449114586  0.001728783339  0.132722458991 -0.036460864157  0.099397867051 -0.021486311257
  0.392156862745 -0.025764450643 -0.000747877826  0.018244379877 -0.006939741072  0.028322807143 -0.008897775295 -0.172367731203  0.000553520690  0.023772004539 -0.006046266675  0.028322807143 -0.002355194609
  0.396078431373 -0.015790010835  0.002325493518  0.026920315141 -0.003470705418  0.114612172884  0.007743828881 -0.154189162687  0.000868278303 -0.076126229048  0.024557400255  0.114612172884  0.023561511362
  0.400000000000 -0.053047318221  0.004982076473 -0.010733593063  0.013184230865  0.173857764789  0.033299191043 -0.084059015007 -0.000239884345 -0.163502397223  0.048570950478  0.173857764789  0.037737581396
  0.403921568627 -0.008551571181  0.005320303340 -0.031561233535  0.020213296413  0.153718426249  0.040702347862  0.027000963590 -0.000858760844 -0.175965523796  0.051055297003  0.153718426249  0.036858371945
  0.407843137255 -0.023647295965  0.003968529293 -0.028305088486  0.016584213732  0.094900135167  0.031743107081  0.112146134872 -0.000775962479 -0.132451730127  0.038153164179  0.094900135167  0.026890058289
  0.411764705882  0.023930109899  0.001136570870 -0.051201638740  0.017700490472  0.040591988319  0.019496434134  0.172202997122 -0.001494488956 -0.037548027611  0.008187519255  0.040591988319 -0.000481550198
  0.415686274510  0.025596163477 -0.002165390412 -0.000219325350 -0.004434817761  0.109496648959 -0.013825137511  0.151572395190 -0.000044197056  0.073939267451 -0.022273640783  0.109496648959 -0.018017998089
  0.419607843137  0.032926930773 -0.004272937068 -0.015031151833 -0.004455443986  0.159116859984 -0.024037815336  0.089004791357 -0.000510778742  0.147534425964 -0.045331961621  0.159116859984 -0.038691357683
  0.423529411765  0.037842863003 -0.005202677134  0.042808041453 -0.023859846368  0.166366396297 -0.044240240190 -0.014684251272  0.001140149063  0.180246056247 -0.051659383564  0.166366396297 -0.035788061234
  0.427450980392 -0.004062882916 -0.003700982026  0.026546086531 -0.015873767937  0.088737225974 -0.030757701924 -0.109421246180  0.000691745091  0.129480301779 -0.037365654947  0.088737225974 -0.026497781992
  0.431372549020  0.007046508496 -0.001377960096  0.041913284127 -0.015546056034  0.042139348851 -0.019217578057 -0.158960755688  0.001159224754  0.048093631490 -0.011927800763  0.042139348851 -0.003825831002
  0.435294117647 -0.047328229924  0.001794540404  0.023961348613 -0.003282640174  0.104075811482  0.006296245646 -0.159492371195  0.000701665380 -0.064581283817  0.020901539208  0.104075811482  0.020199192027
  0.439215686275 -0.019497281135  0.003963044099 -0.010898777671  0.011972788969  0.153860201744  0.029450499363 -0.086568766318 -0.000233062204 -0.142784039602  0.042323389000  0.153860201744  0.032669328421
  0.443137254902 -0.042134209710  0.004710340244 -0.008677808255  0.013039978703  0.156859559720  0.034263011954  0.000658098560 -0.000156316682 -0.171300142179  0.051043693927  0.156859559720  0.040019317162
  0.447058823529 -0.007531370060  0.003819032448 -0.056846893701  0.025590728876  0.109403311488  0.039958019692  0.103802952755 -0.001481926916 -0.139247398475  0.038461677025  0.109403311488  0.023184966386
  0.450980392157  0.010117807005  0.001278768958 -0.018082177573  0.008308151903  0.013743758274  0.013228440573  0.153527169133 -0.000465980187 -0.047054274667  0.013065542762  0.013743758274  0.008046251034
  0.454901960784  0.018918343726 -0.001263347704 -0.041921844526  0.009703056619  0.093867467809  0.001194698574  0.155714539290 -0.001144323941  0.047936634254 -0.016983766299  0.093867467809 -0.019523583707
  0.458823529412  0.050466358476 -0.003747211581  0.011831263213 -0.012145923179  0.157337813124 -0.029345422502  0.097068178240  0.000248663047  0.141016376826 -0.041734450763  0.157337813124 -0.032064528821
  0.462745098039  0.013741788172 -0.004333379994  0.015260346046 -0.014604355565  0.149558362845 -0.034576440893 -0.000232700085  0.000326020906  0.164443585589 -0.048578752796  0.149558362845 -0.037116736923
  0.466666666667  0.034789256229 -0.003711170900  0.036265369037 -0.019539009478  0.113241059927 -0.035399891902 -0.087182619621  0.000881647291  0.141622730215 -0.040429642053  0.113241059927 -0.027625649337
  0.470588235294 -0.023746495916 -0.001481481606  0.047380305985 -0.017699930869  0.034171854586 -0.022113089119 -0.155535498746  0.001200292625  0.056438377560 -0.014107295326  0.034171854586 -0.004828521904
  0.474509803922 -0.012706586753  0.001137865674  0.011678577171 -0.000803931062  0.082587128450  0.005523232603 -0.149017604832  0.000319575306 -0.044553032948  0.014124117963  0.082587128450  0.013024243357
  0.478431372549 -0.043304122102  0.003199162786  0.023056063465  0.000736080174  0.144565809771  0.018067753774 -0.104634079832  0.000642680693 -0.126122867411  0.039374253253  0.144565809771  0.034991854863
  0.482352941176 -0.033390774048  0.004280921691 -0.040038047778  0.022335990175  0.161120201634  0.041439399051 -0.007264423882 -0.000936182558 -0.168912204197  0.048415809208  0.161120201634  0.033552395513
  0.486274509804 -0.010593729046  0.003403042440 -0.017575407684  0.013546686277  0.101662482592  0.029728812728  0.081904863656 -0.000380794254 -0.135618522282  0.039759703988  0.101662482592  0.029673969470
  0.490196078431 -0.009770996150  0.001734166358 -0.054336550388  0.020551372856  0.057479287791  0.026139146854  0.144235227975 -0.001319656535 -0.068877258224  0.017428725175  0.057479287791  0.006547090135
  0.494117647059  0.042316900802 -0.000970206335 -0.020500868872  0.003753280304  0.080217967126 -0.002473892986  0.155463819846 -0.000522193309  0.039734840952 -0.013210576930  0.080217967126 -0.013508749364
  0.498039215686  0.016545034639 -0.002878639740 -0.007371751828 -0.004956851843  0.135095218687 -0.020335689648  0.100307139305 -0.000230468520  0.117889628369 -0.035940800317  0.135095218687 -0.030046151736
  0.501960784314  0.052932860918 -0.003951214022  0.010143033146 -0.012959682390  0.156551927962 -0.033011443180  0.022404927138  0.000177159467  0.162734338723 -0.048375666093  0.156551927962 -0.037661692166
  0.505882352941  0.005824840782 -0.003441341350  0.049425681061 -0.023532273615  0.114528484965 -0.038695750159 -0.080006209007  0.001129800393  0.142135225480 -0.039782837239  0.114528484965 -0.025280050632
  0.509803921569  0.007043324113 -0.001625338800  0.021771769485 -0.010674551315  0.033206212337 -0.017997172269 -0.134911488382  0.000491730792  0.067681153886 -0.019050914735  0.033206212337 -0.012368718136
  0.513725490196 -0.023987285771  0.000534004148  0.051426981286 -0.014056436672  0.076223645235 -0.008105511251 -0.154703316933  0.001228420224 -0.023430446625  0.010184487896  0.076223645235  0.015349524194
  0.517647058824 -0.042104535702  0.002783859880 -0.010092927654  0.010233162691  0.138669320313  0.024638493593 -0.106508130872 -0.000188886192 -0.118191289189  0.034968504847  0.138669320313  0.026841359567
  0.521568627451 -0.022876189392  0.003558614617  0.000746891576  0.009056241233  0.145300748831  0.028436884648 -0.024069326884  0.000079513280 -0.152468563215  0.045947927125  0.145300748831  0.037209825367
  0.525490196078 -0.040200911011  0.003427167314 -0.043909909575  0.022177686992  0.126861573339  0.038298264715  0.064760565523 -0.000957823921 -0.147162173475  0.041632016642  0.126861573339  0.027537565793
  0.529411764706  0.018859388853  0.001677466860 -0.039067720098  0.016160669483  0.038084976294  0.023062534749  0.137380871479 -0.000869420961 -0.072263997285  0.019377790760  0.038084976294  0.010236479072
  0.533333333333  0.001854009106 -0.000389549019 -0.026651316617  0.006956597600  0.062477474670  0.003189312376  0.145288919952 -0.000615352060  0.017530096738 -0.006899967848  0.062477474670 -0.009264561136
  0.537254901961  0.051092732179 -0.002389168135 -0.025457481426  0.001219282967  0.129521851327 -0.013683803315  0.116118006823 -0.000618728936  0.105877381886 -0.033425290334  0.129521851327 -0.030520324567
  0.541176470588  0.026932054444 -0.003507376711  0.031057221756 -0.018807715274  0.151924523880 -0.036713557612  0.026928235418  0.000637703625  0.155367586181 -0.044884724869  0.151924523880 -0.031945005366
  0.545098039216  0.027340558672 -0.003129671696  0.012081653202 -0.012154385486  0.113190396237 -0.029199948768 -0.056177652965  0.000215326916  0.139917015835 -0.041388233352  0.113190396237 -0.031750243124
  0.549019607843  0.008491720784 -0.001916911905  0.061889843450 -0.023829064146  0.071208903166 -0.031070455185 -0.129243184151  0.001339380410  0.085365616658 -0.021932954461  0.071208903166 -0.009138140076
  0.552941176471 -0.031203696565  0.000351935106  0.017477909582 -0.004270375816  0.057001687659 -0.001191916447 -0.148685541586  0.000391077904 -0.016289124081  0.005967952607  0.057001687659  0.007240987717
  0.556862745098 -0.017562675179  0.002051572679  0.026022979897 -0.002094672001  0.118998370248  0.011372002516 -0.111819578969  0.000604888358 -0.094293462340  0.029972237660  0.118998370248  0.027810074432
  0.560784313725 -0.057787560404  0.003315038687 -0.013654392547  0.013391426241  0.153559502171  0.031936748071 -0.041608962408 -0.000238697378 -0.152460485477  0.045068856917  0.153559502171  0.034504728419
  0.564705882353 -0.006900943502  0.003079054838 -0.036362873321  0.019602663892  0.117177846467  0.035529361631  0.056582412239 -0.000730473714 -0.142186198916  0.040593345659  0.117177846467  0.027744343667
  0.568627450980 -0.022718888568  0.001844774914 -0.029394144888  0.014063191750  0.057498346798  0.023223259388  0.116809521118 -0.000597347995 -0.085650501069  0.023996807983  0.057498346798  0.015306873587
  0.572549019608  0.028532116825 -0.000021672222 -0.054189588618  0.016194834537  0.059522816932  0.012806365935  0.150885516258 -0.001152993716  0.001964463751 -0.003890066235  0.059522816932 -0.010649050312
  0.576470588235  0.030048290962 -0.002006158434  0.003565622330 -0.006852143362  0.118268573489 -0.018685563346  0.113259648211  0.000040331010  0.094931144104 -0.028363095027  0.118268573489 -0.022411308543
  0.580392156863  0.034797136458 -0.002936114401 -0.013533131805 -0.004460549308  0.140600910646 -0.023027113078  0.045773564192 -0.000335176199  0.140209389755 -0.043035485112  0.140600910646 -0.036629244358
  0.584313725490  0.039820484303 -0.003122968963  0.048363814428 -0.023633112477  0.134816249116 -0.039734280893 -0.044241324182  0.000953514085  0.149043570089 -0.041927314189  0.134816249116 -0.027158987506
  0.588235294118 -0.008436935802 -0.001786235266  0.029098994553 -0.013983331502  0.049716004615 -0.023179245868 -0.117967256429  0.000571274432  0.085798322936 -0.024059277962  0.049716004615 -0.015398213434
  0.592156862745  0.004876552752 -0.000157747941  0.042838041538 -0.013318470091  0.054161362059 -0.011715124489 -0.140516316873  0.000878244858  0.006925515912  0.000522638826  0.054161362059  0.006356937558
  0.596078431373 -0.053781235215  0.001751713197  0.023367762999 -0.001789536626  0.113607313141  0.010493537049 -0.123624430290  0.000507969608 -0.086174012421  0.027366152362  0.113607313141  0.025337608740
  0.600000000000 -0.021294785699  0.002848703182 -0.016231138836  0.013415451197  0.140688272507  0.030245240735 -0.044924528010 -0.000279751259 -0.140111095143  0.041194074767  0.140688272507  0.031018567659
  0.603921568627 -0.043319422276  0.002873055785 -0.011145748705  0.012019226393  0.123008655118  0.029424465386  0.032509703070 -0.000174639733 -0.142325437660  0.042170287790  0.123008655118  0.032511472008
  0.607843137255 -0.005228795475  0.001983953985 -0.062639153695  0.024821410180  0.080143009101  0.033616947411  0.113486921260 -0.001220370094 -0.097961792395  0.025679569786  0.080143009101  0.012059998114
  0.611764705882  0.015489934839  0.000126817473 -0.017489036462  0.005634623210  0.035711929806  0.005390978369  0.139832942970 -0.000345935005 -0.006067498447  0.000762095400  0.035711929806 -0.001807517729
  0.615686274510  0.022329525857 -0.001412731356 -0.041866261563  0.008210881941  0.105098750440 -0.003368368524  0.120964959839 -0.000852748958  0.072174956390 -0.024277616062  0.105098750440 -0.025406206277
  0.619607843137  0.055865085904 -0.002759824698  0.016474206319 -0.013492307039  0.147201357978 -0.030315677319  0.057462980123  0.000275653608  0.140171508643 -0.041197466905  0.147201357978 -0.030987632005
  0.623529411765  0.012410494829 -0.002742230952  0.020188069565 -0.014605729133  0.119230036507 -0.031204195869 -0.033486139649  0.000346459510  0.140094621195 -0.040948247885  0.119230036507 -0.030271843164
  0.627450980392  0.034219030335 -0.001967700871  0.039451233634 -0.018008549293  0.079940468419 -0.028497727931 -0.099372054961  0.000731382912  0.100723911940 -0.027922638958  0.079940468419 -0.017083943245
  0.631372549020 -0.029836545813 -0.000345992987  0.050550893294 -0.016257520358  0.043105409291 -0.015492896213 -0.144145830063  0.000969009340  0.017061584645 -0.002059445909  0.043105409291  0.005340267087
  0.635294117647 -0.017203556696  0.001367266564  0.008314610906  0.001848698757  0.098004192577  0.011397680869 -0.117982368355  0.000183235030 -0.071492541783  0.022029803217  0.098004192577  0.018942618290
  0.639215686275 -0.047106638999  0.002424048708  0.021116065670  0.001412630092  0.134764139862  0.018824621765 -0.064586709571  0.000444580572 -0.127642290323  0.039713601475  0.134764139862  0.034997132472
  0.643137254902 -0.035078220327  0.002806033552 -0.047166299874  0.023173213543  0.136859971755  0.039136710692  0.025051841625 -0.000844172788 -0.147411084685  0.041508730556  0.136859971755  0.026986856328
  0.647058823529 -0.006811074625  0.001840925168 -0.020530471828  0.012115075915  0.064335135430  0.023289598977  0.097767228790 -0.000354287619 -0.097485086850  0.028099301406  0.064335135430  0.019847931465
  0.650980392157 -0.006734856979  0.000553030653 -0.057136306427  0.018940952486  0.056630943552  0.019254985858  0.134595746940 -0.001059225062 -0.028574481132  0.005124670609  0.056630943552 -0.003777227756
  0.654901960784  0.049835507244 -0.001230885526 -0.019185162162  0.001725001927  0.096682007360 -0.007826609437  0.127464010946 -0.000378226105  0.066547876600 -0.021202868068  0.096682007360 -0.019780834934
  0.658823529412  0.018870119804 -0.002285695567 -0.002498853253 -0.006779694126  0.129571902035 -0.022617548533  0.061505513813 -0.000086060648  0.123734634997 -0.037403884400  0.129571902035 -0.030552599219
  0.662745098039  0.055528822410 -0.002624323277  0.014237016700 -0.012967391948  0.130746331632 -0.030230014666 -0.011118167535  0.000215832780  0.142612971165 -0.042068680765  0.130746331632 -0.032001146363
  0.666666666667  0.002706817730 -0.001974626989  0.056113753677 -0.023416216068  0.085243740600 -0.033755211039 -0.096644108382  0.000990598580  0.107150787658 -0.028843241030  0.085243740600 -0.015518938616
  0.670588235294  0.002132651133 -0.000502407998  0.022065447902 -0.008304178833  0.025120562178 -0.010486849224 -0.129554349970  0.000391953703  0.027288551964 -0.006872367881  0.025120562178 -0.002492954017
  0.674509803922 -0.029164253424  0.000914741126  0.052237713141 -0.012586304655  0.091720768566 -0.003016813501 -0.127452146147  0.000959098444 -0.051591274008  0.018711988720  0.091720768566  0.022348432227
  0.678431372549 -0.047901102808  0.002262204982 -0.015788204570  0.012410215525  0.137029618977  0.027449073946 -0.070512266033 -0.000243945071 -0.125787896389  0.036908868970  0.137029618977  0.027619312040
  0.682352941176 -0.022591868013  0.002434757125 -0.004140692523  0.009549026183  0.121269251204  0.026607420715  0.010984085935 -0.000031429899 -0.136390953610  0.040810054664  0.121269251204  0.032383477665
  0.686274509804 -0.039917060859  0.002013097007 -0.049257122257  0.021684822486  0.098311310128  0.033114591658  0.082579220381 -0.000838967585 -0.112619230291  0.030906958746  0.098311310128  0.018135474753
  0.690196078431  0.025761510530  0.000615895746 -0.042395338898  0.014844045813  0.029300792726  0.016722610151  0.134586258780 -0.000737300434 -0.034176965795  0.007708680399  0.029300792726  0.000351794423
  0.694117647059  0.006513999443 -0.000840327437 -0.024462693829  0.004422377632  0.081221254225 -0.003125362953  0.121094174504 -0.000443851008  0.048337398488 -0.016041643633  0.081221254225 -0.016343924277
  0.698039215686  0.056813630380 -0.001991693879 -0.023024015352 -0.000044197559  0.127366299125 -0.015912359512  0.080232942749 -0.000436423950  0.114598218917 -0.035902670835  0.127366299125 -0.032183855290
  0.701960784314  0.028516083955 -0.002484922511  0.039046077188 -0.020435413930  0.133960518387 -0.036258630590 -0.006735681869  0.000634055817  0.142595906515 -0.040553360363  0.133960518387 -0.027340316147
  0.705882352941  0.024727331436 -0.001858428376  0.015780121827 -0.011293195522  0.079424368280 -0.024010257136 -0.077365697941  0.000239827505  0.107477633084 -0.031396839906  0.079424368280 -0.023169060694
  0.709803921569  0.004533333789 -0.000830713257  0.066494667551 -0.022896617903  0.062166467844 -0.025040007727 -0.127285596347  0.001126362817  0.047272994476 -0.010184414618  0.062166467844  0.000987636333
  0.713725490196 -0.039216044849  0.000792516367  0.015891534728 -0.001939264757  0.078696808121  0.004909129021 -0.128091851079  0.000284978092 -0.046738379933  0.015038494620  0.078696808121  0.014346341711
  0.717647058824 -0.020900198602  0.001805383878  0.022061193914 -0.000140216023  0.119816997263  0.014683990192 -0.076625139315  0.000405860512 -0.106806778814  0.033498356657  0.119816997263  0.030108802555
  0.721568627451 -0.061659850843  0.002376267719 -0.019342368608  0.014375911763  0.135680204500  0.031075024119 -0.007920386240 -0.000284997516 -0.140501882332  0.041122338366  0.135680204500  0.030529599207
  0.725490196078 -0.003547976247  0.001916755723 -0.043521661698  0.020009435935  0.088925327413  0.031878443906  0.078616788748 -0.000697124372 -0.113462662602  0.031510014294  0.088925327413  0.019417088901
  0.729411764706 -0.018463270582  0.000794974092 -0.031171443210  0.012250750238  0.037599406067  0.016416750790  0.118385896426 -0.000506566811 -0.047085820786  0.012278267278  0.037599406067  0.005597054783
  0.733333333333  0.035378933172 -0.000522761786 -0.055749463901  0.014808045955  0.077259952218  0.007461345723  0.130986445790 -0.000934926028  0.032461250227 -0.013166437172  0.077259952218 -0.018356514179
  0.737254901961  0.036054759262 -0.001810400676  0.009567314013 -0.009543828070  0.123493805197 -0.022873066445  0.081288179891  0.000126455761  0.109466581608 -0.032373823835  0.123493805197 -0.024818782310
  0.741176470588  0.036112650322 -0.002156029407 -0.008692377523 -0.005382278074  0.122774031436 -0.022552394424  0.010468611336 -0.000180431354  0.131410016395 -0.040091662291  0.122774031436 -0.033581241911
  0.745098039216  0.039717231301 -0.001995175436  0.055681190490 -0.024137363674  0.110948503868 -0.036275277808 -0.066269463212  0.000875270955  0.121137064073 -0.033080305861  0.110948503868 -0.019000610015
  0.749019607843 -0.015435454660 -0.000818501715  0.032657198437 -0.012862528701  0.025558545650 -0.017285142011 -0.122525371501  0.000516689069  0.049787780180 -0.013001282837  0.025558545650 -0.005975103817
  0.752941176471 -0.000143221245  0.000408455196  0.042346901557 -0.011166356787  0.071207898214 -0.005415566545 -0.122773947899  0.000692048107 -0.026000002705  0.010405358389  0.071207898214  0.014269921026
  0.756862745098 -0.061171953114  0.001616349071  0.020442232387 -0.000015897740  0.118311711463  0.013958014430 -0.092561129330  0.000357116198 -0.100842003111  0.031604040664  0.118311711463  0.028354708113
  0.760784313725 -0.023073328541  0.002168327345 -0.024380636803  0.015562338195  0.128224200795  0.031281169683 -0.010993669351 -0.000352446883 -0.135074058881  0.039181537363  0.128224200795  0.028264247089
  0.764705882353 -0.042218988529  0.001846440645 -0.015923579798  0.011836994052  0.094007471828  0.025588774029  0.057342146591 -0.000221379322 -0.115701560415  0.033864017777  0.094007471828  0.025141614345
  0.768627450980 -0.000431101551  0.001017243741 -0.068777587256  0.024542683494  0.065584019495  0.028551427677  0.118310926041 -0.001071969544 -0.063023454282  0.014787310195  0.065584019495  0.002413262013
  0.772549019608  0.023483455785 -0.000416441444 -0.016178282618  0.003244877640  0.060288826736 -0.001079723624  0.126055436114 -0.000262292033  0.026708162509 -0.009025616019  0.060288826736 -0.009530224148
  0.776470588235  0.027073600473 -0.001397178745 -0.039035907513  0.006286431244  0.111011393430 -0.007363092422  0.090024579516 -0.000636609903  0.089791185286 -0.029408899915  0.111011393430 -0.029157974586
  0.780392156863  0.060760217996 -0.002124537313  0.023526862671 -0.015347920080  0.136771021651 -0.031205013611  0.024687233992  0.000330081666  0.135774224991 -0.039444301779  0.136771021651 -0.028594732367
  0.784313725490  0.009466811918 -0.001829910025  0.027491780152 -0.015423651791  0.093216096636 -0.028721769048 -0.059540927951  0.000394949078  0.117408650095 -0.033673775115  0.093216096636 -0.023385297685
  0.788235294118  0.030640184568 -0.001016269933  0.043135754720 -0.016946025563  0.058794636642 -0.022696776182 -0.106699149767  0.000648715664  0.065046029653 -0.016957105986  0.058794636642 -0.007718003418
  0.792156862745 -0.038039173979  0.000210285582  0.052698549984 -0.014976669160  0.061256054065 -0.010071787864 -0.131374782993  0.000813824393 -0.014601926777  0.007603960924  0.061256054065  0.013441723479
  0.796078431373 -0.023351928331  0.001399581386  0.002765353754  0.004741276644  0.108453376035  0.016514650925 -0.090243715101  0.000066716831 -0.091565872806  0.027735320992  0.108453376035  0.022781440682
  0.800000000000 -0.050357274239  0.001902477575  0.016221108313  0.002743577807  0.123001921310  0.019574598512 -0.030347227699  0.000280114398 -0.125297427642  0.038709685883  0.123001921310  0.033508239187
  0.803921568627 -0.035098695225  0.001926353576 -0.056045021536  0.024556692402  0.117219345081  0.037318989574  0.050203443638 -0.000815392167 -0.126226299054  0.034590332966  0.117219345081  0.020169662704
  0.807843137255 -0.000393535887  0.000973028721 -0.024512103989  0.011283904068  0.035320547775  0.017998444948  0.108452662037 -0.000352544553 -0.064138367373  0.017817506724  0.035320547775  0.010992998513
  0.811764705882 -0.001144096243 -0.000059393250 -0.058611385377  0.017342348894  0.067823582710  0.013314932045  0.122996600318 -0.000880328106  0.004982585308 -0.005067872023  0.067823582710 -0.012212820175
  0.815686274510  0.058479101939 -0.001281758516 -0.015888790691 -0.000460926935  0.107488729837 -0.012308291313  0.101590203749 -0.000259576882  0.086154801580 -0.026905106974  0.107488729837 -0.023929128690
  0.819607843137  0.021236241565 -0.001864002923  0.005202475527 -0.009199499734  0.122044672677 -0.024802113777  0.028223450167  0.000044786636  0.125397619806 -0.037435748550  0.122044672677 -0.029511374366
  0.823529411765  0.056054376799 -0.001807851708  0.020353491344 -0.013550142673  0.107384989516 -0.027835925256 -0.038183048769  0.000269447501  0.121935460563 -0.035471148458  0.107384989516 -0.025825762419
  0.827450980392 -0.002676242485 -0.001134010895  0.063399880246 -0.023711656209  0.066466595557 -0.029673746768 -0.107455408278  0.000913317623  0.075968518289 -0.019011927673  0.066466595557 -0.006569991381
  0.831372549020 -0.005453635193  0.000091526197  0.021627094808 -0.006107666603  0.044823134810 -0.004014216620 -0.121922762403  0.000318395554 -0.006627418948  0.003311752303  0.044823134810  0.005670745945
  0.835294117647 -0.035554577348  0.001051234231  0.050560334723 -0.010777651569  0.101630414174  0.001410865888 -0.101328219184  0.000755480210 -0.073007582436  0.025057515609  0.101630414174  0.027240527147
  0.839215686275 -0.053535934722  0.001867842826 -0.023778704262  0.014971226275  0.133218109881  0.029870908113 -0.039391776025 -0.000312479673 -0.128340397183  0.037190929937  0.133218109881  0.026740077305
  0.843137254902 -0.020697354763  0.001727278738 -0.011406484904  0.010703610738  0.098545811120  0.025189079654  0.039758432062 -0.000134624122 -0.119423150033  0.035259411945  0.098545811120  0.026894305713
  0.847058823529 -0.036918839919  0.001174153834 -0.055049860886  0.021487845090  0.078579361845  0.028538018080  0.094687593402 -0.000770969804 -0.080733594974  0.020954794618  0.078579361845  0.009295828538
  0.850980392157  0.034823985037  0.000042885561 -0.045011229233  0.013685842626  0.044607728811  0.011358855471  0.128585982387 -0.000643395487 -0.002212508297 -0.002073832232  0.044607728811 -0.007910718736
  0.854901960784  0.012866881562 -0.001028667380 -0.020057751830  0.001620276748  0.094973233888 -0.008747430972  0.097702201859 -0.000303667743  0.072583939260 -0.023073212521  0.094973233888 -0.021412166732
  0.858823529412  0.062093293219 -0.001668973651 -0.017937919669 -0.001785393307  0.121605515594 -0.017796376714  0.048157440185 -0.000283472829  0.118047518379 -0.036631521191  0.121605515594 -0.032067817978
  0.862745098039  0.028713438071 -0.001818277717  0.048925046254 -0.022521064810  0.117985970501 -0.035920701549 -0.034137778836  0.000658888795  0.127999276264 -0.035557517489  0.117985970501 -0.021937151372
  0.866666666667  0.019452969863 -0.001090896556  0.020477155580 -0.010870365084  0.051000280509 -0.019488038799 -0.092959653176  0.000268710246  0.077300853372 -0.022025844947  0.051000280509 -0.014950552714
  0.870588235294 -0.001780055097 -0.000217204755  0.069955930649 -0.021932258716  0.066861952657 -0.019694725019 -0.121592486720  0.000974783914  0.014311933839 -0.000050403112  0.066861952657  0.009651130467
  0.874509803922 -0.048610074379  0.000977023456  0.012500575411  0.000521910331  0.094648500388  0.010174726859 -0.107506976071  0.000191121644 -0.070399196635  0.021955447747  0.094648500388  0.019462502653
  0.878431372549 -0.024291723238  0.001578009723  0.015261144808  0.002352522792  0.116783372430  0.017711004164 -0.044843514515  0.000239098908 -0.114125447493  0.035287794156  0.116783372430  0.030611813265
  0.882352941176 -0.063727729106  0.001743526683 -0.026910019706  0.015765035396  0.118397298036  0.030173055475  0.020231096264 -0.000340996624 -0.125894119456  0.036263838968  0.118397298036  0.025557564067
  0.886274509804  0.001998404960  0.001198559205 -0.051547314510  0.020775456710  0.067214339465  0.028741301075  0.094627400912 -0.000687396232 -0.086353474062  0.022859933425  0.067214339465  0.011319618819
  0.890196078431 -0.011511097199  0.000187771626 -0.032180909646  0.010490040717  0.040912849335  0.010295877974  0.116214675138 -0.000436969186 -0.013168528023  0.002005617129  0.040912849335 -0.002838723490
  0.894117647059  0.043451295803 -0.000757995429 -0.055107074682  0.013143436958  0.090377850752  0.002768653867  0.110135848275 -0.000763796853  0.056630072087 -0.020403642850  0.090377850752 -0.024112095147
  0.898039215686  0.042197140317 -0.001607567672  0.017907507097 -0.012590546186  0.125239284069 -0.026552979464  0.052317958473  0.000214799219  0.118268697803 -0.034516118732  0.125239284069 -0.025393376836
  0.901960784314  0.035822656503 -0.001617054384 -0.001496371800 -0.006843686663  0.104057647853 -0.022127969726 -0.019763565512 -0.000048410599  0.119827823316 -0.036166669306  0.104057647853 -0.029414570737
  0.905882352941  0.037158333991 -0.001275070314  0.063535310520 -0.024835911635  0.093292834402 -0.033047615520 -0.082385764071  0.000831889972  0.093767808780 -0.024362370406  0.093292834402 -0.010872106832
  0.909803921569 -0.024745308024 -0.000251786613  0.035727760788 -0.011863710476  0.029647133345 -0.012101312615 -0.122770305876  0.000473840783  0.018192958881 -0.003302376650  0.029647133345  0.002282882127
  0.913725490196 -0.006868025570  0.000698166431  0.039632357253 -0.008700044852  0.085779554860  0.000329351025 -0.103830748343  0.000540399151 -0.053090619336  0.018396068194  0.085779554860  0.020346931792
  0.917647058824 -0.068339962520  0.001450009906  0.015072234154  0.002131316381  0.118502813296  0.016899467710 -0.063507499348  0.000225317532 -0.109557187286  0.033900966039  0.118502813296  0.029465674929
  0.921568627451 -0.023640851697  0.001681937426 -0.034632722064  0.018139920443  0.115487383846  0.032204462015  0.017890294761 -0.000428318623 -0.126713446548  0.036040408938  0.115487383846  0.024307209144
  0.925490196078 -0.038474700808  0.001178244295 -0.021672775329  0.011954100318  0.068460800203  0.022010519917  0.076667003527 -0.000264630785 -0.089191000293  0.025532734101  0.068460800203  0.017616981525
  0.929411764706  0.006628447471  0.000430998051 -0.074033480248  0.024212917372  0.064255759076  0.023933244312  0.118317287170 -0.000962548102 -0.031611515975  0.005010437140  0.064255759076 -0.006210448026
  0.933333333333  0.033129175166 -0.000695628791 -0.013121268319  0.000690112806  0.080012194665 -0.006862726868  0.110633600594 -0.000183340627  0.053558082564 -0.016923014363  0.080012194665 -0.015484432529
  0.937254901961  0.031899855813 -0.001314360919 -0.033398205973  0.003860005720  0.112040171720 -0.010982069504  0.060574585129 -0.000456883880  0.101769206269 -0.032671845159  0.112040171720 -0.031011985742
  0.941176470588  0.064150960636 -0.001653992979  0.032459426159 -0.017521324217  0.125480398295 -0.031786151547 -0.003668354384  0.000391150646  0.127299923823 -0.036349268222  0.125480398295 -0.024857728626
  0.945098039216  0.004308089972 -0.001225115021  0.035911161697 -0.016562617529  0.070419048604 -0.026464826730 -0.079896130419  0.000441366622  0.094478842986 -0.026257979252  0.070419048604 -0.016230056067
  0.949019607843  0.024385001812 -0.000423817521  0.046063773856 -0.015830187844  0.052067571598 -0.017249785401 -0.109354340406  0.000583713635  0.032233819516 -0.006900367432  0.052067571598  0.000809210406
  0.952941176471 -0.047604170756  0.000508297979  0.052912638742 -0.013451901254  0.077070750392 -0.005223439551 -0.116099841873  0.000685065633 -0.040709427708  0.015476964565  0.077070750392  0.019829416500
  0.956862745098 -0.029879979325  0.001347092401 -0.005243913274  0.008018086647  0.114565653392  0.021130808030 -0.063765423560 -0.000043242393 -0.105784598088  0.031528494252  0.114565653392  0.024735088745
  0.960784313725 -0.052067388320  0.001503616990  0.009005143717  0.004521714973  0.108813349983  0.020113137332  0.000138151117  0.000140370229 -0.118819692085  0.036320235196  0.108813349983  0.030578866847
  0.964705882353 -0.032871641201  0.001325300911 -0.065675536737  0.026095288944  0.101563591916  0.035464447568  0.069709079543 -0.000805950158 -0.103871544120  0.027273938946  0.101563591916  0.012926902545
  0.968627450980  0.008520409410  0.000427124943 -0.028161253753  0.010517000850  0.022547025706  0.013133281844  0.114248376621 -0.000346609274 -0.033491834461  0.008368874051  0.022547025706  0.002856968284
  0.972549019608  0.006168050380 -0.000408798216 -0.057927237728  0.015390289796  0.080870605905  0.007764494557  0.108638392334 -0.000732489229  0.033667065993 -0.013662028207  0.080870605905 -0.019058453741
  0.976470588235  0.067201911582 -0.001240564869 -0.010259321392 -0.002979079117  0.113330729699 -0.016215750252  0.076151600657 -0.000149589721  0.099680409514 -0.030634472668  0.113330729699 -0.026160949367
  0.980392156863  0.022504332460 -0.001527434662  0.015225317926 -0.012055020193  0.111907820479 -0.026739511950 -0.001386862899  0.000162481013  0.122736724267 -0.036024541724  0.111907820479 -0.026983135825
  0.984313725490  0.054051162599 -0.001237750545  0.027429870151 -0.014320635299  0.080075284992 -0.025363014847 -0.060154191218  0.000317778045  0.099594653172 -0.028314429493  0.080075284992 -0.019065806847
  0.988235294118 -0.010119407658 -0.000590732319  0.069850723347 -0.023874129638  0.000000000000 -0.025754613752 -0.112878039861  0.000850475123  0.046733035487 -0.009817562979  0.000000000000  0.001748850855
  0.992156862745 -0.013491191153  0.000440125409  0.017124121914 -0.002953869350  0.000000000000  0.002625143831 -0.111091620051  0.000217865924 -0.036166734404  0.011930806177  0.000000000000  0.012007418542
  0.996078431373 -0.032632595450  0.001123170474  0.026203157119 -0.002267117715  0.241320670855  0.010963720049 -0.073124311832  0.000339954139 -0.092351670009  0.029398605929  0.241320670855  0.027371786496
  1.000000000000  0.000000000000  0.001946370550 -0.202509160977  0.070484601041  0.469367029367  0.078581323916  0.000000000000 -0.002432235927 -0.156341001936  0.034741120946  0.469367029367  0.000000000000
