             Rad         v_r[Re]         v_t[Re]         v_x[Re]         p[Re]          p_mg[Re]  p_no_phase[Re]         v_r[Im]         v_t[Im]         v_x[Im]         p[Im]          p_mg[Im]  p_no_phase[Im]
  0.000000000000  0.331464334036  0.000000000000  0.111653516723  0.000000000000  0.064634062042 -0.000000000000  0.237574576178  0.000000000000 -0.212300772141  0.000000000000  0.064634062042 -0.000000000000
  0.007633587786  0.231650507186 -0.044438726141  0.010290664355  0.000000000000  0.166711599194 -0.000000000000  0.177665850309 -0.000908689653  0.345292887008 -0.000000000000  0.166711599194  0.000000000000
  0.015267175573  0.040250132049  0.071166966185 -0.079752009099 -0.000000000000  0.103494925359  0.000000000000  0.054760800807 -0.141569506533  0.300275123731  0.000000000000  0.103494925359 -0.000000000000
  0.022900763359  0.061073129872 -0.107983074195  0.689445644553  0.000000000000  0.100410520471 -0.000000000000  0.021157381305  0.027551953628 -0.046379562375  0.000000000000  0.100410520471 -0.000000000000
  0.030534351145  0.012667819580 -0.043835077892  0.480698478584  0.000000000000  0.094741271374 -0.000000000000 -0.166229611240  0.035791731981 -0.104514073501  0.000000000000  0.094741271374 -0.000000000000
  0.038167938931  0.037343128398  0.301317314751 -0.914860250299 -0.000000000000  0.112809862230  0.000000000000 -0.096523004183  0.024114823542 -0.085139749701  0.000000000000  0.112809862230  0.000000000000
  0.045801526718 -0.026305689841 -0.133708785744  0.108096969338 -0.000000000000  0.009595221297  0.000000000000  0.096903474154  0.017003787082 -0.107139611960 -0.000000000000  0.009595221297  0.000000000000
  0.053435114504  0.002923574181  0.186417917475 -0.160542828654 -0.000000000000  0.159215899398  0.000000000000 -0.094696152063  0.087432156183 -0.150625273042 -0.000000000000  0.159215899398  0.000000000000
  0.061068702290 -0.053833847619 -0.027397448200 -0.196886893511  0.000000000000  0.137587459709 -0.000000000000  0.099136178396 -0.029611667673 -0.018429367710  0.000000000000  0.137587459709 -0.000000000000
  0.068702290076 -0.007802610834  0.045523594304 -0.153325447963 -0.000000000000  0.068364990346  0.000000000000 -0.005584580190  0.023515291926  0.046084355273  0.000000000000  0.068364990346 -0.000000000000
  0.076335877863 -0.018196095141  0.176376141680  0.055181778686  0.000000000000  0.123074374510 -0.000000000000  0.158172705429 -0.015337504152 -0.022570366352 -0.000000000000  0.123074374510  0.000000000000
  0.083969465649 -0.021784584995 -0.183772364412  0.622922472067 -0.000000000000  0.079335977013  0.000000000000 -0.135851908068 -0.005552933934  0.008425723880 -0.000000000000  0.079335977013  0.000000000000
  0.091603053435 -0.011966610016  0.094313905305 -0.064841014844 -0.000000000000  0.224985110349  0.000000000000 -0.067309524955 -0.003780624344  0.042193535184  0.000000000000  0.224985110349 -0.000000000000
  0.099236641221  0.000422178883  0.119556130647 -0.311576442838  0.000000000000  0.066918469283 -0.000000000000 -0.123073650413 -0.006369389172  0.086653041636  0.000000000000  0.066918469283 -0.000000000000
  0.106870229008  0.030106867353 -0.000440343755 -0.701420172911 -0.000000000000  0.105469747308  0.000000000000  0.073401456299 -0.020431137190  0.069410926364 -0.000000000000  0.105469747308  0.000000000000
  0.114503816794  0.025607356712 -0.091670323630  0.002790798083 -0.000000000000  0.164134509730  0.000000000000  0.223523070758  0.017946371218 -0.074186545929 -0.000000000000  0.164134509730  0.000000000000
  0.122137404580 -0.006275715278 -0.018461459743  0.235908154876  0.000000000000  0.147302169928 -0.000000000000  0.066623546355  0.037926202490 -0.003199824544 -0.000000000000  0.147302169928  0.000000000000
  0.129770992366  0.034244962307  0.129673980123 -0.274606796380  0.000000000000  0.179660520136 -0.000000000000  0.099755451750 -0.009189272734  0.027952084293 -0.000000000000  0.179660520136  0.000000000000
  0.137404580153  0.001758263092 -0.053797092089 -0.100555601367 -0.000000000000  0.111486609989  0.000000000000  0.164125091912  0.007484040185 -0.015471903996 -0.000000000000  0.111486609989  0.000000000000
  0.145038167939  0.027838977291 -0.104684297069  0.686687930935 -0.000000000000  0.207978504996  0.000000000000  0.144647573809  0.017382942397 -0.044574620250 -0.000000000000  0.207978504996  0.000000000000
  0.152671755725 -0.020196873865 -0.106268042831  0.142304672561  0.000000000000  0.159358953365 -0.000000000000 -0.178521675944  0.042086730829 -0.086683366238  0.000000000000  0.159358953365 -0.000000000000
  0.160305343511 -0.005837661543  0.007168975465  0.031145761505  0.000000000000  0.044600683083 -0.000000000000  0.111333669277 -0.007432762311 -0.009811411951 -0.000000000000  0.044600683083  0.000000000000
  0.167938931298 -0.026049755311 -0.045705624897 -0.041072183202 -0.000000000000  0.215820492961  0.000000000000 -0.206340661985  0.030393907768 -0.012271781715  0.000000000000  0.215820492961 -0.000000000000
  0.175572519084 -0.004188518454  0.054806567629 -0.538865073561  0.000000000000  0.095048874751 -0.000000000000  0.159303899296  0.027143789315  0.035513655876 -0.000000000000  0.095048874751  0.000000000000
  0.183206106870 -0.002891769987 -0.092309292413  0.735012020409 -0.000000000000  0.189387588204  0.000000000000  0.044506837652 -0.028701000052 -0.126439595524 -0.000000000000  0.189387588204  0.000000000000
  0.190839694656 -0.073076887770  0.003478749451 -0.068436619535 -0.000000000000  0.084713306160  0.000000000000 -0.203072040556 -0.002658602841 -0.009259570916 -0.000000000000  0.084713306160  0.000000000000
  0.198473282443 -0.002183245250 -0.071766812681 -0.026924854511 -0.000000000000  0.075630986798  0.000000000000  0.095023797185  0.018065712825  0.064121618047  0.000000000000  0.075630986798 -0.000000000000
  0.206106870229 -0.037497738703 -0.046837100292  0.065038443387 -0.000000000000  0.124966910538  0.000000000000 -0.185638299276  0.023111923653  0.028922306045 -0.000000000000  0.124966910538  0.000000000000
  0.213740458015  0.018737084525  0.009792431458 -0.527505128610  0.000000000000  0.082151799757 -0.000000000000  0.082615167518 -0.022233381845  0.090882156841 -0.000000000000  0.082151799757 -0.000000000000
  0.221374045802  0.004238162207 -0.038551480529 -0.082480645834 -0.000000000000  0.112901841915  0.000000000000  0.075512145680  0.036016956916 -0.029957935162  0.000000000000  0.112901841915 -0.000000000000
  0.229007633588  0.008166885072 -0.171871944454  0.016046734687 -0.000000000000  0.126200440513  0.000000000000  0.124699762299 -0.007950123105  0.006165886057  0.000000000000  0.126200440513 -0.000000000000
  0.236641221374  0.005771542288  0.077613676778 -0.006531360163  0.000000000000  0.290530062833 -0.000000000000  0.081948810259  0.022896864902 -0.033641438692  0.000000000000  0.290530062833 -0.000000000000
  0.244274809160 -0.006371363348  0.053933469676 -0.103943507653 -0.000000000000  0.118028308160  0.000000000000  0.112721921723  0.014071234710  0.054478899657 -0.000000000000  0.118028308160  0.000000000000
  0.251908396947  0.035653287704 -0.106196767610  0.803257870873 -0.000000000000  0.073092894371  0.000000000000  0.121059465807 -0.017087849483  0.017570798174 -0.000000000000  0.073092894371  0.000000000000
  0.259541984733 -0.001661541123  0.081360925387  0.029505463533 -0.000000000000  0.070063616498  0.000000000000 -0.290525311618 -0.019501816969 -0.128940789513 -0.000000000000  0.070063616498  0.000000000000
  0.267175572519 -0.032162028389  0.018430328367 -0.444949270939  0.000000000000  0.032111404303 -0.000000000000  0.113561813375  0.035574251268 -0.023513828806  0.000000000000  0.032111404303 -0.000000000000
  0.274809160305 -0.007724407306 -0.098352009721  0.178951321140  0.000000000000  0.086154645217 -0.000000000000 -0.072683593329  0.016315459176  0.175139803402 -0.000000000000  0.086154645217  0.000000000000
  0.282442748092  0.059209605090 -0.052315350721 -0.109900826677  0.000000000000  0.069557927933 -0.000000000000  0.037458417237 -0.017706538600 -0.032359873597  0.000000000000  0.069557927933 -0.000000000000
  0.290076335878 -0.029307275946  0.156293042646  0.179349085845 -0.000000000000  0.113673021157  0.000000000000 -0.013123485166  0.000308248491 -0.019593286228  0.000000000000  0.113673021157 -0.000000000000
  0.297709923664  0.050813402478 -0.015359095800  0.112897731706  0.000000000000  0.075065865864 -0.000000000000 -0.069574571656 -0.010242432254  0.018413596615 -0.000000000000  0.075065865864  0.000000000000
  0.305343511450 -0.023592810248 -0.107138432984  0.111268847544  0.000000000000  0.066273149435 -0.000000000000 -0.065434582928 -0.011835361985 -0.135509170973 -0.000000000000  0.066273149435 -0.000000000000
  0.312977099237 -0.018151903373  0.103866005893  0.008268098663  0.000000000000  0.069505232186 -0.000000000000 -0.112214366918 -0.025453185736  0.070493483447 -0.000000000000  0.069505232186  0.000000000000
  0.320610687023  0.010683957104  0.116852915488 -0.128278066593  0.000000000000  0.062626576724 -0.000000000000 -0.074301664036  0.033345248612 -0.043600983885  0.000000000000  0.062626576724 -0.000000000000
  0.328244274809 -0.037673721142 -0.345391508050  0.053343963808 -0.000000000000  0.176195796383  0.000000000000 -0.054523582708  0.000581736587 -0.062390488365  0.000000000000  0.176195796383  0.000000000000
  0.335877862595 -0.019260546430 -0.002338045106 -0.003589750012  0.000000000000  0.082891301142 -0.000000000000 -0.066783296209  0.004414207964 -0.003996496208  0.000000000000  0.082891301142 -0.000000000000
  0.343511450382 -0.038430790435  0.019484735235 -0.476344845376 -0.000000000000  0.077030907864  0.000000000000 -0.049448583990 -0.016001732700  0.048871220392 -0.000000000000  0.077030907864  0.000000000000
  0.351145038168  0.005895962533 -0.109440573563  0.052825306934 -0.000000000000  0.093130766325  0.000000000000  0.176097121750 -0.003756314655  0.005136036710 -0.000000000000  0.093130766325  0.000000000000
  0.358778625954 -0.036400013550 -0.062594201867  0.513149730144 -0.000000000000  0.062334692536  0.000000000000 -0.074471516828 -0.001916802961  0.002550458237  0.000000000000  0.062334692536 -0.000000000000
  0.366412213740  0.008579710236 -0.021108724473 -0.319590202448  0.000000000000  0.042991831975 -0.000000000000 -0.076551612254  0.050194369244  0.066976999973 -0.000000000000  0.042991831975 -0.000000000000
  0.374045801527  0.001510349891 -0.003419570766 -0.037583792691  0.000000000000  0.238317482539 -0.000000000000  0.093118518456 -0.017203979213  0.011726758895  0.000000000000  0.238317482539 -0.000000000000
  0.381679389313  0.013081473067  0.102223324030  0.255046186327  0.000000000000  0.075438274795  0.000000000000 -0.060946607419  0.017688363509  0.009060312531  0.000000000000  0.075438274795 -0.000000000000
  0.389312977099  0.007013006121 -0.114818018089  0.366045365308 -0.000000000000  0.056154828948  0.000000000000 -0.042415980028  0.017344785210  0.028921040764  0.000000000000  0.056154828948 -0.000000000000
  0.396946564885  0.028884915432  0.012982266930  0.038642625546  0.000000000000  0.029809688745 -0.000000000000 -0.236560529557 -0.024510902972 -0.111441227022 -0.000000000000  0.029809688745  0.000000000000
  0.404580152672 -0.052696498871  0.301734032940 -0.395342684684  0.000000000000  0.032601462356 -0.000000000000 -0.053981592333  0.029927780506 -0.060395296636 -0.000000000000  0.032601462356 -0.000000000000
  0.412213740458  0.002396643058 -0.129678644518 -0.024539275988 -0.000000000000  0.079055618325  0.000000000000 -0.056103662235  0.049792414666  0.096537133655  0.000000000000  0.079055618325 -0.000000000000
  0.419847328244  0.000031375876  0.070617692943 -0.114304277868  0.000000000000  0.106588964915 -0.000000000000 -0.029809672233  0.012457922571  0.057455459102  0.000000000000  0.106588964915 -0.000000000000
  0.427480916031  0.032540952240  0.015598030135 -0.215667483479 -0.000000000000  0.101102419930  0.000000000000 -0.001985390405 -0.023595525259  0.015228009941 -0.000000000000  0.101102419930  0.000000000000
  0.435114503817  0.004933427729 -0.007230161636  0.194567335845  0.000000000000  0.274215181072 -0.000000000000  0.078901534076  0.008327247190 -0.012837445233 -0.000000000000  0.274215181072  0.000000000000
  0.442748091603  0.026419166728 -0.115053519687  0.146800872710 -0.000000000000  0.148598236733  0.000000000000 -0.103262941422 -0.016682207090  0.190616274239  0.000000000000  0.148598236733 -0.000000000000
  0.450381679389  0.099877662465  0.003121331200 -0.742202364815  0.000000000000  0.226917944514 -0.000000000000  0.015689227394 -0.048059648471 -0.071720528584 -0.000000000000  0.226917944514  0.000000000000
  0.458015267176 -0.016723794733 -0.290476704333  0.339060212390 -0.000000000000  0.346196386653 -0.000000000000  0.273704731819  0.004792538622 -0.150482604318 -0.000000000000  0.346196386653  0.000000000000
  0.465648854962  0.024173146840  0.114650256541  0.101605753984  0.000000000000  0.075899645063 -0.000000000000 -0.146618876452  0.031618775628 -0.084323029677  0.000000000000  0.075899645063 -0.000000000000
  0.473282442748 -0.058355477884 -0.305266210026  0.408345437636  0.000000000000  0.082955587949 -0.000000000000  0.219286095645  0.033885419019  0.052484057986  0.000000000000  0.082955587949 -0.000000000000
  0.480916030534  0.054951181944  0.145875388712  0.558106926376  0.000000000000  0.070794716785 -0.000000000000 -0.341807410298  0.032696076882  0.031276938303  0.000000000000  0.070794716785 -0.000000000000
  0.488549618321 -0.042107001513  0.022438363814 -0.812751256411  0.000000000000  0.253720016064 -0.000000000000 -0.063148686006 -0.052487451983 -0.024466182848 -0.000000000000  0.253720016064  0.000000000000
  0.496183206107  0.040535576354 -0.026208658664 -0.262989799818 -0.000000000000  0.138166893351  0.000000000000  0.072377459348  0.048635038970  0.099106619892  0.000000000000  0.138166893351 -0.000000000000
  0.503816793893  0.010074614335  0.102719174675  0.624304004094 -0.000000000000  0.059967259758  0.000000000000  0.070074204032 -0.001525826386 -0.087344419014 -0.000000000000  0.059967259758  0.000000000000
  0.511450381679 -0.004312275328 -0.043898713779 -0.091778478929 -0.000000000000  0.063692974233  0.000000000000 -0.253683367277  0.005638918295  0.086334108469  0.000000000000  0.063692974233  0.000000000000
  0.519083969466  0.054475923874  0.586786423383 -0.603905547453  0.000000000000  0.037665567563 -0.000000000000  0.126974265647  0.033746308408 -0.106164373904  0.000000000000  0.037665567563 -0.000000000000
  0.526717557252 -0.057957102616 -0.233194172489  0.186837282649  0.000000000000  0.036983287004 -0.000000000000  0.015396314470 -0.039977760804 -0.017148266506 -0.000000000000  0.036983287004  0.000000000000
  0.534351145038  0.045111435357  0.140326283634 -0.053210767452  0.000000000000  0.193538941150 -0.000000000000  0.044963911825  0.020504063474  0.079058786595 -0.000000000000  0.193538941150  0.000000000000
  0.541984732824 -0.017840860816 -0.183655071176  0.171140714194  0.000000000000  0.144229945958 -0.000000000000  0.033172257464 -0.022980275598 -0.120967567539  0.000000000000  0.144229945958 -0.000000000000
  0.549618320611 -0.017241771670  0.127133254564 -0.323834299596  0.000000000000  0.085391492267 -0.000000000000 -0.032718264429  0.013850051899  0.083188143056 -0.000000000000  0.085391492267  0.000000000000
  0.557251908397  0.025742457467 -0.006433503440  0.187303001596 -0.000000000000  0.060374071692  0.000000000000  0.191819309833  0.013328064203 -0.076087243978  0.000000000000  0.060374071692 -0.000000000000
  0.564885496183 -0.055937983345 -0.094989632123  0.273488827061  0.000000000000  0.176077956224 -0.000000000000 -0.132940660937 -0.008849840006  0.064064311663  0.000000000000  0.176077956224 -0.000000000000
  0.572519083969  0.059378628261 -0.244850910099 -0.325389529042  0.000000000000  0.046979582403 -0.000000000000  0.061366810716 -0.006614072574  0.032644399616 -0.000000000000  0.046979582403  0.000000000000
  0.580152671756 -0.041261237956 -0.168289853214 -0.204347375408  0.000000000000  0.051456443168 -0.000000000000  0.044074241627  0.013036581302 -0.056354034586 -0.000000000000  0.051456443168 -0.000000000000
  0.587786259542  0.032471688162 -0.105892325552  0.174264988015 -0.000000000000  0.167494448710  0.000000000000  0.173057898219  0.018494107774  0.046488811727 -0.000000000000  0.167494448710  0.000000000000
  0.595419847328 -0.017485497196 -0.099195819823  0.277526905275  0.000000000000  0.221750465521 -0.000000000000 -0.043604340960 -0.012687748602  0.004706978729 -0.000000000000  0.221750465521  0.000000000000
  0.603053435115  0.034664789492 -0.190129972202 -0.342685120800  0.000000000000  0.036589841535 -0.000000000000  0.038027857065  0.015766942536  0.216814543230 -0.000000000000  0.036589841535  0.000000000000
  0.610687022901  0.092773429340 -0.070369410138  0.475218152669 -0.000000000000  0.168793909726  0.000000000000  0.139454226028  0.010326558244  0.107253907659  0.000000000000  0.168793909726 -0.000000000000
  0.618320610687  0.087443922973  0.121206722534  0.202392521896 -0.000000000000  0.176886794296  0.000000000000 -0.203781327147 -0.022781925227 -0.193251108626  0.000000000000  0.176886794296 -0.000000000000
  0.625954198473 -0.008857333380  0.037804873062 -0.732307205047  0.000000000000  0.189476679026 -0.000000000000  0.035501607695 -0.010119714233 -0.113181518573 -0.000000000000  0.189476679026  0.000000000000
  0.633587786260  0.029567573710  0.203134401275 -0.303987356385 -0.000000000000  0.164583601789  0.000000000000  0.166184062249  0.015442487431 -0.008200940652 -0.000000000000  0.164583601789  0.000000000000
  0.641221374046 -0.012999095467 -0.112991014221 -0.043319507865  0.000000000000  0.011420321689 -0.000000000000  0.176408507485  0.013976622041 -0.069897759671  0.000000000000  0.011420321689 -0.000000000000
  0.648854961832 -0.005028749554  0.138286834342  0.642546152834  0.000000000000  0.204631818903 -0.000000000000  0.189409935253  0.004350344824 -0.036885614746 -0.000000000000  0.204631818903  0.000000000000
  0.656488549618 -0.031447355053  0.048516820322  0.395185210925 -0.000000000000  0.053476335713  0.000000000000 -0.161551310233  0.019998875210 -0.003469910713 -0.000000000000  0.053476335713  0.000000000000
  0.664122137405 -0.005133093342 -0.076804172668  0.091986636708  0.000000000000  0.186464466019 -0.000000000000 -0.010201720455 -0.020128137763  0.056081252826  0.000000000000  0.186464466019 -0.000000000000
  0.671755725191 -0.003714706755 -0.104495181743  0.103493240794  0.000000000000  0.177332625763 -0.000000000000 -0.204598099359 -0.011958992762  0.012567712393 -0.000000000000  0.177332625763  0.000000000000
  0.679389312977  0.000803523620 -0.119948448549 -0.026731077728 -0.000000000000  0.097342287789  0.000000000000 -0.053470298588 -0.015858100596  0.063081337694  0.000000000000  0.097342287789 -0.000000000000
  0.687022900763  0.027656974843  0.041154495003  0.243555924927 -0.000000000000  0.286751886420  0.000000000000 -0.184401976210  0.037726527486 -0.058186454733 -0.000000000000  0.286751886420  0.000000000000
  0.694656488550 -0.027745768611 -0.084808814272 -0.168065214224 -0.000000000000  0.106468990612  0.000000000000 -0.175148601148 -0.011306267393 -0.120933596891  0.000000000000  0.106468990612 -0.000000000000
  0.702290076336 -0.033774022042  0.336493008589  0.189392582721  0.000000000000  0.248077692157 -0.000000000000 -0.091295325330  0.019456502267 -0.023925125366  0.000000000000  0.248077692157 -0.000000000000
  0.709923664122 -0.038341252178 -0.117001700772  0.050363294643 -0.000000000000  0.226310794060  0.000000000000 -0.284177044722 -0.005388273421  0.041470193671 -0.000000000000  0.226310794060  0.000000000000
  0.717557251908 -0.012076808421 -0.017361917241 -0.075818195050  0.000000000000  0.069794231719 -0.000000000000 -0.105781835210 -0.009137314343 -0.026243628576  0.000000000000  0.069794231719 -0.000000000000
  0.725190839695 -0.051828656865  0.000264087834  0.244669467857  0.000000000000  0.178201164200 -0.000000000000 -0.242603239207  0.025306063398  0.063514239053 -0.000000000000  0.178201164200  0.000000000000
  0.732824427481  0.022402607623  0.205369073085 -0.389915341975 -0.000000000000  0.170419507757  0.000000000000 -0.225199242183 -0.022200749700  0.005087305530  0.000000000000  0.170419507757 -0.000000000000
  0.740458015267 -0.050631449537  0.320420585633 -0.801807982036 -0.000000000000  0.118312805178  0.000000000000 -0.048038433562  0.012858762267  0.053916310992 -0.000000000000  0.118312805178  0.000000000000
  0.748091603053  0.051415139478 -0.027344825641 -0.433349200282  0.000000000000  0.039888391350 -0.000000000000  0.170622795531 -0.018474607316  0.122561418368 -0.000000000000  0.039888391350  0.000000000000
  0.755725190840  0.009937419385  0.279079272493  0.075509202159  0.000000000000  0.177161326581 -0.000000000000  0.170129528067  0.000933733840 -0.073221144886 -0.000000000000  0.177161326581  0.000000000000
  0.763358778626  0.013989440998  0.018721385908  0.251071547634  0.000000000000  0.142593898184 -0.000000000000  0.117482830276  0.008481283982 -0.033510167862  0.000000000000  0.142593898184 -0.000000000000
  0.770992366412 -0.007056638616  0.004590712869 -0.100127117552  0.000000000000  0.140272974744 -0.000000000000  0.039259236059  0.036494480776  0.082907106469  0.000000000000  0.140272974744 -0.000000000000
  0.778625954198  0.057766414076  0.019015900251 -0.169544624722  0.000000000000  0.070296738488 -0.000000000000  0.167478885358  0.016072362781 -0.131771415410 -0.000000000000  0.070296738488  0.000000000000
  0.786259541985 -0.074618269149 -0.029524581680  0.597734140612  0.000000000000  0.200397575266 -0.000000000000  0.121511866534  0.010054264536 -0.066897712709  0.000000000000  0.200397575266 -0.000000000000
  0.793893129771  0.025561131871  0.351814419274  0.157070536114 -0.000000000000  0.107291880510  0.000000000000 -0.137924385012  0.015189077738  0.022177571134  0.000000000000  0.107291880510 -0.000000000000
  0.801526717557 -0.063239338337 -0.057756735108 -0.660805447879 -0.000000000000  0.063633603276  0.000000000000  0.030698819664 -0.012516706926 -0.026216294284 -0.000000000000  0.063633603276  0.000000000000
  0.809160305344  0.012947238176 -0.094868647265  0.113772685141 -0.000000000000  0.068434242066  0.000000000000  0.199978891877 -0.025486097557 -0.077205704057 -0.000000000000  0.068434242066  0.000000000000
  0.816793893130 -0.103735800015 -0.008552507511  0.519379210264  0.000000000000  0.111920161949 -0.000000000000 -0.027394003335  0.007159312980 -0.037739275486  0.000000000000  0.111920161949 -0.000000000000
  0.824427480916 -0.004051875201 -0.051300514587  0.084290584571  0.000000000000  0.090112112235 -0.000000000000 -0.063504470498  0.021564325692  0.176842553533 -0.000000000000  0.090112112235  0.000000000000
  0.832061068702 -0.012865876110  0.096343336386  0.088045414903  0.000000000000  0.134935171508 -0.000000000000 -0.067213947355 -0.010630013925  0.041771458965  0.000000000000  0.134935171508 -0.000000000000
  0.839694656489  0.017051843598  0.078815034289 -0.232869115294  0.000000000000  0.353703410255 -0.000000000000 -0.110613549263 -0.000089944328  0.172629222438  0.000000000000  0.353703410255 -0.000000000000
  0.847328244275  0.074672841264 -0.036170634004  0.021231759963 -0.000000000000  0.186550761501  0.000000000000  0.050439662459 -0.031297674653 -0.145901828307 -0.000000000000  0.186550761501  0.000000000000
  0.854961832061 -0.059671751437 -0.136976988513  0.807691105393 -0.000000000000  0.076954915835  0.000000000000 -0.121023892642  0.047646710540 -0.172910028272 -0.000000000000  0.076954915835  0.000000000000
  0.862595419847 -0.010554848842  0.115935869865 -0.598286352765  0.000000000000  0.112291109155 -0.000000000000 -0.353545891776  0.010149183380  0.079240284510  0.000000000000  0.112291109155 -0.000000000000
  0.870229007634 -0.018799832290 -0.038772073254 -0.822988135976  0.000000000000  0.200272733075 -0.000000000000  0.185601058516 -0.027125670598 -0.063798064880 -0.000000000000  0.200272733075  0.000000000000
  0.877862595420 -0.043644013729  0.042614098825  0.155613938512 -0.000000000000  0.222313402362  0.000000000000  0.063381851794 -0.007769565418 -0.048077023134  0.000000000000  0.222313402362 -0.000000000000
  0.885496183206 -0.042777730158  0.136307974591 -0.146998227579  0.000000000000  0.113968875141 -0.000000000000  0.103823691891  0.000335095657 -0.212187855636 -0.000000000000  0.113968875141 -0.000000000000
  0.893129770992 -0.150878553179  0.238890394109 -0.251877314247  0.000000000000  0.315529467011 -0.000000000000  0.131699771465  0.002308895382  0.043551303829 -0.000000000000  0.315529467011  0.000000000000
  0.900763358779 -0.017956159597 -0.023433659360  0.029751659017  0.000000000000  0.046044263835 -0.000000000000  0.221587060096  0.041442998137  0.275056494729  0.000000000000  0.046044263835 -0.000000000000
  0.908396946565 -0.009191504184 -0.086904838117 -0.169932706600 -0.000000000000  0.113920079893  0.000000000000  0.113597626523  0.019905658674 -0.091064072893  0.000000000000  0.113920079893 -0.000000000000
  0.916030534351 -0.063475622405 -0.263290642822  0.297327013916  0.000000000000  0.077403499086 -0.000000000000  0.309078776224 -0.013876263802 -0.043929381330 -0.000000000000  0.077403499086  0.000000000000
  0.923664122137 -0.030952038522 -0.032466132972  0.831326136829 -0.000000000000  0.189187202737  0.000000000000 -0.034088789117  0.025407993163  0.159096302982  0.000000000000  0.189187202737  0.000000000000
  0.931297709924  0.018840954882  0.092016012225 -0.210955540332  0.000000000000  0.105951081887 -0.000000000000 -0.112351248422 -0.038729993071  0.119291122750  0.000000000000  0.105951081887 -0.000000000000
  0.938931297710  0.028177208035 -0.087855616457  0.140542919891  0.000000000000  0.190317693142 -0.000000000000  0.072092625269 -0.031824027107  0.066083696239  0.000000000000  0.190317693142 -0.000000000000
  0.946564885496  0.050978240952  0.085565913817  0.275154757638 -0.000000000000  0.037017914380  0.000000000000 -0.182189507461  0.014877363660  0.105360112728  0.000000000000  0.037017914380 -0.000000000000
  0.954198473282  0.081453271278  0.017171602067  0.001680501272 -0.000000000000  0.121104789684  0.000000000000 -0.067756891539 -0.005846635191 -0.203260624454 -0.000000000000  0.121104789684  0.000000000000
  0.961832061069 -0.053952625066  0.071771284463 -0.110853160661 -0.000000000000  0.229210036910  0.000000000000 -0.182510105395 -0.003991088010 -0.091868864142 -0.000000000000  0.229210036910  0.000000000000
  0.969465648855  0.035430358329  0.230949626974 -0.606075647542 -0.000000000000  0.100454096319  0.000000000000 -0.010724536994  0.043135808642  0.150448315267 -0.000000000000  0.100454096319  0.000000000000
  0.977099236641  0.023412052808  0.242341590178 -0.484613357805 -0.000000000000  0.000000000000  0.000000000000  0.118820224994 -0.001773825566  0.000662319409 -0.000000000000  0.000000000000  0.000000000000
  0.984732824427  0.035346171178 -0.105394653682  0.043526595997  0.000000000000  0.000000000000 -0.000000000000  0.226468296244  0.005230333948  0.010088823572 -0.000000000000  0.000000000000 -0.000000000000
  0.992366412214  0.028160492411 -0.080433609048  0.446958303652  0.000000000000  0.044448015680 -0.000000000000  0.096426200457 -0.001047209355 -0.068540597128 -0.000000000000  0.044448015680  0.000000000000
  1.000000000000  0.000000000000 -0.023437426973  0.314305979088 -0.000000000000  0.158450819676  0.000000000000  0.000000000000 -0.001808274669 -0.151777747507  0.000000000000  0.158450819676 -0.000000000000
