             Rad         v_r[Re]         v_t[Re]         v_x[Re]         p[Re]          p_mg[Re]  p_no_phase[Re]         v_r[Im]         v_t[Im]         v_x[Im]         p[Im]          p_mg[Im]  p_no_phase[Im]
  0.000000000000  0.189170728442  0.000000000000  0.009071411258 -0.000000000000  0.095743811298  0.000000000000 -0.208350681321  0.000000000000 -0.052200812578  0.000000000000  0.095743811298 -0.000000000000
  0.003921568627  0.140000333108  0.035342196536  0.000123519804 -0.000000000000  0.048509925835 -0.000000000000 -0.162437879536  0.020534334115 -0.023135649146 -0.000000000000  0.048509925835  0.000000000000
  0.007843137255 -0.008329689170 -0.062511879893 -0.006219253903 -0.000000000000  0.072665968815  0.000000000000 -0.024841770827 -0.028067341959 -0.172536675802  0.000000000000  0.072665968815 -0.000000000000
  0.011764705882  0.094901796020 -0.043730124183  0.172638595041 -0.000000000000  0.048018972551  0.000000000000 -0.012669905847  0.041515223920  0.177867824528 -0.000000000000  0.048018972551  0.000000000000
  0.015686274510 -0.019034004812  0.004451177614  0.190013357771  0.000000000000  0.026092158879 -0.000000000000  0.044619721708 -0.040854565211  0.044724519649 -0.000000000000  0.026092158879  0.000000000000
  0.019607843137  0.062862672122  0.022695883718  0.204439606181  0.000000000000  0.059842380547 -0.000000000000 -0.036450342624  0.082247480678  0.189383413532  0.000000000000  0.059842380547 -0.000000000000
  0.023529411765  0.018648190669 -0.077268870493 -0.049340869194  0.000000000000  0.076448872101 -0.000000000000  0.044250047567 -0.040204725985  0.239405804234 -0.000000000000  0.076448872101  0.000000000000
  0.027450980392  0.026088072745 -0.015172014192 -0.051534857239  0.000000000000  0.033075808097 -0.000000000000 -0.000461752570 -0.058096910657  0.457784172463 -0.000000000000  0.033075808097  0.000000000000
  0.031372549020 -0.029184707257  0.018037039905 -0.193988878877 -0.000000000000  0.022514818049  0.000000000000  0.052243309350  0.084397440747  0.225809387185 -0.000000000000  0.022514818049  0.000000000000
  0.035294117647  0.072040861898  0.049181349262 -0.201928051217  0.000000000000  0.008219029762 -0.000000000000 -0.025584062666  0.107710746031 -0.044696477125  0.000000000000  0.008219029762 -0.000000000000
  0.039215686275  0.003378776211 -0.126797255682  0.071348477180  0.000000000000  0.037256980469 -0.000000000000  0.032902780317 -0.162669263888 -0.296512642370 -0.000000000000  0.037256980469  0.000000000000
  0.043137254902  0.010948579805  0.110507508673  0.272749083228  0.000000000000  0.062590264288  0.000000000000  0.019673475342 -0.022648949027 -0.122608867090  0.000000000000  0.062590264288 -0.000000000000
  0.047058823529 -0.004924579780 -0.021806925066  0.268335558589  0.000000000000  0.034037889810 -0.000000000000 -0.006580346816  0.027323741030  0.141469243888 -0.000000000000  0.034037889810  0.000000000000
  0.050980392157  0.018658131384  0.061503742412  0.216494216442 -0.000000000000  0.035601059376  0.000000000000  0.032248360066  0.222730382863  0.274358224455 -0.000000000000  0.035601059376  0.000000000000
  0.054901960784  0.056433705542  0.012274290048  0.083917210329 -0.000000000000  0.016324838383  0.000000000000 -0.027069873706 -0.024020912005  0.061318185207 -0.000000000000  0.016324838383  0.000000000000
  0.058823529412  0.002771201848 -0.065710243552 -0.065619480143 -0.000000000000  0.050510207416  0.000000000000  0.033924893265 -0.090851169859 -0.025690493470  0.000000000000  0.050510207416 -0.000000000000
  0.062745098039  0.032240221466  0.089213272955 -0.279707724131  0.000000000000  0.040071063213 -0.000000000000 -0.015099786372  0.049586193955 -0.153068480950  0.000000000000  0.040071063213 -0.000000000000
  0.066666666667  0.013538796865 -0.146134377698 -0.256242535032  0.000000000000  0.041680979438 -0.000000000000  0.009121476180  0.060823508752 -0.224180338832 -0.000000000000  0.041680979438  0.000000000000
  0.070588235294  0.048475389993 -0.048983558467  0.021775352745  0.000000000000  0.039483056693 -0.000000000000  0.014192167496  0.123800191423  0.016668008687 -0.000000000000  0.039483056693  0.000000000000
  0.074509803922  0.035402337111  0.099609165038 -0.075923620734  0.000000000000  0.036842970081 -0.000000000000  0.018771378056 -0.003569275163  0.224416187544  0.000000000000  0.036842970081 -0.000000000000
  0.078431372549  0.040477147920  0.071770560906  0.047248221261  0.000000000000  0.045626542566 -0.000000000000 -0.009945076327  0.045360519309  0.090910219018 -0.000000000000  0.045626542566  0.000000000000
  0.082352941176  0.039000683529  0.052017346400  0.108587937889 -0.000000000000  0.041160538294  0.000000000000  0.006152922076 -0.006008295369  0.248303357296  0.000000000000  0.041160538294  0.000000000000
  0.086274509804  0.031723405270  0.098164132693  0.004683499177  0.000000000000  0.037622522979 -0.000000000000 -0.018735794685  0.065181154912  0.218815358749 -0.000000000000  0.037622522979  0.000000000000
  0.090196078431  0.044535458886 -0.170470933475  0.100102351504 -0.000000000000  0.046003572198  0.000000000000 -0.009918381334  0.074282666833  0.116790446783  0.000000000000  0.046003572198 -0.000000000000
  0.094117647059  0.038937474329  0.164004243220  0.060185363465  0.000000000000  0.022252884493 -0.000000000000  0.013344025087 -0.233771443087 -0.099858932973  0.000000000000  0.022252884493 -0.000000000000
  0.098039215686  0.003895176813  0.036919936278 -0.274905262215  0.000000000000  0.046626711036 -0.000000000000 -0.037420339829  0.023719473239 -0.202338427088 -0.000000000000  0.046626711036  0.000000000000
  0.101960784314  0.045594912014 -0.196209071233 -0.269321983601  0.000000000000  0.019145595447 -0.000000000000  0.006118223062  0.100135406394 -0.190717388548  0.000000000000  0.019145595447 -0.000000000000
  0.105882352941  0.018784968337 -0.144022256369  0.133930186955  0.000000000000  0.039911039204 -0.000000000000 -0.011929619979 -0.063001520995 -0.028687416825  0.000000000000  0.039911039204 -0.000000000000
  0.109803921569  0.035319872907 -0.043434086856  0.397272529775  0.000000000000  0.015315704503 -0.000000000000  0.030439394867  0.015426316732 -0.038695083238  0.000000000000  0.015315704503 -0.000000000000
  0.113725490196  0.019072861503  0.052701534771  0.576635237131 -0.000000000000  0.049584777874 -0.000000000000 -0.001667266962 -0.062547103781  0.125955312563 -0.000000000000  0.049584777874  0.000000000000
  0.117647058824  0.023401546811 -0.088000168789  0.244113124183  0.000000000000  0.015698723161 -0.000000000000  0.032330460207 -0.057988364507 -0.003499566853  0.000000000000  0.015698723161 -0.000000000000
  0.121568627451  0.009835871614 -0.062967418196 -0.088324738310  0.000000000000  0.063535465748 -0.000000000000  0.011739950341  0.059667428652 -0.064461270102 -0.000000000000  0.063535465748  0.000000000000
  0.125490196078  0.031477154679  0.071942666548  0.153118507953  0.000000000000  0.023760351572 -0.000000000000  0.038312386119 -0.183043015462  0.028264372718  0.000000000000  0.023760351572 -0.000000000000
  0.129411764706 -0.015455190195 -0.046070337606  0.322140047605 -0.000000000000  0.045624937587 -0.000000000000  0.002754451838  0.064872319682 -0.027343183808 -0.000000000000  0.045624937587  0.000000000000
  0.133333333333  0.040706057036 -0.150188954235  0.068726685579  0.000000000000  0.033362610267 -0.000000000000  0.048782910208  0.059821109310  0.250691745536  0.000000000000  0.033362610267 -0.000000000000
  0.137254901961 -0.014744306110  0.059793599003 -0.383715754363  0.000000000000  0.037959458600 -0.000000000000  0.018632223274 -0.123176873713 -0.124764113185  0.000000000000  0.037959458600 -0.000000000000
  0.141176470588  0.029428315947 -0.126349609401 -0.115407559486  0.000000000000  0.038596476443 -0.000000000000  0.034865586906 -0.010277027882 -0.056957458002  0.000000000000  0.038596476443 -0.000000000000
  0.145098039216 -0.016627654217  0.124415386707  0.017788632166 -0.000000000000  0.025374993231  0.000000000000  0.028923777054  0.004593106704 -0.086581939708 -0.000000000000  0.025374993231  0.000000000000
  0.149019607843  0.032181808217 -0.093361538437 -0.187744792157  0.000000000000  0.023727419761 -0.000000000000  0.020130864789 -0.001832887920 -0.109082655737  0.000000000000  0.023727419761 -0.000000000000
  0.152941176471 -0.016803268685 -0.031303241402 -0.247854149307 -0.000000000000  0.017752477638  0.000000000000  0.034746771869 -0.115151764321  0.192723561043  0.000000000000  0.017752477638 -0.000000000000
  0.156862745098  0.018209962254  0.107033860584 -0.038250051103  0.000000000000  0.035201879200 -0.000000000000  0.017671659689  0.161443782065  0.368614930467  0.000000000000  0.035201879200 -0.000000000000
  0.160784313725 -0.007351583579  0.055189090122  0.230048710628 -0.000000000000  0.018391333688  0.000000000000  0.022559802025 -0.008378348301  0.506224258926  0.000000000000  0.018391333688  0.000000000000
  0.164705882353  0.009810403564 -0.119277277437  0.104527796980  0.000000000000  0.041652867869 -0.000000000000  0.014795487292  0.030815847203  0.003074111685  0.000000000000  0.041652867869 -0.000000000000
  0.168627450980 -0.004932124423 -0.080362156385 -0.187576352554 -0.000000000000  0.025468077833  0.000000000000  0.034854647436 -0.161577382831 -0.001418231841 -0.000000000000  0.025468077833  0.000000000000
  0.172549019608 -0.004968402743 -0.080826554814  0.014855062888  0.000000000000  0.057978030526 -0.000000000000  0.017707516173  0.085421162106  0.108309397778  0.000000000000  0.057978030526 -0.000000000000
  0.176470588235  0.001360301311  0.017659561234  0.176528198438 -0.000000000000  0.006804579623  0.000000000000  0.041630649551 -0.135557837364  0.116942612426 -0.000000000000  0.006804579623  0.000000000000
  0.180392156863 -0.018912840043 -0.159399055963  0.204933609748  0.000000000000  0.054937383515 -0.000000000000  0.017056596085 -0.066403850776 -0.149093296592  0.000000000000  0.054937383515 -0.000000000000
  0.184313725490 -0.001252930811  0.075238674280 -0.162746371265 -0.000000000000  0.026603459788  0.000000000000  0.057964490751  0.049410919975 -0.690942255299 -0.000000000000  0.026603459788  0.000000000000
  0.188235294118 -0.003816029273 -0.014808102277 -0.262841608040  0.000000000000  0.041385634233 -0.000000000000  0.005633846327  0.022355112427 -0.158612098044 -0.000000000000  0.041385634233  0.000000000000
  0.192156862745  0.003257029355 -0.165026354583  0.028598527214 -0.000000000000  0.032716871648 -0.000000000000  0.054840750061 -0.097179301913  0.530075904921 -0.000000000000  0.032716871648  0.000000000000
  0.196078431373 -0.020196889640  0.205075007071  0.223166346752  0.000000000000  0.032177086473 -0.000000000000  0.017315591864  0.090594051720  0.502139192345  0.000000000000  0.032177086473 -0.000000000000
  0.200000000000  0.003435735865 -0.140680320316  0.090276604236 -0.000000000000  0.032868267454  0.000000000000  0.041242774397  0.032060263365 -0.072763520602  0.000000000000  0.032868267454  0.000000000000
  0.203921568627 -0.016675705361  0.089549949785 -0.138127147463  0.000000000000  0.018534238385 -0.000000000000  0.028148082371 -0.044027104543 -0.481079074284  0.000000000000  0.018534238385 -0.000000000000
  0.207843137255  0.008236747219 -0.051393230511 -0.212561013620 -0.000000000000  0.035936596665  0.000000000000  0.031104997816 -0.015083614226 -0.009662187698 -0.000000000000  0.035936596665  0.000000000000
  0.211764705882 -0.017973348262  0.087766053178 -0.365130502042  0.000000000000  0.014140948662 -0.000000000000  0.027518752837  0.005471440033  0.276898167506  0.000000000000  0.014140948662 -0.000000000000
  0.215686274510  0.004964217971  0.052452080867 -0.131053237588 -0.000000000000  0.027825969271 -0.000000000000  0.017857058337 -0.116541629295  0.161504726666 -0.000000000000  0.027825969271  0.000000000000
  0.219607843137 -0.029163027614  0.016461166944 -0.128258443216  0.000000000000  0.011615445509 -0.000000000000  0.020998971410 -0.066915639383 -0.080788457943 -0.000000000000  0.011615445509 -0.000000000000
  0.223529411765  0.002493336073  0.019635640061 -0.231065206686 -0.000000000000  0.026574049267 -0.000000000000  0.013919400285  0.016604114754 -0.317573515225 -0.000000000000  0.026574049267  0.000000000000
  0.227450980392 -0.023103766718  0.002668412082 -0.167493850212  0.000000000000  0.010498234789 -0.000000000000  0.015508079485 -0.011392333596 -0.146911177300 -0.000000000000  0.010498234789  0.000000000000
  0.231372549020  0.004808828561  0.011059138903  0.107257987543 -0.000000000000  0.019968585939  0.000000000000  0.010573255991  0.004314941433 -0.115971331536  0.000000000000  0.019968585939  0.000000000000
  0.235294117647 -0.021155081311  0.009105612821  0.042708114412  0.000000000000  0.012089885559 -0.000000000000  0.016082370135 -0.103956084096  0.092273743367 -0.000000000000  0.012089885559  0.000000000000
  0.239215686275 -0.002863838937  0.044077346220 -0.446431943884  0.000000000000  0.019734498891 -0.000000000000  0.010100067338  0.100887727345  0.296080054973 -0.000000000000  0.019734498891  0.000000000000
  0.243137254902 -0.019089989294 -0.042086764024 -0.556832035619  0.000000000000  0.016548236659 -0.000000000000  0.005858048579 -0.072255396423  0.289215113907 -0.000000000000  0.016548236659  0.000000000000
  0.247058823529 -0.011446378979  0.045996591892 -0.146956242071 -0.000000000000  0.021812196742 -0.000000000000  0.003891752961  0.028769982848  0.180284359923 -0.000000000000  0.021812196742  0.000000000000
  0.250980392157 -0.019727936565  0.101909449329 -0.002255113014  0.000000000000  0.026478180688 -0.000000000000  0.000508886379 -0.066795332255  0.086016485886 -0.000000000000  0.026478180688  0.000000000000
  0.254901960784 -0.016353867437  0.082514428120 -0.030793489995  0.000000000000  0.028124354520 -0.000000000000 -0.002528864643  0.047809744571  0.315872263875 -0.000000000000  0.028124354520  0.000000000000
  0.258823529412 -0.021237461558 -0.030506130220  0.088540860209  0.000000000000  0.022634438814 -0.000000000000 -0.004974148499 -0.060814448410  0.450597217555  0.000000000000  0.022634438814 -0.000000000000
  0.262745098039 -0.026464223790  0.014498806382 -0.033478335399  0.000000000000  0.031832867329 -0.000000000000  0.000859599745 -0.045628799485  0.268839677467 -0.000000000000  0.031832867329  0.000000000000
  0.266666666667 -0.027388685140  0.238004963566 -0.021755552439  0.000000000000  0.023028206468 -0.000000000000 -0.006390558933  0.073972866927 -0.190503072101 -0.000000000000  0.023028206468  0.000000000000
  0.270588235294 -0.018319045630 -0.211678869643  0.361712955196  0.000000000000  0.035066791082 -0.000000000000 -0.013293998181 -0.073512362979 -0.102668442120 -0.000000000000  0.035066791082 -0.000000000000
  0.274509803922 -0.029508799203  0.077422920956  0.054706238547  0.000000000000  0.015932451858 -0.000000000000  0.011939941876  0.081184985857  0.157712558221 -0.000000000000  0.015932451858  0.000000000000
  0.278431372549 -0.015310717514 -0.078713708436 -0.220396292011  0.000000000000  0.037884522499 -0.000000000000 -0.017201169214 -0.005574761310  0.192091552705 -0.000000000000  0.037884522499  0.000000000000
  0.282352941176 -0.032404783272 -0.063130123154 -0.088966201220  0.000000000000  0.019607351727 -0.000000000000  0.013401860240  0.128137348614 -0.219795079419 -0.000000000000  0.019607351727  0.000000000000
  0.286274509804 -0.003844077104 -0.143681831126  0.007961693538  0.000000000000  0.048735801579 -0.000000000000 -0.015461762300 -0.107952076313 -0.462012941954 -0.000000000000  0.048735801579  0.000000000000
  0.290196078431 -0.030967386520  0.068310316140  0.015406219696  0.000000000000  0.019105828656 -0.000000000000  0.021823336524  0.008347924981 -0.292115465388  0.000000000000  0.019105828656 -0.000000000000
  0.294117647059  0.002026321855  0.005147635693  0.032924075400  0.000000000000  0.046256462605 -0.000000000000 -0.019502365536 -0.137796172685  0.307022739004 -0.000000000000  0.046256462605 -0.000000000000
  0.298039215686 -0.043186593945 -0.046670032250 -0.093326037249  0.000000000000  0.020960643792 -0.000000000000  0.022585315119 -0.002414096783  0.208752550953 -0.000000000000  0.020960643792  0.000000000000
  0.301960784314 -0.000238796375 -0.000455012236 -0.142068015592  0.000000000000  0.048569927724 -0.000000000000 -0.019104336286  0.031853402376 -0.015825592420 -0.000000000000  0.048569927724  0.000000000000
  0.305882352941 -0.041277424653  0.014102443916  0.031252728182  0.000000000000  0.021582338067 -0.000000000000  0.020876650754 -0.129374801268  0.054216743997 -0.000000000000  0.021582338067  0.000000000000
  0.309803921569 -0.006665464793  0.006063299941  0.098038374782  0.000000000000  0.044433880547 -0.000000000000 -0.019872598402 -0.038551827531 -0.004758690217 -0.000000000000  0.044433880547  0.000000000000
  0.313725490196 -0.042986023855 -0.040670752624 -0.194431502266 -0.000000000000  0.024183451794 -0.000000000000  0.022610608842 -0.028020758364 -0.296043596024 -0.000000000000  0.024183451794  0.000000000000
  0.317647058824 -0.002348031001 -0.093839791822 -0.137702670373  0.000000000000  0.048713470693 -0.000000000000 -0.021454231910  0.020228190687 -0.358343905508 -0.000000000000  0.048713470693  0.000000000000
  0.321568627451 -0.036308043913  0.040458134730  0.018880299680 -0.000000000000  0.024406377731 -0.000000000000  0.025614364868 -0.077647797945 -0.046242065557 -0.000000000000  0.024406377731  0.000000000000
  0.325490196078 -0.004524800681 -0.001889119523  0.061079583098  0.000000000000  0.042177841483 -0.000000000000 -0.023756378501  0.024553267003  0.342493832853 -0.000000000000  0.042177841483  0.000000000000
  0.329411764706 -0.040388174876 -0.128595905436 -0.124898012076 -0.000000000000  0.021534968666 -0.000000000000  0.027235960736 -0.059797725867  0.460744579591 -0.000000000000  0.021534968666  0.000000000000
  0.333333333333 -0.013638054180  0.007697599411 -0.279390890370  0.000000000000  0.047006259200 -0.000000000000 -0.020240423715  0.131330183378  0.094929714099 -0.000000000000  0.047006259200  0.000000000000
  0.337254901961 -0.035376129114 -0.065893906022  0.315335966138 -0.000000000000  0.016677832165 -0.000000000000  0.022967363826 -0.125121554029 -0.082226148419 -0.000000000000  0.016677832165  0.000000000000
  0.341176470588 -0.017345138731 -0.014576017876  0.532566061633  0.000000000000  0.047540829297 -0.000000000000 -0.012763269089 -0.016571185393 -0.100336648549 -0.000000000000  0.047540829297 -0.000000000000
  0.345098039216 -0.034165375661 -0.093257251472  0.368673625526 -0.000000000000  0.014228327134  0.000000000000  0.032284911489  0.046996527446  0.119808922293 -0.000000000000  0.014228327134  0.000000000000
  0.349019607843 -0.016311802771  0.007206960111  0.051536244563  0.000000000000  0.049099745227 -0.000000000000 -0.003474935407 -0.004843111566  0.022420646231 -0.000000000000  0.049099745227  0.000000000000
  0.352941176471 -0.034368182643 -0.116549189541  0.090627611721  0.000000000000  0.021261425574 -0.000000000000  0.032847503285  0.011967869937 -0.063185254066 -0.000000000000  0.021261425574  0.000000000000
  0.356862745098 -0.014025018808  0.021275679502  0.030033272759  0.000000000000  0.041332000273 -0.000000000000  0.002396693651 -0.000290597505  0.183604220264 -0.000000000000  0.041332000273  0.000000000000
  0.360784313725 -0.036952780188 -0.045578419343  0.043802843571 -0.000000000000  0.024947801875 -0.000000000000  0.032330744157 -0.107482556369  0.185778822862 -0.000000000000  0.024947801875  0.000000000000
  0.364705882353 -0.020809029738 -0.004152746546 -0.098303556426  0.000000000000  0.044641080351 -0.000000000000  0.004362625221  0.170827049116 -0.106953366409 -0.000000000000  0.044641080351  0.000000000000
  0.368627450980 -0.027480174345 -0.014656363853  0.174315800764  0.000000000000  0.020432399535 -0.000000000000  0.030873520443 -0.138973011609 -0.140964379471 -0.000000000000  0.020432399535  0.000000000000
  0.372549019608 -0.023926884400 -0.012486408482  0.119300088864  0.000000000000  0.043674100495 -0.000000000000  0.007063782367 -0.064362988138  0.015481443110  0.000000000000  0.043674100495 -0.000000000000
  0.376470588235 -0.029929317183  0.061964524773 -0.015249399803 -0.000000000000  0.017570467254  0.000000000000  0.033121926693  0.064454529630 -0.031657188272 -0.000000000000  0.017570467254  0.000000000000
  0.380392156863 -0.020121168212 -0.028308256726 -0.073971717180  0.000000000000  0.035207168756 -0.000000000000  0.003552680758 -0.034173157524 -0.151715243142  0.000000000000  0.035207168756 -0.000000000000
  0.384313725490 -0.028543803156  0.012504418272 -0.163564796237 -0.000000000000  0.017040170176  0.000000000000  0.033055685675 -0.051221986065 -0.258823960092 -0.000000000000  0.017040170176  0.000000000000
  0.388235294118 -0.017569351238  0.183066944788 -0.214803746263  0.000000000000  0.029100551762 -0.000000000000 -0.000198031786 -0.053958195163 -0.198860668692 -0.000000000000  0.029100551762 -0.000000000000
  0.392156862745 -0.027249612826 -0.197888585864  0.109317933306 -0.000000000000  0.018898032412  0.000000000000  0.022293571554 -0.016847722069 -0.205294349274 -0.000000000000  0.018898032412  0.000000000000
  0.396078431373 -0.014477964346  0.184861650794  0.189423309355  0.000000000000  0.022360882523 -0.000000000000  0.008986431328  0.011339320293 -0.220931739265 -0.000000000000  0.022360882523  0.000000000000
  0.400000000000 -0.023048242561 -0.020544645270  0.053599442673 -0.000000000000  0.014737188332  0.000000000000  0.017765714951 -0.099005667535 -0.130952005298 -0.000000000000  0.014737188332  0.000000000000
  0.403921568627 -0.015854464116  0.009955423731 -0.280250657661  0.000000000000  0.024948010384 -0.000000000000  0.010284531911  0.022598328032 -0.224159559756 -0.000000000000  0.024948010384  0.000000000000
  0.407843137255 -0.018346555529  0.021792594375 -0.419299370252 -0.000000000000  0.014938833818  0.000000000000  0.012783308157 -0.010061009304 -0.088406936726  0.000000000000  0.014938833818 -0.000000000000
  0.411764705882 -0.014501832159  0.141249814752 -0.458191880850  0.000000000000  0.035139199988 -0.000000000000  0.002623277332 -0.069509204971  0.269609230486  0.000000000000  0.035139199988 -0.000000000000
  0.415686274510 -0.024947464267 -0.181301934014 -0.171956597016 -0.000000000000  0.013048931915  0.000000000000  0.000165072025  0.070852258030  0.125086931295  0.000000000000  0.013048931915 -0.000000000000
  0.419607843137 -0.013319603113  0.230855373384 -0.185813647163  0.000000000000  0.039883414448 -0.000000000000  0.006764386796 -0.215254219571  0.029107210090 -0.000000000000  0.039883414448  0.000000000000
  0.423529411765 -0.033201970124 -0.186771317525 -0.126025588151 -0.000000000000  0.012880337495  0.000000000000 -0.011506196405  0.153010227628 -0.109909420000  0.000000000000  0.012880337495 -0.000000000000
  0.427450980392 -0.005313637014  0.081868248301 -0.310673278700 -0.000000000000  0.040119912518  0.000000000000  0.011918048741 -0.070395496379 -0.060825305105  0.000000000000  0.040119912518 -0.000000000000
  0.431372549020 -0.034733670732 -0.016077880455 -0.035834104109 -0.000000000000  0.031735116823  0.000000000000 -0.019602521918 -0.052307880132 -0.175432909915  0.000000000000  0.031735116823 -0.000000000000
  0.435294117647 -0.003832331677  0.161320669829  0.289768383828 -0.000000000000  0.042768266016  0.000000000000  0.012297004835 -0.095360686256 -0.253270169147  0.000000000000  0.042768266016 -0.000000000000
  0.439215686275 -0.034128175438 -0.300412472972  0.530874946583 -0.000000000000  0.032828648917  0.000000000000 -0.021092060631  0.026412545337 -0.109409062469  0.000000000000  0.032828648917 -0.000000000000
  0.443137254902 -0.000563374194  0.141622035815  0.124080221464 -0.000000000000  0.049280267069  0.000000000000  0.031730115809 -0.032804038664 -0.024175448820 -0.000000000000  0.049280267069  0.000000000000
  0.447058823529 -0.034900186396 -0.052823446314 -0.086408380521  0.000000000000  0.033530420796 -0.000000000000 -0.024720468596 -0.029707648901  0.147375605154  0.000000000000  0.033530420796 -0.000000000000
  0.450980392157 -0.003305238067 -0.003808641855 -0.465941240805 -0.000000000000  0.049916383577  0.000000000000  0.032661836921 -0.026813232165  0.082869631082 -0.000000000000  0.049916383577  0.000000000000
  0.454901960784 -0.037075253938 -0.122734508246 -0.301223338105 -0.000000000000  0.034675626850  0.000000000000 -0.032464908251 -0.109970384618  0.052926162289  0.000000000000  0.034675626850 -0.000000000000
  0.458823529412 -0.007288306089  0.036850596733 -0.102644576476 -0.000000000000  0.042685205999  0.000000000000  0.032728729170  0.103108088166  0.080463716481  0.000000000000  0.042685205999  0.000000000000
  0.462745098039 -0.034687780611  0.099866877070  0.227335302114 -0.000000000000  0.032999693945  0.000000000000 -0.035894334172 -0.073589500261 -0.019720131899  0.000000000000  0.032999693945 -0.000000000000
  0.466666666667 -0.008885601533 -0.227290117346  0.351400519341 -0.000000000000  0.036636741041  0.000000000000  0.033517833803 -0.124398250450 -0.188601295141  0.000000000000  0.036636741041 -0.000000000000
  0.470588235294 -0.035761444878  0.078672384352  0.101462997378 -0.000000000000  0.026841474906  0.000000000000 -0.023305490156 -0.009994066513 -0.367297050732  0.000000000000  0.026841474906 -0.000000000000
  0.474509803922 -0.002861190637 -0.035154893392 -0.157715360350  0.000000000000  0.016964246958  0.000000000000  0.032875422257  0.107431064774 -0.352671235001  0.000000000000  0.016964246958 -0.000000000000
  0.478431372549 -0.026630614509  0.148160022748 -0.229946634515  0.000000000000  0.027550906854  0.000000000000 -0.025160706766 -0.274327556036 -0.076977041712  0.000000000000  0.027550906854 -0.000000000000
  0.482352941176 -0.010211486279 -0.311652269709  0.355991748943  0.000000000000  0.015847340937 -0.000000000000  0.024823181164  0.235890834644 -0.317356615441  0.000000000000  0.015847340937 -0.000000000000
  0.486274509804 -0.013815184440  0.144923182871  0.174899514321 -0.000000000000  0.035981897886  0.000000000000 -0.009845118270 -0.287656855165 -0.266307514833  0.000000000000  0.035981897886 -0.000000000000
  0.490196078431 -0.015090541334  0.122679779315 -0.094291092009 -0.000000000000  0.016823520209  0.000000000000  0.023050553805  0.190344152423 -0.306051419884  0.000000000000  0.016823520209  0.000000000000
  0.494117647059 -0.002681916314 -0.135517434446 -0.187160883954 -0.000000000000  0.029495482134  0.000000000000 -0.015618756022 -0.228950579488  0.247476163057  0.000000000000  0.029495482134 -0.000000000000
  0.498039215686 -0.026198222627 -0.031124751686  0.125380557115 -0.000000000000  0.013892624279  0.000000000000  0.024664754340 -0.081604952375  0.367539979018  0.000000000000  0.013892624279 -0.000000000000
  0.501960784314 -0.010604913604  0.122817795911 -0.039537298869  0.000000000000  0.023454457138  0.000000000000 -0.013060116373  0.105120035653 -0.092725235913  0.000000000000  0.023454457138 -0.000000000000
  0.505882352941 -0.021293006233 -0.006303294424  0.077278958288 -0.000000000000  0.015051773925  0.000000000000  0.020410569613 -0.063362480434 -0.330613886454  0.000000000000  0.015051773925 -0.000000000000
  0.509803921569 -0.007053417372  0.004326320483 -0.295919631683  0.000000000000  0.021758004005 -0.000000000000 -0.011968889369 -0.068179270460 -0.380344519454  0.000000000000  0.021758004005 -0.000000000000
  0.513725490196 -0.017316127286 -0.055116125207 -0.287394294933 -0.000000000000  0.022182834109  0.000000000000  0.015819712243 -0.009434614522 -0.406726397615  0.000000000000  0.022182834109  0.000000000000
  0.517647058824 -0.000697106926  0.104765371812 -0.181220204088  0.000000000000  0.032797326564 -0.000000000000 -0.015035622376 -0.011624646988  0.105211785228  0.000000000000  0.032797326564 -0.000000000000
  0.521568627451 -0.019308208034  0.085934672954 -0.167326938552 -0.000000000000  0.028822330168  0.000000000000  0.010030146599 -0.022892298722  0.486281075622  0.000000000000  0.028822330168 -0.000000000000
  0.525490196078 -0.008723186561 -0.151479713212  0.026740956828  0.000000000000  0.029039844449  0.000000000000 -0.020395689381 -0.040871401771  0.549818160190  0.000000000000  0.029039844449 -0.000000000000
  0.529411764706 -0.029022651655  0.108284702907 -0.181425405949 -0.000000000000  0.025507494410  0.000000000000  0.015275808347 -0.014364883932  0.139897638482  0.000000000000  0.025507494410 -0.000000000000
  0.533333333333 -0.010913320303  0.047230949747  0.072441335256  0.000000000000  0.021766465754  0.000000000000 -0.026676322015  0.112069072233 -0.060908097108  0.000000000000  0.021766465754 -0.000000000000
  0.537254901961 -0.024610591336 -0.085485507213  0.183760498874 -0.000000000000  0.027188971788  0.000000000000  0.015415296290 -0.162856588482 -0.103256045491  0.000000000000  0.027188971788 -0.000000000000
  0.541176470588 -0.013689275813  0.123933706238 -0.073403792617  0.000000000000  0.021705739851  0.000000000000 -0.021522917990  0.068264398801 -0.232142872887  0.000000000000  0.021705739851 -0.000000000000
  0.545098039216 -0.018792060979 -0.001865618582 -0.153631708957 -0.000000000000  0.040560666258  0.000000000000  0.010983509256  0.013667352747 -0.020343451962  0.000000000000  0.040560666258 -0.000000000000
  0.549019607843 -0.012706468359 -0.055523493753 -0.206377137757  0.000000000000  0.023334936436  0.000000000000 -0.024037176389 -0.057224100861 -0.052006474222  0.000000000000  0.023334936436 -0.000000000000
  0.552941176471 -0.019429726482  0.346085693086 -0.289767066619 -0.000000000000  0.039133393310  0.000000000000  0.009675994590  0.028598971262  0.065643892899  0.000000000000  0.039133393310 -0.000000000000
  0.556862745098 -0.012649259192 -0.004557186119 -0.075809945486  0.000000000000  0.014899289599  0.000000000000 -0.038537824136 -0.010149500892  0.122738252622  0.000000000000  0.014899289599 -0.000000000000
  0.560784313725 -0.021462775258 -0.144837096184 -0.116063406551 -0.000000000000  0.041630530311  0.000000000000  0.009157976670 -0.099924755439 -0.055122873437  0.000000000000  0.041630530311 -0.000000000000
  0.564705882353 -0.014279506047  0.362131310219 -0.383689897905  0.000000000000  0.008053208567 -0.000000000000 -0.036435122876  0.164099759823 -0.207698934809  0.000000000000  0.008053208567 -0.000000000000
  0.568627450980 -0.013448099617 -0.045040196985 -0.021891450848 -0.000000000000  0.035849048200  0.000000000000 -0.006413848083 -0.217384409749  0.110905062234  0.000000000000  0.035849048200 -0.000000000000
  0.572549019608 -0.021830513572 -0.028835486439  0.297819642449  0.000000000000  0.002000809361 -0.000000000000 -0.035447563121  0.120572856224 -0.115132754701  0.000000000000  0.002000809361 -0.000000000000
  0.576470588235 -0.008039681567 -0.038849444813  0.268515169277 -0.000000000000  0.034011176822  0.000000000000 -0.000466571034 -0.042048346868 -0.223479595284  0.000000000000  0.034011176822 -0.000000000000
  0.580392156863 -0.019359740574  0.110983691646  0.070820547580  0.000000000000  0.001153738386  0.000000000000 -0.030172084810  0.025601650263 -0.422490157261  0.000000000000  0.001153738386 -0.000000000000
  0.584313725490 -0.000458830373  0.004301577788  0.159155959475 -0.000000000000  0.043866299499  0.000000000000 -0.001947488841 -0.027879057120 -0.029220966471  0.000000000000  0.043866299499 -0.000000000000
  0.588235294118 -0.019643644739 -0.045886576286 -0.044899389199  0.000000000000  0.013047300391  0.000000000000 -0.027764858548  0.102821607776  0.132901211247  0.000000000000  0.013047300391 -0.000000000000
  0.592156862745  0.000460269549 -0.049524982666 -0.438439229025 -0.000000000000  0.049676154482  0.000000000000 -0.001057952837 -0.173520468571  0.273429958053  0.000000000000  0.049676154482 -0.000000000000
  0.596078431373 -0.028535407110  0.186205945994 -0.350781564070  0.000000000000  0.010137793422 -0.000000000000 -0.033316403960  0.122162493169 -0.186857966948  0.000000000000  0.010137793422 -0.000000000000
  0.600000000000  0.006981643248  0.032091770212 -0.206094944000 -0.000000000000  0.053619532480  0.000000000000 -0.011022191482 -0.152443824797  0.016588626568  0.000000000000  0.053619532480 -0.000000000000
  0.603921568627 -0.032872343642 -0.201798941223  0.210576039513  0.000000000000  0.012105458262 -0.000000000000 -0.037244185420  0.052907463389 -0.073760009446  0.000000000000  0.012105458262 -0.000000000000
  0.607843137255  0.009939796386  0.092125580577  0.343970249350 -0.000000000000  0.058220735097  0.000000000000 -0.001993816260 -0.122541216827  0.327259068972  0.000000000000  0.058220735097 -0.000000000000
  0.611764705882 -0.041296428654  0.197055599016  0.269207144622  0.000000000000  0.009384655797 -0.000000000000 -0.034200281342  0.134434552710  0.130568272057  0.000000000000  0.009384655797 -0.000000000000
  0.615686274510  0.011868147834 -0.168719191616  0.291239257074 -0.000000000000  0.056500346822  0.000000000000 -0.002385201611 -0.173256114860  0.419036496992  0.000000000000  0.056500346822 -0.000000000000
  0.619607843137 -0.052434905303  0.041696872615  0.099366891634  0.000000000000  0.007636938691  0.000000000000 -0.025302859543  0.014225627628  0.231938016205  0.000000000000  0.007636938691 -0.000000000000
  0.623529411765  0.009253779893  0.083791585761  0.127716615942 -0.000000000000  0.045542217295  0.000000000000 -0.001561832939  0.097240713871  0.023602907118  0.000000000000  0.045542217295 -0.000000000000
  0.627450980392 -0.050475239463  0.155788216255 -0.052687257207  0.000000000000  0.008850839574 -0.000000000000 -0.025387780370 -0.192645252391  0.019162989816  0.000000000000  0.008850839574 -0.000000000000
  0.631372549020  0.004767993158 -0.131202718212  0.025145432290 -0.000000000000  0.052525185557  0.000000000000 -0.005965657870  0.193972225193 -0.360401557340  0.000000000000  0.052525185557 -0.000000000000
  0.635294117647 -0.040061925711 -0.024948771052 -0.240161248281  0.000000000000  0.006655151770  0.000000000000 -0.021659539803 -0.118126884265  0.139632169151  0.000000000000  0.006655151770 -0.000000000000
  0.639215686275  0.000155563106  0.245666732042 -0.084725903656 -0.000000000000  0.053173670877  0.000000000000 -0.008849472373  0.119308453599  0.428280945856  0.000000000000  0.053173670877 -0.000000000000
  0.643137254902 -0.043854152132 -0.076104222286  0.150092691225  0.000000000000  0.004224962065  0.000000000000 -0.028908622564 -0.032091993269  0.318663929038  0.000000000000  0.004224962065 -0.000000000000
  0.647058823529 -0.005091011572  0.048074496136 -0.038857047095 -0.000000000000  0.051018492044  0.000000000000 -0.004286332495  0.034612005169  0.032570001599  0.000000000000  0.051018492044 -0.000000000000
  0.650980392157 -0.043464265974  0.111432434277  0.151565709008  0.000000000000  0.003530427595 -0.000000000000 -0.030631631657  0.089325573045 -0.155477090642  0.000000000000  0.003530427595 -0.000000000000
  0.654901960784  0.000023934054  0.002596919851  0.545464668700 -0.000000000000  0.052766164166  0.000000000000 -0.004224894273 -0.108960698353 -0.005397811774  0.000000000000  0.052766164166 -0.000000000000
  0.658823529412 -0.045989718138  0.056352688558  0.558425681959 -0.000000000000  0.005282682327  0.000000000000 -0.022086927265  0.010600644184  0.098509403516  0.000000000000  0.005282682327 -0.000000000000
  0.662745098039 -0.000721418557  0.014121768906  0.124069047167 -0.000000000000  0.052940417866  0.000000000000  0.003455933198  0.113562917378  0.339224353923  0.000000000000  0.052940417866 -0.000000000000
  0.666666666667 -0.048614467275  0.041097703406 -0.164634859989  0.000000000000  0.002647715728 -0.000000000000 -0.020515887802 -0.079920577579  0.207228743023  0.000000000000  0.002647715728 -0.000000000000
  0.670588235294 -0.005280614775 -0.023978330371  0.081267959914 -0.000000000000  0.051861658700  0.000000000000  0.000147784190 -0.050678287756 -0.012979177475  0.000000000000  0.051861658700 -0.000000000000
  0.674509803922 -0.049534567782  0.002834121574  0.086218063794 -0.000000000000  0.008288652450  0.000000000000 -0.018681928127  0.127636167328 -0.242622270884  0.000000000000  0.008288652450 -0.000000000000
  0.678431372549  0.002069491076  0.037385809006 -0.346578678381 -0.000000000000  0.060567683319  0.000000000000  0.001651546325 -0.076306665821 -0.375211446170  0.000000000000  0.060567683319  0.000000000000
  0.682352941176 -0.045437138763 -0.245289138783 -0.671951929449 -0.000000000000  0.011337001010  0.000000000000 -0.025001961205  0.003741659265 -0.322786067526  0.000000000000  0.011337001010 -0.000000000000
  0.686274509804  0.007741083057  0.262616355602 -0.838387779693 -0.000000000000  0.053718880637  0.000000000000 -0.002962666457  0.065500767169 -0.161612220307  0.000000000000  0.053718880637  0.000000000000
  0.690196078431 -0.041493354239 -0.105982225082 -0.215390781792 -0.000000000000  0.020211084496  0.000000000000 -0.044121942574  0.083648927053 -0.044087216418  0.000000000000  0.020211084496 -0.000000000000
  0.694117647059  0.010805274604 -0.116574181880  0.127693572781 -0.000000000000  0.052554256782  0.000000000000 -0.003431272742 -0.029706558479 -0.371086652842 -0.000000000000  0.052554256782  0.000000000000
  0.698039215686 -0.036465815289  0.154639735449 -0.042578721093 -0.000000000000  0.021833207256  0.000000000000 -0.039445689907  0.147446681725 -0.279407967715  0.000000000000  0.021833207256 -0.000000000000
  0.701960784314  0.018911281525 -0.167529288620  0.204062844601 -0.000000000000  0.055446987040  0.000000000000 -0.007131014485 -0.119900371208  0.127846329425 -0.000000000000  0.055446987040  0.000000000000
  0.705882352941 -0.041361885047 -0.008248058944 -0.140012364340  0.000000000000  0.015218590826 -0.000000000000 -0.032421356716  0.108731437521  0.114670492334  0.000000000000  0.015218590826 -0.000000000000
  0.709803921569  0.019988359372  0.110821327059 -0.165085728341 -0.000000000000  0.050006739197  0.000000000000 -0.008783759371  0.044702502672  0.023788227221 -0.000000000000  0.050006739197  0.000000000000
  0.713725490196 -0.040967998947 -0.166295059376  0.189955457625  0.000000000000  0.021763180820 -0.000000000000 -0.037362968754 -0.105349059275  0.191520583560  0.000000000000  0.021763180820 -0.000000000000
  0.717647058824  0.015118948775 -0.001876612186  0.061230885162 -0.000000000000  0.043479949494  0.000000000000 -0.001738647374  0.187776747204 -0.170796542910 -0.000000000000  0.043479949494  0.000000000000
  0.721568627451 -0.034349662127  0.172683608608 -0.203714651516  0.000000000000  0.020323475511 -0.000000000000 -0.036342463825 -0.016720161763 -0.318259038553  0.000000000000  0.020323475511 -0.000000000000
  0.725490196078  0.020121131534 -0.233565917285 -0.024625179898 -0.000000000000  0.036869499123  0.000000000000 -0.008293136030  0.064934748652 -0.209489258637 -0.000000000000  0.036869499123  0.000000000000
  0.729411764706 -0.029877087290  0.081209800087 -0.014586037992  0.000000000000  0.018707884303  0.000000000000 -0.031589011745 -0.030157208201  0.131370200947  0.000000000000  0.018707884303 -0.000000000000
  0.733333333333  0.017733139391 -0.050624709267  0.210076614552 -0.000000000000  0.033785184714  0.000000000000 -0.009928717147  0.191996807611 -0.061574487321 -0.000000000000  0.033785184714  0.000000000000
  0.737254901961 -0.024993988639 -0.102021897636  0.323716072181 -0.000000000000  0.016950376919  0.000000000000 -0.027104621331 -0.032257805929 -0.079156024892  0.000000000000  0.016950376919 -0.000000000000
  0.741176470588  0.018554359726  0.009867652749  0.180354903129 -0.000000000000  0.033471574084  0.000000000000 -0.002391792267  0.064300355427 -0.033339182817 -0.000000000000  0.033471574084  0.000000000000
  0.745098039216 -0.023306509413 -0.098560689928 -0.101252748140 -0.000000000000  0.017944773424  0.000000000000 -0.024459054052  0.051874108381  0.192631456727  0.000000000000  0.017944773424 -0.000000000000
  0.749019607843  0.016870107987  0.010676813101 -0.075645164780 -0.000000000000  0.028628922429  0.000000000000 -0.001647645049  0.091745850818 -0.019188633291 -0.000000000000  0.028628922429  0.000000000000
  0.752941176471 -0.021260782515  0.015405601785  0.075863962041  0.000000000000  0.014532453741  0.000000000000 -0.025851990224 -0.071036417273 -0.148275873355  0.000000000000  0.014532453741 -0.000000000000
  0.756862745098  0.017937545164 -0.050648125872  0.113078500490 -0.000000000000  0.027811533753  0.000000000000 -0.000509280588  0.077037722004 -0.180665828874 -0.000000000000  0.027811533753  0.000000000000
  0.760784313725 -0.017016053300 -0.075861166839  0.076105760725 -0.000000000000  0.014648248896  0.000000000000 -0.023023230215 -0.071326802913  0.148159987576  0.000000000000  0.014648248896 -0.000000000000
  0.764705882353  0.014318234427  0.012989176063  0.009778813376 -0.000000000000  0.024036188332  0.000000000000  0.002486035926  0.128314339513  0.055106832332 -0.000000000000  0.024036188332  0.000000000000
  0.768627450980 -0.015395238870  0.059661198674 -0.213800944738 -0.000000000000  0.011045450595  0.000000000000 -0.023161779505 -0.061146729678 -0.083108052855  0.000000000000  0.011045450595 -0.000000000000
  0.772549019608  0.014531091990 -0.203725645450 -0.155173911643 -0.000000000000  0.023946049168  0.000000000000 -0.001848935178  0.112104806711 -0.153117525382 -0.000000000000  0.023946049168  0.000000000000
  0.776470588235 -0.010864679381  0.049341712853  0.047158358501 -0.000000000000  0.010088736766  0.000000000000 -0.021440547836 -0.152593199516  0.043062908313  0.000000000000  0.010088736766 -0.000000000000
  0.780392156863  0.010882648726  0.140612638998  0.023797878548 -0.000000000000  0.032917556243  0.000000000000 -0.001889427311  0.280883904499 -0.221866568247 -0.000000000000  0.032917556243  0.000000000000
  0.784313725490 -0.001847885213 -0.263781207178  0.186824303631 -0.000000000000  0.010260717369  0.000000000000 -0.023874643264 -0.124700849401  0.047078663745  0.000000000000  0.010260717369 -0.000000000000
  0.788235294118  0.007668621747  0.121412581718 -0.418284662079 -0.000000000000  0.036183010796  0.000000000000  0.006555520577 -0.000720839206 -0.130619087891  0.000000000000  0.036183010796  0.000000000000
  0.792156862745  0.000110391903 -0.077796904011 -0.506848897589  0.000000000000  0.006597389825  0.000000000000 -0.032917371138  0.075442051397 -0.069388843404  0.000000000000  0.006597389825 -0.000000000000
  0.796078431373  0.010249883211 -0.029765948732 -0.243524962993 -0.000000000000  0.030350520957  0.000000000000  0.000471396953  0.001779954690 -0.087107106640 -0.000000000000  0.030350520957  0.000000000000
  0.800000000000  0.001410866818 -0.024674864562 -0.036738740216  0.000000000000  0.006597176294  0.000000000000 -0.036155493705 -0.119060424231  0.085745857144  0.000000000000  0.006597176294 -0.000000000000
  0.803921568627  0.006556500008 -0.119157150575  0.222308702911 -0.000000000000  0.027160103755  0.000000000000  0.000733389487  0.013391398765  0.097939469742  0.000000000000  0.027160103755  0.000000000000
  0.807843137255  0.000071891142  0.121019892749  0.044635435674 -0.000000000000  0.008996130379  0.000000000000 -0.030350435813  0.065879258949  0.080783493422  0.000000000000  0.008996130379 -0.000000000000
  0.811764705882  0.006567818894 -0.117921121476  0.094545809916 -0.000000000000  0.026205539593  0.000000000000 -0.000621683221 -0.131907068802  0.193171000226 -0.000000000000  0.026205539593  0.000000000000
  0.815686274510 -0.005570628248  0.060548167601 -0.193045106657 -0.000000000000  0.018400143093  0.000000000000 -0.026582688669  0.075035644062  0.019684653538  0.000000000000  0.018400143093 -0.000000000000
  0.819607843137  0.007755596903 -0.191838766888 -0.200625943364 -0.000000000000  0.018516785739  0.000000000000 -0.004558626820  0.037822293931 -0.112401880610 -0.000000000000  0.018516785739  0.000000000000
  0.823529411765 -0.003157806078  0.266527904653 -0.433122321851 -0.000000000000  0.025171801423  0.000000000000 -0.026014583720 -0.077241840110 -0.155839199942  0.000000000000  0.025171801423 -0.000000000000
  0.827450980392  0.008758934571 -0.307885982998  0.101247497421 -0.000000000000  0.019478916245  0.000000000000 -0.016181666510  0.024047614370 -0.067602218937 -0.000000000000  0.019478916245  0.000000000000
  0.831372549020 -0.001724523245  0.142489812215 -0.346209506314 -0.000000000000  0.017556514692  0.000000000000 -0.018436305858 -0.065094633197  0.023588175329  0.000000000000  0.017556514692 -0.000000000000
  0.835294117647  0.007176992439  0.069598459528  0.002839564432 -0.000000000000  0.018286090162  0.000000000000 -0.024126963473  0.049726060573 -0.087230136241  0.000000000000  0.018286090162 -0.000000000000
  0.839215686275  0.000510225751 -0.075766474427  0.376760776047 -0.000000000000  0.016164201082  0.000000000000 -0.019472232737 -0.048015331066  0.039129377673  0.000000000000  0.016164201082 -0.000000000000
  0.843137254902  0.005660946991  0.125487030004  0.233921872700 -0.000000000000  0.017239920223  0.000000000000 -0.016618811248 -0.020559545307  0.216178962107  0.000000000000  0.017239920223 -0.000000000000
  0.847058823529 -0.003315979932 -0.017344421112  0.101141635675 -0.000000000000  0.015338706766  0.000000000000 -0.017982918854  0.071127144827 -0.002780084713  0.000000000000  0.015338706766 -0.000000000000
  0.850980392157  0.007052429029  0.019096914667  0.113020377032 -0.000000000000  0.011246498686  0.000000000000 -0.014544574295 -0.070789641070  0.034580890674  0.000000000000  0.011246498686  0.000000000000
  0.854901960784 -0.005228302799  0.025168652612  0.173129268177 -0.000000000000  0.013397692420  0.000000000000 -0.016428015679  0.004095136513 -0.140242237623  0.000000000000  0.013397692420 -0.000000000000
  0.858823529412  0.009375413467 -0.045085502703  0.320226707398 -0.000000000000  0.008206135106  0.000000000000 -0.012139915468  0.034583623353 -0.036790721501  0.000000000000  0.008206135106  0.000000000000
  0.862745098039 -0.004105149303  0.088622079462  0.130312166064 -0.000000000000  0.014976355903  0.000000000000 -0.010470505332 -0.016682528252  0.154689539040  0.000000000000  0.014976355903 -0.000000000000
  0.866666666667  0.006682911737 -0.062218223766  0.137652833808 -0.000000000000  0.013818167360  0.000000000000 -0.011611927183 -0.019234493666 -0.023257441958  0.000000000000  0.013818167360  0.000000000000
  0.870588235294 -0.004148941155  0.014086964873 -0.141558665745 -0.000000000000  0.011418802615  0.000000000000 -0.007080038182  0.014505122309  0.109794741698  0.000000000000  0.011418802615 -0.000000000000
  0.874509803922  0.005259372682  0.063807090884 -0.187567375703 -0.000000000000  0.009800268798  0.000000000000 -0.014022490332 -0.010733040916  0.249915449084  0.000000000000  0.009800268798  0.000000000000
  0.878431372549 -0.008308873668 -0.102819402561  0.054213470754 -0.000000000000  0.013867731573  0.000000000000 -0.011041031091 -0.090984753412  0.107213105821  0.000000000000  0.013867731573 -0.000000000000
  0.882352941176  0.002027057106 -0.007628875598  0.079002099250 -0.000000000000  0.006285740586  0.000000000000 -0.011237441553  0.113233934154 -0.266797108599  0.000000000000  0.006285740586  0.000000000000
  0.886274509804 -0.002128791552  0.038508687312 -0.085241609119 -0.000000000000  0.013505090356  0.000000000000 -0.009566269651 -0.025949654581 -0.175459310011  0.000000000000  0.013505090356 -0.000000000000
  0.890196078431  0.004338912950 -0.133206876484  0.075508103959 -0.000000000000  0.004302123747  0.000000000000 -0.013171477267  0.000398264832 -0.002742378111  0.000000000000  0.004302123747  0.000000000000
  0.894117647059 -0.002116984281  0.041342428180  0.041116620380 -0.000000000000  0.013262583478  0.000000000000 -0.005918522811 -0.000119887223  0.095659343266  0.000000000000  0.013262583478 -0.000000000000
  0.898039215686  0.002854840985 -0.053068263841  0.039504875676 -0.000000000000  0.004694741099  0.000000000000 -0.013199899563  0.006668360899 -0.089328582479  0.000000000000  0.004694741099  0.000000000000
  0.901960784314 -0.000624206804 -0.048976912866 -0.011239915826 -0.000000000000  0.012964238524  0.000000000000 -0.004256598948 -0.019999734494 -0.124647192195  0.000000000000  0.012964238524 -0.000000000000
  0.905882352941  0.004467697474  0.043542226978  0.014203231958 -0.000000000000  0.004297576742  0.000000000000 -0.012487425667 -0.037101413868 -0.059249067556  0.000000000000  0.004297576742  0.000000000000
  0.909803921569 -0.000375939755 -0.054893900814 -0.079528503504 -0.000000000000  0.009176883457  0.000000000000 -0.004679664869  0.015853747753  0.152177137401  0.000000000000  0.009176883457 -0.000000000000
  0.913725490196  0.002357186461  0.028081869833  0.050361384702 -0.000000000000  0.004084304437  0.000000000000 -0.012748143100  0.007403327742  0.017853817960 -0.000000000000  0.004084304437  0.000000000000
  0.917647058824 -0.000549137249 -0.066039972038  0.153403571465 -0.000000000000  0.009479275854  0.000000000000 -0.004262348429 -0.086886752560  0.050494630417  0.000000000000  0.009479275854 -0.000000000000
  0.921568627451  0.000084563675  0.008127963448  0.017867508012 -0.000000000000  0.005792852626  0.000000000000 -0.009176493828  0.000951561023 -0.071256351753  0.000000000000  0.005792852626  0.000000000000
  0.925490196078  0.000584086538 -0.026241201133 -0.049539316415 -0.000000000000  0.008940736741  0.000000000000 -0.004042324288 -0.009928343877 -0.024715632680  0.000000000000  0.008940736741 -0.000000000000
  0.929411764706  0.000299032973 -0.022467460745 -0.131280027010 -0.000000000000  0.002816686198  0.000000000000 -0.009474558038 -0.008520762826  0.111506943718  0.000000000000  0.002816686198  0.000000000000
  0.933333333333 -0.001311375819 -0.043709798396 -0.012149422351 -0.000000000000  0.007798480757  0.000000000000 -0.005642467103  0.001178536140 -0.043584272712  0.000000000000  0.007798480757 -0.000000000000
  0.937254901961  0.001013535134  0.018313589501  0.200381829689 -0.000000000000  0.003596591711  0.000000000000 -0.008883103061 -0.028534716433 -0.070731364238  0.000000000000  0.003596591711  0.000000000000
  0.941176470588 -0.000687914165 -0.017314585422  0.062012557868 -0.000000000000  0.007829942008  0.000000000000 -0.002731390715  0.018325715507 -0.027271672870  0.000000000000  0.007829942008 -0.000000000000
  0.945098039216  0.001752487290 -0.011329904859 -0.011645457998 -0.000000000000  0.004173544526  0.000000000000 -0.007599019042 -0.064591526614  0.040988135472  0.000000000000  0.004173544526  0.000000000000
  0.949019607843 -0.002417467306  0.008310240832  0.059728221617 -0.000000000000  0.006807142331  0.000000000000 -0.002662953954  0.058092908544 -0.075753989624  0.000000000000  0.006807142331 -0.000000000000
  0.952941176471  0.003920977600 -0.050486754693  0.200430593006 -0.000000000000  0.005745815123  0.000000000000 -0.006777457231 -0.106554004264 -0.016619802057  0.000000000000  0.005745815123  0.000000000000
  0.956862745098 -0.003943011328 -0.019910121935  0.138894317612 -0.000000000000  0.005517177628  0.000000000000  0.001367894579  0.007834958864 -0.077052978287  0.000000000000  0.005517177628 -0.000000000000
  0.960784313725  0.005290413483 -0.022699215628 -0.088820873785 -0.000000000000  0.004855043538  0.000000000000 -0.004283539646  0.000485086331  0.111877698218  0.000000000000  0.004855043538  0.000000000000
  0.964705882353 -0.005733222885 -0.021975694517 -0.080490713885 -0.000000000000  0.004660676748  0.000000000000  0.000380193080 -0.025206324061  0.195124581308  0.000000000000  0.004660676748 -0.000000000000
  0.968627450980  0.001866388377 -0.029997980976  0.059978228387 -0.000000000000  0.005036317530  0.000000000000 -0.005191901714  0.038720355404 -0.040293793417  0.000000000000  0.005036317530  0.000000000000
  0.972549019608 -0.004489225547 -0.043338761336  0.048074290576 -0.000000000000  0.003933675325  0.000000000000  0.001848864988 -0.012482822291 -0.067657647332  0.000000000000  0.003933675325 -0.000000000000
  0.976470588235  0.002762552394  0.026601897783 -0.068968521362 -0.000000000000  0.003223533292  0.000000000000 -0.003753693117 -0.017088995223  0.015095022038  0.000000000000  0.003223533292  0.000000000000
  0.980392156863 -0.005022721394 -0.047231749753 -0.052151085164 -0.000000000000  0.001299991543  0.000000000000  0.000369816252 -0.031251677413  0.086688359362  0.000000000000  0.001299991543 -0.000000000000
  0.984313725490  0.000942889925  0.022427448875  0.072443000890 -0.000000000000  0.000899007654  0.000000000000 -0.003818999889  0.081173022960 -0.046953823184  0.000000000000  0.000899007654 -0.000000000000
  0.988235294118 -0.003000109910 -0.043125499231  0.144843672357 -0.000000000000  0.000000000000  0.000000000000  0.001179197784 -0.027091532287 -0.027265058547  0.000000000000  0.000000000000 -0.000000000000
  0.992156862745  0.000964363192  0.005027224560 -0.055668095818 -0.000000000000  0.000000000000  0.000000000000 -0.000871769262  0.125321735002 -0.120777454832  0.000000000000  0.000000000000  0.000000000000
  0.996078431373  0.000868186281 -0.044992027007  0.010523280103 -0.000000000000  0.040874560958  0.000000000000  0.000233382397 -0.025356079659  0.035586444578  0.000000000000  0.040874560958 -0.000000000000
  1.000000000000  0.000000000000 -0.044710373066 -0.159798174774 -0.000000000000  0.068523797417  0.000000000000  0.000000000000 -0.126804922428  0.033104425687  0.000000000000  0.068523797417 -0.000000000000
