             Rad         v_r[Re]         v_t[Re]         v_x[Re]         p[Re]          p_mg[Re]  p_no_phase[Re]         v_r[Im]         v_t[Im]         v_x[Im]         p[Im]          p_mg[Im]  p_no_phase[Im]
  0.000000000000  0.123984722216  0.000000000000 -0.014931270137  0.000000000000  0.091925017673 -0.000000000000 -0.455105454795  0.000000000000 -0.096085665423  0.000000000000  0.091925017673 -0.000000000000
  0.003921568627  0.115003340428  0.055740311008  0.532694009704  0.000000000000  0.123829407817  0.000000000000 -0.339210215791  0.048003736439 -0.035635091215 -0.000000000000  0.123829407817  0.000000000000
  0.007843137255  0.086551968940 -0.128086489341  0.008380384662  0.000000000000  0.055846825620 -0.000000000000  0.008709717223 -0.020629738802 -0.336019667006  0.000000000000  0.055846825620  0.000000000000
  0.011764705882 -0.007537209378 -0.024822883282 -0.014091509607  0.000000000000  0.113738229911 -0.000000000000 -0.091615497319 -0.119991504024  0.052738128644 -0.000000000000  0.113738229911  0.000000000000
  0.015686274510 -0.069239161602 -0.084595809083  0.371447960214  0.000000000000  0.044148077727 -0.000000000000  0.102662849857 -0.005442652367  0.169881776971  0.000000000000  0.044148077727 -0.000000000000
  0.019607843137  0.018974906868  0.016447274545 -0.125798712804  0.000000000000  0.047232414207 -0.000000000000 -0.052524478495  0.138104189727 -0.021223359464  0.000000000000  0.047232414207 -0.000000000000
  0.023529411765  0.033987142875 -0.166375250946  0.007837724341 -0.000000000000  0.062300627385  0.000000000000  0.108541508477  0.032493294190 -0.559314588620  0.000000000000  0.062300627385 -0.000000000000
  0.027450980392  0.038081617544  0.091880106731 -0.159552496137  0.000000000000  0.045889804537 -0.000000000000  0.022334797339 -0.047364867958 -0.079432147138 -0.000000000000  0.045889804537  0.000000000000
  0.031372549020 -0.002712963649  0.040427757784  0.189553052582 -0.000000000000  0.064222045249  0.000000000000  0.047154435423  0.045650878035 -0.022607550057 -0.000000000000  0.064222045249 -0.000000000000
  0.035294117647  0.061939925710  0.026851362252  0.331793119933 -0.000000000000  0.091534245751  0.000000000000 -0.006694309192  0.007920717634  0.365272956384  0.000000000000  0.091534245751 -0.000000000000
  0.039215686275 -0.018686844501  0.033228916067 -0.259551483822  0.000000000000  0.062707245520 -0.000000000000  0.041912718869 -0.034318651230 -0.221656187556  0.000000000000  0.062707245520 -0.000000000000
  0.043137254902  0.055426793923 -0.087726272606 -0.089133014523  0.000000000000  0.027023383553 -0.000000000000 -0.032439815217  0.198655347289 -0.249488322873  0.000000000000  0.027023383553  0.000000000000
  0.047058823529  0.047387407029 -0.244589186032  0.261704547624 -0.000000000000  0.053936020903  0.000000000000  0.078313164923  0.007624377239  0.120883924862 -0.000000000000  0.053936020903  0.000000000000
  0.050980392157  0.048174133402  0.168478530617  0.335273778789  0.000000000000  0.009929422224 -0.000000000000  0.040142888681 -0.098473271459  0.057098122059  0.000000000000  0.009929422224 -0.000000000000
  0.054901960784  0.008780876932  0.060561021860 -0.040222541542  0.000000000000  0.028245626326 -0.000000000000  0.025556984543  0.014737979458  0.031089769452 -0.000000000000  0.028245626326  0.000000000000
  0.058823529412  0.050642891027  0.039671291839 -0.166419194595  0.000000000000  0.020409908694 -0.000000000000  0.018557799958 -0.015792830584 -0.193253239443  0.000000000000  0.020409908694 -0.000000000000
  0.062745098039  0.000848493337  0.100491679708  0.360174923624 -0.000000000000  0.011495151043  0.000000000000  0.009893102888 -0.074700806170  0.235753652474 -0.000000000000  0.011495151043  0.000000000000
  0.066666666667  0.028163531308  0.080026278907 -0.123564598931  0.000000000000  0.029342686485 -0.000000000000 -0.002151955107 -0.057802289844  0.086881224106 -0.000000000000  0.029342686485  0.000000000000
  0.070588235294 -0.017428244806  0.046565266008 -0.008018303939  0.000000000000  0.014809998846 -0.000000000000 -0.010621706825 -0.127882733242  0.039083588409  0.000000000000  0.014809998846 -0.000000000000
  0.074509803922  0.001068541892 -0.012827820485  0.140230823465  0.000000000000  0.007140807806 -0.000000000000 -0.011445379667 -0.064040010131 -0.129402570718  0.000000000000  0.007140807806 -0.000000000000
  0.078431372549 -0.028992986049 -0.105794451545  0.211130207266 -0.000000000000  0.025513934820  0.000000000000 -0.004516637040  0.017582579630  0.085669613148 -0.000000000000  0.025513934820  0.000000000000
  0.082352941176  0.006140519354 -0.078536765277 -0.514332211024  0.000000000000  0.015712251633 -0.000000000000  0.013477020735  0.146779651011  0.346619109413  0.000000000000  0.015712251633 -0.000000000000
  0.086274509804 -0.007056931152  0.003278296636  0.202437116158  0.000000000000  0.021897370581 -0.000000000000  0.001091264786  0.049416016789 -0.264000184239  0.000000000000  0.021897370581 -0.000000000000
  0.090196078431  0.019907968235  0.070917518782  0.042104708959  0.000000000000  0.021195766300 -0.000000000000  0.015957245086 -0.057223957956 -0.545773997555 -0.000000000000  0.021195766300  0.000000000000
  0.094117647059 -0.010178890767 -0.030052326840 -0.350053269632 -0.000000000000  0.024034518817  0.000000000000 -0.011969337247  0.023199784768  0.649946730368 -0.000000000000  0.024034518817  0.000000000000
  0.098039215686  0.014427597098  0.059302244860  0.135218434314  0.000000000000  0.023640446303 -0.000000000000  0.016472379316  0.099921760540 -0.006720489013  0.000000000000  0.023640446303 -0.000000000000
  0.101960784314  0.004759802587  0.010711552789 -0.006662067892  0.000000000000  0.022032072833 -0.000000000000 -0.020654413291  0.032385264785  0.088565559903  0.000000000000  0.022032072833 -0.000000000000
  0.105882352941  0.017654543181 -0.005510573815  0.100583180043 -0.000000000000  0.045716547265  0.000000000000  0.016308746115 -0.122193374078 -0.079027087307  0.000000000000  0.045716547265 -0.000000000000
  0.109803921569 -0.013411022853  0.242993729740  0.082830558260 -0.000000000000  0.018825045242  0.000000000000 -0.019468311879  0.001810761163  0.218601133423 -0.000000000000  0.018825045242  0.000000000000
  0.113725490196  0.015442116164  0.213389296958  0.260186293424 -0.000000000000  0.057141407599 -0.000000000000 -0.015714747268  0.022714791982  0.125382950600  0.000000000000  0.057141407599 -0.000000000000
  0.117647058824 -0.013309713007  0.036276950135 -0.068049293180 -0.000000000000  0.030234150118 -0.000000000000 -0.043736189060 -0.124730422863  0.117020199605  0.000000000000  0.030234150118 -0.000000000000
  0.121568627451 -0.002136903658  0.102045838686 -0.079975993002 -0.000000000000  0.049246763939  0.000000000000 -0.018703367908  0.058966704198 -0.057718978807  0.000000000000  0.049246763939 -0.000000000000
  0.125490196078 -0.004657845516  0.135178648331  0.115208246490  0.000000000000  0.019701166741 -0.000000000000 -0.056951250535  0.065372632649  0.398501220702  0.000000000000  0.019701166741 -0.000000000000
  0.129411764706  0.000074791227 -0.020485936145  0.322686577780 -0.000000000000  0.049892987665  0.000000000000 -0.030234057611 -0.098040889655 -0.243512232650  0.000000000000  0.049892987665 -0.000000000000
  0.133333333333 -0.012726322790 -0.083597433997 -0.102275572182  0.000000000000  0.029417323598 -0.000000000000 -0.047573989392 -0.005630339566 -0.269852345584  0.000000000000  0.029417323598 -0.000000000000
  0.137254901961  0.004393983530 -0.029678900088 -0.386915584373 -0.000000000000  0.053356315602  0.000000000000 -0.019204918113  0.188534814775  0.000879296897  0.000000000000  0.053356315602 -0.000000000000
  0.141176470588  0.008555635518  0.081290666929 -0.165556358921  0.000000000000  0.030121784422 -0.000000000000 -0.049153955273  0.107344500546  0.455958554956  0.000000000000  0.030121784422 -0.000000000000
  0.145098039216  0.008693546115  0.065504691836  0.092377044502 -0.000000000000  0.064099708495  0.000000000000 -0.028103401638 -0.029768644025  0.114000933920  0.000000000000  0.064099708495 -0.000000000000
  0.149019607843  0.003079232376  0.062178168061  0.110564162972 -0.000000000000  0.011715874284  0.000000000000 -0.053267389110 -0.068626640642  0.135719422237  0.000000000000  0.011715874284 -0.000000000000
  0.152941176471 -0.000821307770  0.123334196694  0.069435545733  0.000000000000  0.030632666827 -0.000000000000 -0.030110585354 -0.121581365469  0.053974095516  0.000000000000  0.030632666827 -0.000000000000
  0.156862745098 -0.010195185393 -0.182270640355 -0.063524352544 -0.000000000000  0.013393210550  0.000000000000 -0.063283732696 -0.070696222153 -0.053169490617  0.000000000000  0.013393210550 -0.000000000000
  0.160784313725 -0.006547139490 -0.332477852251  0.130970191302 -0.000000000000  0.025274062714  0.000000000000 -0.009715795115 -0.009244310519  0.057524032668  0.000000000000  0.025274062714 -0.000000000000
  0.164705882353 -0.011680034455 -0.134578006813 -0.285110085934 -0.000000000000  0.007782590963  0.000000000000 -0.028318493463 -0.122342957350 -0.270903471021  0.000000000000  0.007782590963 -0.000000000000
  0.168627450980 -0.013393191385 -0.253129005133 -0.046357246008  0.000000000000  0.015889910341 -0.000000000000 -0.000022657470 -0.148655658552 -0.013811878421  0.000000000000  0.015889910341 -0.000000000000
  0.172549019608 -0.024668871758 -0.019644114614 -0.100382989822 -0.000000000000  0.009935470151  0.000000000000 -0.005497727915  0.044164859001 -0.031024592077  0.000000000000  0.009935470151 -0.000000000000
  0.176470588235 -0.007770231583 -0.010985625502  0.219217391563 -0.000000000000  0.009891900975  0.000000000000  0.000438432720  0.050393903335 -0.254516742913  0.000000000000  0.009891900975 -0.000000000000
  0.180392156863 -0.015851650562  0.081362098070 -0.209747000373 -0.000000000000  0.012606795241  0.000000000000 -0.001102009588  0.092699938559 -0.005107882574  0.000000000000  0.012606795241 -0.000000000000
  0.184313725490  0.001059958486 -0.097388381144 -0.010825298629  0.000000000000  0.005399609630 -0.000000000000 -0.009878767895  0.130201565246  0.108798135059  0.000000000000  0.005399609630 -0.000000000000
  0.188235294118 -0.006522408314 -0.077358365979 -0.022663124134 -0.000000000000  0.015761680288  0.000000000000  0.007436927771  0.184560605090  0.305330035533  0.000000000000  0.015761680288 -0.000000000000
  0.192156862745  0.011922285170  0.120349599967 -0.173004692647  0.000000000000  0.032781784298 -0.000000000000 -0.004097609373  0.073453258520  0.075255026642  0.000000000000  0.032781784298 -0.000000000000
  0.196078431373 -0.002193318836  0.164368105721  0.082418374803 -0.000000000000  0.016733776517  0.000000000000 -0.004934079107 -0.108671219266  0.186560289259  0.000000000000  0.016733776517 -0.000000000000
  0.200000000000  0.000389884472  0.316873076711 -0.201780048105 -0.000000000000  0.026453592218 -0.000000000000 -0.015756857415  0.010229697938  0.254536977480  0.000000000000  0.026453592218 -0.000000000000
  0.203921568627 -0.005399016075 -0.025936090264 -0.228764980253 -0.000000000000  0.008816044802  0.000000000000 -0.032334130686 -0.067851887384 -0.005326947429  0.000000000000  0.008816044802 -0.000000000000
  0.207843137255 -0.004538277056 -0.043309459664  0.130112098320  0.000000000000  0.017734146592 -0.000000000000 -0.016106623416  0.076302943940 -0.055159930322  0.000000000000  0.017734146592 -0.000000000000
  0.211764705882  0.001396206222 -0.122455702921 -0.157187586168 -0.000000000000  0.002711832559  0.000000000000 -0.026416721019  0.067113964724  0.167987085836  0.000000000000  0.002711832559 -0.000000000000
  0.215686274510 -0.002253675146 -0.087496499743  0.231008425320 -0.000000000000  0.009952046935  0.000000000000 -0.008523121158  0.068745280396 -0.058331399200  0.000000000000  0.009952046935 -0.000000000000
  0.219607843137  0.007392817142 -0.083317729271  0.027985271159  0.000000000000  0.009058732663 -0.000000000000 -0.016119745967 -0.063890635731 -0.309896687022  0.000000000000  0.009058732663 -0.000000000000
  0.223529411765 -0.002220196665 -0.036719653076  0.320137325479 -0.000000000000  0.006366365554  0.000000000000 -0.001557164923  0.001326801665  0.148731376839 -0.000000000000  0.006366365554  0.000000000000
  0.227450980392  0.005230786463 -0.076807349967  0.016275238699  0.000000000000  0.018428823757 -0.000000000000 -0.008466528874 -0.084297072617 -0.014925048796  0.000000000000  0.018428823757 -0.000000000000
  0.231372549020 -0.007980041415 -0.009549210901  0.104190279727 -0.000000000000  0.009373860005  0.000000000000  0.004287140829 -0.042956446810  0.208310090002 -0.000000000000  0.009373860005  0.000000000000
  0.235294117647 -0.000678614392  0.105754704203  0.129696640273  0.000000000000  0.015624009051 -0.000000000000 -0.006330094223 -0.104755569204  0.221877083650 -0.000000000000  0.015624009051  0.000000000000
  0.239215686275 -0.018421550390  0.037371838661  0.021142013794 -0.000000000000  0.011260452196  0.000000000000 -0.000517712542 -0.028081053969  0.138910897688 -0.000000000000  0.011260452196  0.000000000000
  0.243137254902 -0.004095004195  0.028778196615 -0.467740246505  0.000000000000  0.009193286129 -0.000000000000 -0.008432092981  0.105869359892  0.063174433550 -0.000000000000  0.009193286129  0.000000000000
  0.247058823529 -0.012450143704  0.031107043824 -0.051302976227 -0.000000000000  0.011231348432  0.000000000000 -0.009439469295  0.099486127442 -0.010318151874 -0.000000000000  0.011231348432  0.000000000000
  0.250980392157  0.002778671345  0.034680903277  0.292637732040  0.000000000000  0.003904190105 -0.000000000000 -0.010912230259  0.082079746675 -0.069244512208 -0.000000000000  0.003904190105  0.000000000000
  0.254901960784 -0.006320804590 -0.027344631528 -0.086731985239 -0.000000000000  0.017501570278  0.000000000000 -0.006675622757  0.089041974572  0.266117176115 -0.000000000000  0.017501570278  0.000000000000
  0.258823529412  0.004278276691 -0.033275969982  0.140854414805  0.000000000000  0.011342206941 -0.000000000000 -0.010384581655  0.078625931467  0.100957384225 -0.000000000000  0.011342206941  0.000000000000
  0.262745098039 -0.003268886613  0.066511008489 -0.105001230047 -0.000000000000  0.015449394368  0.000000000000 -0.002134731994  0.055491957437  0.029299556136 -0.000000000000  0.015449394368 -0.000000000000
  0.266666666667  0.007229207199  0.067539186874 -0.342474082014  0.000000000000  0.014335370258 -0.000000000000 -0.015938742908  0.067440064529 -0.142511073109 -0.000000000000  0.014335370258  0.000000000000
  0.270588235294  0.002721020079  0.019213631201  0.086083500997 -0.000000000000  0.009501821238  0.000000000000 -0.011010981247 -0.071040794249  0.284442847560 -0.000000000000  0.009501821238  0.000000000000
  0.274509803922 -0.001429818451  0.095931613772  0.185916561757  0.000000000000  0.011686301830 -0.000000000000 -0.015383088296 -0.100933078060  0.174177587345  0.000000000000  0.011686301830 -0.000000000000
  0.278431372549 -0.005737929875 -0.141805449623 -0.052653963185 -0.000000000000  0.003825205006  0.000000000000 -0.013136932716 -0.090473357409 -0.064482320806 -0.000000000000  0.003825205006  0.000000000000
  0.282352941176 -0.005353789796 -0.091403417994 -0.199550453253  0.000000000000  0.012760532402 -0.000000000000 -0.007849938959  0.017157437828 -0.038923584581  0.000000000000  0.012760532402 -0.000000000000
  0.286274509804 -0.004025456468 -0.070122403842  0.259174179981 -0.000000000000  0.010292332339  0.000000000000 -0.010971114378  0.150097521604 -0.052743929768 -0.000000000000  0.010292332339  0.000000000000
  0.290196078431  0.003808374175  0.011996661411 -0.020984301868  0.000000000000  0.015520021816 -0.000000000000  0.000358440349  0.018041696409  0.082849099370  0.000000000000  0.015520021816 -0.000000000000
  0.294117647059 -0.004452752383  0.005292082225 -0.417508728487  0.000000000000  0.009359414779  0.000000000000 -0.011958435659  0.055907430793 -0.085487267700 -0.000000000000  0.009359414779  0.000000000000
  0.298039215686  0.008249820629  0.027681263517 -0.144000919600  0.000000000000  0.016733585244 -0.000000000000 -0.006154068944  0.016228185977 -0.211911662206  0.000000000000  0.016733585244 -0.000000000000
  0.301960784314 -0.000491633369  0.040837661560  0.126069038383 -0.000000000000  0.005443546494  0.000000000000 -0.015512233037  0.024802188390  0.145439825419  0.000000000000  0.005443546494 -0.000000000000
  0.305882352941  0.007269606672 -0.014307101422 -0.134182438535  0.000000000000  0.017354365375 -0.000000000000 -0.005895037221  0.049491345468  0.132283663303 -0.000000000000  0.017354365375  0.000000000000
  0.309803921569 -0.000215053679 -0.039155228842  0.117749604119  0.000000000000  0.001208470793 -0.000000000000 -0.016732203293 -0.067304611107 -0.084329853657  0.000000000000  0.001208470793 -0.000000000000
  0.313725490196  0.005190043892 -0.010248110769 -0.070790739902  0.000000000000  0.016578614544 -0.000000000000 -0.001641841292 -0.100402346737 -0.246224362454 -0.000000000000  0.016578614544  0.000000000000
  0.317647058824 -0.001502579173  0.025757492627  0.110606866405  0.000000000000  0.008717613696 -0.000000000000 -0.017289194701 -0.071739765301  0.047071762738  0.000000000000  0.008717613696 -0.000000000000
  0.321568627451  0.000946059561 -0.077908075541 -0.198138841571 -0.000000000000  0.016890695264  0.000000000000 -0.000751912871 -0.076548578883 -0.338845051450  0.000000000000  0.016890695264 -0.000000000000
  0.325490196078  0.000055485678 -0.116001978525 -0.204265782128  0.000000000000  0.006908575860 -0.000000000000 -0.016578521694  0.091909171343 -0.197813709426  0.000000000000  0.006908575860 -0.000000000000
  0.329411764706  0.008477040360 -0.004042681729 -0.027882609959 -0.000000000000  0.022557678512  0.000000000000  0.002033857244  0.012774374855  0.080351115991  0.000000000000  0.022557678512 -0.000000000000
  0.333333333333 -0.000798454714 -0.010261976810  0.107425507065  0.000000000000  0.011015831154 -0.000000000000 -0.016871812486  0.001803869060  0.218359381605 -0.000000000000  0.011015831154  0.000000000000
  0.337254901961  0.005155470283  0.104427819637 -0.034453357146 -0.000000000000  0.018431942494  0.000000000000  0.004598863617  0.046952883791 -0.101311716868  0.000000000000  0.018431942494 -0.000000000000
  0.341176470588  0.002854709090  0.053765705982 -0.183693257104  0.000000000000  0.016323416518 -0.000000000000 -0.022376315511  0.032830076880 -0.281388593671  0.000000000000  0.016323416518 -0.000000000000
  0.345098039216  0.011013212333 -0.074115174652  0.076677894549 -0.000000000000  0.008589488127  0.000000000000 -0.000240187664  0.064012218449  0.046284475659 -0.000000000000  0.008589488127 -0.000000000000
  0.349019607843  0.004788024112 -0.181649734581 -0.097266437758  0.000000000000  0.011986571862 -0.000000000000 -0.017799194623  0.086514247239 -0.002970090381 -0.000000000000  0.011986571862  0.000000000000
  0.352941176471  0.014840486714 -0.150484817410  0.187736927940 -0.000000000000  0.014161933518  0.000000000000  0.006798079209 -0.004959596599  0.133369057998 -0.000000000000  0.014161933518  0.000000000000
  0.356862745098  0.002145745348  0.018581061174 -0.071437225922  0.000000000000  0.007322748622 -0.000000000000 -0.008317155955 -0.054846734397  0.096175302881  0.000000000000  0.007322748622 -0.000000000000
  0.360784313725  0.010873849805  0.106827467783  0.048928761915 -0.000000000000  0.021951815205  0.000000000000  0.005043539968 -0.077731240062  0.353307488391  0.000000000000  0.021951815205 -0.000000000000
  0.364705882353 -0.007012340074  0.178689528166 -0.176030356276  0.000000000000  0.014486786813 -0.000000000000 -0.012303960650 -0.120033210463  0.041118090908 -0.000000000000  0.014486786813  0.000000000000
  0.368627450980  0.005216944427  0.187615239492  0.015905886247 -0.000000000000  0.026989735747  0.000000000000 -0.005138690323 -0.041793335542  0.019313362624 -0.000000000000  0.026989735747  0.000000000000
  0.372549019608 -0.009204733409  0.182640522216 -0.033065403559  0.000000000000  0.011580541127 -0.000000000000 -0.019928749927 -0.183763957541  0.268421370627  0.000000000000  0.011580541127  0.000000000000
  0.376470588235 -0.006537232807  0.001424874440 -0.178533577029  0.000000000000  0.019613594025 -0.000000000000 -0.012927937941 -0.068518537885  0.188289436028  0.000000000000  0.019613594025 -0.000000000000
  0.380392156863 -0.014877039919 -0.073648883246  0.071637500019 -0.000000000000  0.007504155664  0.000000000000 -0.022519314354 -0.046897170708 -0.005831760224 -0.000000000000  0.007504155664  0.000000000000
  0.384313725490 -0.008072915071 -0.147134321469 -0.142323083553  0.000000000000  0.014340743692 -0.000000000000 -0.008302829340  0.053661817980 -0.397150889865  0.000000000000  0.014340743692 -0.000000000000
  0.388235294118 -0.006292190385 -0.253000036581 -0.217260475415  0.000000000000  0.009492135299  0.000000000000 -0.018576905306  0.070625798090  0.148465907673 -0.000000000000  0.009492135299  0.000000000000
  0.392156862745 -0.007421109497 -0.094042820724  0.093978468544  0.000000000000  0.016131657474 -0.000000000000 -0.001113322081  0.027563205703  0.017563114244  0.000000000000  0.016131657474 -0.000000000000
  0.396078431373 -0.005316739798  0.006521398094  0.146933652588  0.000000000000  0.017118117845 -0.000000000000 -0.013318753980 -0.081918622969 -0.072915212219 -0.000000000000  0.017118117845  0.000000000000
  0.400000000000 -0.009416361386 -0.049567573258 -0.013781210323 -0.000000000000  0.011935380178 -0.000000000000  0.001196984039 -0.139224470323  0.038459825657  0.000000000000  0.011935380178 -0.000000000000
  0.403921568627 -0.011195179794 -0.034817752711 -0.032834821727  0.000000000000  0.016717426305 -0.000000000000 -0.011614573701 -0.132301484707  0.167753497745 -0.000000000000  0.016717426305  0.000000000000
  0.407843137255 -0.016968328406 -0.074391319697  0.047241239088 -0.000000000000  0.011665673701 -0.000000000000  0.002259599451  0.007648012433 -0.112711885085  0.000000000000  0.011665673701 -0.000000000000
  0.411764705882 -0.008806681892 -0.042296890259 -0.013415139889  0.000000000000  0.015629378138 -0.000000000000 -0.008055783888  0.109958691367  0.233636040060 -0.000000000000  0.015629378138  0.000000000000
  0.415686274510 -0.016276558616  0.112273675623  0.122311725223  0.000000000000  0.009208048103 -0.000000000000  0.003813919492  0.057045976970 -0.073533688024  0.000000000000  0.009208048103 -0.000000000000
  0.419607843137 -0.005193429020  0.172021169573 -0.158776193513 -0.000000000000  0.018171581685  0.000000000000 -0.010445871812 -0.011185979572 -0.112216218359  0.000000000000  0.018171581685 -0.000000000000
  0.423529411765 -0.014837398231  0.081288081136  0.334929077310  0.000000000000  0.005259892443 -0.000000000000 -0.004912135453 -0.113200800645 -0.303059166285  0.000000000000  0.005259892443 -0.000000000000
  0.427450980392 -0.004357415357  0.010434866189  0.013966806455 -0.000000000000  0.017475031119  0.000000000000 -0.008111786564 -0.052312859687  0.051870954523  0.000000000000  0.017475031119 -0.000000000000
  0.431372549020 -0.017490845658 -0.067211875630  0.021204086199  0.000000000000  0.009227548058 -0.000000000000 -0.004927139041  0.077241742378 -0.053680633156  0.000000000000  0.009227548058 -0.000000000000
  0.435294117647 -0.000388560202 -0.009952078584  0.122272974892 -0.000000000000  0.020443785896 -0.000000000000 -0.005245520897  0.007341482031  0.004322788258  0.000000000000  0.020443785896 -0.000000000000
  0.439215686275 -0.017287095105  0.020539425239  0.064961284594 -0.000000000000  0.007667408526  0.000000000000 -0.002555984240 -0.169221508011  0.107514910996 -0.000000000000  0.007667408526  0.000000000000
  0.443137254902 -0.007809995769 -0.013750396579  0.212559962708 -0.000000000000  0.024361070747  0.000000000000 -0.004914428680 -0.154043034459 -0.140421185626  0.000000000000  0.024361070747 -0.000000000000
  0.447058823529 -0.020399030604  0.009478047039  0.118059618605  0.000000000000  0.004927352284 -0.000000000000  0.001352010426 -0.035623294323 -0.117238933445  0.000000000000  0.004927352284 -0.000000000000
  0.450980392157 -0.006863016097 -0.061423431322 -0.201845299129 -0.000000000000  0.022305014286  0.000000000000 -0.003418795629 -0.089139871605  0.062340400229 -0.000000000000  0.022305014286 -0.000000000000
  0.454901960784 -0.024358079707 -0.039817063944  0.082049227767 -0.000000000000  0.008394541365  0.000000000000  0.000381734147  0.028983450171 -0.036724258562  0.000000000000  0.008394541365 -0.000000000000
  0.458823529412 -0.004867553089  0.063039411358 -0.024176175568 -0.000000000000  0.027545215949  0.000000000000 -0.000765328337  0.033885844761 -0.058281992990  0.000000000000  0.027545215949 -0.000000000000
  0.462745098039 -0.022202155911 -0.028801241943  0.048472989271  0.000000000000  0.006809136950 -0.000000000000 -0.002139610995 -0.060372149920  0.114500770838 -0.000000000000  0.006809136950  0.000000000000
  0.466666666667 -0.008333849441  0.075704177387 -0.037477363767 -0.000000000000  0.032554682066  0.000000000000  0.001007610158  0.024935316172  0.370306100736  0.000000000000  0.032554682066 -0.000000000000
  0.470588235294 -0.027032652475  0.012254524599 -0.195997177980 -0.000000000000  0.008768339417  0.000000000000 -0.005289104067 -0.021584993443 -0.141897311860 -0.000000000000  0.008768339417 -0.000000000000
  0.474509803922 -0.006376964828  0.114419987907 -0.095881638438 -0.000000000000  0.024605145238  0.000000000000 -0.002387187798 -0.021607247359  0.201514312183 -0.000000000000  0.024605145238  0.000000000000
  0.478431372549 -0.030802546085  0.094556036714 -0.065617585510  0.000000000000  0.005281846619 -0.000000000000 -0.010536151057  0.028754722465  0.071636149724  0.000000000000  0.005281846619  0.000000000000
  0.482352941176 -0.006052931580  0.063882639061  0.086923777978 -0.000000000000  0.027520447721  0.000000000000 -0.006343957394  0.129222120159 -0.291111850919  0.000000000000  0.027520447721 -0.000000000000
  0.486274509804 -0.021935318656  0.018252626688  0.205905802832  0.000000000000  0.004132463628 -0.000000000000 -0.011146971233  0.099418893542  0.092000055596 -0.000000000000  0.004132463628  0.000000000000
  0.490196078431 -0.003935213163 -0.072092033837  0.148689834866 -0.000000000000  0.024640525858 -0.000000000000 -0.003523066998  0.010854669529  0.333324162486  0.000000000000  0.024640525858 -0.000000000000
  0.494117647059 -0.026753620134 -0.022849623313  0.067711024692  0.000000000000  0.007127565652 -0.000000000000 -0.006451267512  0.018148739796  0.054930810518  0.000000000000  0.007127565652 -0.000000000000
  0.498039215686 -0.003796061829  0.089273699558 -0.191293581285 -0.000000000000  0.023232292891  0.000000000000 -0.001633147339  0.147081824556 -0.043014524083  0.000000000000  0.023232292891 -0.000000000000
  0.501960784314 -0.021386603588  0.119577507859 -0.120868424790  0.000000000000  0.007383569189 -0.000000000000 -0.012238002349  0.071122532129 -0.023767962351  0.000000000000  0.007383569189 -0.000000000000
  0.505882352941 -0.000866486237  0.038188991093 -0.074018921391 -0.000000000000  0.022739169541  0.000000000000 -0.007074700963  0.028317327643 -0.148038618039  0.000000000000  0.022739169541 -0.000000000000
  0.509803921569 -0.018172938622 -0.047047277493 -0.069600877900  0.000000000000  0.014325341129 -0.000000000000 -0.014473552945 -0.060191202381  0.068247121251  0.000000000000  0.014325341129 -0.000000000000
  0.513725490196 -0.003509482641  0.045511958861  0.125338906634 -0.000000000000  0.023711021477  0.000000000000 -0.006496200857  0.055076826390  0.104348761664  0.000000000000  0.023711021477 -0.000000000000
  0.517647058824 -0.018074466897  0.135223563787 -0.096980919517  0.000000000000  0.013207174117  0.000000000000 -0.013797951943 -0.132386314932  0.045827654788 -0.000000000000  0.013207174117  0.000000000000
  0.521568627451 -0.007966198768 -0.042025757563  0.043317359037  0.000000000000  0.030315717623 -0.000000000000 -0.011906094056 -0.172920891419 -0.160526898562  0.000000000000  0.030315717623 -0.000000000000
  0.525490196078 -0.020637233751  0.061030595639  0.173527920108 -0.000000000000  0.016826670666  0.000000000000 -0.011675492391 -0.040020376890 -0.082621596790 -0.000000000000  0.016826670666  0.000000000000
  0.529411764706 -0.007556793422  0.036293353234  0.189352549309 -0.000000000000  0.033918030297  0.000000000000 -0.010831635210 -0.162421404843  0.217455571943  0.000000000000  0.033918030297 -0.000000000000
  0.533333333333 -0.028748835120  0.067690325363 -0.106691706076  0.000000000000  0.016159003858 -0.000000000000 -0.009620146268  0.066881698704  0.230307318932 -0.000000000000  0.016159003858  0.000000000000
  0.537254901961 -0.008779571476  0.162466231664  0.141100218044 -0.000000000000  0.030576601802 -0.000000000000 -0.014354649783 -0.096540189585  0.019590350616  0.000000000000  0.030576601802 -0.000000000000
  0.541176470588 -0.031746657478 -0.050566408711 -0.060022259968 -0.000000000000  0.014283999197  0.000000000000 -0.011940792194  0.022884147524  0.062492388263 -0.000000000000  0.014283999197  0.000000000000
  0.545098039216 -0.008636439124 -0.082154329728  0.024173554658 -0.000000000000  0.032291951989 -0.000000000000 -0.013657427464  0.116634852839  0.060930625853  0.000000000000  0.032291951989 -0.000000000000
  0.549019607843 -0.029221768047 -0.007373846488  0.032725120386  0.000000000000  0.014071761904  0.000000000000 -0.009000936059  0.196926341688  0.238265264788 -0.000000000000  0.014071761904  0.000000000000
  0.552941176471 -0.006330012739 -0.012047518534  0.000295701224  0.000000000000  0.030200231507 -0.000000000000 -0.012804826113  0.031694940847  0.186642274832  0.000000000000  0.030200231507 -0.000000000000
  0.556862745098 -0.031160555332  0.021372314946 -0.046746171934 -0.000000000000  0.018896092737  0.000000000000 -0.008472895293  0.186718445164 -0.116533371954  0.000000000000  0.018896092737 -0.000000000000
  0.560784313725  0.001196517296  0.089584883049 -0.322742944305 -0.000000000000  0.027717404371  0.000000000000 -0.014020799886  0.092598114826 -0.183446749685 -0.000000000000  0.027717404371  0.000000000000
  0.564705882353 -0.025709536709  0.103593427307 -0.127942259940  0.000000000000  0.018868199242 -0.000000000000 -0.015845305465 -0.006995454181 -0.092793331483  0.000000000000  0.018868199242  0.000000000000
  0.568627450980  0.002814857693 -0.017113050461 -0.093670621706  0.000000000000  0.023096754412 -0.000000000000 -0.018685258813  0.023633183319 -0.184132801539  0.000000000000  0.023096754412 -0.000000000000
  0.572549019608 -0.022208054776 -0.087491296167 -0.175913870756  0.000000000000  0.015592052858 -0.000000000000 -0.016584836692  0.025571909333  0.158011745303 -0.000000000000  0.015592052858  0.000000000000
  0.576470588235  0.001341062265 -0.047160320293 -0.018278855499  0.000000000000  0.019674871065 -0.000000000000 -0.018820480723  0.135203526331 -0.081187658391 -0.000000000000  0.019674871065  0.000000000000
  0.580392156863 -0.017273761106 -0.057772235197  0.108724294437  0.000000000000  0.012929601990 -0.000000000000 -0.015332228854  0.002037582789  0.279633402160 -0.000000000000  0.012929601990  0.000000000000
  0.584313725490 -0.002756845035 -0.147174190806  0.017070027337  0.000000000000  0.016010807026 -0.000000000000 -0.015346397550  0.017189709001 -0.025544317621 -0.000000000000  0.016010807026  0.000000000000
  0.588235294118 -0.016374592598 -0.180976367504 -0.116169690101  0.000000000000  0.008462101489  0.000000000000 -0.010907486817 -0.014113918369  0.087655041922 -0.000000000000  0.008462101489  0.000000000000
  0.592156862745 -0.004289869339 -0.176496474007  0.035525488258  0.000000000000  0.017152086889 -0.000000000000 -0.012197197575 -0.020662273555 -0.116885060101 -0.000000000000  0.017152086889  0.000000000000
  0.596078431373 -0.015031626992 -0.144212150728  0.062909664753  0.000000000000  0.008504836976 -0.000000000000 -0.005513268686 -0.074213705886 -0.117238797019 -0.000000000000  0.008504836976  0.000000000000
  0.600000000000 -0.004206037081 -0.097206577239  0.047343675913  0.000000000000  0.018233378508 -0.000000000000 -0.007342779697 -0.198944377715 -0.201379903416  0.000000000000  0.018233378508 -0.000000000000
  0.603921568627 -0.017018905871 -0.072846960663 -0.016818402667 -0.000000000000  0.015696545138  0.000000000000 -0.002133290316 -0.192596877882 -0.169799987023 -0.000000000000  0.015696545138  0.000000000000
  0.607843137255 -0.006323999430  0.017816460047 -0.001330960646  0.000000000000  0.014990234908 -0.000000000000 -0.005686763861 -0.020440936828  0.037657146212  0.000000000000  0.014990234908 -0.000000000000
  0.611764705882 -0.018055514259  0.106618890252 -0.344517381230  0.000000000000  0.017481916585 -0.000000000000 -0.002540570146  0.040752022270  0.155943834146 -0.000000000000  0.017481916585  0.000000000000
  0.615686274510 -0.007493772620  0.105900027789  0.134773915835  0.000000000000  0.016073174332 -0.000000000000 -0.013792204363 -0.011783116976 -0.227137062836  0.000000000000  0.016073174332 -0.000000000000
  0.619607843137 -0.014697324670  0.063748420885 -0.008216770243 -0.000000000000  0.017458343124  0.000000000000 -0.002948862515 -0.072579508718 -0.067299251416 -0.000000000000  0.017458343124  0.000000000000
  0.623529411765 -0.008089511921  0.056294445556  0.044256561387  0.000000000000  0.017045365019 -0.000000000000 -0.015497651576 -0.030096159304  0.021682976929  0.000000000000  0.017045365019 -0.000000000000
  0.627450980392 -0.015692831015  0.010168530466  0.007706465372  0.000000000000  0.015255402628  0.000000000000 -0.003475915397 -0.112895333562 -0.181878553881 -0.000000000000  0.015255402628  0.000000000000
  0.631372549020 -0.007862737948  0.004006466559  0.031402247323  0.000000000000  0.016795676802 -0.000000000000 -0.015587530164 -0.076244587888 -0.044033342395  0.000000000000  0.016795676802 -0.000000000000
  0.635294117647 -0.016798713630 -0.056091478333 -0.044898485668 -0.000000000000  0.012283045679  0.000000000000 -0.002889236752  0.002618455119 -0.267011985560 -0.000000000000  0.012283045679  0.000000000000
  0.639215686275 -0.003402269906 -0.001996107429  0.073304980724  0.000000000000  0.013943378383 -0.000000000000 -0.014871175772  0.073773428201  0.113556194285 -0.000000000000  0.013943378383  0.000000000000
  0.643137254902 -0.016727850747 -0.030110748762  0.239487420717 -0.000000000000  0.014496640616  0.000000000000 -0.001507902056 -0.128931236966  0.016137191737 -0.000000000000  0.014496640616  0.000000000000
  0.647058823529 -0.006596068462 -0.034011136440 -0.256190676918  0.000000000000  0.015170903291 -0.000000000000 -0.010361712793  0.135952687878 -0.011547256616  0.000000000000  0.015170903291  0.000000000000
  0.650980392157 -0.013170942229  0.029790791393 -0.000078895393 -0.000000000000  0.013685390402  0.000000000000 -0.004576470424 -0.134784404693 -0.017411008184 -0.000000000000  0.013685390402  0.000000000000
  0.654901960784 -0.009412085538 -0.032985960257  0.306003215505  0.000000000000  0.014907012212 -0.000000000000 -0.011025662565 -0.124331387083 -0.057925825409 -0.000000000000  0.014907012212  0.000000000000
  0.658823529412 -0.015127579538 -0.046551866364  0.307706039976  0.000000000000  0.012437218847  0.000000000000  0.001145706759 -0.152492001633 -0.010507720067 -0.000000000000  0.012437218847  0.000000000000
  0.662745098039 -0.012697930267 -0.044387037245  0.046069084032  0.000000000000  0.016979296358 -0.000000000000 -0.005104162749 -0.061726801456 -0.116793069582  0.000000000000  0.016979296358 -0.000000000000
  0.666666666667 -0.014606249407 -0.010368596974 -0.124975961193 -0.000000000000  0.009537148662  0.000000000000  0.002979344114 -0.075721199027 -0.250579380417 -0.000000000000  0.009537148662  0.000000000000
  0.670588235294 -0.010377110363  0.113361489508 -0.080563580037  0.000000000000  0.019188858077 -0.000000000000 -0.006855654103 -0.178718220449 -0.108866821279 -0.000000000000  0.019188858077  0.000000000000
  0.674509803922 -0.016957708020  0.109061309737  0.224632001238 -0.000000000000  0.013786806770  0.000000000000 -0.000855945978  0.049742604581 -0.095458480977 -0.000000000000  0.013786806770  0.000000000000
  0.678431372549 -0.007525735017  0.220965487382  0.136343489836  0.000000000000  0.017069800907 -0.000000000000 -0.005858371536 -0.170309042366 -0.126946660027  0.000000000000  0.017069800907 -0.000000000000
  0.682352941176 -0.018817166472  0.165298531282 -0.134762965836 -0.000000000000  0.013313783593  0.000000000000 -0.003758526340  0.087760196532  0.124571854097 -0.000000000000  0.013313783593  0.000000000000
  0.686274509804 -0.007246038264 -0.022464966425  0.131202272638  0.000000000000  0.014776155905 -0.000000000000 -0.011729065196  0.041044039481 -0.048380443493 -0.000000000000  0.014776155905  0.000000000000
  0.690196078431 -0.017037296215  0.094686391214  0.052801936336 -0.000000000000  0.011810813396  0.000000000000 -0.001052920069  0.080033597134 -0.162641885271 -0.000000000000  0.011810813396  0.000000000000
  0.694117647059 -0.002682241977  0.075054663110  0.018703276532  0.000000000000  0.013767654140  0.000000000000 -0.013040797964  0.051604961953 -0.079434813296 -0.000000000000  0.013767654140  0.000000000000
  0.698039215686 -0.014594738280 -0.033523022552  0.078991185694 -0.000000000000  0.006658567832  0.000000000000 -0.002308332269  0.082156900950  0.227631723547 -0.000000000000  0.006658567832  0.000000000000
  0.701960784314 -0.004242727363 -0.121509083647 -0.062176043743  0.000000000000  0.006548083468 -0.000000000000 -0.011022457874  0.023995314350 -0.015980292031 -0.000000000000  0.006548083468  0.000000000000
  0.705882352941 -0.013760454115 -0.178004778556  0.025761754875 -0.000000000000  0.006780168335  0.000000000000 -0.000445200019  0.078088210523 -0.156781085990 -0.000000000000  0.006780168335  0.000000000000
  0.709803921569  0.000104771292  0.035383241086 -0.111041047684 -0.000000000000  0.006269321406  0.000000000000 -0.006657743503  0.104897441761 -0.355104988959  0.000000000000  0.006269321406 -0.000000000000
  0.713725490196 -0.005873161964  0.104238562954  0.136222289722 -0.000000000000  0.012444144438  0.000000000000 -0.002895404228 -0.004547930672  0.006830048231 -0.000000000000  0.012444144438  0.000000000000
  0.717647058824 -0.000037780999  0.128600302008  0.319602863420  0.000000000000  0.007349309817  0.000000000000 -0.006780063071 -0.046889156924 -0.042007862615 -0.000000000000  0.007349309817  0.000000000000
  0.721568627451 -0.006238701797  0.149889366757  0.021416291017 -0.000000000000  0.011104678587  0.000000000000 -0.000618862491 -0.149802973823  0.291585899587 -0.000000000000  0.011104678587  0.000000000000
  0.725490196078 -0.007800451874  0.162698219727 -0.172073223486 -0.000000000000  0.009560383880  0.000000000000 -0.009695858979  0.083497682304 -0.089153904517 -0.000000000000  0.009560383880  0.000000000000
  0.729411764706 -0.002950524675  0.002041470544 -0.019691815017 -0.000000000000  0.018746304548  0.000000000000 -0.006731029559  0.112095343980 -0.030650954978 -0.000000000000  0.018746304548  0.000000000000
  0.733333333333 -0.004877273950  0.077458893378 -0.023753501426 -0.000000000000  0.004947788728  0.000000000000 -0.009976276126  0.000898640129  0.075506764060  0.000000000000  0.004947788728 -0.000000000000
  0.737254901961 -0.004063558897  0.149570573676 -0.291499275492 -0.000000000000  0.014426288730  0.000000000000 -0.008653810087 -0.030660252430  0.054871465751 -0.000000000000  0.014426288730  0.000000000000
  0.741176470588 -0.006347119271 -0.003355138481  0.271305684132  0.000000000000  0.005297274024 -0.000000000000 -0.017639104603  0.058540340345 -0.003096876214  0.000000000000  0.005297274024 -0.000000000000
  0.745098039216 -0.002708866161  0.007220777764  0.452252683183 -0.000000000000  0.018034208742  0.000000000000 -0.004140369237 -0.093075757628  0.092396580537 -0.000000000000  0.018034208742  0.000000000000
  0.749019607843 -0.009727452650  0.141783754123  0.180041220602  0.000000000000  0.014117836390 -0.000000000000 -0.010653378406 -0.120304153162 -0.118871939035 -0.000000000000  0.014117836390  0.000000000000
  0.752941176471 -0.003261808856 -0.036092451482  0.032128429794 -0.000000000000  0.021410830941  0.000000000000 -0.004173932807 -0.266878789869  0.010532783970 -0.000000000000  0.021410830941  0.000000000000
  0.756862745098 -0.015418670405  0.206752020553 -0.172535950811 -0.000000000000  0.016717316744  0.000000000000 -0.009353998498 -0.255996766023  0.022697422143  0.000000000000  0.016717316744 -0.000000000000
  0.760784313725 -0.008763700339  0.199697774693  0.060164793192 -0.000000000000  0.014752081659  0.000000000000 -0.011068462437 -0.248687138096 -0.191948133803 -0.000000000000  0.014752081659  0.000000000000
  0.764705882353 -0.017444941718  0.052052306715 -0.126455349269  0.000000000000  0.014531727242 -0.000000000000 -0.012413609066 -0.221354119044 -0.253582678746  0.000000000000  0.014531727242  0.000000000000
  0.768627450980 -0.009147607663 -0.064991651607  0.114619320851 -0.000000000000  0.015168291261  0.000000000000 -0.013992496316 -0.037742661576 -0.417404845318 -0.000000000000  0.015168291261  0.000000000000
  0.772549019608 -0.011574330196  0.059975628744  0.145288973419  0.000000000000  0.009155240749  0.000000000000 -0.009146518124 -0.004283128839 -0.147210795029 -0.000000000000  0.009155240749  0.000000000000
  0.776470588235 -0.006807879915  0.009474845283 -0.088408046970 -0.000000000000  0.016362533169  0.000000000000 -0.012838374808 -0.076568900359 -0.140110944795 -0.000000000000  0.016362533169  0.000000000000
  0.780392156863 -0.010854591463 -0.068926040671  0.157310561072  0.000000000000  0.004752872740 -0.000000000000 -0.010595041480  0.091638284205 -0.167288487513 -0.000000000000  0.004752872740  0.000000000000
  0.784313725490 -0.002232679844  0.030475840238  0.094353272236 -0.000000000000  0.019760414073  0.000000000000 -0.008878827281  0.098888767729  0.278583401698 -0.000000000000  0.019760414073  0.000000000000
  0.788235294118 -0.013224425022 -0.124280733897  0.158816328700 -0.000000000000  0.004734029591  0.000000000000 -0.009635718682  0.132652124940 -0.146069771033 -0.000000000000  0.004734029591  0.000000000000
  0.792156862745  0.002830040283  0.014397455108  0.029314998364 -0.000000000000  0.023966947185  0.000000000000 -0.003818464519 -0.024894622839  0.230996141201 -0.000000000000  0.023966947185  0.000000000000
  0.796078431373 -0.017368876933 -0.140736042713 -0.226634821126 -0.000000000000  0.010012201213  0.000000000000 -0.009423167112 -0.245064629725 -0.024288125266 -0.000000000000  0.010012201213  0.000000000000
  0.800000000000 -0.001446707275 -0.030174462231 -0.029784903920 -0.000000000000  0.027550589468  0.000000000000 -0.004507557457 -0.155985659132  0.108047707979 -0.000000000000  0.027550589468  0.000000000000
  0.803921568627 -0.022108101872  0.002645882670 -0.006582999667 -0.000000000000  0.011791477436  0.000000000000 -0.009254533429 -0.157440140683  0.293521131365 -0.000000000000  0.011791477436 -0.000000000000
  0.807843137255 -0.008907274263 -0.135383469052 -0.022286193064 -0.000000000000  0.022980589664  0.000000000000 -0.004572159045 -0.106178195678  0.164551223286 -0.000000000000  0.022980589664  0.000000000000
  0.811764705882 -0.026664531678  0.059527714099 -0.090223990529 -0.000000000000  0.013003864531  0.000000000000 -0.006930925654 -0.122814244070 -0.101145561698  0.000000000000  0.013003864531 -0.000000000000
  0.815686274510 -0.009436270999  0.099129143368  0.272981461578 -0.000000000000  0.021089692270  0.000000000000 -0.007070765855  0.035772948758 -0.213410257576 -0.000000000000  0.021089692270  0.000000000000
  0.819607843137 -0.022538245097  0.039581848633  0.381022811077 -0.000000000000  0.011514721311  0.000000000000 -0.004487205058 -0.014393083783  0.215565954242 -0.000000000000  0.011514721311  0.000000000000
  0.823529411765 -0.012877486463  0.015885473354  0.139713755006 -0.000000000000  0.020454968193  0.000000000000 -0.001808545027 -0.103118813947 -0.219848538584 -0.000000000000  0.020454968193  0.000000000000
  0.827450980392 -0.020931165727 -0.056246255895 -0.334159515164 -0.000000000000  0.007778886747  0.000000000000 -0.002580972951 -0.007512072801 -0.189269648213 -0.000000000000  0.007778886747  0.000000000000
  0.831372549020 -0.009852560093 -0.021456826128 -0.395912562767 -0.000000000000  0.017908523922  0.000000000000 -0.005959518981  0.068305363604 -0.055308078898 -0.000000000000  0.017908523922  0.000000000000
  0.835294117647 -0.018681858893  0.079116519555  0.195063419506 -0.000000000000  0.010446154970  0.000000000000 -0.008330298439 -0.023677195655 -0.232319414380 -0.000000000000  0.010446154970  0.000000000000
  0.839215686275 -0.006477559642  0.150021227314  0.218942031227 -0.000000000000  0.021548801367  0.000000000000 -0.004307238106  0.025685048979 -0.124535052705 -0.000000000000  0.021548801367  0.000000000000
  0.843137254902 -0.016187735556  0.151325041591  0.189108631026 -0.000000000000  0.016511340850  0.000000000000 -0.007659794164  0.008081208798  0.219154195984 -0.000000000000  0.016511340850  0.000000000000
  0.847058823529 -0.009614340863  0.043247956334 -0.168514462185 -0.000000000000  0.017764040985  0.000000000000 -0.004084923920  0.103481645116  0.274626610384 -0.000000000000  0.017764040985  0.000000000000
  0.850980392157 -0.018490255519  0.108554958245 -0.010829217784 -0.000000000000  0.018147467419  0.000000000000 -0.011066222987  0.008924686717  0.385196719627 -0.000000000000  0.018147467419  0.000000000000
  0.854901960784 -0.015321714891 -0.110591977308 -0.093348934820 -0.000000000000  0.019789014922  0.000000000000 -0.006153814219  0.109015775239 -0.126254818846 -0.000000000000  0.019789014922  0.000000000000
  0.858823529412 -0.014368932126 -0.032470501689  0.155200040535 -0.000000000000  0.019802953675  0.000000000000 -0.010444852400  0.121125048524  0.313294340125 -0.000000000000  0.019802953675  0.000000000000
  0.862745098039 -0.017892583135  0.062472696272  0.199359345854 -0.000000000000  0.016437570380  0.000000000000 -0.003030848476 -0.026492228800  0.205121290848 -0.000000000000  0.016437570380  0.000000000000
  0.866666666667 -0.017905538043 -0.056481929863  0.272824353684 -0.000000000000  0.020098075552  0.000000000000 -0.008425961012 -0.053609482735  0.061359127289 -0.000000000000  0.020098075552  0.000000000000
  0.870588235294 -0.019663345561 -0.029891502003  0.363311578397 -0.000000000000  0.006644900843  0.000000000000  0.002347299643  0.155266178889  0.086546442894 -0.000000000000  0.006644900843  0.000000000000
  0.874509803922 -0.016288393238  0.052514458347  0.312310220439 -0.000000000000  0.009658063842  0.000000000000 -0.002209517082 -0.044310354765 -0.078725407551 -0.000000000000  0.009658063842  0.000000000000
  0.878431372549 -0.019077157533 -0.016678234515  0.148274736706 -0.000000000000  0.004863231280  0.000000000000  0.006324136412  0.114473489883 -0.474212466716 -0.000000000000  0.004863231280  0.000000000000
  0.882352941176 -0.006635265083  0.012149096687 -0.222947186188 -0.000000000000  0.008727525510  0.000000000000  0.000357721253  0.191665024594 -0.402355350584 -0.000000000000  0.008727525510  0.000000000000
  0.886274509804 -0.009299342704  0.049190988913 -0.117063110768 -0.000000000000  0.010434834221  0.000000000000  0.002607761962  0.004638488264 -0.141874665536 -0.000000000000  0.010434834221  0.000000000000
  0.890196078431 -0.004245387928  0.083721709396  0.217732988468 -0.000000000000  0.010908565455  0.000000000000 -0.002372277349  0.135159689628  0.035434567994 -0.000000000000  0.010908565455  0.000000000000
  0.894117647059 -0.007436106226  0.010391109068 -0.129352895901 -0.000000000000  0.014554607014  0.000000000000  0.004568810099 -0.050350545670  0.273552189358 -0.000000000000  0.014554607014  0.000000000000
  0.898039215686 -0.009354516568 -0.000559270821 -0.199653129983 -0.000000000000  0.015204077160  0.000000000000 -0.004623719823 -0.097458367119  0.111561410057 -0.000000000000  0.015204077160  0.000000000000
  0.901960784314 -0.010806719851  0.108588698811 -0.091726976913 -0.000000000000  0.015515523105  0.000000000000  0.001487147050 -0.063447956971  0.115924658078 -0.000000000000  0.015515523105  0.000000000000
  0.905882352941 -0.012182413830  0.109979420177 -0.154150289571 -0.000000000000  0.012907422761  0.000000000000 -0.007964005186 -0.109460333370  0.150044033950 -0.000000000000  0.012907422761  0.000000000000
  0.909803921569 -0.014950293339  0.064712984943 -0.023680202319 -0.000000000000  0.016835419856  0.000000000000 -0.002766349826 -0.075556246860 -0.065867761003 -0.000000000000  0.016835419856  0.000000000000
  0.913725490196 -0.012323006121  0.057518567291  0.055435982096 -0.000000000000  0.006255193075  0.000000000000 -0.009427352617 -0.145248364046 -0.302093375806 -0.000000000000  0.006255193075  0.000000000000
  0.917647058824 -0.012599330989  0.003137723804 -0.008907430770 -0.000000000000  0.015904534558  0.000000000000 -0.002803287527 -0.066643792426  0.030460529399 -0.000000000000  0.015904534558  0.000000000000
  0.921568627451 -0.013832341885 -0.161609796825 -0.190941216354 -0.000000000000  0.009743252738  0.000000000000 -0.009596753603 -0.010169529941 -0.455646389526 -0.000000000000  0.009743252738  0.000000000000
  0.925490196078 -0.005507312967  0.051003520519 -0.045305205092 -0.000000000000  0.018186239176  0.000000000000 -0.002965964310 -0.092004426135 -0.255018150686 -0.000000000000  0.018186239176  0.000000000000
  0.929411764706 -0.011344782077 -0.124528855655  0.223389635154 -0.000000000000  0.005666971246  0.000000000000 -0.011146754645 -0.043661316458  0.204211979241 -0.000000000000  0.005666971246  0.000000000000
  0.933333333333 -0.009351801430 -0.038356496883 -0.075542182274 -0.000000000000  0.010087738378  0.000000000000  0.002734005107 -0.085908310584  0.076786005789 -0.000000000000  0.010087738378  0.000000000000
  0.937254901961 -0.013914519029  0.053209478366  0.181312569269 -0.000000000000  0.008070425264  0.000000000000 -0.011710057880  0.041887228483 -0.350565349161 -0.000000000000  0.008070425264  0.000000000000
  0.941176470588 -0.003035256159  0.000740527725  0.466565781542 -0.000000000000  0.008617942668  0.000000000000  0.004785580754  0.067788993364 -0.236072098170 -0.000000000000  0.008617942668  0.000000000000
  0.945098039216 -0.009056316935 -0.158501111882  0.034876299887 -0.000000000000  0.005764468741  0.000000000000 -0.004443600922  0.035793353146 -0.083138530700 -0.000000000000  0.005764468741  0.000000000000
  0.949019607843 -0.001061885636 -0.022934187054 -0.173357821669 -0.000000000000  0.012376229822  0.000000000000  0.008000260173 -0.013927085194 -0.258081176983 -0.000000000000  0.012376229822  0.000000000000
  0.952941176471 -0.005229408588  0.013820006878 -0.221009815558 -0.000000000000  0.009760295923  0.000000000000 -0.006849979682 -0.072895304291  0.098775124604 -0.000000000000  0.009760295923  0.000000000000
  0.956862745098 -0.003768181660  0.004005797448 -0.050164485844 -0.000000000000  0.009240120995  0.000000000000  0.004362328145 -0.086265705130  0.194179329707 -0.000000000000  0.009240120995  0.000000000000
  0.960784313725 -0.009658664011 -0.089655142249  0.232043024532 -0.000000000000  0.008786104876  0.000000000000 -0.007738299176 -0.065959240490 -0.169233603283 -0.000000000000  0.008786104876  0.000000000000
  0.964705882353 -0.002111576225  0.137958984350  0.088189362107 -0.000000000000  0.014514310243  0.000000000000  0.009529145940  0.032904344655 -0.377806020777 -0.000000000000  0.014514310243  0.000000000000
  0.968627450980 -0.003180097776  0.160631986862 -0.007226492654 -0.000000000000  0.003973042272  0.000000000000 -0.008675644882 -0.075098963840  0.137483570697  0.000000000000  0.003973042272 -0.000000000000
  0.972549019608 -0.005458609028  0.025529507420 -0.306458193265 -0.000000000000  0.009517148323  0.000000000000  0.006884709607  0.068647611174  0.126132818608 -0.000000000000  0.009517148323  0.000000000000
  0.976470588235 -0.004007411218 -0.002388891605 -0.212744480675 -0.000000000000  0.007230860184  0.000000000000 -0.013950120328 -0.005034520755 -0.258485517004  0.000000000000  0.007230860184 -0.000000000000
  0.980392156863 -0.001452622045 -0.033384348705  0.277699121843 -0.000000000000  0.008248615692  0.000000000000  0.003697966210 -0.045369086122 -0.121177865821 -0.000000000000  0.008248615692  0.000000000000
  0.984313725490 -0.002820866352 -0.124432392645  0.075432959210  0.000000000000  0.002226489501 -0.000000000000 -0.009089489822  0.101814796184 -0.117889867259 -0.000000000000  0.002226489501  0.000000000000
  0.988235294118  0.002041654350 -0.049393857156  0.020995346474 -0.000000000000  0.000000000000  0.000000000000  0.006936640866 -0.034593837554 -0.095925655038 -0.000000000000  0.000000000000  0.000000000000
  0.992156862745 -0.001881462333  0.188319298355 -0.275144881502 -0.000000000000  0.000000000000  0.000000000000 -0.008031174281 -0.119825235971  0.151033346941 -0.000000000000  0.000000000000 -0.000000000000
  0.996078431373 -0.002207093104 -0.152065864308  0.359175609342 -0.000000000000  0.073561817428  0.000000000000 -0.000293249942  0.024713382630 -0.094024653099 -0.000000000000  0.073561817428  0.000000000000
  1.000000000000 -0.000000000000  0.061406423554 -0.375802201532 -0.000000000000  0.129737176147  0.000000000000  0.000000000000 -0.170574029568 -0.613439547322 -0.000000000000  0.129737176147 -0.000000000000
