             Rad             v_r             v_t             v_x             p              p_mg      p_no_phase
  0.000000000000  0.034240485033  0.000000000000 -0.000678500256  0.000000000000  0.006204823386  0.000000000000
  0.003921568627  0.026123956064 -0.002239499896  0.032473663523 -0.000000000000  0.005223234953 -0.000000000000
  0.007843137255  0.001977260560 -0.002506790063 -0.013873967040 -0.000000000000  0.005396198612 -0.000000000000
  0.011764705882 -0.002593298624  0.010129330074  0.010516978290 -0.000000000000  0.004559842539 -0.000000000000
  0.015686274510  0.005040424388 -0.003866068806 -0.027157952858  0.000000000000  0.005629525691  0.000000000000
  0.019607843137 -0.005180055784  0.001224245789 -0.026591826539 -0.000000000000  0.002393525845  0.000000000000
  0.023529411765  0.004014967208  0.004541256384 -0.022678277537 -0.000000000000  0.002477785112 -0.000000000000
  0.027450980392 -0.003776720148  0.000197089614  0.007145480295  0.000000000000  0.007369246544  0.000000000000
  0.031372549020  0.002188475581 -0.015741929528 -0.093829418925 -0.000000000000  0.002875077974 -0.000000000000
  0.035294117647  0.000233307915 -0.015688777348  0.105721944338 -0.000000000000  0.004541525289 -0.000000000000
  0.039215686275 -0.001923809125 -0.002410529189 -0.174013701275 -0.000000000000  0.003306379304 -0.000000000000
  0.043137254902 -0.002783107245  0.009998667763  0.040912070045  0.000000000000  0.002699613859  0.000000000000
  0.047058823529 -0.001598955428  0.003745767361  0.219054709301 -0.000000000000  0.003342567477 -0.000000000000
  0.050980392157 -0.003218383592 -0.000378014945 -0.144660073471  0.000000000000  0.007456063011 -0.000000000000
  0.054901960784 -0.001833673696  0.011749521355 -0.029280048154 -0.000000000000  0.005442725725 -0.000000000000
  0.058823529412  0.000079730894  0.039529642030  0.114528009385  0.000000000000  0.009208363610 -0.000000000000
  0.062745098039  0.003959469433  0.020544687068  0.148924249540 -0.000000000000  0.004801584576 -0.000000000000
  0.066666666667  0.000989691715 -0.001745020164 -0.249648980699  0.000000000000  0.005344175226  0.000000000000
  0.070588235294  0.000519576469  0.011795995181  0.144032210595  0.000000000000  0.015125576581 -0.000000000000
  0.074509803922  0.001017812239 -0.008805811731  0.156366529833 -0.000000000000  0.002212336285 -0.000000000000
  0.078431372549 -0.003043189920  0.031854432904 -0.286556473303 -0.000000000000  0.013302152795 -0.000000000000
  0.082352941176 -0.000444247005  0.010067455561  0.196853719144  0.000000000000  0.006745263009  0.000000000000
  0.086274509804  0.001309866989 -0.019098855579 -0.042340773119 -0.000000000000  0.009504461966 -0.000000000000
  0.090196078431 -0.005418328798 -0.044492449295 -0.114097778140 -0.000000000000  0.007991375542 -0.000000000000
  0.094117647059  0.004270109621 -0.028859355126  0.046616825936  0.000000000000  0.005763669145  0.000000000000
  0.098039215686 -0.006382506066  0.005796772812 -0.041545534849 -0.000000000000  0.006950060686 -0.000000000000
  0.101960784314  0.006795098819  0.003740134707  0.182214071646  0.000000000000  0.004016014657  0.000000000000
  0.105882352941 -0.002716638322  0.012872364013 -0.125644007002 -0.000000000000  0.012191565924 -0.000000000000
  0.109803921569  0.006914269282 -0.011792784486 -0.034876407212  0.000000000000  0.006101794941  0.000000000000
  0.113725490196 -0.000400485108 -0.013206911685  0.221402940998 -0.000000000000  0.010322998626 -0.000000000000
  0.117647058824  0.010452897902 -0.012819890066 -0.005515025106 -0.000000000000  0.002250434733 -0.000000000000
  0.121568627451  0.005425812653  0.002794164935 -0.261167577300 -0.000000000000  0.011512196149 -0.000000000000
  0.125490196078  0.010127904590  0.014789827496  0.166059187502 -0.000000000000  0.002831702413 -0.000000000000
  0.129411764706 -0.000630807258 -0.023290245273  0.284534920400 -0.000000000000  0.008660804414 -0.000000000000
  0.133333333333  0.006625210092 -0.030463726327 -0.233006599210  0.000000000000  0.003222758443  0.000000000000
  0.137254901961 -0.000511823160  0.004000531167 -0.037310708284  0.000000000000  0.008228057961  0.000000000000
  0.141176470588  0.001491485722  0.027074110451  0.285878406755 -0.000000000000  0.003651729043 -0.000000000000
  0.145098039216 -0.002684669058 -0.014884745241 -0.128804914806 -0.000000000000  0.006216410899 -0.000000000000
  0.149019607843 -0.000436379763  0.010220412548  0.129900843983  0.000000000000  0.001955524145  0.000000000000
  0.152941176471 -0.003429842778  0.008808965150 -0.185718645646 -0.000000000000  0.006921316245 -0.000000000000
  0.156862745098  0.004326208388  0.029671690561  0.177804085605  0.000000000000  0.004467578401  0.000000000000
  0.160784313725 -0.001041968519 -0.008940922585 -0.017083939279  0.000000000000  0.007374383914 -0.000000000000
  0.164705882353  0.004625118602 -0.028310910919 -0.067625119758 -0.000000000000  0.000337607355  0.000000000000
  0.168627450980 -0.004459741359 -0.012428646652 -0.010842861819  0.000000000000  0.006318641709  0.000000000000
  0.172549019608  0.004073147296 -0.007217462603  0.011668323290 -0.000000000000  0.005060914691 -0.000000000000
  0.176470588235 -0.000163762350  0.035798145394  0.096198937316  0.000000000000  0.008958084376  0.000000000000
  0.180392156863  0.004474635308  0.026982519919 -0.127033825975 -0.000000000000  0.005445260166 -0.000000000000
  0.184313725490 -0.002766674378 -0.042085981329  0.021880798079  0.000000000000  0.007498333982  0.000000000000
  0.188235294118  0.002619261607 -0.045584765667 -0.038757872202  0.000000000000  0.002851498944  0.000000000000
  0.192156862745 -0.005261168640  0.003310247201 -0.058481776249  0.000000000000  0.006988919404  0.000000000000
  0.196078431373  0.000962344943  0.023836514260  0.092922570312 -0.000000000000  0.003184953836 -0.000000000000
  0.200000000000 -0.001872336358  0.005404069980 -0.125734813732  0.000000000000  0.010035962402  0.000000000000
  0.203921568627 -0.004752310195 -0.020693765092  0.041694192873 -0.000000000000  0.002210115734 -0.000000000000
  0.207843137255 -0.003183322782 -0.056623617912 -0.015071808924  0.000000000000  0.009290139386  0.000000000000
  0.211764705882 -0.004088495997 -0.002606256498  0.149990672997 -0.000000000000  0.003120982026 -0.000000000000
  0.215686274510 -0.000675128165 -0.033407054988 -0.234119256741  0.000000000000  0.011739179415  0.000000000000
  0.219607843137 -0.004974587621  0.021631172868  0.160187247314 -0.000000000000  0.002584238756 -0.000000000000
  0.223529411765  0.001394894271  0.021484143854  0.250338236257  0.000000000000  0.011201696890  0.000000000000
  0.227450980392 -0.005868109789  0.058022824369 -0.065277098216  0.000000000000  0.006396134178  0.000000000000
  0.231372549020 -0.000012645336  0.009632517655  0.004787773750  0.000000000000  0.014418877040  0.000000000000
  0.235294117647 -0.005642250605 -0.005364994687 -0.191465292582 -0.000000000000  0.008780381973 -0.000000000000
  0.239215686275 -0.003174974695 -0.005287769559  0.010264347279  0.000000000000  0.012357814626  0.000000000000
  0.243137254902 -0.010021723221  0.025353342495 -0.054632924352 -0.000000000000  0.008753125824 -0.000000000000
  0.247058823529 -0.002622545033  0.052386429817  0.001741093217  0.000000000000  0.010638461785  0.000000000000
  0.250980392157 -0.009946303668  0.027990357651  0.114865238542 -0.000000000000  0.012645871367 -0.000000000000
  0.254901960784  0.001845533253  0.011347330989 -0.005429101747  0.000000000000  0.014607016988  0.000000000000
  0.258823529412 -0.008170048260 -0.028475138951 -0.267455819226 -0.000000000000  0.016409450564  0.000000000000
  0.262745098039  0.005809482090 -0.005942142027  0.293488759662 -0.000000000000  0.017074319319 -0.000000000000
  0.266666666667 -0.008171429750 -0.010849056237 -0.347871052936 -0.000000000000  0.014305466415 -0.000000000000
  0.270588235294 -0.000273121226 -0.033079053890  0.056868504033  0.000000000000  0.010907799293  0.000000000000
  0.274509803922 -0.007388785224  0.028500933260  0.265907105729 -0.000000000000  0.007304163804 -0.000000000000
  0.278431372549 -0.000165883459 -0.010014204108 -0.425465377444  0.000000000000  0.011345450089 -0.000000000000
  0.282352941176 -0.005016208503  0.007175466237  0.554388630746 -0.000000000000  0.004917573229 -0.000000000000
  0.286274509804  0.003736822401 -0.067109459470 -0.202287538446  0.000000000000  0.005564475993  0.000000000000
  0.290196078431 -0.004620430613 -0.011558194099  0.064736167096 -0.000000000000  0.003323657552 -0.000000000000
  0.294117647059  0.000134958420  0.034750730547 -0.231308039531  0.000000000000  0.005711368115  0.000000000000
  0.298039215686 -0.002418642575  0.057650534139  0.311962057893 -0.000000000000  0.005910624807 -0.000000000000
  0.301960784314  0.000938802215 -0.017835191220 -0.149913708622 -0.000000000000  0.006814196747 -0.000000000000
  0.305882352941 -0.004376943335 -0.054945120916  0.146634484356  0.000000000000  0.007081617317  0.000000000000
  0.309803921569 -0.005618415662 -0.073545213972 -0.113394805669 -0.000000000000  0.002829753702 -0.000000000000
  0.313725490196 -0.003928652566  0.049276466782  0.122097748128 -0.000000000000  0.007465074468 -0.000000000000
  0.317647058824 -0.006987996429  0.039871676953 -0.054132242132 -0.000000000000  0.007383188563 -0.000000000000
  0.321568627451 -0.000776158452  0.003885077827 -0.037167604891 -0.000000000000  0.012152666480 -0.000000000000
  0.325490196078 -0.007458685288 -0.069081667079 -0.067412301971 -0.000000000000  0.000703040863 -0.000000000000
  0.329411764706 -0.005445686114 -0.002651677611  0.116860862057 -0.000000000000  0.014789729173 -0.000000000000
  0.333333333333 -0.011961065831  0.046880832197 -0.217968109989 -0.000000000000  0.001620055636  0.000000000000
  0.337254901961 -0.000133428035  0.088678048092  0.150289357085  0.000000000000  0.017430392952  0.000000000000
  0.341176470588 -0.014784361176 -0.020256908712 -0.070301084515 -0.000000000000  0.004399937106 -0.000000000000
  0.345098039216  0.001366100474 -0.054775336469  0.278480979003 -0.000000000000  0.019014541852 -0.000000000000
  0.349019607843 -0.015838982349 -0.038068858968 -0.152017401958 -0.000000000000  0.002858843188 -0.000000000000
  0.352941176471  0.004054907504  0.040324350758 -0.055498558433  0.000000000000  0.017029571636  0.000000000000
  0.356862745098 -0.018436809455  0.104723337895  0.331890909231 -0.000000000000  0.006478066463 -0.000000000000
  0.360784313725  0.002591412682  0.064672924659 -0.241416814814  0.000000000000  0.013355520420  0.000000000000
  0.364705882353 -0.016920875881 -0.012777259434 -0.061050492108 -0.000000000000  0.007642905157 -0.000000000000
  0.368627450980  0.006283917430 -0.041816899965  0.190127481010 -0.000000000000  0.016837467623 -0.000000000000
  0.372549019608 -0.013042554255 -0.092228493801 -0.119787618694 -0.000000000000  0.003049595264 -0.000000000000
  0.376470588235  0.007633958812 -0.017030814543  0.208408943244 -0.000000000000  0.012310688889 -0.000000000000
  0.380392156863 -0.015383137087 -0.023468632112 -0.041030113401 -0.000000000000  0.005282130555 -0.000000000000
  0.384313725490  0.002999088731  0.060621980015 -0.019506124535 -0.000000000000  0.012984493600 -0.000000000000
  0.388235294118 -0.011624113858  0.088993516223 -0.011523381950 -0.000000000000  0.008096279504 -0.000000000000
  0.392156862745  0.004119915015  0.110117570947 -0.014296795819 -0.000000000000  0.013781548075 -0.000000000000
  0.396078431373 -0.012974509863 -0.008627680277 -0.240398116080 -0.000000000000  0.006813496899 -0.000000000000
  0.400000000000  0.004508508528 -0.006628167905  0.116291970584 -0.000000000000  0.014618955851 -0.000000000000
  0.403921568627 -0.013675437651 -0.094019950957 -0.048601953463 -0.000000000000  0.006856265576 -0.000000000000
  0.407843137255  0.005608383999 -0.052770736268  0.060576381050  0.000000000000  0.017185406162  0.000000000000
  0.411764705882 -0.013821912281 -0.036342235041 -0.232509727539 -0.000000000000  0.006347564002 -0.000000000000
  0.415686274510  0.002879012844 -0.025674370693  0.056468638048  0.000000000000  0.013199735560  0.000000000000
  0.419607843137 -0.015811462592  0.016744325965  0.049557701721 -0.000000000000  0.008068262715 -0.000000000000
  0.423529411765  0.001374560655  0.024672584595  0.042628650116 -0.000000000000  0.010653096320 -0.000000000000
  0.427450980392 -0.011429594024  0.017577782194 -0.045323682076 -0.000000000000  0.007906825604 -0.000000000000
  0.431372549020 -0.002490945556  0.024418805593 -0.024509474250  0.000000000000  0.005024677141  0.000000000000
  0.435294117647 -0.009141563500  0.017228855586  0.033574973569 -0.000000000000  0.006948782070 -0.000000000000
  0.439215686275 -0.000793913484  0.041171645083 -0.085070013746 -0.000000000000  0.001328215329 -0.000000000000
  0.443137254902 -0.004168468174  0.047077487281  0.209833285883 -0.000000000000  0.008387412955 -0.000000000000
  0.447058823529 -0.002950059266 -0.011257980229 -0.129630011490 -0.000000000000  0.005023330103 -0.000000000000
  0.450980392157 -0.000363323041 -0.030344047074 -0.040038564989 -0.000000000000  0.007148191704 -0.000000000000
  0.454901960784 -0.005974952579  0.003090971152  0.172623141197  0.000000000000  0.005913337813  0.000000000000
  0.458823529412 -0.003064516921  0.011324975614  0.009671087382 -0.000000000000  0.004348579605 -0.000000000000
  0.462745098039 -0.003575294273  0.020040649644 -0.234614758474  0.000000000000  0.002635630215 -0.000000000000
  0.466666666667 -0.005906968310 -0.005516884762  0.573233148343 -0.000000000000  0.006004247743 -0.000000000000
  0.470588235294 -0.003155526916 -0.059225341302 -0.214716177426  0.000000000000  0.000708528530 -0.000000000000
  0.474509803922 -0.001998603269 -0.026940108357  0.030558010083 -0.000000000000  0.006351070844 -0.000000000000
  0.478431372549 -0.004095727367  0.007997011178  0.167056254587  0.000000000000  0.003409450481  0.000000000000
  0.482352941176  0.000423352715  0.060378300932  0.036198635984 -0.000000000000  0.004811363387 -0.000000000000
  0.486274509804 -0.005605608803  0.036635414339 -0.114613456847  0.000000000000  0.002007316023  0.000000000000
  0.490196078431 -0.002361025003 -0.025822182802 -0.218089203509 -0.000000000000  0.005122947316 -0.000000000000
  0.494117647059 -0.004792095214  0.041216101273  0.124625857622  0.000000000000  0.004288153027  0.000000000000
  0.498039215686 -0.000846672384  0.008307348504 -0.167856205103 -0.000000000000  0.002819634018 -0.000000000000
  0.501960784314 -0.004506791290 -0.025809512738  0.210288495672  0.000000000000  0.004324984549  0.000000000000
  0.505882352941  0.003604281303 -0.080759805583  0.022739991757 -0.000000000000  0.002675152547 -0.000000000000
  0.509803921569 -0.002792670948 -0.006441455527  0.049339647895  0.000000000000  0.002956832392  0.000000000000
  0.513725490196  0.002808081724  0.029897465867  0.146530309598 -0.000000000000  0.003398821369 -0.000000000000
  0.517647058824 -0.002045210317 -0.011801726192 -0.124190997056  0.000000000000  0.001885665366  0.000000000000
  0.521568627451  0.002438148340 -0.025936783229  0.029137347927 -0.000000000000  0.005837168795 -0.000000000000
  0.525490196078 -0.001711667261 -0.054986475508 -0.107662792697  0.000000000000  0.003572804296  0.000000000000
  0.529411764706  0.001026868175  0.025611477861  0.193932276258 -0.000000000000  0.005763325937 -0.000000000000
  0.533333333333 -0.002659446457 -0.000306250413 -0.317757159445  0.000000000000  0.003389492028  0.000000000000
  0.537254901961  0.000849714941  0.030281370961  0.089287911911 -0.000000000000  0.005153630580 -0.000000000000
  0.541176470588 -0.000025501235 -0.001833734217  0.009201639049  0.000000000000  0.007096113428  0.000000000000
  0.545098039216 -0.000473011430 -0.013016941505 -0.066701576374 -0.000000000000  0.004978352987 -0.000000000000
  0.549019607843 -0.000376616733 -0.005417958976 -0.132963681692  0.000000000000  0.010824801954  0.000000000000
  0.552941176471 -0.004649535409  0.009107918208 -0.102265433211 -0.000000000000  0.003184818269 -0.000000000000
  0.556862745098  0.003679548908  0.015560121253  0.014847816758  0.000000000000  0.004427593514  0.000000000000
  0.560784313725 -0.009255661510  0.014440053197 -0.135233480878 -0.000000000000  0.005216378829 -0.000000000000
  0.564705882353  0.003053047452  0.107204599260  0.409383206684  0.000000000000  0.005973621032  0.000000000000
  0.568627450980 -0.003852538141  0.007016178629 -0.348870203279 -0.000000000000  0.001894469617 -0.000000000000
  0.572549019608  0.002200982041 -0.010360696434  0.190137882179  0.000000000000  0.009363056544  0.000000000000
  0.576470588235 -0.005862057310 -0.052292572979  0.097536207598 -0.000000000000  0.002275413623 -0.000000000000
  0.580392156863  0.000614533124 -0.050640071458 -0.299009655525  0.000000000000  0.008493225580  0.000000000000
  0.584313725490 -0.009113248186  0.120922939723  0.407406587606 -0.000000000000  0.004850753336 -0.000000000000
  0.588235294118 -0.001808220797  0.087845232642 -0.229609283031  0.000000000000  0.012232988730  0.000000000000
  0.592156862745 -0.002519076562  0.085471855586  0.321897371091 -0.000000000000  0.004958614899 -0.000000000000
  0.596078431373 -0.002294261869 -0.008931151861 -0.271402691536  0.000000000000  0.011458133388  0.000000000000
  0.600000000000 -0.001029964136 -0.053384246571 -0.109576801279 -0.000000000000  0.005623611727 -0.000000000000
  0.603921568627 -0.002774050399 -0.036829207845 -0.009336267448  0.000000000000  0.012258213435  0.000000000000
  0.607843137255  0.000761843671  0.005977648988  0.091795705654 -0.000000000000  0.005047338701 -0.000000000000
  0.611764705882 -0.000947365206 -0.032308110816 -0.096366591883  0.000000000000  0.010948490058  0.000000000000
  0.615686274510  0.001318803854 -0.023085366762 -0.090153668372 -0.000000000000  0.001297446500 -0.000000000000
  0.619607843137  0.001317043876  0.021837663661  0.155029033472  0.000000000000  0.011770914282  0.000000000000
  0.623529411765  0.003512461266  0.019889153520 -0.230573446789 -0.000000000000  0.002428379871 -0.000000000000
  0.627450980392  0.000948087193  0.038900488756 -0.026258590051  0.000000000000  0.009601188757  0.000000000000
  0.631372549020  0.000365145603 -0.004156958991 -0.033375237539 -0.000000000000  0.003024080350 -0.000000000000
  0.635294117647 -0.002350096610 -0.017149872290  0.125702513642  0.000000000000  0.011550847049  0.000000000000
  0.639215686275  0.002060224392 -0.029140582525 -0.064875573034 -0.000000000000  0.004748428887 -0.000000000000
  0.643137254902 -0.002994190520  0.093726784564  0.009793489410  0.000000000000  0.013434392865  0.000000000000
  0.647058823529 -0.000907909094  0.091913476611  0.179232144737 -0.000000000000  0.007310218652 -0.000000000000
  0.650980392157 -0.004607819729 -0.064085256860 -0.219913987111  0.000000000000  0.014270108978  0.000000000000
  0.654901960784  0.000038514867 -0.032327212288  0.218838011149 -0.000000000000  0.006593085548 -0.000000000000
  0.658823529412 -0.004798417843 -0.032575244048 -0.095268852679  0.000000000000  0.014977006578  0.000000000000
  0.662745098039  0.001208976703  0.029196222446 -0.081801989194 -0.000000000000  0.007518412962 -0.000000000000
  0.666666666667 -0.005450880787  0.041173748423  0.023566634357  0.000000000000  0.011655334040  0.000000000000
  0.670588235294 -0.001856001658 -0.135297055556 -0.138101977272 -0.000000000000  0.005988144701 -0.000000000000
  0.674509803922 -0.005718294445 -0.064101772901  0.113161615831  0.000000000000  0.010330585481  0.000000000000
  0.678431372549  0.000257125646 -0.020735414878 -0.078196501982 -0.000000000000  0.006608351979 -0.000000000000
  0.682352941176 -0.004199342587 -0.013905887414  0.067324434931  0.000000000000  0.007848962298  0.000000000000
  0.686274509804  0.000313746867  0.003131234518 -0.047274646703 -0.000000000000  0.009372054198 -0.000000000000
  0.690196078431 -0.005558645283  0.013063025573  0.186019397250  0.000000000000  0.007348026282  0.000000000000
  0.694117647059  0.001271025435 -0.064022138776  0.010671647577 -0.000000000000  0.007518732428 -0.000000000000
  0.698039215686 -0.007746252256 -0.042151485580  0.029586524077  0.000000000000  0.008050270748  0.000000000000
  0.701960784314  0.003622017512  0.016059894848  0.047057499160 -0.000000000000  0.006649406869 -0.000000000000
  0.705882352941 -0.004872552915  0.019216596422 -0.022176001256  0.000000000000  0.009554702435  0.000000000000
  0.709803921569  0.003536585032  0.095637630257  0.079782553205 -0.000000000000  0.004479840793 -0.000000000000
  0.713725490196 -0.004446424491  0.035454759450 -0.075090335365  0.000000000000  0.007280845721  0.000000000000
  0.717647058824  0.002419535909 -0.002607841805 -0.173053291174 -0.000000000000  0.002497560390 -0.000000000000
  0.721568627451 -0.003790597471  0.031885686981  0.171485020186  0.000000000000  0.010577989688  0.000000000000
  0.725490196078  0.000349855403  0.054428747403 -0.057448694381 -0.000000000000  0.002476064706 -0.000000000000
  0.729411764706 -0.002467211916  0.114500095316 -0.039193127926  0.000000000000  0.009020354871  0.000000000000
  0.733333333333  0.002166400842 -0.004693549912 -0.125570793017 -0.000000000000  0.003268470446 -0.000000000000
  0.737254901961 -0.002062230141 -0.046837347440  0.085066612944  0.000000000000  0.008700434451  0.000000000000
  0.741176470588  0.004151426872 -0.038230557973 -0.160424340843 -0.000000000000  0.004332534266 -0.000000000000
  0.745098039216  0.001313236678  0.047745826979  0.049497633099  0.000000000000  0.007676394483  0.000000000000
  0.749019607843  0.002892604129  0.071529731764  0.105242060113 -0.000000000000  0.000422959077 -0.000000000000
  0.752941176471  0.003344375222  0.084917765530  0.167403649639  0.000000000000  0.007672170548  0.000000000000
  0.756862745098  0.002311844184  0.000949711405  0.193643388604 -0.000000000000  0.006085719377 -0.000000000000
  0.760784313725  0.000252332929 -0.113220003308 -0.161338292751  0.000000000000  0.009202389483  0.000000000000
  0.764705882353 -0.001521134658 -0.097416784062  0.215690981653 -0.000000000000  0.000658231384 -0.000000000000
  0.768627450980  0.001848310765  0.016351949050 -0.041270343525  0.000000000000  0.010215975566  0.000000000000
  0.772549019608 -0.003377618274  0.073577877941 -0.275832824581 -0.000000000000  0.006381435554 -0.000000000000
  0.776470588235  0.000655073385  0.066574168055  0.172447701459  0.000000000000  0.007763590652  0.000000000000
  0.780392156863 -0.007246855339 -0.078012517539  0.297717194957  0.000000000000  0.005742227303  0.000000000000
  0.784313725490 -0.000288005507 -0.165298037973 -0.078851026233  0.000000000000  0.006239890419  0.000000000000
  0.788235294118 -0.005769064087 -0.026979563946 -0.100766904247 -0.000000000000  0.003232052247 -0.000000000000
  0.792156862745 -0.001999451824  0.151710110857  0.347668236444  0.000000000000  0.007704654534  0.000000000000
  0.796078431373 -0.005576828122  0.036178807561 -0.108425048662 -0.000000000000  0.008669604044 -0.000000000000
  0.800000000000 -0.001210549219 -0.042371942645 -0.335667156402  0.000000000000  0.010026311877  0.000000000000
  0.803921568627 -0.002570893844 -0.030325768267  0.311341135078 -0.000000000000  0.014175897708 -0.000000000000
  0.807843137255 -0.001475331966 -0.027733579150 -0.197426211059  0.000000000000  0.011468646983  0.000000000000
  0.811764705882 -0.001558903896  0.052664311120  0.393161651276  0.000000000000  0.014075319257  0.000000000000
  0.815686274510 -0.003291742609  0.047082752238 -0.012128667326  0.000000000000  0.013054638233  0.000000000000
  0.819607843137  0.002755705865 -0.009537437812 -0.058930848233  0.000000000000  0.011909944093  0.000000000000
  0.823529411765 -0.005011094725  0.019392349410  0.077510616773  0.000000000000  0.007461826783  0.000000000000
  0.827450980392  0.007875620020 -0.038584433298 -0.263772597549  0.000000000000  0.007690699402 -0.000000000000
  0.831372549020 -0.006701536941  0.052474778114  0.354161994733  0.000000000000  0.004535670052  0.000000000000
  0.835294117647  0.004517509981 -0.118168297273 -0.337626130802  0.000000000000  0.004619556680  0.000000000000
  0.839215686275 -0.003546027199 -0.011247111359  0.360891329805  0.000000000000  0.009062728067  0.000000000000
  0.843137254902  0.004533764885  0.050069909465 -0.199999993667  0.000000000000  0.008014115060  0.000000000000
  0.847058823529 -0.003706766821  0.125538257444 -0.299885988600  0.000000000000  0.007509217451  0.000000000000
  0.850980392157  0.005522370552  0.004624480426  0.045000467284  0.000000000000  0.007617186845  0.000000000000
  0.854901960784 -0.007236494120 -0.146082625072 -0.047584040788  0.000000000000  0.010097218073  0.000000000000
  0.858823529412  0.005336060278 -0.153138930309 -0.299765238087  0.000000000000  0.007458970849  0.000000000000
  0.862745098039 -0.007450068189  0.116823559014  0.081577501828  0.000000000000  0.007049148596  0.000000000000
  0.866666666667  0.008014118041  0.077482185853 -0.234329423955  0.000000000000  0.008125050168  0.000000000000
  0.870588235294 -0.006620571812  0.023111226661  0.293947294882  0.000000000000  0.007603777719  0.000000000000
  0.874509803922  0.006783531919 -0.177057835755 -0.423174920556  0.000000000000  0.009595274071  0.000000000000
  0.878431372549 -0.004321227454  0.034900617701  0.188554121928  0.000000000000  0.008781914518  0.000000000000
  0.882352941176  0.007588668917  0.060316888633  0.016820869739  0.000000000000  0.008282076197  0.000000000000
  0.886274509804 -0.005734240793 -0.003887373075 -0.067578375149  0.000000000000  0.007850332756  0.000000000000
  0.890196078431  0.008770680116 -0.047317858054  0.007941822061  0.000000000000  0.010271493317  0.000000000000
  0.894117647059 -0.004825498189  0.023321629886 -0.010428371874  0.000000000000  0.005309984585  0.000000000000
  0.898039215686  0.007791690000  0.041495807249 -0.179982494703  0.000000000000  0.010741057891  0.000000000000
  0.901960784314  0.000120925392  0.037701613325  0.090716536436  0.000000000000  0.003213605798  0.000000000000
  0.905882352941  0.005309021706 -0.001025403134 -0.027318283619  0.000000000000  0.002999345899  0.000000000000
  0.909803921569  0.001137350521  0.024378057246  0.014500410492 -0.000000000000  0.004888112733  0.000000000000
  0.913725490196  0.003207257367  0.034669343928  0.566921136750  0.000000000000  0.003821518523  0.000000000000
  0.917647058824  0.001823669294 -0.047359115022 -0.290003408730  0.000000000000  0.010107233892  0.000000000000
  0.921568627451  0.002918721273  0.114701952781  0.188961898545  0.000000000000  0.002433088248  0.000000000000
  0.925490196078  0.003580327720  0.055216858792 -0.269546326339  0.000000000000  0.009584051389  0.000000000000
  0.929411764706  0.004452240755  0.058856820595  0.196687567369  0.000000000000  0.002134466618  0.000000000000
  0.933333333333  0.002286281237  0.069664363835  0.585100300492 -0.000000000000  0.015356458576  0.000000000000
  0.937254901961  0.009523732463 -0.027754335136 -0.168549576354  0.000000000000  0.004988595898  0.000000000000
  0.941176470588 -0.001662996005  0.045919420907  0.267917716132  0.000000000000  0.015622347869  0.000000000000
  0.945098039216  0.015171708787  0.034478919102  0.216781155230  0.000000000000  0.005502016930  0.000000000000
  0.949019607843 -0.004766952346 -0.035085053074 -0.206900021156  0.000000000000  0.015600247925  0.000000000000
  0.952941176471  0.015619412286  0.001754953540  0.017714932193  0.000000000000  0.005667215988  0.000000000000
  0.956862745098 -0.005225618748 -0.053719181887 -0.138582320422  0.000000000000  0.012705363133  0.000000000000
  0.960784313725  0.015516930787 -0.130198738742 -0.221615601183  0.000000000000  0.001985899984  0.000000000000
  0.964705882353 -0.005654160136 -0.039139693892  0.275196244787  0.000000000000  0.011733585176  0.000000000000
  0.968627450980  0.012258508755  0.001470232345 -0.081156514132  0.000000000000  0.002121523376  0.000000000000
  0.972549019608 -0.001749645360  0.175467004068  0.241172273072  0.000000000000  0.011519237886  0.000000000000
  0.976470588235  0.010917083882  0.015812217175 -0.052753178165 -0.000000000000  0.001385792753  0.000000000000
  0.980392156863  0.000525186097 -0.050830616744  0.109749768044  0.000000000000  0.006981131708  0.000000000000
  0.984313725490  0.009259897105 -0.111303740622  0.078470268092  0.000000000000  0.001485521119  0.000000000000
  0.988235294118  0.001058366727  0.012988525381 -0.275575575354 -0.000000000000  0.000000000000  0.000000000000
  0.992156862745  0.006585846440  0.072349625456  0.035962082035 -0.000000000000  0.000000000000 -0.000000000000
  0.996078431373  0.001455626334 -0.058037331492 -0.205747812148 -0.000000000000  0.005568444448 -0.000000000000
  1.000000000000 -0.000000000000 -0.022994043796  0.049023818149 -0.000000000000  0.013304456916 -0.000000000000
