             Rad             v_r             v_t             v_x             p              p_mg      p_no_phase
  0.000000000000 -0.007452943337  0.000000000000 -0.075454796680  0.000000000000  0.030422594684  0.000000000000
  0.003921568627 -0.001712525807 -0.006191493032  0.435619364176 -0.000000000000  0.023218217204 -0.000000000000
  0.007843137255  0.015160507773  0.099127604599 -0.185340458123  0.000000000000  0.063847728661  0.000000000000
  0.011764705882  0.029098630234 -0.051077286937 -0.177390376560  0.000000000000  0.044349287537  0.000000000000
  0.015686274510 -0.001900293708  0.032064208327 -0.679024173243  0.000000000000  0.081334936229  0.000000000000
  0.019607843137  0.009326404269  0.098456860521 -0.015689992526 -0.000000000000  0.015347433046 -0.000000000000
  0.023529411765  0.032095548281  0.024611616515  0.425241066425  0.000000000000  0.027277731010 -0.000000000000
  0.027450980392  0.051810372395  0.010114015027  0.215130832734  0.000000000000  0.032099203132  0.000000000000
  0.031372549020 -0.002760069725 -0.070347325461 -0.148858366228 -0.000000000000  0.009998719951  0.000000000000
  0.035294117647 -0.007977239609 -0.112481106271 -0.656959118054  0.000000000000  0.014541889591  0.000000000000
  0.039215686275  0.010346881625 -0.081269571695  0.584341056815 -0.000000000000  0.037448949076 -0.000000000000
  0.043137254902  0.003082901555  0.104559020694 -0.188134645944 -0.000000000000  0.039358921607  0.000000000000
  0.047058823529  0.007731759660  0.084644481397 -0.012590907941  0.000000000000  0.045628091385  0.000000000000
  0.050980392157 -0.033444974953 -0.024695752419  0.040014287555 -0.000000000000  0.043482642055 -0.000000000000
  0.054901960784 -0.039330414769 -0.049414596833 -0.029355931120 -0.000000000000  0.018185741461 -0.000000000000
  0.058823529412 -0.045530927184  0.055112967286  0.184261746607  0.000000000000  0.038176734667  0.000000000000
  0.062745098039 -0.041522780225  0.061513373067  0.116833650995  0.000000000000  0.022179006701  0.000000000000
  0.066666666667 -0.010414478823  0.088091970652 -0.299498876418  0.000000000000  0.038802496872  0.000000000000
  0.070588235294 -0.010929067669  0.077130604231  0.371474290197 -0.000000000000  0.030385168392 -0.000000000000
  0.074509803922 -0.000984594008 -0.041637457331 -0.347186685955  0.000000000000  0.024294137481 -0.000000000000
  0.078431372549 -0.023434189022 -0.030368036307  0.114442184790  0.000000000000  0.017766912042  0.000000000000
  0.082352941176 -0.028247395500 -0.045747543547  0.005649472010  0.000000000000  0.018194426242  0.000000000000
  0.086274509804 -0.012114346066 -0.053286631059  0.186887290949 -0.000000000000  0.007821873044 -0.000000000000
  0.090196078431 -0.017450383928 -0.093505060506 -0.148956569967  0.000000000000  0.016714759219 -0.000000000000
  0.094117647059 -0.016611172015 -0.000496436750  0.240737410306  0.000000000000  0.013667600333  0.000000000000
  0.098039215686  0.000293172930 -0.046382069460  0.039695044165  0.000000000000  0.023289019237  0.000000000000
  0.101960784314 -0.016714758512 -0.044644151575 -0.096709271215 -0.000000000000  0.009871694678 -0.000000000000
  0.105882352941  0.003661302513 -0.001825463791  0.001122116054  0.000000000000  0.023317921505  0.000000000000
  0.109803921569 -0.023278729153  0.116612953546  0.189010719155  0.000000000000  0.007641512608  0.000000000000
  0.113725490196 -0.009860182947  0.018266187308 -0.168348932571  0.000000000000  0.011899823717 -0.000000000000
  0.117647058824 -0.022580027837 -0.070534566493 -0.248938586659 -0.000000000000  0.009185670732 -0.000000000000
  0.121568627451 -0.005395656770 -0.039358082180  0.110611693851  0.000000000000  0.015724312460 -0.000000000000
  0.125490196078 -0.011882339164  0.051220921328 -0.064143905616  0.000000000000  0.028165671512  0.000000000000
  0.129411764706  0.008956727395  0.073975242151 -0.148990717414  0.000000000000  0.021562806582 -0.000000000000
  0.133333333333  0.011672975868  0.078056115030 -0.299817817096 -0.000000000000  0.023830011224  0.000000000000
  0.137254901961  0.023644881906  0.131041381979  0.228634186677  0.000000000000  0.014918582324  0.000000000000
  0.141176470588  0.004671702731  0.070906792830 -0.085340068387 -0.000000000000  0.019314519962  0.000000000000
  0.145098039216  0.004748474491 -0.102063670878 -0.043301869411  0.000000000000  0.009889444236 -0.000000000000
  0.149019607843 -0.011557217312 -0.012444542958  0.309813627241 -0.000000000000  0.015084773175 -0.000000000000
  0.152941176471 -0.009727981850 -0.112224359221  0.007557569065  0.000000000000  0.007745300821  0.000000000000
  0.156862745098 -0.009407137140 -0.019836994933  0.123908665029 -0.000000000000  0.003111967994  0.000000000000
  0.160784313725  0.007801047026 -0.065127178312 -0.146251026698  0.000000000000  0.021233071169  0.000000000000
  0.164705882353  0.000279390424 -0.236737968997 -0.425290409981  0.000000000000  0.008000828031  0.000000000000
  0.168627450980  0.001716648293 -0.020595339451  0.178834134808  0.000000000000  0.016702514237  0.000000000000
  0.172549019608 -0.017278670316 -0.005262428896  0.223820504221  0.000000000000  0.004865342494  0.000000000000
  0.176470588235 -0.005265379255 -0.043875171041 -0.252768858410  0.000000000000  0.015855788864  0.000000000000
  0.180392156863 -0.011609668091  0.009203474980  0.010371512546  0.000000000000  0.003717827800  0.000000000000
  0.184313725490 -0.000098591095  0.022189746908  0.378840317916  0.000000000000  0.004115842207  0.000000000000
  0.188235294118 -0.000157387760  0.095628837354  0.071160444485 -0.000000000000  0.006078406765  0.000000000000
  0.192156862745  0.002608536585  0.153911344973 -0.066173017535  0.000000000000  0.003373214041  0.000000000000
  0.196078431373 -0.003371371029  0.010034567697  0.158315585182 -0.000000000000  0.002855581177  0.000000000000
  0.200000000000  0.005984747918  0.022673377119 -0.220263740301  0.000000000000  0.015311851065 -0.000000000000
  0.203921568627  0.001834428414 -0.025660575413 -0.058343279378 -0.000000000000  0.005622433173  0.000000000000
  0.207843137255  0.002853663013  0.128975621443 -0.093060083250  0.000000000000  0.020206568687  0.000000000000
  0.211764705882 -0.006136221134  0.086132950182  0.102608728758 -0.000000000000  0.013196735074  0.000000000000
  0.215686274510 -0.003797201138  0.041657844734 -0.137158921415  0.000000000000  0.013373504447  0.000000000000
  0.219607843137  0.006712893681 -0.177922462873  0.240436594454 -0.000000000000  0.005829622384  0.000000000000
  0.223529411765  0.002185359898 -0.140185149714  0.137790698188 -0.000000000000  0.020352414671 -0.000000000000
  0.227450980392  0.011061258119  0.042147577603 -0.482661222121 -0.000000000000  0.002804183775  0.000000000000
  0.231372549020 -0.005115445897  0.141135010192 -0.187156073020 -0.000000000000  0.019821757569 -0.000000000000
  0.235294117647  0.003095545556  0.112371717118  0.078035101134 -0.000000000000  0.011763458316  0.000000000000
  0.239215686275 -0.000133400951 -0.008578402218  0.054960684044  0.000000000000  0.016521627156  0.000000000000
  0.243137254902 -0.006853756349 -0.096782127693 -0.099148658921 -0.000000000000  0.005283391244  0.000000000000
  0.247058823529 -0.011497404370 -0.057214267718  0.022246750507  0.000000000000  0.018916140606  0.000000000000
  0.250980392157 -0.007548321541  0.071325320063  0.234746130878 -0.000000000000  0.010291537546  0.000000000000
  0.254901960784  0.004816548710 -0.079510896014 -0.324975193692  0.000000000000  0.019478146986  0.000000000000
  0.258823529412  0.011566326608 -0.094848687720 -0.014388569088 -0.000000000000  0.005414083617  0.000000000000
  0.262745098039  0.006287345094  0.022989073211 -0.183915750144 -0.000000000000  0.026310847432 -0.000000000000
  0.266666666667  0.000608777101  0.104972460284  0.148188227814 -0.000000000000  0.018142820437  0.000000000000
  0.270588235294 -0.002365503870  0.063718266395  0.151217054691  0.000000000000  0.021333814663  0.000000000000
  0.274509803922  0.015941457179 -0.138700651789 -0.256860423669 -0.000000000000  0.009952126518 -0.000000000000
  0.278431372549  0.015539187555  0.008252227763  0.282828231139  0.000000000000  0.030028823421  0.000000000000
  0.282352941176  0.012588642719  0.024059005228 -0.111345275714  0.000000000000  0.009981764790  0.000000000000
  0.286274509804  0.007304079616  0.108139629993 -0.390805745325  0.000000000000  0.021001524647  0.000000000000
  0.290196078431  0.005793241727  0.036965173119  0.226039750007 -0.000000000000  0.020903023410  0.000000000000
  0.294117647059 -0.004093524728 -0.133353637186  0.103014615848  0.000000000000  0.026090858177  0.000000000000
  0.298039215686  0.000964653836 -0.011542575928  0.188799369343 -0.000000000000  0.012684319680  0.000000000000
  0.301960784314 -0.016187580696  0.043504077894 -0.060620130843  0.000000000000  0.017868155195  0.000000000000
  0.305882352941 -0.008878598360  0.036605482849 -0.113760159926 -0.000000000000  0.014042790191 -0.000000000000
  0.309803921569 -0.007550407242 -0.068248624013  0.233970939399  0.000000000000  0.019791297368  0.000000000000
  0.313725490196 -0.002680232107 -0.088772070210 -0.107202175809 -0.000000000000  0.017944547152  0.000000000000
  0.317647058824 -0.004228706183 -0.006183115210 -0.007914742984  0.000000000000  0.021633088058  0.000000000000
  0.321568627451 -0.008620049168  0.061438656155  0.158354603727 -0.000000000000  0.022686767834 -0.000000000000
  0.325490196078 -0.012032653245  0.032451481131  0.069010701048  0.000000000000  0.023600524445  0.000000000000
  0.329411764706 -0.011016990993 -0.040260769272  0.132099975865 -0.000000000000  0.019890263428 -0.000000000000
  0.333333333333 -0.014135106461 -0.065447611053  0.140885893522  0.000000000000  0.020906398242  0.000000000000
  0.337254901961 -0.019184663473  0.006661825892 -0.199214159368 -0.000000000000  0.014301145634 -0.000000000000
  0.341176470588 -0.013475408470  0.087837669756  0.244393416037  0.000000000000  0.017990010264  0.000000000000
  0.345098039216 -0.015263448954  0.098548719604  0.185640422633  0.000000000000  0.014515999434 -0.000000000000
  0.349019607843 -0.005030523652  0.074353653258  0.161767151590  0.000000000000  0.014766479701  0.000000000000
  0.352941176471 -0.009313437751 -0.036047893339 -0.073423549705  0.000000000000  0.016013947119  0.000000000000
  0.356862745098  0.003106948881 -0.054281831925  0.304050121601  0.000000000000  0.022720010908  0.000000000000
  0.360784313725 -0.012040946875  0.061046515362  0.232668354677 -0.000000000000  0.007936684479 -0.000000000000
  0.364705882353 -0.004526415823  0.054920908694 -0.075471215427  0.000000000000  0.019625761547  0.000000000000
  0.368627450980 -0.019022061393  0.158397081227 -0.067832412427 -0.000000000000  0.007308892392 -0.000000000000
  0.372549019608 -0.001350552629 -0.050020333449  0.098171855014  0.000000000000  0.020763495718  0.000000000000
  0.376470588235 -0.017469907337 -0.015318750358 -0.110406988611 -0.000000000000  0.009814932956 -0.000000000000
  0.380392156863  0.002370951453 -0.029920038267 -0.228298133720  0.000000000000  0.019240331956  0.000000000000
  0.384313725490 -0.017332559384  0.067898110469 -0.161172710034  0.000000000000  0.014964221061  0.000000000000
  0.388235294118  0.009639500532  0.147780967975  0.046615332459  0.000000000000  0.010222097374  0.000000000000
  0.392156862745 -0.009538178352  0.075548430881  0.036002549968 -0.000000000000  0.019797285692 -0.000000000000
  0.396078431373  0.014961683247 -0.066304512875  0.245981696883  0.000000000000  0.002992605698  0.000000000000
  0.400000000000  0.000218174300 -0.051309258285 -0.242811459909 -0.000000000000  0.019454307509 -0.000000000000
  0.403921568627  0.019708592107 -0.144522677114  0.194979874927  0.000000000000  0.007136066324  0.000000000000
  0.407843137255  0.002582322084 -0.120358454685  0.045357083428 -0.000000000000  0.021003454438 -0.000000000000
  0.411764705882  0.019137268084 -0.178654430784 -0.080802038505  0.000000000000  0.004716981527  0.000000000000
  0.415686274510  0.005936889943  0.033224245809  0.260039314687 -0.000000000000  0.022964592769 -0.000000000000
  0.419607843137  0.020052476923  0.157555033606 -0.098908887940  0.000000000000  0.006871256880  0.000000000000
  0.423529411765  0.003049326944  0.097248043755 -0.089224628380 -0.000000000000  0.021142550142 -0.000000000000
  0.427450980392  0.022926985161 -0.056204242042 -0.230579252569  0.000000000000  0.005885060654  0.000000000000
  0.431372549020  0.004517695779 -0.138267881543  0.056997101746 -0.000000000000  0.014998199897 -0.000000000000
  0.435294117647  0.019831305661 -0.103093751159  0.123226517352  0.000000000000  0.004403724933  0.000000000000
  0.439215686275  0.005875307772 -0.034338124831 -0.383376983338 -0.000000000000  0.012620980603 -0.000000000000
  0.443137254902  0.014782172499  0.040700096470  0.067145658310  0.000000000000  0.003180195641  0.000000000000
  0.447058823529  0.004402728649  0.087298103132 -0.134855142183 -0.000000000000  0.006768879196 -0.000000000000
  0.450980392157  0.012341692439  0.042161491801 -0.078899436129  0.000000000000  0.003149231358  0.000000000000
  0.454901960784 -0.001594001282  0.056525231087  0.287161744080 -0.000000000000  0.007729894328 -0.000000000000
  0.458823529412  0.006768774683 -0.052066860754 -0.129172759465  0.000000000000  0.008868029910  0.000000000000
  0.462745098039 -0.000966031924  0.001731793870 -0.280649931120 -0.000000000000  0.012216042856 -0.000000000000
  0.466666666667  0.006322004296  0.030607849000 -0.031776303420  0.000000000000  0.011349849868  0.000000000000
  0.470588235294  0.007670723614  0.057070599311 -0.017374698826 -0.000000000000  0.006211078138 -0.000000000000
  0.474509803922  0.010312494565  0.044713029851  0.094987910672  0.000000000000  0.010268748817  0.000000000000
  0.478431372549  0.010491513647 -0.012531812836  0.078691840297 -0.000000000000  0.007509753942 -0.000000000000
  0.482352941176  0.003902025623  0.040749462444 -0.006594900151  0.000000000000  0.014415439341  0.000000000000
  0.486274509804  0.008554899417 -0.197054637832  0.342458462582 -0.000000000000  0.005879757767 -0.000000000000
  0.490196078431  0.002750952485 -0.244387048018  0.166854355773  0.000000000000  0.011516925175  0.000000000000
  0.494117647059  0.013646216768 -0.135601539637 -0.513169483281 -0.000000000000  0.001301143175 -0.000000000000
  0.498039215686  0.004952612479  0.057550228343  0.273814676767  0.000000000000  0.008389944255  0.000000000000
  0.501960784314  0.009084722791  0.138949535290 -0.000574073418 -0.000000000000  0.005322135635 -0.000000000000
  0.505882352941 -0.000148125077  0.032866649693 -0.230204600686  0.000000000000  0.013851617456  0.000000000000
  0.509803921569  0.008018575367 -0.181990386777  0.000645786315 -0.000000000000  0.009785261757 -0.000000000000
  0.513725490196  0.003164460316 -0.190364099278  0.145440587442  0.000000000000  0.009082105186  0.000000000000
  0.517647058824  0.009037414492 -0.115757661062  0.107736164981 -0.000000000000  0.004931425971 -0.000000000000
  0.521568627451  0.002987958546  0.009449520858 -0.202201619328  0.000000000000  0.018180945558  0.000000000000
  0.525490196078  0.005904126624  0.022798727932 -0.347813760997 -0.000000000000  0.003572143783 -0.000000000000
  0.529411764706  0.003852548190  0.006319860928  0.484443552116  0.000000000000  0.013590702583  0.000000000000
  0.533333333333  0.011268890426 -0.070065231663 -0.086652684355 -0.000000000000  0.004398125632 -0.000000000000
  0.537254901961 -0.000120336607 -0.034696047803 -0.180212476027  0.000000000000  0.011082145861  0.000000000000
  0.541176470588  0.005559789513  0.039396118033  0.127241698908 -0.000000000000  0.006242854169 -0.000000000000
  0.545098039216 -0.001152577233  0.127805689657  0.021572873177  0.000000000000  0.009058588998  0.000000000000
  0.549019607843  0.006465097960  0.041597130903 -0.094472066664 -0.000000000000  0.007106585815 -0.000000000000
  0.552941176471 -0.006073217069  0.100741346086 -0.111831085501  0.000000000000  0.006704586219  0.000000000000
  0.556862745098  0.007935747599  0.147431940280 -0.071465140662 -0.000000000000  0.008788311100 -0.000000000000
  0.560784313725 -0.005947305352  0.115518072086 -0.123601856800  0.000000000000  0.009890869703  0.000000000000
  0.564705882353  0.006662793904  0.142337871347 -0.047665838789 -0.000000000000  0.004496339589 -0.000000000000
  0.568627450980 -0.001896326796 -0.190975836915  0.024884672833  0.000000000000  0.011656644573  0.000000000000
  0.572549019608  0.008516610283 -0.213912208114 -0.098869130611 -0.000000000000  0.008338074104 -0.000000000000
  0.576470588235 -0.001173668262 -0.018578491301  0.220820103233  0.000000000000  0.007953506733  0.000000000000
  0.580392156863  0.007336876230  0.096110000868  0.059751159901  0.000000000000  0.011841472389 -0.000000000000
  0.584313725490 -0.005659542321  0.065542071098 -0.381141470018  0.000000000000  0.004828008991  0.000000000000
  0.588235294118  0.007828964096  0.135957549272  0.469913050488 -0.000000000000  0.010193722010 -0.000000000000
  0.592156862745 -0.011596494787  0.004583438097 -0.304141641925  0.000000000000  0.010888782956  0.000000000000
  0.596078431373  0.003368713084 -0.071494904087 -0.119279923238  0.000000000000  0.009021615954 -0.000000000000
  0.600000000000 -0.009921438141 -0.113632071337 -0.058096175023  0.000000000000  0.006584597535  0.000000000000
  0.603921568627  0.010802446907 -0.156088298334 -0.269453789099  0.000000000000  0.019015954261 -0.000000000000
  0.607843137255 -0.008669742637  0.030303571886 -0.064866700202  0.000000000000  0.008298507841  0.000000000000
  0.611764705882  0.005789947825  0.174189537426 -0.202149970107 -0.000000000000  0.018120741379 -0.000000000000
  0.615686274510 -0.016116889914  0.160435751737  0.098590946341  0.000000000000  0.008676752251  0.000000000000
  0.619607843137  0.006171049452 -0.001844290519 -0.347718619209  0.000000000000  0.020429262613 -0.000000000000
  0.623529411765 -0.009501905286  0.047420624492 -0.042869902562  0.000000000000  0.010722554427  0.000000000000
  0.627450980392  0.004812786554  0.153873877197  0.051080858182  0.000000000000  0.018374902196 -0.000000000000
  0.631372549020 -0.008907638074  0.120180031273  0.114680365874  0.000000000000  0.008851102069  0.000000000000
  0.635294117647  0.006934734316 -0.040335256952  0.103487825789 -0.000000000000  0.016027317718 -0.000000000000
  0.639215686275 -0.009604777199 -0.036895129356  0.011400137914  0.000000000000  0.007463529061  0.000000000000
  0.643137254902  0.005541470814 -0.071501528596  0.033825083287  0.000000000000  0.007838828166 -0.000000000000
  0.647058823529 -0.008934377746 -0.109548582217  0.074998773960  0.000000000000  0.011304300236  0.000000000000
  0.650980392157  0.006873582486 -0.113945576148  0.226368616001  0.000000000000  0.010265781733 -0.000000000000
  0.654901960784 -0.003578237407 -0.133363689753  0.148894581792  0.000000000000  0.006495795870  0.000000000000
  0.658823529412  0.010975846063 -0.017161282741 -0.019706832131 -0.000000000000  0.013550065324 -0.000000000000
  0.662745098039 -0.007594515223  0.223228397076  0.266259891875  0.000000000000  0.005422198921  0.000000000000
  0.666666666667  0.006274778031  0.044888484662  0.118122495798 -0.000000000000  0.012901754496 -0.000000000000
  0.670588235294 -0.012084037760 -0.080402149305 -0.009223319863  0.000000000000  0.008152551468  0.000000000000
  0.674509803922  0.004151557690 -0.075979654664  0.049359145575  0.000000000000  0.011431639604 -0.000000000000
  0.678431372549 -0.012380680398 -0.065647668631 -0.154633210571  0.000000000000  0.007475420552  0.000000000000
  0.682352941176  0.007719399541 -0.026684388709  0.111724413188 -0.000000000000  0.007698909852 -0.000000000000
  0.686274509804 -0.011358193051 -0.052587043235 -0.149346396861  0.000000000000  0.007411487409  0.000000000000
  0.690196078431  0.007324178422 -0.026772969326 -0.113278236299 -0.000000000000  0.012023857135 -0.000000000000
  0.694117647059 -0.007288810046  0.080825337557 -0.041875135562  0.000000000000  0.005433175795  0.000000000000
  0.698039215686  0.007349140764 -0.136187281589 -0.465218183796 -0.000000000000  0.008344392896 -0.000000000000
  0.701960784314 -0.009980398492 -0.048471364170  0.172609779825  0.000000000000  0.006951148682  0.000000000000
  0.705882352941  0.004590465933 -0.191719270367 -0.201696432170  0.000000000000  0.009658606606 -0.000000000000
  0.709803921569 -0.006148538317 -0.095087527538 -0.308179383549  0.000000000000  0.008560968019  0.000000000000
  0.713725490196  0.006947144462  0.022567938578  0.029128878285 -0.000000000000  0.008568690649 -0.000000000000
  0.717647058824 -0.007809766842 -0.020705390640  0.158338500182  0.000000000000  0.006304535223  0.000000000000
  0.721568627451  0.007926491069  0.049223571523  0.105976471955 -0.000000000000  0.004215789009 -0.000000000000
  0.725490196078 -0.006866460863  0.122672741511 -0.047279987307  0.000000000000  0.010834841847  0.000000000000
  0.729411764706  0.006303672701  0.104491333981  0.208116646725 -0.000000000000  0.002203114966 -0.000000000000
  0.733333333333 -0.000950402464 -0.011991268656 -0.035882618510  0.000000000000  0.015537034805  0.000000000000
  0.737254901961  0.010828633947 -0.229742935999 -0.084747118909 -0.000000000000  0.004329123653 -0.000000000000
  0.741176470588  0.002134747537 -0.098621070363 -0.185583686846  0.000000000000  0.017566215012  0.000000000000
  0.745098039216  0.015491790226  0.048425810192  0.131194834408 -0.000000000000  0.004862156511 -0.000000000000
  0.749019607843  0.004299408400 -0.062038414549  0.067317669976  0.000000000000  0.014853899153  0.000000000000
  0.752941176471  0.017527538223 -0.099889858200 -0.169512522888 -0.000000000000  0.007539663026 -0.000000000000
  0.756862745098  0.004861435020 -0.106249297508  0.035800652480  0.000000000000  0.010281344742  0.000000000000
  0.760784313725  0.014324699398  0.114817994964 -0.042387820864 -0.000000000000  0.010625940853 -0.000000000000
  0.764705882353  0.006847091562  0.172058112241 -0.029131503402  0.000000000000  0.013146385252  0.000000000000
  0.768627450980  0.010281315684  0.086890334130 -0.070964536786 -0.000000000000  0.013076419928 -0.000000000000
  0.772549019608  0.008740468973  0.140023797701  0.240030521854  0.000000000000  0.011305439340  0.000000000000
  0.776470588235  0.013111362646  0.115860534239 -0.000904992305 -0.000000000000  0.009525660862 -0.000000000000
  0.780392156863  0.010015534222  0.046660713043  0.215776237688  0.000000000000  0.012473388584  0.000000000000
  0.784313725490  0.010753180489 -0.144339173144  0.022599657436  0.000000000000  0.012700540511 -0.000000000000
  0.788235294118  0.007980553324 -0.088710052948  0.190279786036  0.000000000000  0.014301081256  0.000000000000
  0.792156862745  0.009317996455 -0.197927951424  0.222305403865 -0.000000000000  0.017898315318 -0.000000000000
  0.796078431373  0.012521752615 -0.096820433717  0.004791800569  0.000000000000  0.012816148499  0.000000000000
  0.800000000000  0.009968542666  0.017064035078  0.120425191632 -0.000000000000  0.015404525471 -0.000000000000
  0.803921568627  0.017537148227  0.110672938732  0.102646339199  0.000000000000  0.006211624350  0.000000000000
  0.807843137255  0.008411005038  0.019854962910  0.147489615297 -0.000000000000  0.013525145618 -0.000000000000
  0.811764705882  0.014422692964  0.006400752632 -0.215430925596  0.000000000000  0.009284511079  0.000000000000
  0.815686274510  0.001092994778  0.229448784757 -0.037489420551  0.000000000000  0.015779416309 -0.000000000000
  0.819607843137  0.013520557795  0.225041339990  0.300481575618  0.000000000000  0.013889026151  0.000000000000
  0.823529411765  0.006612180816  0.140329438298  0.141570724100  0.000000000000  0.018233941088 -0.000000000000
  0.827450980392  0.015778584214 -0.113573103459 -0.114975575637  0.000000000000  0.016889882906  0.000000000000
  0.831372549020  0.012071643963 -0.109084489301 -0.032225536427  0.000000000000  0.021373563174  0.000000000000
  0.835294117647  0.018185673586 -0.149736749120 -0.147515875216  0.000000000000  0.019350585764  0.000000000000
  0.839215686275  0.015204666000 -0.219227803249  0.173922029473  0.000000000000  0.026162460504  0.000000000000
  0.843137254902  0.019786205181 -0.208606255303 -0.057297647349  0.000000000000  0.025166807420  0.000000000000
  0.847058823529  0.016405752345 -0.132962081459 -0.003291513450  0.000000000000  0.027736996485  0.000000000000
  0.850980392157  0.024007136629  0.113307680289  0.086121757295  0.000000000000  0.032490029949  0.000000000000
  0.854901960784  0.023334167413  0.153305981006 -0.171158279586  0.000000000000  0.027410096556  0.000000000000
  0.858823529412  0.027315983246  0.006058903436 -0.001459722438  0.000000000000  0.028241301050  0.000000000000
  0.862745098039  0.031145355184  0.101146609728  0.022198034940 -0.000000000000  0.027454224561  0.000000000000
  0.866666666667  0.027217998341  0.168495744372  0.130161843778  0.000000000000  0.029543414665  0.000000000000
  0.870588235294  0.027020663996  0.034434116997  0.081647821997 -0.000000000000  0.026365969763 -0.000000000000
  0.874509803922  0.027186356717 -0.126285801539  0.326672839951  0.000000000000  0.021876894713  0.000000000000
  0.878431372549  0.025108609533  0.067087048175  0.341322476812  0.000000000000  0.024909832472  0.000000000000
  0.882352941176  0.025172484839  0.096081771198 -0.054430720455  0.000000000000  0.021674114533  0.000000000000
  0.886274509804  0.017642061755  0.031433027413  0.002558803789 -0.000000000000  0.022467195864  0.000000000000
  0.890196078431  0.023842909231 -0.019994443021  0.240394468476  0.000000000000  0.018550281538  0.000000000000
  0.894117647059  0.013449651793  0.055391007926  0.135184616199  0.000000000000  0.023558571596 -0.000000000000
  0.898039215686  0.020912684127  0.152114551042  0.184048064641 -0.000000000000  0.024178582896  0.000000000000
  0.901960784314  0.007059264443 -0.114258727769 -0.111573230332 -0.000000000000  0.018992918618 -0.000000000000
  0.905882352941  0.022048187130  0.001173375182  0.212463947342 -0.000000000000  0.012220359466  0.000000000000
  0.909803921569  0.012986174050  0.118850763039  0.005957002337 -0.000000000000  0.011888036744  0.000000000000
  0.913725490196  0.017963450892  0.223009204644 -0.382953820098 -0.000000000000  0.011011322245  0.000000000000
  0.917647058824  0.006240831547  0.074504281715 -0.084350164993 -0.000000000000  0.012210382366 -0.000000000000
  0.921568627451  0.011366795482 -0.210132675686 -0.405920022735 -0.000000000000  0.002238324570  0.000000000000
  0.925490196078  0.007884747513  0.109451998542  0.138696847752 -0.000000000000  0.011661194894 -0.000000000000
  0.929411764706  0.011624482477 -0.011438927581 -0.469146765641 -0.000000000000  0.004765464216  0.000000000000
  0.933333333333  0.002184320940  0.205688670985 -0.126649388699 -0.000000000000  0.012234011878 -0.000000000000
  0.937254901961  0.011535023514  0.104199172507  0.364055672103 -0.000000000000  0.005106321676  0.000000000000
  0.941176470588  0.001652473012 -0.105936584637  0.135270053907 -0.000000000000  0.015702266259 -0.000000000000
  0.945098039216  0.012045482581 -0.040543987055 -0.034876990225 -0.000000000000  0.006269855080  0.000000000000
  0.949019607843 -0.002262218135 -0.191633460744  0.191354019910 -0.000000000000  0.021129347496 -0.000000000000
  0.952941176471  0.013347486382  0.047386147863 -0.119147354122 -0.000000000000  0.011517076675  0.000000000000
  0.956862745098  0.005987362085  0.134697478074 -0.000762646038 -0.000000000000  0.017338219085 -0.000000000000
  0.960784313725  0.020249029207  0.065250992854 -0.134999934628  0.000000000000  0.008801103243  0.000000000000
  0.964705882353  0.011435130812 -0.075818860017  0.050734535028 -0.000000000000  0.007981704852 -0.000000000000
  0.968627450980  0.015342902656  0.246191559414 -0.061764030008  0.000000000000  0.002265744613  0.000000000000
  0.972549019608  0.006049327203  0.079492614738 -0.155030495855 -0.000000000000  0.009846722491 -0.000000000000
  0.976470588235  0.006650936497 -0.080164028491  0.275792421975  0.000000000000  0.004633523107  0.000000000000
  0.980392156863  0.002114439426 -0.247671931856  0.008483555103 -0.000000000000  0.009557624097 -0.000000000000
  0.984313725490  0.004944758492 -0.084409986617 -0.098701532031 -0.000000000000  0.001051722714  0.000000000000
  0.988235294118 -0.004504693732  0.049847689474  0.040642505864 -0.000000000000  0.000000000000 -0.000000000000
  0.992156862745  0.004614193112 -0.038803223534  0.012415228583  0.000000000000  0.000000000000  0.000000000000
  0.996078431373  0.000994236735  0.029609607654 -0.504035373914 -0.000000000000  0.008366767251  0.000000000000
  1.000000000000 -0.000000000000 -0.098912831937  0.522128555112 -0.000000000000  0.102193922708  0.000000000000
