             Rad         v_r[Re]         v_t[Re]         v_x[Re]         p[Re]          p_mg[Re]  p_no_phase[Re]         v_r[Im]         v_t[Im]         v_x[Im]         p[Im]          p_mg[Im]  p_no_phase[Im]
  0.000000000000 -0.064089092047  0.000000000000  0.009768027315 -0.005013001356  0.189503109850 -0.003394984105  0.023643979631  0.000000000000 -0.003389316262  0.001345002784  0.189503109850  0.003925977333
  0.007874015748 -0.079342416516 -0.020162804302 -0.006007298963  0.003083030601  0.239825093778  0.002087524558  0.029281700212 -0.054619050355  0.002085919861 -0.000827924299  0.239825093778 -0.002415114397
  0.015748031496 -0.121928615717 -0.042181962654 -0.025137941013  0.012901111945  0.284085286666  0.008735622724  0.044990824853 -0.114278603928  0.008727723238 -0.003464030092  0.284085286666 -0.010105794848
  0.023622047244 -0.177803376050 -0.066708701237 -0.059648611178  0.030612203635  0.317046027481  0.020729902453  0.065554466729 -0.180777837741  0.020703368154 -0.008216512765  0.317046027481 -0.023976847951
  0.031496062992 -0.225049507613 -0.086645448056 -0.103360355922  0.053044673206  0.339295710459  0.035926717218  0.082878192117 -0.234942678014  0.035853281817 -0.014226756215  0.339295710459 -0.041538042056
  0.039370078740 -0.266637915596 -0.106327774436 -0.158655571800  0.081420852326  0.348531863791  0.055156368793  0.098023834179 -0.288506308735  0.054995053508 -0.021818268708  0.348531863791 -0.063742976275
  0.047244094488 -0.297649364577 -0.123112854824 -0.220662034134  0.113239194740  0.345286463405  0.076733096871  0.109192670580 -0.334387062406  0.076407711241 -0.030304948634  0.345286463405 -0.088620183828
  0.055118110236 -0.318648381674 -0.138344222071 -0.289598109111  0.148611690597  0.328609197154  0.100733329926  0.116553798705 -0.376161285997  0.100164901408 -0.039715801090  0.328609197154 -0.116256508121
  0.062992125984 -0.327458630506 -0.150611540470 -0.360839597481  0.185163469306  0.299774207999  0.125561777295  0.119353698664 -0.410114487642  0.124614723517 -0.049390370022  0.299774207999 -0.144772784386
  0.070866141732 -0.324593393764 -0.160647149906 -0.433647827775  0.222516135735  0.258682582874  0.150956864627  0.117736445232 -0.438107058223  0.149520152737 -0.059236597928  0.258682582874 -0.173880505573
  0.078740157480 -0.309133626655 -0.167583810469 -0.503624029790  0.258409802709  0.207599394649  0.175406583846  0.111446872208 -0.457928947619  0.173287864942 -0.068615233746  0.207599394649 -0.201782573037
  0.086614173228 -0.282289758962 -0.171964712544 -0.569625919815  0.292260250608  0.146972067834  0.198499944059  0.100881454028 -0.470863457330  0.195577177345 -0.077396864143  0.146972067834 -0.228044076602
  0.094488188976 -0.243932079166 -0.173280326733 -0.627786818687  0.322079881473  0.080042046357  0.218915323960  0.086103539045 -0.475704042670  0.214957675141 -0.085004630830  0.080042046357 -0.251072336683
  0.102362204724 -0.196198375722 -0.172001999551 -0.676908321321  0.347257412606  0.009053306234  0.236210113019  0.067850615492 -0.473478949792  0.231117447610 -0.091325549209  0.009053306234 -0.270430858180
  0.110236220472 -0.139460894849 -0.167911884483 -0.714063812078  0.366286891798  0.067461782533  0.249394990544  0.046383698980 -0.463803001066  0.242930075600 -0.095901092859  0.067461782533 -0.284895148091
  0.118110236220 -0.076735383902 -0.161437386006 -0.738219701595  0.378643554695  0.142764709438  0.258071154219  0.022768619688 -0.447537995113  0.250194502593 -0.098667842136  0.142764709438 -0.294118282234
  0.125984251969 -0.008658731708 -0.152615053845 -0.747775724447  0.383501408922  0.215018589517  0.261715355870 -0.002643618540 -0.425011471908  0.252224275553 -0.099339761593  0.215018589517 -0.297400052759
  0.133858267717  0.061125303836 -0.141822724466 -0.741979468902  0.380481806561  0.283492908560  0.260013876360 -0.028544514945 -0.396923814913  0.248966253513 -0.097917359617  0.283492908560 -0.294528434176
  0.141732283465  0.131915855430 -0.129314600097 -0.720833399747  0.369580726652  0.344300875499  0.253004400806 -0.054589095496 -0.364204574177  0.240274619589 -0.094327536821  0.344300875499 -0.285440660888
  0.149606299213  0.199835331007 -0.115401575471 -0.683894178028  0.350579490329  0.396989073849  0.240471216574 -0.079365195893 -0.327370601674  0.226240971445 -0.088632133629  0.396989073849 -0.270065229436
  0.157480314961  0.264271460704 -0.100510100909 -0.632870019344  0.324349190846  0.438448601275  0.223046852194 -0.102610059260 -0.287817050558  0.207303424688 -0.080988952458  0.438448601275 -0.249021504591
  0.165354330709  0.321588896337 -0.084866176043 -0.567587259569  0.290810124654  0.468476774954  0.200605304557 -0.122978350218 -0.245855028047  0.183663154483 -0.071504980435  0.468476774954 -0.222353328313
  0.173228346457  0.371356504903 -0.069013118968 -0.491353483730  0.251654256106  0.485187097852  0.174334516658 -0.140337703492 -0.203181155719  0.156315073639 -0.060559169001  0.485187097852 -0.191323688727
  0.181102362205  0.410668230383 -0.053079951432 -0.404184473690  0.206898689140  0.488591728578  0.144177235876 -0.153586394300 -0.159892589973  0.125514516159 -0.048278795208  0.488591728578 -0.156047538557
  0.188976377953  0.439302591372 -0.037664293337 -0.310666555273  0.158892108503  0.478341843233  0.111762611904 -0.162738200449 -0.117804687678  0.092712971079 -0.035225333948  0.478341843233 -0.118307416829
  0.196850393701  0.455507320758 -0.022795443246 -0.210912138319  0.107699715148  0.454583046459  0.077077378084 -0.167091593618 -0.076812768155  0.058157874230 -0.021518625289  0.454583046459 -0.078239105728
  0.204724409449  0.459241513033 -0.009060640986 -0.110278908019  0.056066921197  0.418629173895  0.042012773898 -0.166790617068 -0.038664739279  0.023592274981 -0.007838329533  0.418629173895 -0.037945564850
  0.212598425197  0.450201670429  0.003602829153 -0.008895919454  0.004064981825  0.370655749743  0.006578653956 -0.161645831775 -0.003087153769 -0.010799657335  0.005727990683  0.370655749743  0.002460745135
  0.220472440945  0.428456735188  0.014678809338  0.087744963893 -0.045490618409  0.313546347951 -0.027295547707 -0.151890000329  0.028411552160 -0.043194700868  0.018465368306  0.313546347951  0.040808323481
  0.228346456693  0.395266547637  0.024304703050  0.179546777153 -0.092548334988  0.247413277315 -0.059588543203 -0.137893950395  0.056223234103 -0.073509773744  0.030335698726  0.247413277315  0.077036708427
  0.236220472441  0.350719843592  0.032086082102  0.261571113136 -0.134575251305  0.176419791676 -0.088573490672 -0.119921958491  0.079219655034 -0.100072941319  0.040679818490  0.176419791676  0.109179131002
  0.244094488189  0.297547061371  0.038210458787  0.333762010670 -0.171544486526  0.100662652616 -0.114218129254 -0.098879009817  0.097850102044 -0.122915806724  0.049515568073  0.100662652616  0.137235277129
  0.251968503937  0.235771700508  0.042440578197  0.392381422181 -0.201537555588  0.026788033660 -0.135223956699 -0.075000233542  0.111461809266 -0.140738564680  0.056326849677  0.026788033660  0.159701539884
  0.259842519685  0.169296735493  0.044985610805  0.437385647042 -0.224537410751  0.054214077824 -0.151538302784 -0.049624169983  0.120498180770 -0.153675325235  0.061182387163  0.054214077824  0.176625242011
  0.267716535433  0.098022121503  0.045782211243  0.466752850831 -0.239504752905  0.125168389333 -0.162470185665 -0.022904875635  0.124822495249 -0.160977840585  0.063780397306  0.125168389333  0.187173461031
  0.275590551181  0.026551763958  0.045032704546  0.480396940127 -0.246403763997  0.192390268592 -0.167931397470  0.003550010998  0.124815098612 -0.162848363109  0.064225250643  0.192390268592  0.191412495610
  0.283464566929 -0.045354565648  0.042844309396  0.478320750205 -0.245232796907  0.250927011190 -0.167944537584  0.029700666815  0.120838108175 -0.159201797372  0.062474237685  0.250927011190  0.189306067913
  0.291338582677 -0.112979009244  0.039387621402  0.460333591846 -0.235904362820  0.301128843932 -0.162371052073  0.053878280953  0.113165140238 -0.150259829852  0.058645229143  0.301128843932  0.180902660974
  0.299212598425 -0.176671529948  0.034917947749  0.428513264714 -0.219480577296  0.339657183107 -0.151962517411  0.076165516835  0.102585680456 -0.136626270858  0.052965671424  0.339657183107  0.166986464905
  0.307086614173 -0.232225486582  0.029555895501  0.382515511149 -0.195795865514  0.366896865902 -0.136521946333  0.095056237702  0.089241642796 -0.118489669252  0.045542377661  0.366896865902  0.147552998224
  0.314960629921 -0.280028115805  0.023666426591  0.326268410644 -0.166861201636  0.381153647857 -0.117448977807  0.110737685574  0.074233847775 -0.097076022844  0.036847641694  0.381153647857  0.124121500642
  0.322834645669 -0.316961587499  0.017310467859  0.259256968051 -0.132422693404  0.382664103109 -0.094492118824  0.122075198490  0.057568575751 -0.072495378451  0.026955123848  0.382664103109  0.096610495860
  0.330708661417 -0.343350510472  0.010913244516  0.186780787917 -0.095194946201  0.371633618178 -0.069529385826  0.129320289078  0.040512084786 -0.046442899829  0.016522601249  0.371633618178  0.067087544604
  0.338582677165 -0.357613583316  0.004475535486  0.108180948449 -0.054848143618  0.348041734903 -0.042273617010  0.131873531471  0.022951385207 -0.018921526231  0.005575292392  0.348041734903  0.035388473384
  0.346456692913 -0.359906726925 -0.001571314914  0.029452867682 -0.014454237557  0.314009504968 -0.014842914112  0.129996014255  0.006160300631  0.008125166312 -0.005129721848  0.314009504968  0.003863538567
  0.354330708661 -0.350436139126 -0.007278578469 -0.050132699816  0.026355861842  0.269199875829  0.013052149495  0.123717656599 -0.010060385417  0.034806960774 -0.015621128640  0.269199875829 -0.027718089887
  0.362204724409 -0.329100752373 -0.012261053970 -0.124670658888  0.064555835281  0.217414007416  0.039329892053  0.113250801420 -0.024580246277  0.059191599881 -0.025144259276  0.217414007416 -0.057033755220
  0.370078740157 -0.297907175910 -0.016607217804 -0.194847910168  0.100496944205  0.158033628916  0.064237828381  0.099263708130 -0.037640858580  0.081482477608 -0.033776198043  0.158033628916 -0.084344346306
  0.377952755906 -0.256448727977 -0.020022152398 -0.255641534244  0.131604480961  0.096220066177  0.086008727783  0.081869549071 -0.048381667342  0.100022206049 -0.040868110771  0.096220066177 -0.107668196939
  0.385826771654 -0.208298289611 -0.022612600675 -0.307561750366  0.158143148542  0.032941107432  0.104800024766  0.062295049290 -0.057039087044  0.115067065677 -0.046529929432  0.032941107432 -0.127244821399
  0.393700787402 -0.152750145220 -0.024204870246 -0.347156715629  0.178343096052  0.038698568386  0.119400480605  0.040521858342 -0.063110263817  0.125465186020 -0.050309312731  0.038698568386 -0.141706782083
  0.401574803150 -0.094487882436 -0.024904016989 -0.374628231082  0.192314528401  0.100053170356  0.129833973485  0.018175291134 -0.066782663648  0.131470821973 -0.052326293483  0.100053170356 -0.151215270899
  0.409448818898 -0.032574352084 -0.024672013016 -0.388584079404  0.199343002996  0.157096667431  0.135616271806 -0.004901851202 -0.067951244627  0.132602300298 -0.052389871722  0.157096667431 -0.155211334393
  0.417322834646  0.027815515840 -0.023594291729 -0.388815372794  0.199330904750  0.209474293546  0.136607977487 -0.026904948870 -0.066721004800  0.129053164549 -0.050604482848  0.209474293546 -0.153726652730
  0.425196850394  0.087727257599 -0.021765275580 -0.376205663874  0.192730095250  0.252715291820  0.133127201927 -0.048109928003 -0.063374123282  0.121086090121 -0.047069806252  0.252715291820 -0.147097261642
  0.433070866142  0.142195437838 -0.019237413629 -0.350087023867  0.179209093625  0.287610394373  0.124863043792 -0.066781886585 -0.057914622255  0.108782968148 -0.041850916263  0.287610394373 -0.135191045284
  0.440944881890  0.192212112949 -0.016217809554 -0.313526674576  0.160338917347  0.311393268678  0.112903122758 -0.083270542764 -0.050953944748  0.093122147526 -0.035327133189  0.311393268678 -0.119203437982
  0.448818897638  0.233707679036 -0.012718869799 -0.265420380358  0.135564424740  0.324515592806  0.096783123907 -0.096154768364 -0.042393960916  0.074041180071 -0.027506984633  0.324515592806 -0.098830027752
  0.456692913386  0.267445361072 -0.009027211406 -0.210625062279  0.107373862878  0.326189519490  0.078221427578 -0.105795641651 -0.033079141202  0.053104632882 -0.018998811757  0.326189519490 -0.075970451790
  0.464566929134  0.290826910276 -0.005115135796 -0.147700036874  0.075038179902  0.316361756945  0.056645446226 -0.111290053632 -0.022824988609  0.030098813967 -0.009747539551  0.316361756945 -0.050170074667
  0.472440944882  0.304227922944 -0.001306967450 -0.082644827412  0.041631146175  0.296353619798  0.034176717539 -0.112941316069 -0.012588042477  0.006960722260 -0.000506807789  0.296353619798 -0.023777324581
  0.480314960630  0.306903259532  0.002458561513 -0.013852112357  0.006335614240  0.265549309310  0.010202685503 -0.110498832181 -0.002127256330 -0.016652635309  0.008837194175  0.265549309310  0.003760480981
  0.488188976378  0.298728349299  0.005864149705  0.052350974827 -0.027606894034  0.227232546601 -0.013038602106 -0.104144777030  0.007618233702 -0.038701121717  0.017490992002  0.227232546601  0.029967820317
  0.496062992126  0.280941667255  0.008992878737  0.117518888422 -0.060989961378  0.180282071185 -0.036116474248 -0.094325222327  0.016907154937 -0.059608362964  0.025610674549  0.180282071185  0.055419151271
  0.503937007874  0.252876327089  0.011576221422  0.175869257371 -0.090851471878  0.129585078304 -0.056983397928 -0.081055529565  0.024939018102 -0.077518557805  0.032475431822  0.129585078304  0.077855866671
  0.511811023622  0.217610432753  0.013704207365  0.228665364852 -0.117839664626  0.074017939492 -0.076079028081 -0.065424229394  0.031948554914 -0.092867702736  0.038258040071  0.074017939492  0.097784690393
  0.519685039370  0.173977026569  0.015190531645  0.271478620585 -0.139686456311  0.023947807836 -0.091831471015 -0.047261182983  0.037371801357 -0.104249349107  0.042413891524  0.023947807836  0.113482268228
  0.527559055118  0.126490420597  0.016116689711  0.305061126796 -0.156781816196  0.046573103009 -0.104474352405 -0.028150772926  0.041381554861 -0.112035080381  0.045101933200  0.046573103009  0.125298970297
  0.535433070866  0.073611029218  0.016399679122  0.326969630382 -0.167875280468  0.098440977569 -0.113134622266 -0.007750596367  0.043713243705 -0.115472202363  0.046033343024  0.098440977569  0.132294125745
  0.543307086614  0.020678541903  0.016098849219  0.337280823471 -0.173013721169  0.149374527172 -0.117786588706  0.012078717022  0.044449395544 -0.114795801955  0.045323065180  0.149374527172  0.134589180364
  0.551181102362 -0.034020004736  0.015240904460  0.335899666622 -0.172150082571  0.193234191627 -0.118385242962  0.031807125013  0.043645924851 -0.110020600713  0.042981895870  0.193234191627  0.132166669591
  0.559055118110 -0.085055432213  0.013853409803  0.322150626336 -0.164947722995  0.231207803344 -0.114625805664  0.049560059683  0.041280679910 -0.101190943542  0.039056384080  0.231207803344  0.124876247279
  0.566929133858 -0.134069295594  0.012064209354  0.298326084685 -0.152582818222  0.259651176249 -0.107307014341  0.065864811142  0.037708236260 -0.089094296521  0.033858199400  0.259651176249  0.113635816345
  0.574803149606 -0.176302309109  0.009864833582  0.263028987666 -0.134349662540  0.279391225016 -0.095864789606  0.079100876206  0.032803439606 -0.073558613210  0.027351546403  0.279391225016  0.098019799168
  0.582677165354 -0.213069919385  0.007462426603  0.220644367671 -0.112496276626  0.288782380317 -0.081839920569  0.089767799239  0.027159240193 -0.056038812600  0.020106871756  0.288782380317  0.079761682202
  0.590551181102 -0.240958912996  0.004814155394  0.169196332575 -0.086019668864  0.287943866679 -0.064468701668  0.096734355715  0.020564952183 -0.036155808502  0.012005575850  0.287943866679  0.058200548007
  0.598425196850 -0.260733735563  0.002174765076  0.114570436534 -0.057935935377  0.277450488053 -0.045827379047  0.100386133283  0.013762475293 -0.015829677164  0.003796932589  0.277450488053  0.035648851802
  0.606299212598 -0.270823481682 -0.000525751670  0.054453598380 -0.027067417778  0.256625626067 -0.025046337901  0.100249214218  0.006486187941  0.005480606956 -0.004706588799  0.256625626067  0.011290617391
  0.614173228346 -0.271284138136 -0.003021983475 -0.004578420603  0.003217220975  0.228212312401 -0.004453216220  0.096522467609 -0.000478792365  0.025661290098 -0.012683614323  0.228212312401 -0.012304204500
  0.622047244094 -0.262630553832 -0.005399655051 -0.064864845059  0.034111842801  0.190797651664  0.016811272383  0.089464884257 -0.007413925077  0.045339790267 -0.020363989302  0.190797651664 -0.035995708084
  0.629921259843 -0.244149592829 -0.007419678101 -0.120057002281  0.062365407629  0.148972580382  0.036490893247  0.079042319524 -0.013598350247  0.062511113052 -0.026972611566  0.148972580382 -0.057318239274
  0.637795275591 -0.218394345725 -0.009169654656 -0.172182323382  0.089015342900  0.100925568717  0.055311625722  0.066217590465 -0.019287635215  0.077793814827 -0.032746126105  0.100925568717 -0.077049750853
  0.645669291339 -0.183934618357 -0.010468836707 -0.216015519181  0.111387462779  0.053335536020  0.071405393400  0.050712917984 -0.023920065886  0.089581797295 -0.037068672652  0.053335536020 -0.093180057684
  0.653543307087 -0.145025790984 -0.011392695170 -0.252956942311  0.130201280995  0.020972130753  0.085253012335  0.034063905462 -0.027687191878  0.098384419960 -0.040144820508  0.020972130753 -0.106282190766
  0.661417322835 -0.099684643996 -0.011841669426 -0.279653123171  0.143742704231  0.057620174466  0.095640703613  0.015777901390 -0.030256530555  0.103230229600 -0.041609018081  0.057620174466 -0.115091838188
  0.669291338583 -0.053287965365 -0.011867121231 -0.296633945979  0.152288253717  0.105439274575  0.102720710436 -0.002252143393 -0.031726770610  0.104430224821 -0.041597886025  0.105439274575 -0.119877237161
  0.677165354331 -0.003557275950 -0.011461530910 -0.302910634066  0.155335992853  0.148397141124  0.106110992504 -0.020668237858 -0.032031400327  0.101794171417 -0.040051808433  0.148397141124 -0.120307419988
  0.685039370079  0.043756092757 -0.010644050037 -0.298012363683  0.152651978508  0.187605039560  0.105594359146 -0.037489849988 -0.031160972478  0.095371972648 -0.037012739845  0.187605039560 -0.116285857996
  0.692913385827  0.090908152439 -0.009496957481 -0.283479398202  0.145029983582  0.218587072730  0.101683140346 -0.053414870992 -0.029314500648  0.085789690422 -0.032738640262  0.218587072730 -0.108471441742
  0.700787401575  0.132582194391 -0.008004189542 -0.257849545557  0.131729390374  0.242612799242  0.093800948409 -0.066660882264 -0.026374966246  0.072811532122 -0.027164144030  0.242612799242 -0.096394528303
  0.708661417323  0.170678918638 -0.006323208103 -0.225000580741  0.114740797179  0.257242900699  0.083292031723 -0.077873985393 -0.022770525328  0.057797007222 -0.020830207235  0.257242900699 -0.081619761836
  0.716535433071  0.201073703557 -0.004405240964 -0.182634586047  0.092895548644  0.262905470911  0.069283538173 -0.085730240304 -0.018292926608  0.040244233516 -0.013568351714  0.262905470911 -0.063351988638
  0.724409448819  0.225013495712 -0.002458345305 -0.136442243006  0.069111545786  0.259448181465  0.053771341511 -0.090718780324 -0.013533178970  0.022056019125 -0.006126228203  0.259448181465 -0.043847226425
  0.732283464567  0.240163298996 -0.000408621574 -0.083576805553  0.041938016187  0.246300101346  0.035695012368 -0.092171035447 -0.008221530521  0.002527408297  0.001746541278  0.246300101346 -0.022084240993
  0.740157480315  0.246899055713  0.001516131636 -0.030754575717  0.014816199773  0.225636782018  0.017427894728 -0.090333509414 -0.003025524141 -0.016166573127  0.009202968726  0.225636782018 -0.000694906056
  0.748031496063  0.245026082147  0.003403497171  0.025037499596 -0.013791711338  0.195927417194 -0.002136496777 -0.085296998384  0.002347304046 -0.034835364822  0.016539753732  0.195927417194  0.021429188895
  0.755905511811  0.233950007861  0.005038587159  0.076998849558 -0.040403772682  0.161417039654 -0.020577814307 -0.077013854239  0.007246927701 -0.051345253923  0.022933630665  0.161417039654  0.041652968931
  0.763779527559  0.215667367754  0.006509151013  0.127882496876 -0.066427026581  0.119897029658 -0.038893471061 -0.066329057626  0.011946329029 -0.066489911970  0.028682775214  0.119897029658  0.061012698376
  0.771653543307  0.188652755535  0.007643067325  0.171767145901 -0.088832472942  0.077439043146 -0.054956905197 -0.052893200297  0.015901780922 -0.078487774280  0.033108554343  0.077439043146  0.077247156523
  0.779527559055  0.156834135314  0.008514752014  0.210736543431 -0.108687013642  0.034372715481 -0.069509677358 -0.038190505248  0.019327322606 -0.087992835466  0.036463327426  0.034372715481  0.091163841160
  0.787401574803  0.117933610195  0.009017826188  0.240597759184 -0.123849204863  0.030497096825 -0.081022103307 -0.021609287525  0.021857110716 -0.093838511616  0.038314094109  0.030497096825  0.101202836562
  0.795275590551  0.077273307646  0.009201956431  0.262434343704 -0.134876217519  0.071500848864 -0.089863207557 -0.005063726771  0.023615241374 -0.096430942839  0.038825158905  0.071500848864  0.107812758725
  0.803149606299  0.032120419329  0.009039583587  0.274394363669 -0.140827250834  0.112537707374 -0.095322299319  0.012237738011  0.024458865707 -0.095394501111  0.037875186374  0.112537707374  0.110365318705
  0.811023622047 -0.011550317189  0.008548025704  0.276360937498 -0.141646794133  0.151955327566 -0.097327586578  0.028225220771  0.024404087923 -0.090812761926  0.035510235073  0.151955327566  0.108867497325
  0.818897637795 -0.056548969845  0.007780160027  0.269109515969 -0.137740335318  0.184306520071 -0.096096173371  0.043755975566  0.023544259937 -0.083163527712  0.031941594433  0.184306520071  0.103721699234
  0.826771653543 -0.097090811097  0.006718311859  0.251288480145 -0.128421494975  0.211291782645 -0.091107579710  0.056904393340  0.021785001683 -0.072179769843  0.027084273990  0.211291782645  0.094472467886
  0.834645669291 -0.135658013887  0.005486028957  0.226216442338 -0.115397666324  0.229705427241 -0.083485513443  0.068464040517  0.019436224425 -0.059131312595  0.021454476026  0.229705427241  0.082505060329
  0.842519685039 -0.167480661469  0.004033332553  0.191450814087 -0.097424488080  0.240372689882 -0.072317013987  0.076935826342  0.016306477768 -0.043425559373  0.014843515430  0.240372689882  0.066948564704
  0.850393700787 -0.194339182632  0.002534960778  0.152406471189 -0.077281092933  0.242413246799 -0.059482750514  0.082924661635  0.012873306881 -0.026946663169  0.007999642045  0.242413246799  0.049981636519
  0.858267716535 -0.213167693558  0.000916219602  0.105857984640 -0.053322173173  0.235488594766 -0.043792024943  0.085581059395  0.008875563217 -0.008852909418  0.000617650022  0.235488594766  0.030428509572
  0.866141732283 -0.224758799026 -0.000623167941  0.058566644176 -0.029013446208  0.221171247219 -0.027624135714  0.085220374922  0.004887694263  0.008626508824 -0.006429972400  0.221171247219  0.010955899416
  0.874015748031 -0.228204502827 -0.002171293361  0.006958127723 -0.002530191566  0.197955197448 -0.009669624842  0.081773388784  0.000616226978  0.026464328390 -0.013501460237  0.197955197448 -0.009756518502
  0.881889763780 -0.223156857815 -0.003532518113 -0.041809067154  0.022462179359  0.169681537720  0.007525205531  0.075205685122 -0.003349746807  0.042408827585 -0.019727360082  0.169681537720 -0.028932499358
  0.889763779528 -0.211016904600 -0.004795011536 -0.091156984200  0.047711705893  0.133919470163  0.025206653363  0.066246407975 -0.007294037493  0.057420663451 -0.025465346541  0.133919470163 -0.047848880655
  0.897637795276 -0.190304268627 -0.005794979478 -0.134545300956  0.069873546779  0.096422549202  0.041020141874  0.054502711303 -0.010695081235  0.069554718577 -0.029977204719  0.096422549202 -0.064017913922
  0.905511811024 -0.164552595123 -0.006607366511 -0.174746086799  0.090364567607  0.055166266887  0.055969366789  0.041403715791 -0.013786463576  0.079612616865 -0.033564405632  0.055166266887 -0.078484102757
  0.913385826772 -0.131322740528 -0.007122780377 -0.206774675163  0.106640260903  0.025372382922  0.068226757840  0.026244281451 -0.016184910701  0.086243499473 -0.035730215715  0.025372382922 -0.089408629758
  0.921259842520 -0.095798578981 -0.007391660467 -0.232331712050  0.119570676004  0.045441754512  0.078402419696  0.010951724059 -0.018040463875  0.089961682501 -0.036670863796  0.045441754512 -0.097442082272
  0.929133858268 -0.054901770497 -0.007373300169 -0.248713249147  0.127782015990  0.082957375421  0.085459837832 -0.005395609193 -0.019157999637  0.090214174451 -0.036206914165  0.082957375421 -0.101665138380
  0.937007874016 -0.014743689390 -0.007086065864 -0.256267465021  0.131453582266  0.121751582667  0.089515744868 -0.020649005746 -0.019582700465  0.087138834464 -0.034394844967  0.121751582667 -0.102225148919
  0.944881889764  0.027969538082 -0.006562111641 -0.254978148604  0.130589284526  0.154678098228  0.090479301277 -0.035814214952 -0.019330155956  0.081069373807 -0.031402329759  0.154678098228 -0.099263102852
  0.952755905512  0.067061462011 -0.005784999818 -0.243746150288  0.124628921514  0.183737270157  0.087941397374 -0.048833251475 -0.018334406637  0.071732290021 -0.027132037912  0.183737270157 -0.092384123024
  0.960629921260  0.105572294027 -0.004853445828 -0.225270651725  0.114966508504  0.204960769563  0.082778979701 -0.060646010716 -0.016814531695  0.060307814378 -0.022077636060  0.204960769563 -0.082778986533
  0.968503937008  0.138140915795 -0.003718706790 -0.197116535814  0.100359058990  0.219622959219  0.074098820919 -0.069587365626 -0.014603040869  0.046137695311 -0.015997296368  0.219622959219 -0.069550118267
  0.976377952756  0.167106306885 -0.002530410714 -0.164338898767  0.083404768000  0.226106673994  0.063630744631 -0.076386298798 -0.012087170996  0.031084000785 -0.009641176756  0.226106673994 -0.054776235286
  0.984251968504  0.188695486395 -0.001214845920 -0.123474750201  0.062335232344  0.000000000000  0.050109691566 -0.080018313367 -0.009021990395  0.014189906604 -0.002654997399  0.000000000000 -0.037171884723
  0.992125984252  0.204186363894  0.000050018452 -0.081235951627  0.040593163511  0.058221811540  0.035881331795 -0.080883700558 -0.005904978238 -0.002267035211  0.004062758779  0.058221811540 -0.019412391951
  1.000000000000  0.211947777660  0.001351803640 -0.033597913489  0.016123054924  0.121815094668  0.019477667330 -0.078755111388 -0.002448845227 -0.019407652621  0.010928248924  0.121815094668  0.000000000000
