             Rad         v_r[Re]         v_t[Re]         v_x[Re]         p[Re]          p_mg[Re]  p_no_phase[Re]         v_r[Im]         v_t[Im]         v_x[Im]         p[Im]          p_mg[Im]  p_no_phase[Im]
  0.000000000000 -0.077908197170  0.000000000000 -0.048934905365  0.023566646124  0.184382841971 -0.025711042936  0.171381197256  0.000000000000  0.110063319316 -0.055427497476  0.184382841971  0.054465921062
  0.007874015748 -0.114029569690 -0.185513073599  0.044435639233 -0.021487453185  0.177646907177  0.023225414984  0.242936742075 -0.091394961217 -0.089217791119  0.044968718242  0.177646907177 -0.044096217111
  0.015748031496 -0.149211395368 -0.371471051284  0.172922772278 -0.083536417231  0.424816047792  0.090497337766  0.299530219524 -0.177787736559 -0.357320908209  0.180060357542  0.424816047792 -0.176664363184
  0.023622047244 -0.062483075822 -0.461211317232  0.334590208742 -0.161847726608  0.456417165359  0.174809706819  0.173473045886 -0.229413514229 -0.665409791258  0.335414504065  0.456417165359 -0.328845165005
  0.031496062992  0.085021555945 -0.359208571528  0.294827978002 -0.141757161103  0.197784422031  0.155225234947 -0.155979994404 -0.151376944102 -0.691222700555  0.347995239161  0.197784422031 -0.342200095907
  0.039370078740  0.185163930015 -0.151942794816  0.169381153664 -0.081699576934  0.207660076375  0.088818730455 -0.382338846421 -0.069630863782 -0.365419674162  0.184080523376  0.207660076375 -0.180753127436
  0.047244094488  0.208219007045  0.015420183262 -0.065328303484  0.032299895444  0.334208784477 -0.033160347313 -0.406154495160  0.022524657276  0.044308578755 -0.022686367896  0.334208784477  0.021409014459
  0.055118110236  0.035334581278  0.123557715223 -0.235420027918  0.114304880075  0.239485474765 -0.122403513606 -0.194602530723  0.069245958468  0.415831126178 -0.209823916275  0.239485474765  0.205204925152
  0.062992125984 -0.111876460220  0.108866402808 -0.135072790646  0.064107532243  0.054710951899 -0.072277542163  0.174946748951  0.034560783596  0.419170933603 -0.210673995419  0.054710951899  0.208012655708
  0.070866141732 -0.123957370513  0.018346334529 -0.018281224658  0.008490545357  0.289167874313 -0.010040544174  0.310370878010  0.004135096488  0.079501005545 -0.039897021939  0.289167874313  0.039535416942
  0.078740157480 -0.110677149579 -0.037055228957  0.106487279988 -0.051784772712  0.257770511563  0.055253659889  0.212376696425 -0.021934321329 -0.178130851157  0.089928981536  0.257770511563 -0.087840295274
  0.086614173228  0.047305191062 -0.062217252267  0.196858269587 -0.095734686861  0.018003773433  0.102141504728  0.027486490432 -0.036862975447 -0.328997132421  0.166094994281  0.018003773433 -0.162233752362
  0.094488188976  0.159214719882 -0.040041520942  0.015521303811 -0.005868926507  0.126376405055  0.010385015115 -0.241389172308 -0.002510204087 -0.231514957227  0.115876070933  0.126376405055 -0.115558900887
  0.102362204724  0.047472875901  0.021628224176 -0.112095066810  0.054940577049  0.245509856120 -0.057568107950 -0.253361328315  0.017797396124  0.135026130892 -0.068423955799  0.245509856120  0.066228526185
  0.110236220472 -0.007673432884  0.038067647283 -0.078114513122  0.036959039782  0.155828840068 -0.041959161398 -0.016286629043  0.011412075326  0.256522042120 -0.128890033086  0.155828840068  0.127350068807
  0.118110236220 -0.066770163808  0.023087562031 -0.097438191498  0.047355657046  0.166633476642 -0.050597939833  0.107297441627  0.013378161205  0.166487845096 -0.084033971438  0.166633476642  0.082122561422
  0.125984251969 -0.139762898824  0.006484830966  0.051502484282 -0.026159735430  0.185084207815  0.025176509946  0.201845043448 -0.006706975042  0.050230361403 -0.024692694085  0.185084207815  0.025694439980
  0.133858267717  0.022389738720 -0.027121573137  0.173685237428 -0.085027395315  0.093934013843  0.089337591000  0.154211954779 -0.021081128072 -0.221464198250  0.112143040768  0.093934013843 -0.108740582953
  0.141732283465  0.108665091614 -0.028505029093  0.009627711970 -0.002793814553  0.054512030550  0.007617247720 -0.126327405587 -0.000986258099 -0.247248759747  0.123694272180  0.054512030550 -0.123491116713
  0.149606299213  0.029461168657  0.002328572580 -0.036856412230  0.018254021552  0.219861548916 -0.018664660223 -0.182724392252  0.004014799433  0.021163677706 -0.010882158496  0.219861548916  0.010161748625
  0.157480314961  0.052649253758  0.010890352267 -0.048694679250  0.023489831572  0.184499794835 -0.025530845639 -0.077792384174  0.005004601442  0.104763821418 -0.052775973815  0.184499794835  0.051819412582
  0.165354330709 -0.047521100876  0.016924400748 -0.139004389606  0.068102933324  0.082414337099 -0.071424689479 -0.026707797479  0.013660866870  0.170693064702 -0.086475974100  0.082414337099  0.083753312512
  0.173228346457 -0.144979382613  0.014756283421  0.042694037240 -0.022625121908  0.095891975250  0.019566134221  0.165287868003 -0.004090562485  0.156648555895 -0.077969977260  0.095891975250  0.078793273107
  0.181102362205  0.023201779118 -0.013293002448  0.141870005408 -0.069731305632  0.140862416765  0.072585538892  0.183035110675 -0.012740840269 -0.146739939112  0.074523667691  0.140862416765 -0.071746578838
  0.188976377953  0.059160145549 -0.016979258644 -0.000505371447  0.001857025123  0.120116433094  0.001974993339 -0.057377697218  0.000117280909 -0.196403048935  0.098190442807  0.120116433094 -0.098188140843
  0.196850393701  0.021884162717 -0.003049130697  0.027340807608 -0.013370292515  0.187068553038  0.014083099490 -0.093361417832 -0.002255949760 -0.036620682945  0.018532383772  0.187068553038 -0.017996674108
  0.204724409449  0.097389149000 -0.001309866774 -0.043474043587  0.021871102644  0.165356596963 -0.021544483867 -0.101772167679  0.003475053564 -0.016602400184  0.007945485948  0.165356596963 -0.008792672672
  0.212598425197 -0.047570214236  0.012254089011 -0.161257748954  0.079326274464  0.012660998882 -0.082413896112 -0.110295204868  0.012339179704  0.158763462710 -0.080693376442  0.012660998882  0.077537272003
  0.220472440945 -0.133931137149  0.014540152977  0.047310954192 -0.025258328605  0.027605136210  0.021423007571  0.130602810222 -0.003568909438  0.196423763373 -0.097818458599  0.027605136210  0.098729371279
  0.228346456693  0.025573529525 -0.006605201297  0.098027872877 -0.048259799283  0.169674111624  0.050046686625  0.163367067510 -0.006985058503 -0.091895494353  0.046745253856  0.169674111624 -0.044826957767
  0.236220472441  0.007111978286 -0.008211466223 -0.000625082339  0.001282399385  0.162920688625  0.001034186302 -0.010474762888  0.000078821795 -0.118731318764  0.059356349721  0.162920688625 -0.059361193208
  0.244094488189  0.026819792322 -0.004827476969  0.084229777706 -0.041525708593  0.145345409066  0.042920619702 -0.006537758408 -0.005616734950 -0.071761517138  0.036566265590  0.145345409066 -0.034918428627
  0.251968503937  0.128032062525 -0.006881029783 -0.052383292856  0.027058547818  0.117396085067 -0.024980291337 -0.111342243201  0.003426369473 -0.106351821241  0.052744242025  0.117396085067 -0.053759697930
  0.259842519685 -0.054158383216  0.008961126871 -0.163522593992  0.080597056103  0.051081644611 -0.083353876967 -0.153655524826  0.010242711111  0.141815927611 -0.072238709737  0.051081644611  0.069039465753
  0.267716535433 -0.107017962537  0.011600857243  0.050740183156 -0.026922962233  0.078696117605  0.023206517504  0.098348582253 -0.003146756169  0.190320043586 -0.094738802463  0.078696117605  0.095717000229
  0.275590551181  0.020946658929 -0.002790775493  0.043609924064 -0.021420406354  0.181127649869  0.022332524484  0.115512242939 -0.002573210957 -0.046887728415  0.023798440520  0.181127649869 -0.022944671053
  0.283464566929 -0.044417316645 -0.001878328486  0.011324052274 -0.005395806351  0.173043758070  0.006030010134  0.025227691101 -0.000644529834 -0.032541153260  0.016361927315  0.173043758070 -0.016138970520
  0.291338582677  0.040433494306 -0.005367240721  0.129449058218 -0.063942686957  0.094135479872  0.065791144558  0.067514527802 -0.007235990542 -0.095150916722  0.048629519976  0.094135479872 -0.046097968784
  0.299212598425  0.141891453414 -0.008886261493 -0.066060119673  0.034359500532  0.053384683459 -0.031174471282 -0.112579043321  0.003645550084 -0.163034476214  0.080971840850  0.053384683459 -0.082250632993
  0.307086614173 -0.058583940911  0.006454570939 -0.145031982521  0.071524935093  0.104624146846 -0.073870815047 -0.162825256255  0.007688055477  0.120695049523 -0.061527974224  0.104624146846  0.058690805382
  0.314960629921 -0.066687430321  0.007840577208  0.045518394672 -0.023993933904  0.134735006307  0.021038113351  0.066440012101 -0.002395121511  0.151351907106 -0.075298769063  0.134735006307  0.076177498471
  0.322834645669  0.006998184777 -0.000342238580 -0.015915857138  0.008013171804  0.173675250686 -0.007878892577  0.052924000585  0.000806937617 -0.006831776047  0.003285634313  0.173675250686 -0.003595742895
  0.330708661417 -0.089813848007  0.002426835380  0.032469389710 -0.016635982595  0.153994371775  0.015672755563  0.053662694765 -0.001614574318  0.049265777521 -0.024365911905  0.153994371775  0.024996365994
  0.338582677165  0.056987128281 -0.005318199089  0.157676953681 -0.077938151798  0.038242286510  0.080065469288  0.122090086145 -0.007585370924 -0.109533074773  0.056050674984  0.038242286510 -0.052967483417
  0.346456692913  0.137240455560 -0.008782574059 -0.076371121724  0.039706951644  0.019903867995 -0.036061941611 -0.106433782506  0.003639463450 -0.186577410974  0.092658247251  0.019903867995 -0.094136757751
  0.354330708661 -0.055244747700  0.004378945982 -0.107786480136  0.053117442552  0.144488247908 -0.054954635889 -0.143743815136  0.004950908278  0.094504828975 -0.048129543907  0.144488247908  0.046020687676
  0.362204724409 -0.017802690895  0.004098739172  0.028929479108 -0.015207030900  0.168732109612  0.013429839602  0.033845777793 -0.001322665196  0.090995592800 -0.045258258609  0.168732109612  0.045817061989
  0.370078740157 -0.014757182031  0.001312116128 -0.073183401350  0.036348907533  0.147451493675 -0.036918095521 -0.013356254702  0.003225108701  0.029405193985 -0.015299369075  0.147451493675  0.013869679018
  0.377952755906 -0.123370006302  0.005040979599  0.057266993209 -0.029586122670  0.111421457516  0.027302398487  0.075211005370 -0.002497319315  0.116867275806 -0.057961703544  0.111421457516  0.059071793348
  0.385826771654  0.070409885502 -0.004881113540  0.165279502284 -0.081698119002  0.033276993972  0.083922984303  0.153339404061 -0.006977549312 -0.114556878393  0.058624501859  0.033276993972 -0.055392667136
  0.393700787402  0.114700808152 -0.007427811910 -0.077189006383  0.040056670890  0.084317205198 -0.036552994636 -0.092658877589  0.003235364297 -0.179330953439  0.089028593984  0.084317205198 -0.090523510828
  0.401574803150 -0.041586027406  0.002577665625 -0.056616577856  0.027790726145  0.166350657092 -0.029018624771 -0.103369935279  0.002292221889  0.063113889604 -0.032017194079  0.166350657092  0.030908649158
  0.409448818898  0.033255048223  0.000809406646  0.002117451954 -0.001224431275  0.177163499248  0.000828336082  0.001208344118 -0.000087997976  0.020294574921 -0.010129272127  0.177163499248  0.010169328646
  0.417322834646 -0.040256787574  0.002389199442 -0.120716046998  0.059859489757  0.105344947421 -0.061032548059 -0.074086315515  0.004715537910  0.060506569435 -0.031237235541  0.105344947421  0.028878218014
  0.425196850394 -0.140756069171  0.006267303846  0.079106056656 -0.040885447256  0.052721256863  0.037691393484  0.088658164353 -0.003066723056  0.163455609294 -0.081075824154  0.052721256863  0.082609127322
  0.433070866142  0.075517459214 -0.004145547036  0.151376316720 -0.074790500537  0.084965906262  0.076912370363  0.160262343735 -0.005692741226 -0.109233865206  0.055849612790  0.084965906262 -0.052889370430
  0.440944881890  0.077377065497 -0.005403838701 -0.065138554338  0.033760674678  0.137876125617 -0.030905494836 -0.071486695840  0.002436906997 -0.146131439116  0.072528448724  0.137876125617 -0.073790307073
  0.448818897638 -0.018044677832  0.001016520989  0.001610390598 -0.001033312214  0.167700112418  0.000488221938 -0.049537062158 -0.000063026412  0.027932715216 -0.013952213886  0.167700112418  0.013981904226
  0.456692913386  0.079719487202 -0.001801150321 -0.030765660549  0.015794116568  0.160123262975 -0.014807257690 -0.029394022984  0.001108415181 -0.050482401586  0.024988098114  0.160123262975 -0.025585235688
  0.464566929134 -0.064092688550  0.002974877768 -0.152319592061  0.075468781116  0.053740213637 -0.077096948784 -0.122073556881  0.005343821074  0.083932857484 -0.043207710015  0.053740213637  0.040230630322
  0.472440944882 -0.139845818637  0.006397125148  0.091773191343 -0.047397727596  0.015659633758  0.043774964521  0.092555252228 -0.003201377895  0.185388290837 -0.091937914420  0.015659633758  0.093717005769
  0.480314960630  0.068977356139 -0.003191856076  0.118050538894 -0.058258721334  0.127968770119  0.060072319043  0.144504614756 -0.004001603790 -0.093328045240  0.047625037704  0.127968770119 -0.045315994004
  0.488188976378  0.030384593690 -0.003132112099 -0.039994974881  0.020762018740  0.172530478123 -0.018930086649 -0.044325918242  0.001352044368 -0.093766133940  0.046553040392  0.172530478123 -0.047327569252
  0.496062992126  0.012316286090 -0.000276183296  0.059104320043 -0.029483657866  0.148572417816  0.029638616424  0.009671257746 -0.001945388197 -0.008129769104  0.004547402097  0.148572417816 -0.003393724123
  0.503937007874  0.115513280841 -0.003638687205 -0.063657683669  0.032745676406  0.120691380522 -0.030546503606 -0.055069847240  0.002079560862 -0.112513431775  0.055732732048  0.120691380522 -0.056967779159
  0.511811023622 -0.080735008882  0.003121228328 -0.164043988097  0.081223254516  0.024277421890 -0.083107003612 -0.152474995400  0.005222979491  0.097069531438 -0.049871354959  0.024277421890  0.046664709045
  0.519685039370 -0.121023927596  0.005712484856  0.090710461244 -0.046839577080  0.080150936970  0.043280946429  0.086179883295 -0.002876486975  0.182104647678 -0.090304890216  0.080150936970  0.092063450153
  0.527559055118  0.049915582326 -0.002117010326  0.069987759480 -0.034435455756  0.154403649398  0.035758992149  0.109885594931 -0.002158239455 -0.068058105469  0.034598352118  0.154403649398 -0.033228618131
  0.535433070866 -0.019942997863 -0.000919387930 -0.004599393650  0.002545832176  0.184055784427 -0.001957267244 -0.013844495290  0.000144326308 -0.030151460209  0.015037091565  0.184055784427 -0.015124962451
  0.543307086614  0.044523709085 -0.001253068271  0.108318485297 -0.053818842213  0.111781163898  0.054616017180  0.066646920607 -0.003251797607 -0.041201855971  0.021484290328  0.111781163898 -0.019368354999
  0.551181102362  0.136112363023 -0.004701515167 -0.089875990234  0.046233688273  0.064933028326 -0.043125775895 -0.072896581400  0.002684414647 -0.159006372489  0.078763386932  0.064933028326 -0.080507095997
  0.559055118110 -0.085671200830  0.002889079083 -0.154689981037  0.076537413294  0.068948030619 -0.078443641339 -0.162901740719  0.004508104467  0.098191969680 -0.050356124278  0.068948030619  0.047331913330
  0.566929133858 -0.087062075627  0.004479179183  0.073921098383 -0.038230237779  0.135942098705  0.035186774159  0.070108655599 -0.002149663583  0.155753781619 -0.077267537353  0.135942098705  0.078700154596
  0.574803149606  0.020088140485 -0.001031643938  0.013735334385 -0.006571171100  0.160817904418  0.007277336240  0.061747589260 -0.000385929936 -0.036237083307  0.018229458525  0.160817904418 -0.017959226737
  0.582677165354 -0.066974710582  0.001020412759  0.035710810546 -0.018152690880  0.171232695873  0.017437396808  0.016377395052 -0.001005719136  0.036548038687 -0.017981014556  0.171232695873  0.018675499008
  0.590551181102  0.072676795723 -0.001877594503  0.142986993272 -0.070939088810  0.063022051859  0.072242339267  0.114884017878 -0.003947623035 -0.067250067860  0.034790670653  0.063022051859 -0.031996710815
  0.598425196850  0.139114839282 -0.005052967465 -0.103436678859  0.053230250954  0.017542938244 -0.049603917272 -0.080681223794  0.002845841669 -0.185534278988  0.091915627814  0.017542938244 -0.093922274485
  0.606299212598 -0.076318349728  0.002362406591 -0.125874733664  0.062221204204  0.112966030476 -0.063913310679 -0.153284525085  0.003381657526  0.087126017859 -0.044588157077  0.112966030476  0.042126840875
  0.614173228346 -0.042658733194  0.002937340679  0.042410202466 -0.022107119237  0.174968873709  0.019946448088  0.046389777999 -0.001140890155  0.110607520923 -0.054953408367  0.174968873709  0.055774017434
  0.622047244094 -0.016393244663 -0.000046250690 -0.043249006077  0.021638888096  0.146658968787 -0.021598194178  0.006246295834  0.001136110085 -0.001948442656  0.000620864255  0.146658968787 -0.001464567750
  0.629921259843 -0.104680907248  0.002551592371  0.074065527614 -0.037836414948  0.136113621954  0.035906054739  0.042464475731 -0.001932030134  0.098702791966 -0.048742882555  0.136113621954  0.050181850593
  0.637795275591  0.091052314498 -0.002142119845  0.158911172820 -0.078772469451  0.019375496052  0.080380807374  0.149410785392 -0.004061369535 -0.082937432840  0.042763877571  0.019375496052 -0.039658252285
  0.645669291339  0.124480001884 -0.004798972584 -0.100218071483  0.051658310355  0.073605320511 -0.047943206888 -0.077547290454  0.002556668869 -0.190094263369  0.094221750396  0.073605320511 -0.096165316979
  0.653543307087 -0.052588621365  0.001646716318 -0.081711116856  0.040317458214  0.142135083774 -0.041590734227 -0.125544235170  0.002035531027  0.065519289499 -0.033424798589  0.142135083774  0.031826489345
  0.661417322835  0.006249535500  0.001293585581  0.000114073851 -0.000484836881  0.192215806494 -0.000536974631  0.018339933296 -0.000008424264  0.052371132850 -0.026182780448  0.192215806494  0.026181763062
  0.669291338583 -0.053725767913  0.000744914367 -0.093605826068  0.046553630667  0.114222867925 -0.047135326480 -0.050311878018  0.002281731967  0.030111082645 -0.015819113044  0.114222867925  0.013990920749
  0.677165354331 -0.128394863044  0.003603589545  0.103267017803 -0.052853621897  0.084874273637  0.049924270177  0.060968362151 -0.002507101277  0.149811998848 -0.074057138362  0.084874273637  0.076062686892
  0.685039370079  0.095168620617 -0.002075353189  0.154425067471 -0.076501684415  0.054215668194  0.078176917888  0.167002544639 -0.003673933735 -0.086351830828  0.044434310040  0.054215668194 -0.041416000972
  0.692913385827  0.094446415008 -0.004069334974 -0.078805071142  0.040812383909  0.133016611487 -0.037433435058 -0.064239693718  0.001875724689 -0.172933098705  0.085816691980  0.133016611487 -0.087343535780
  0.700787401575 -0.017036993246  0.000858461207 -0.028186847627  0.013792624414  0.152173313560 -0.014506950999 -0.083146756921  0.000653409271  0.036701253580 -0.018579577282  0.152173313560  0.018027355684
  0.708661417323  0.053292808371 -0.000283493889 -0.046655626348  0.023428263765  0.185619514329 -0.023181504382 -0.009960685402  0.001076842218 -0.012499222702  0.005868053085  0.185619514329 -0.006777569228
  0.716535433071 -0.085361808419  0.001277426253 -0.131008722885  0.065046700856  0.068443693295 -0.066120626405 -0.102013629457  0.002981589655  0.055458328789 -0.028797371712  0.068443693295  0.026237848111
  0.724409448819 -0.135358150009  0.004158044215  0.117053751189 -0.060032938854  0.039801178346  0.056418578965  0.069533363113 -0.002657950370  0.184877360567 -0.091475958102  0.039801178346  0.093748325882
  0.732283464567  0.082653812313 -0.001740727563  0.130517659850 -0.064621476919  0.098657997041  0.066124667480  0.166201538531 -0.002904386467 -0.077458137467  0.039792485826  0.098657997041 -0.037241180944
  0.740157480315  0.053171760875 -0.003002830706 -0.040898801101  0.021560684355  0.178054905927 -0.018900405880 -0.043096438336  0.000915785268 -0.136218980449  0.067770577566  0.178054905927 -0.068560111954
  0.748031496063  0.025420949712  0.000110506210  0.027652281647 -0.013867471887  0.142004143853  0.013764702482 -0.030625301851 -0.000604430505  0.005179535196 -0.002363701071  0.142004143853  0.002902899390
  0.755905511811  0.092482021184 -0.001664217489 -0.090161561817  0.045709776495  0.156720807215 -0.044194221026 -0.034358057829  0.001955912646 -0.077391478827  0.037956496839  0.156720807215 -0.039710831613
  0.763779527559 -0.105093244389  0.001525054858 -0.150922975636  0.074879084978  0.018739991350 -0.076248038660 -0.143732249369  0.003221723575  0.070642780827 -0.036551733668  0.018739991350  0.033602726108
  0.771653543307 -0.125006425433  0.004236368557  0.111237792005 -0.057253400406  0.073277472830  0.053333112422  0.067368913244 -0.002373524117  0.200575728803 -0.099372095254  0.073277472830  0.101530016708
  0.779527559055  0.053794244380 -0.001227730623  0.090629117335 -0.044836033740  0.129554288747  0.045965708567  0.147199153142 -0.001894126414 -0.058187519566  0.029832021653  0.129554288747 -0.028060168804
  0.787401574803  0.006159985810 -0.001736324940  0.008762363033 -0.003697589020  0.202630933700  0.005329057513 -0.017698639796 -0.000174283860 -0.083646406362  0.041891818874  0.202630933700 -0.041715678098
  0.795275590551  0.068175748047 -0.000502482896  0.078605929239 -0.039103158428  0.113449817169  0.039568878299  0.026863644627 -0.001612659126 -0.024119293255  0.012700900847  0.113449817169 -0.011165740080
  0.803149606299  0.118940416197 -0.002755755613 -0.122443380288  0.062328332162  0.112255287384 -0.059667195366 -0.051356510082  0.002502692218 -0.136004161576  0.066997062654  0.112255287384 -0.069377613043
  0.811023622047 -0.108116127914  0.001501701629 -0.151118234098  0.074950159302  0.041178667321 -0.076382510442 -0.171377356080  0.003037699933  0.073892747111 -0.038178196756  0.041178667321  0.035225178288
  0.818897637795 -0.098984331153  0.003888676460  0.084552548407 -0.043868488187  0.133539199150  0.040053119362  0.055434314300 -0.001703749091  0.195282941714 -0.096943872804  0.133539199150  0.098581470670
  0.826771653543  0.011685035994 -0.000638685613  0.040168369864 -0.019820161352  0.142184325414  0.020444894226  0.111645463318 -0.000790992681 -0.032147283112  0.016400626720  0.142184325414 -0.015614917640
  0.834645669291 -0.040446304328 -0.000397731146  0.062958800605 -0.031313418013  0.203928929233  0.031700642012  0.007731695061 -0.001230658127 -0.020046437291  0.010536800383  0.203928929233 -0.009307180346
  0.842519685039  0.103880802699 -0.000915782894  0.118205943989 -0.058717189437  0.070900708758  0.059621310652  0.083913625473 -0.002288219148 -0.046714615097  0.024321242387  0.070900708758 -0.022012053123
  0.850393700787  0.129479390270 -0.003498277809 -0.136602994698  0.069788954055  0.073118672171 -0.066216171986 -0.058749211815  0.002639568975 -0.182684302098  0.090219814634  0.073118672171 -0.092873740252
  0.858267716535 -0.091924096848  0.001256954841 -0.131897175170  0.065409185705  0.085707825368 -0.066678219157 -0.182035624527  0.002505303782  0.065461126526 -0.033805673941  0.085707825368  0.031228196476
  0.866141732283 -0.060904986264  0.003184804498  0.039088647868 -0.020923569976  0.184492334999  0.017623532237  0.036297288475 -0.000751117619  0.169014676277 -0.084182050981  0.184492334999  0.084934236910
  0.874015748031 -0.038042954794 -0.000073703390 -0.014180381801  0.007122399862  0.135128424831 -0.007043391930  0.062442564093  0.000265388893 -0.004004432593  0.001886239260  0.135128424831 -0.002162662354
  0.881889763780 -0.080626494363  0.000897841414  0.112950137059 -0.056870967106  0.183116464749  0.055908822691  0.029072319070 -0.002096381761  0.048954855098 -0.023553038741  0.183116464749  0.025753758537
  0.889763779528  0.125568959354 -0.001101507545  0.141495454504 -0.070257686494  0.020973020460  0.071407415511  0.135166039079 -0.002593343454 -0.059376811036  0.030842137055  0.020973020460 -0.028077765930
  0.897637795276  0.122967312963 -0.003860578228 -0.127994171134  0.065729786031  0.087963438995 -0.061572503412 -0.056024379871  0.002346325265 -0.212669369149  0.105281609455  0.087963438995 -0.107765712937
  0.905511811024 -0.056902570416  0.000866323191 -0.096030820521  0.047623177320  0.117391817236 -0.048545953547 -0.174050961337  0.001728882101  0.047600370504 -0.024582946833  0.117391817236  0.022706357858
  0.913385826772 -0.015890377233  0.002207740753 -0.019750821708  0.008867151297  0.217134453929 -0.011272473312  0.013688078704  0.000343713780  0.123344043170 -0.061828993232  0.217134453929  0.061436000209
  0.921259842520 -0.087891519810  0.000383545745 -0.065282751981  0.032464703344  0.109862015066 -0.032877120699  0.003556310634  0.001156067800  0.021345062756 -0.011205050798  0.109862015066  0.009930008116
  0.929133858268 -0.109216500506  0.002049768516  0.149717441629 -0.075810975479  0.147235257833  0.073514595651  0.043041779368 -0.002641485430  0.117222498274 -0.057384102362  0.147235257833  0.060297955465
  0.937007874016  0.127779387560 -0.001069682902  0.145626033074 -0.072311865886  0.031147258021  0.073487525669  0.175555686886 -0.002534504785 -0.060718965403  0.031546908171  0.031147258021 -0.028701862904
  0.944881889764  0.100461139429 -0.003836250522 -0.095150693450  0.049387748547  0.142769975645 -0.045044911362 -0.044465962477  0.001661852246 -0.222283944841  0.110356845375  0.142769975645 -0.112199549856
  0.952755905512 -0.006533125199  0.000417946980 -0.048415939173  0.024008868860  0.131538018351 -0.024477326160 -0.147090242451  0.000828417259  0.024163777559 -0.012476528497  0.131538018351  0.011530396842
  0.960629921260  0.030055628363  0.001049269731 -0.083785026885  0.041388533493  0.227559930071 -0.042580009884 -0.008173792630  0.001420407940  0.061333348586 -0.031348917477  0.227559930071  0.029710403733
  0.968503937008 -0.129481732660  0.000676965488 -0.106425911036  0.052885133648  0.070438739657 -0.053652542107 -0.060147708626  0.001792365868  0.039670209162 -0.020703061281  0.070438739657  0.018624146499
  0.976377952756 -0.122544742263  0.002972594691  0.165329185267 -0.084115780593  0.115071248080  0.080625417973  0.047802054509 -0.002779331951  0.178368837663 -0.087827579611  0.115071248080  0.091042244381
  0.984251968504  0.107542806049 -0.000863531704  0.130217025831 -0.064683546526  0.000000000000  0.065679498371  0.200544425604 -0.002157743738 -0.051459384770  0.026791574146  0.000000000000 -0.024247744847
  0.992125984252  0.065090807717 -0.003441079054 -0.040317784787  0.021865884365  0.206804592338 -0.017782849553 -0.026922161785  0.000678841764 -0.209142175843  0.104234339645  0.206804592338 -0.105008022180
  1.000000000000  0.052836123546 -0.000001990676  0.004509077286 -0.002253543305  0.411824260107  0.002255260139 -0.102223951123 -0.000073659342 -0.000102305040  0.000087982191  0.411824260107 -0.000000000000
