 Rad             v_r          v_t        v_x        p
   0.000E+00  -0.137E+00   0.000E+00  -0.187E-01   0.407E-15
   0.392E-02  -0.915E-01   0.229E-01  -0.137E-01  -0.185E-16
   0.784E-02   0.450E-01   0.112E-01  -0.623E-01   0.416E-15
   0.118E-01  -0.844E-01  -0.219E-01  -0.162E+00  -0.148E-15
   0.157E-01   0.113E+00  -0.952E-01  -0.563E-01  -0.361E-15
   0.196E-01   0.191E-01   0.536E-01  -0.101E+00  -0.583E-15
   0.235E-01  -0.120E-01   0.545E-01   0.571E-01  -0.264E-15
   0.275E-01   0.463E-02   0.177E-01  -0.980E-01   0.111E-15
   0.314E-01  -0.185E-01  -0.151E-01   0.495E-01  -0.146E-15
   0.353E-01   0.283E-01  -0.284E-01   0.788E-01  -0.139E-15
   0.392E-01   0.128E-01  -0.420E-01   0.756E-01  -0.102E-15
   0.431E-01   0.619E-02  -0.498E-01   0.107E+00  -0.740E-16
   0.471E-01   0.353E-01   0.139E-01  -0.535E-01  -0.416E-16
   0.510E-01   0.273E-01   0.323E-01  -0.279E-01   0.254E-15
   0.549E-01   0.149E-01   0.969E-01  -0.178E-01   0.240E-15
   0.588E-01   0.183E-01   0.267E-01   0.226E+00  -0.277E-15
   0.627E-01   0.114E-01  -0.889E-01   0.123E+00  -0.684E-15
   0.667E-01   0.247E-01   0.351E-01  -0.546E-01   0.131E-14
   0.706E-01   0.170E-01  -0.296E-01  -0.383E-01  -0.504E-15
   0.745E-01   0.174E-01   0.711E-01  -0.743E-01  -0.647E-16
   0.784E-01  -0.542E-02  -0.113E+00  -0.130E+00  -0.805E-15
   0.824E-01   0.116E-01  -0.675E-01   0.277E-01   0.213E-15
   0.863E-01  -0.443E-02   0.591E-01   0.145E+00  -0.133E-14
   0.902E-01   0.285E-02  -0.498E-01  -0.396E-02  -0.273E-15
   0.941E-01   0.588E-02  -0.810E-01  -0.255E+00  -0.610E-15
   0.980E-01   0.193E-02   0.508E-01  -0.359E+00   0.703E-15
   0.102E+00   0.119E-01   0.216E-01  -0.244E+00  -0.370E-15
   0.106E+00   0.654E-02   0.199E+00   0.498E-01  -0.148E-14
   0.110E+00   0.604E-02   0.446E-01   0.247E+00  -0.462E-15
   0.114E+00  -0.138E-01   0.576E-01   0.149E+00   0.296E-15
   0.118E+00  -0.101E-01  -0.230E-01   0.430E-02  -0.988E-15
   0.122E+00  -0.171E-01  -0.318E+00   0.747E-01   0.240E-15
   0.125E+00  -0.256E-01   0.580E-01   0.138E+00  -0.758E-15
   0.129E+00  -0.260E-01   0.463E-01   0.958E-01  -0.925E-17
   0.133E+00  -0.434E-02  -0.265E-01  -0.185E-01  -0.662E-15
   0.137E+00  -0.318E-01  -0.182E+00  -0.191E+00   0.148E-15
   0.141E+00  -0.290E-02  -0.521E-01  -0.266E+00  -0.740E-16
   0.145E+00  -0.174E-01  -0.346E-03  -0.479E-01   0.969E-15
   0.149E+00  -0.589E-02   0.493E-02   0.546E-01   0.879E-16
   0.153E+00  -0.308E-01  -0.362E-01   0.315E-01   0.114E-14
   0.157E+00   0.140E-01   0.390E-01   0.202E-01  -0.428E-15
   0.161E+00  -0.231E-01   0.155E+00   0.518E-02   0.154E-14
   0.165E+00   0.904E-02  -0.287E-01   0.265E-01  -0.334E-15
   0.169E+00  -0.142E-01   0.138E+00   0.755E-01   0.616E-15
   0.173E+00   0.141E-01  -0.625E-01   0.394E+00  -0.573E-15
   0.176E+00  -0.136E-01   0.106E+00   0.121E+00   0.962E-15
   0.180E+00   0.173E-01  -0.137E-01   0.188E+00   0.925E-16
   0.184E+00  -0.148E-02   0.198E-01  -0.356E-01   0.807E-15
   0.188E+00   0.205E-01  -0.151E+00   0.702E-01  -0.550E-15
   0.192E+00  -0.639E-03   0.828E-01   0.228E+00   0.777E-15
   0.196E+00   0.145E-01   0.708E-01   0.215E+00  -0.126E-14
   0.200E+00  -0.890E-02  -0.121E+00   0.964E-01   0.939E-15
   0.204E+00   0.114E-01   0.711E-01   0.158E+00  -0.121E-14
   0.208E+00   0.153E-02  -0.123E+00   0.831E-01   0.197E-14
   0.212E+00   0.597E-02   0.981E-02  -0.150E+00   0.166E-15
   0.216E+00  -0.945E-02  -0.448E-01  -0.336E-01   0.171E-14
   0.220E+00   0.136E-02  -0.261E-01  -0.134E+00  -0.555E-16
   0.224E+00  -0.139E-01  -0.753E-02  -0.148E+00   0.805E-15
   0.227E+00   0.438E-03  -0.132E-01  -0.393E-01  -0.342E-15
   0.231E+00  -0.641E-03   0.539E-01  -0.211E-02   0.927E-15
   0.235E+00  -0.167E-02  -0.232E-01   0.802E-01  -0.550E-15
   0.239E+00  -0.154E-01  -0.605E-01   0.102E+00   0.268E-15
   0.243E+00   0.250E-02   0.207E-01  -0.211E+00  -0.740E-15
   0.247E+00  -0.922E-02   0.400E-01   0.170E+00   0.925E-16
   0.251E+00  -0.404E-02  -0.108E-01   0.280E+00   0.166E-15
   0.255E+00  -0.150E-01   0.425E-01   0.169E+00  -0.832E-16
   0.259E+00  -0.204E-02  -0.593E-02   0.206E+00  -0.444E-15
   0.263E+00  -0.116E-01   0.815E-01  -0.218E+00   0.135E-14
   0.267E+00  -0.114E-01  -0.586E-01  -0.417E-01   0.301E-16
   0.271E+00  -0.130E-01   0.114E+00   0.248E+00   0.220E-14
   0.275E+00  -0.879E-02  -0.718E-01   0.182E+00   0.407E-15
   0.278E+00  -0.123E-01   0.210E-01  -0.506E-01   0.134E-14
   0.282E+00   0.502E-02   0.545E-01  -0.209E+00   0.768E-15
   0.286E+00  -0.102E-01  -0.417E-01  -0.677E-01   0.518E-15
   0.290E+00   0.456E-02  -0.548E-02  -0.119E+00   0.555E-15
   0.294E+00  -0.115E-01   0.465E-01  -0.284E+00   0.152E-14
   0.298E+00   0.786E-02   0.322E-01  -0.217E+00   0.527E-15
   0.302E+00  -0.809E-02  -0.119E+00   0.126E+00  -0.277E-16
   0.306E+00   0.102E-01  -0.198E-01   0.234E+00  -0.129E-15
   0.310E+00  -0.329E-02  -0.330E-02   0.192E+00   0.342E-15
   0.314E+00   0.177E-01  -0.715E-01  -0.135E+00   0.117E-14
   0.318E+00  -0.117E-02   0.856E-02  -0.182E+00   0.314E-15
   0.322E+00   0.135E-01  -0.944E-03   0.135E+00   0.777E-15
   0.325E+00  -0.300E-02  -0.130E-01   0.145E+00  -0.832E-15
   0.329E+00   0.165E-01  -0.271E-02   0.173E-01   0.156E-14
   0.333E+00  -0.117E-01  -0.782E-02  -0.248E+00   0.629E-15
   0.337E+00   0.188E-01  -0.699E-01  -0.224E-01   0.134E-14
   0.341E+00  -0.122E-01   0.913E-01   0.710E-01  -0.925E-16
   0.345E+00   0.194E-01  -0.628E-01  -0.210E+00   0.148E-14
   0.349E+00  -0.155E-01   0.431E-02  -0.294E+00   0.259E-15
   0.353E+00   0.129E-01   0.101E+00  -0.122E+00   0.186E-14
   0.357E+00  -0.194E-01  -0.806E-01   0.846E-02   0.140E-14
   0.361E+00   0.135E-01   0.689E-01   0.357E-01   0.113E-14
   0.365E+00  -0.251E-01  -0.318E-01   0.365E-01   0.217E-15
   0.369E+00   0.131E-01   0.340E-01  -0.158E+00   0.115E-14
   0.373E+00  -0.329E-01  -0.813E-01  -0.316E+00   0.370E-16
   0.376E+00   0.175E-01   0.140E+00  -0.256E+00  -0.518E-15
   0.380E+00  -0.313E-01  -0.328E-01  -0.156E+00   0.370E-15
   0.384E+00   0.148E-01  -0.102E+00   0.334E-01   0.294E-15
   0.388E+00  -0.291E-01   0.940E-01  -0.622E-01   0.435E-15
   0.392E+00   0.134E-01  -0.158E+00   0.657E-01   0.425E-15
   0.396E+00  -0.320E-01   0.576E-02   0.467E-01  -0.241E-15
   0.400E+00   0.156E-01  -0.554E-01  -0.133E+00  -0.213E-15
   0.404E+00  -0.344E-01   0.381E-01  -0.965E-01   0.277E-15
   0.408E+00   0.815E-02   0.286E-01   0.582E-01   0.416E-16
   0.412E+00  -0.323E-01  -0.555E-01   0.253E-01   0.250E-15
   0.416E+00   0.599E-02  -0.499E-02   0.125E+00   0.980E-15
   0.420E+00  -0.366E-01  -0.134E-01   0.173E-01   0.113E-15
   0.424E+00   0.118E-01   0.986E-01   0.587E-01   0.160E-14
   0.427E+00  -0.316E-01  -0.621E-01   0.170E+00   0.361E-15
   0.431E+00   0.886E-02  -0.802E-02   0.140E+00   0.786E-15
   0.435E+00  -0.206E-01   0.109E+00   0.321E+00  -0.120E-14
   0.439E+00   0.569E-02   0.131E-01   0.160E+00   0.106E-14
   0.443E+00  -0.218E-01  -0.331E-01  -0.202E+00  -0.416E-15
   0.447E+00  -0.200E-03   0.112E-01  -0.181E+00  -0.832E-16
   0.451E+00  -0.155E-01   0.171E+00   0.174E+00  -0.472E-15
   0.455E+00  -0.916E-03  -0.770E-01   0.316E+00   0.740E-15
   0.459E+00  -0.106E-01  -0.273E-01  -0.175E+00  -0.139E-15
   0.463E+00   0.438E-02  -0.224E-01  -0.316E+00   0.388E-15
   0.467E+00  -0.916E-02   0.156E+00  -0.262E+00  -0.113E-14
   0.471E+00   0.737E-02  -0.120E+00   0.161E+00   0.129E-15
   0.475E+00  -0.138E-01  -0.497E-01   0.223E+00  -0.351E-15
   0.478E+00   0.127E-01   0.600E-01   0.114E+00   0.222E-15
   0.482E+00  -0.131E-01   0.107E+00  -0.984E-01  -0.240E-15
   0.486E+00   0.160E-01  -0.209E+00   0.308E+00  -0.555E-15
   0.490E+00  -0.139E-01   0.974E-01   0.249E+00  -0.133E-14
   0.494E+00   0.217E-01  -0.282E-02   0.796E-01   0.504E-15
   0.498E+00  -0.171E-01   0.726E-02  -0.175E+00  -0.105E-14
   0.502E+00   0.209E-01   0.199E-01  -0.125E+00  -0.416E-15
   0.506E+00  -0.118E-01  -0.849E-01  -0.301E+00  -0.274E-14
   0.510E+00   0.255E-01  -0.835E-01  -0.395E+00  -0.536E-15
   0.514E+00  -0.187E-02   0.215E+00  -0.184E+00  -0.277E-14
   0.518E+00   0.276E-01  -0.204E+00   0.124E+00  -0.101E-14
   0.522E+00  -0.111E-01  -0.512E-01   0.406E+00  -0.329E-14
   0.525E+00   0.261E-01   0.243E+00   0.350E+00  -0.481E-15
   0.529E+00  -0.236E-02  -0.152E+00   0.691E-01  -0.337E-14
   0.533E+00   0.153E-01  -0.176E-01  -0.124E+00  -0.231E-15
   0.537E+00  -0.529E-02   0.742E-01   0.910E-01  -0.351E-14
   0.541E+00   0.116E-01  -0.107E+00   0.255E+00  -0.758E-15
   0.545E+00  -0.475E-02   0.679E-01   0.153E+00  -0.225E-14
   0.549E+00   0.148E-01   0.413E-03  -0.149E+00  -0.129E-14
   0.553E+00  -0.664E-02  -0.145E+00   0.629E-01  -0.176E-14
   0.557E+00   0.145E-01  -0.816E-01   0.241E+00  -0.111E-14
   0.561E+00  -0.136E-01  -0.363E-01   0.773E-01  -0.202E-14
   0.565E+00   0.518E-02  -0.169E+00   0.136E+00  -0.925E-16
   0.569E+00  -0.103E-01  -0.161E+00   0.153E+00  -0.188E-14
   0.573E+00   0.893E-02  -0.475E-01   0.183E+00  -0.416E-15
   0.576E+00  -0.911E-02  -0.883E-01   0.996E-01  -0.234E-14
   0.580E+00   0.587E-02  -0.233E-01   0.643E-02   0.160E-15
   0.584E+00  -0.585E-02  -0.567E-01   0.206E+00  -0.129E-14
   0.588E+00   0.118E-02  -0.316E-01   0.267E-01  -0.429E-15
   0.592E+00  -0.773E-02   0.137E-01  -0.378E+00  -0.555E-16
   0.596E+00   0.200E-02  -0.611E-01  -0.262E+00  -0.129E-15
   0.600E+00  -0.527E-02  -0.243E+00   0.364E-01  -0.698E-15
   0.604E+00   0.201E-02   0.172E-01   0.214E+00   0.647E-15
   0.608E+00  -0.449E-02  -0.724E-01   0.347E+00  -0.814E-15
   0.612E+00  -0.442E-02  -0.182E+00   0.183E+00  -0.712E-15
   0.616E+00  -0.123E-02  -0.128E+00   0.907E-02  -0.293E-14
   0.620E+00  -0.789E-02  -0.359E-01  -0.196E+00  -0.115E-14
   0.624E+00  -0.174E-02  -0.101E+00  -0.269E+00  -0.142E-14
   0.627E+00  -0.640E-02  -0.849E-01  -0.475E-01  -0.222E-15
   0.631E+00  -0.444E-02  -0.379E-01  -0.184E-01  -0.289E-14
   0.635E+00  -0.103E-01   0.127E-01  -0.669E-01  -0.166E-14
   0.639E+00   0.631E-02  -0.450E-01  -0.916E-01  -0.344E-14
   0.643E+00  -0.101E-01  -0.166E+00   0.232E-01  -0.190E-14
   0.647E+00   0.519E-02   0.173E-01  -0.128E-02  -0.356E-14
   0.651E+00  -0.151E-01  -0.105E-01   0.246E+00  -0.124E-14
   0.655E+00   0.554E-02  -0.949E-01   0.258E+00  -0.265E-14
   0.659E+00  -0.872E-02   0.129E-01  -0.303E+00  -0.814E-15
   0.663E+00   0.108E-01   0.226E-01  -0.584E+00  -0.144E-14
   0.667E+00  -0.874E-02   0.406E-01  -0.125E+00  -0.127E-14
   0.671E+00   0.917E-02  -0.126E+00   0.319E+00  -0.283E-14
   0.675E+00  -0.127E-01   0.128E+00   0.353E-01  -0.438E-15
   0.678E+00   0.497E-02  -0.543E-01   0.757E-01  -0.222E-14
   0.682E+00  -0.142E-01   0.501E-01  -0.121E+00   0.536E-15
   0.686E+00   0.141E-02  -0.971E-01   0.255E+00  -0.211E-14
   0.690E+00  -0.145E-01   0.135E+00   0.195E+00   0.462E-15
   0.694E+00   0.205E-02  -0.116E+00  -0.610E-01  -0.156E-14
   0.698E+00  -0.721E-02  -0.967E-01  -0.395E+00   0.388E-15
   0.702E+00   0.815E-02   0.105E+00   0.262E-01  -0.198E-14
   0.706E+00  -0.115E-01  -0.143E+00   0.356E+00   0.111E-15
   0.710E+00   0.300E-02   0.219E-01   0.188E+00  -0.237E-14
   0.714E+00  -0.104E-01   0.207E-01  -0.202E+00  -0.444E-15
   0.718E+00  -0.123E-02  -0.299E-01  -0.134E+00  -0.337E-14
   0.722E+00  -0.504E-02   0.478E-01  -0.241E+00   0.203E-15
   0.725E+00  -0.289E-02  -0.523E-01   0.105E+00  -0.340E-14
   0.729E+00   0.455E-02   0.276E-01   0.188E+00  -0.462E-16
   0.733E+00   0.886E-03   0.308E-01   0.100E+00  -0.318E-14
   0.737E+00   0.726E-03  -0.124E-01  -0.217E+00   0.157E-15
   0.741E+00  -0.545E-02  -0.101E+00  -0.217E+00  -0.444E-14
   0.745E+00   0.510E-02   0.966E-01  -0.421E+00   0.962E-15
   0.749E+00  -0.494E-02  -0.456E-01   0.407E-01  -0.349E-14
   0.753E+00   0.758E-02  -0.149E-01  -0.227E+00   0.146E-14
   0.757E+00  -0.647E-02   0.104E-01   0.567E-02  -0.334E-14
   0.761E+00   0.933E-02  -0.104E+00   0.207E-01   0.628E-15
   0.765E+00  -0.133E-01   0.723E-01  -0.167E+00  -0.377E-14
   0.769E+00   0.709E-02  -0.866E-01  -0.172E-01   0.462E-16
   0.773E+00  -0.107E-01  -0.723E-01   0.220E+00  -0.261E-14
   0.776E+00   0.568E-02   0.624E-01   0.518E-01   0.828E-15
   0.780E+00  -0.166E-01  -0.377E-01  -0.114E+00  -0.233E-14
   0.784E+00   0.744E-02  -0.275E-01  -0.148E+00   0.435E-15
   0.788E+00  -0.215E-01  -0.203E-01  -0.158E+00  -0.258E-14
   0.792E+00   0.159E-01   0.125E-01  -0.200E+00   0.185E-15
   0.796E+00  -0.212E-01  -0.160E-01  -0.207E+00  -0.203E-14
   0.800E+00   0.136E-01  -0.867E-01  -0.206E-01   0.743E-15
   0.804E+00  -0.173E-01  -0.178E-02   0.755E-01  -0.800E-15
   0.808E+00   0.127E-01   0.114E+00  -0.244E-01   0.114E-14
   0.812E+00  -0.162E-01  -0.321E+00   0.201E+00  -0.684E-15
   0.816E+00   0.141E-01   0.222E+00  -0.207E+00   0.128E-14
   0.820E+00  -0.133E-01  -0.495E-01  -0.791E-01  -0.953E-15
   0.824E+00   0.512E-02  -0.177E+00   0.198E+00   0.962E-15
   0.827E+00  -0.126E-01   0.147E+00  -0.996E-01  -0.333E-15
   0.831E+00   0.565E-02  -0.612E-01   0.427E-01   0.114E-14
   0.835E+00  -0.155E-01   0.593E-01  -0.390E-01  -0.162E-15
   0.839E+00   0.730E-02  -0.658E-01   0.124E+00   0.229E-14
   0.843E+00  -0.186E-01   0.143E+00  -0.143E+00   0.351E-15
   0.847E+00   0.701E-02   0.136E-01  -0.113E+00   0.269E-14
   0.851E+00  -0.145E-01  -0.447E-01  -0.162E+00  -0.166E-15
   0.855E+00   0.843E-02   0.153E+00  -0.105E+00   0.934E-15
   0.859E+00  -0.234E-01   0.677E-01  -0.148E+00   0.694E-15
   0.863E+00   0.116E-01  -0.151E+00  -0.217E+00   0.196E-14
   0.867E+00  -0.226E-01   0.123E+00  -0.163E+00   0.277E-16
   0.871E+00   0.351E-02  -0.442E-01   0.815E-01   0.906E-15
   0.875E+00  -0.231E-01  -0.386E-01  -0.721E-01  -0.809E-15
   0.878E+00  -0.172E-02   0.293E-01  -0.106E+00   0.453E-15
   0.882E+00  -0.209E-01  -0.108E-01  -0.152E+00   0.176E-15
   0.886E+00  -0.643E-02  -0.275E-03  -0.244E+00   0.647E-15
   0.890E+00  -0.175E-01   0.657E-01  -0.179E+00   0.573E-15
   0.894E+00  -0.953E-02  -0.291E-01  -0.906E-01   0.148E-14
   0.898E+00  -0.177E-01   0.561E-01   0.550E-01   0.823E-15
   0.902E+00  -0.616E-02   0.986E-01  -0.181E+00   0.768E-15
   0.906E+00  -0.152E-01  -0.120E+00  -0.403E-01   0.571E-15
   0.910E+00  -0.374E-02   0.170E+00  -0.165E+00   0.111E-14
   0.914E+00  -0.141E-01  -0.358E-01   0.948E-01  -0.143E-15
   0.918E+00  -0.717E-02  -0.465E-01   0.926E-01   0.127E-14
   0.922E+00  -0.764E-02   0.138E+00  -0.260E+00  -0.444E-15
   0.925E+00  -0.990E-02  -0.814E-01   0.891E-01   0.601E-15
   0.929E+00  -0.286E-02   0.459E-01  -0.619E-01  -0.495E-15
   0.933E+00  -0.853E-02  -0.228E-01  -0.830E-01   0.151E-14
   0.937E+00  -0.614E-02   0.143E-01  -0.284E-01  -0.446E-15
   0.941E+00  -0.791E-02  -0.731E-01   0.146E+00   0.135E-14
   0.945E+00  -0.376E-02   0.802E-01  -0.114E+00  -0.139E-14
   0.949E+00  -0.800E-02  -0.955E-01   0.168E+00   0.179E-14
   0.953E+00  -0.454E-02   0.609E-01   0.220E-01  -0.206E-14
   0.957E+00  -0.452E-02  -0.146E-01  -0.476E-01   0.430E-15
   0.961E+00  -0.510E-02  -0.153E-01   0.510E-01  -0.405E-15
   0.965E+00  -0.447E-02   0.737E-02  -0.255E-01   0.865E-15
   0.969E+00  -0.430E-02   0.322E-01  -0.715E-01  -0.110E-14
   0.973E+00  -0.461E-02  -0.455E-02  -0.134E+00   0.814E-15
   0.976E+00  -0.187E-02  -0.975E-02  -0.145E+00  -0.143E-14
   0.980E+00  -0.416E-02   0.172E-01   0.149E+00   0.592E-15
   0.984E+00  -0.811E-03  -0.127E-01   0.933E-01  -0.620E-15
   0.988E+00  -0.117E-02   0.183E-01  -0.138E+00  -0.472E-15
   0.992E+00  -0.290E-03  -0.204E-01   0.279E-01  -0.652E-15
   0.996E+00  -0.513E-03   0.481E-02   0.775E-01   0.128E-14
   0.100E+01   0.235E-14   0.316E-01  -0.175E+00  -0.694E-15
