 Rad             v_r          v_t        v_x        p
   0.000E+00   0.329E-01   0.000E+00  -0.468E-01   0.451E-15
   0.392E-02   0.323E-01   0.178E-01  -0.578E-01  -0.207E-15
   0.784E-02   0.305E-01  -0.374E-01  -0.654E-02   0.200E-15
   0.118E-01   0.402E-02   0.298E-01  -0.573E-01  -0.123E-14
   0.157E-01  -0.309E-01  -0.225E-02   0.632E+00  -0.179E-14
   0.196E-01   0.514E-01  -0.852E-02  -0.461E+00  -0.762E-15
   0.235E-01  -0.356E-01  -0.532E-02   0.186E+00  -0.117E-14
   0.275E-01   0.276E-01  -0.350E-01   0.549E-01   0.275E-15
   0.314E-01  -0.229E-01   0.569E-01   0.202E+00  -0.120E-15
   0.353E-01   0.262E-01   0.623E-01  -0.227E+00  -0.109E-16
   0.392E-01  -0.104E-01  -0.235E-01  -0.712E-01  -0.120E-14
   0.431E-01   0.379E-01  -0.340E-01   0.383E-01   0.545E-15
   0.471E-01  -0.721E-02  -0.112E-01  -0.225E+00  -0.261E-15
   0.510E-01   0.401E-01  -0.427E-01   0.220E+00  -0.871E-16
   0.549E-01  -0.684E-02  -0.201E-01  -0.308E+00  -0.235E-14
   0.588E-01   0.282E-01  -0.178E-01   0.804E-02  -0.137E-15
   0.627E-01   0.939E-02  -0.435E-02   0.387E+00   0.893E-15
   0.667E-01   0.353E-01   0.945E-01  -0.294E+00   0.170E-14
   0.706E-01   0.211E-01   0.700E-01  -0.230E+00  -0.237E-14
   0.745E-01   0.302E-01   0.852E-01   0.442E+00   0.135E-14
   0.784E-01   0.130E-01  -0.428E-01  -0.319E+00   0.850E-15
   0.824E-01   0.103E-01  -0.886E-01  -0.113E+00  -0.643E-15
   0.863E-01   0.858E-03  -0.100E+00   0.231E+00  -0.664E-15
   0.902E-01   0.508E-02  -0.777E-01  -0.513E-01  -0.343E-15
   0.941E-01  -0.295E-02   0.592E-01  -0.145E+00  -0.566E-15
   0.980E-01  -0.261E-02   0.437E-01   0.883E-01  -0.681E-15
   0.102E+00  -0.182E-01   0.525E-01  -0.226E-01  -0.920E-15
   0.106E+00  -0.149E-01   0.631E-02  -0.204E+00   0.501E-15
   0.110E+00  -0.113E-01  -0.267E-01   0.800E-01  -0.112E-14
   0.114E+00   0.972E-02   0.186E-01  -0.442E-01  -0.588E-15
   0.118E+00   0.768E-02   0.118E-02  -0.116E+00   0.122E-14
   0.122E+00   0.219E-01   0.197E-01  -0.191E-02  -0.123E-14
   0.125E+00   0.657E-02  -0.270E-01  -0.308E-01  -0.724E-15
   0.129E+00   0.930E-02  -0.682E-01  -0.184E+00  -0.122E-14
   0.133E+00  -0.502E-02  -0.574E-01  -0.625E-01   0.327E-16
   0.137E+00  -0.106E-01  -0.311E-01   0.385E-01  -0.840E-15
   0.141E+00  -0.897E-02  -0.803E-01   0.416E+00   0.218E-15
   0.145E+00  -0.104E-01  -0.568E-01  -0.451E+00  -0.523E-15
   0.149E+00   0.176E-02   0.436E-01   0.622E-01  -0.278E-15
   0.153E+00   0.731E-02  -0.262E-02   0.521E-01   0.436E-15
   0.157E+00   0.170E-01   0.705E-01   0.138E+00  -0.496E-15
   0.161E+00  -0.114E-02  -0.806E-02  -0.172E+00  -0.240E-15
   0.165E+00  -0.176E-02  -0.813E-01  -0.231E+00   0.327E-15
   0.169E+00  -0.122E-01   0.570E-01   0.572E+00  -0.166E-14
   0.173E+00  -0.274E-02   0.959E-01  -0.281E+00  -0.131E-15
   0.176E+00  -0.895E-02   0.953E-01  -0.175E+00   0.152E-15
   0.180E+00  -0.625E-03  -0.705E-03   0.153E+00   0.762E-15
   0.184E+00  -0.328E-02  -0.795E-01  -0.248E+00  -0.436E-16
   0.188E+00  -0.144E-02  -0.222E-01   0.360E+00  -0.124E-14
   0.192E+00   0.487E-02   0.840E-01  -0.578E+00   0.192E-14
   0.196E+00   0.737E-02   0.106E+00   0.365E+00   0.305E-15
   0.200E+00   0.611E-02   0.409E-01   0.268E-01  -0.752E-15
   0.204E+00   0.610E-03  -0.537E-01  -0.452E-01  -0.790E-16
   0.208E+00   0.169E-02  -0.152E+00  -0.236E+00   0.136E-14
   0.212E+00  -0.759E-03  -0.781E-01   0.844E-01  -0.170E-14
   0.216E+00  -0.259E-02   0.723E-01   0.189E+00  -0.490E-15
   0.220E+00   0.685E-02   0.740E-01   0.143E+00   0.457E-15
   0.224E+00  -0.922E-02  -0.332E-01  -0.479E+00  -0.240E-15
   0.227E+00  -0.634E-02  -0.313E-01   0.412E+00   0.654E-16
   0.231E+00  -0.153E-01  -0.133E+00  -0.275E+00   0.152E-15
   0.235E+00  -0.168E-01   0.477E-01   0.129E+00   0.741E-15
   0.239E+00  -0.152E-01   0.665E-01  -0.506E+00  -0.871E-16
   0.243E+00  -0.186E-01   0.119E+00   0.490E-01   0.526E-15
   0.247E+00  -0.102E-01   0.123E+00   0.367E+00  -0.261E-15
   0.251E+00  -0.154E-01   0.449E-01  -0.154E+00   0.115E-14
   0.255E+00  -0.121E-01  -0.106E+00  -0.510E+00  -0.610E-15
   0.259E+00  -0.159E-01  -0.184E+00   0.483E+00   0.161E-14
   0.263E+00  -0.769E-02  -0.162E+00   0.782E-01   0.291E-15
   0.267E+00  -0.829E-02  -0.138E-01  -0.942E-01   0.980E-15
   0.271E+00  -0.541E-03   0.731E-01   0.565E-01   0.637E-15
   0.275E+00  -0.799E-02   0.506E-01  -0.823E-01   0.610E-15
   0.278E+00   0.494E-02   0.161E-01  -0.126E+00   0.457E-15
   0.282E+00  -0.146E-01  -0.486E-01  -0.190E+00  -0.730E-15
   0.286E+00   0.347E-02  -0.965E-02  -0.309E-01   0.914E-15
   0.290E+00  -0.873E-02   0.131E+00  -0.123E+00   0.110E-14
   0.294E+00   0.440E-02   0.180E+00   0.145E+00   0.184E-14
   0.298E+00  -0.207E-02   0.173E+00  -0.270E+00   0.414E-15
   0.302E+00   0.709E-02   0.604E-01   0.143E+00   0.162E-14
   0.306E+00  -0.214E-02  -0.575E-01  -0.941E-01  -0.681E-15
   0.310E+00   0.540E-02  -0.124E+00  -0.643E-01   0.664E-15
   0.314E+00   0.219E-02  -0.978E-01  -0.167E+00   0.882E-15
   0.318E+00   0.738E-02  -0.405E-01   0.493E+00   0.159E-14
   0.322E+00   0.911E-02  -0.125E+00  -0.173E+00  -0.937E-15
   0.325E+00   0.236E-02  -0.443E-01   0.311E+00   0.675E-15
   0.329E+00  -0.513E-02  -0.188E-01   0.175E+00  -0.185E-15
   0.333E+00  -0.418E-02   0.556E-01   0.850E-01   0.637E-15
   0.337E+00  -0.777E-02   0.429E-01   0.125E+00  -0.142E-14
   0.341E+00   0.116E-02   0.305E-01   0.532E-01   0.129E-14
   0.345E+00  -0.111E-01  -0.321E-02   0.330E+00  -0.161E-14
   0.349E+00  -0.269E-02  -0.457E-02  -0.810E-01   0.123E-14
   0.353E+00  -0.128E-01  -0.171E-01   0.273E+00  -0.349E-15
   0.357E+00  -0.747E-02  -0.609E-01   0.285E-01  -0.474E-15
   0.361E+00  -0.129E-01  -0.314E-01  -0.733E-01  -0.762E-15
   0.365E+00  -0.941E-02   0.434E-01  -0.587E-01  -0.572E-16
   0.369E+00  -0.106E-01   0.952E-01   0.828E-01  -0.172E-14
   0.373E+00  -0.406E-02  -0.244E-02  -0.144E+00  -0.436E-16
   0.376E+00  -0.131E-01  -0.319E-01  -0.253E+00  -0.261E-15
   0.380E+00  -0.408E-02   0.482E-01   0.232E+00   0.196E-15
   0.384E+00  -0.172E-01   0.764E-01  -0.279E+00  -0.185E-14
   0.388E+00   0.443E-02   0.618E-01   0.394E+00  -0.349E-15
   0.392E+00  -0.990E-02  -0.197E+00   0.173E-01  -0.145E-14
   0.396E+00   0.113E-02  -0.983E-01   0.159E+00   0.370E-15
   0.400E+00  -0.164E-01  -0.679E-01  -0.174E+00  -0.719E-15
   0.404E+00  -0.306E-02   0.112E+00   0.243E+00  -0.654E-16
   0.408E+00  -0.834E-02   0.841E-01  -0.114E-01  -0.148E-14
   0.412E+00  -0.333E-02  -0.271E-01  -0.389E+00   0.850E-15
   0.416E+00  -0.589E-02   0.151E+00   0.446E+00  -0.115E-14
   0.420E+00   0.975E-03   0.990E-01  -0.208E-01   0.861E-15
   0.424E+00  -0.855E-02  -0.808E-02  -0.325E+00  -0.187E-14
   0.427E+00  -0.335E-02  -0.174E-01   0.101E+00   0.132E-14
   0.431E+00  -0.144E-01   0.141E-01   0.209E+00  -0.171E-14
   0.435E+00   0.164E-02   0.303E-01  -0.110E+00   0.212E-15
   0.439E+00  -0.896E-02   0.615E-01  -0.161E+00  -0.784E-15
   0.443E+00   0.907E-02   0.338E-01   0.157E+00   0.150E-14
   0.447E+00  -0.170E-01  -0.978E-01  -0.784E-01  -0.142E-14
   0.451E+00   0.111E-01  -0.634E-01   0.741E-02   0.171E-14
   0.455E+00  -0.996E-02  -0.108E+00  -0.264E+00  -0.850E-15
   0.459E+00   0.143E-01   0.439E-02   0.150E+00   0.222E-14
   0.463E+00  -0.862E-02  -0.174E-01  -0.348E+00  -0.632E-15
   0.467E+00   0.105E-01   0.803E-01  -0.327E+00   0.109E-15
   0.471E+00  -0.167E-01   0.893E-01   0.477E-01  -0.496E-15
   0.475E+00   0.115E-01   0.401E-01  -0.658E-01   0.164E-14
   0.478E+00  -0.183E-01  -0.162E-01  -0.266E+00  -0.958E-15
   0.482E+00   0.114E-01  -0.161E-01   0.178E+00  -0.294E-15
   0.486E+00  -0.128E-01  -0.497E-01   0.971E-01  -0.490E-16
   0.490E+00   0.297E-02  -0.145E-01  -0.167E+00   0.148E-14
   0.494E+00  -0.103E-01   0.201E-01   0.135E+00  -0.279E-14
   0.498E+00   0.571E-02   0.492E-01   0.144E-01   0.177E-14
   0.502E+00  -0.122E-01  -0.875E-02  -0.304E+00  -0.100E-14
   0.506E+00   0.760E-02   0.728E-01   0.736E-01   0.376E-15
   0.510E+00  -0.571E-02   0.418E-01   0.699E-01  -0.937E-15
   0.514E+00   0.810E-02  -0.400E-01  -0.245E+00  -0.126E-14
   0.518E+00  -0.623E-02  -0.772E-01   0.184E+00   0.103E-14
   0.522E+00   0.811E-02  -0.643E-01  -0.131E-01  -0.796E-15
   0.525E+00  -0.834E-02  -0.721E-01  -0.139E+00  -0.664E-15
   0.529E+00   0.538E-02  -0.137E-01  -0.481E-01   0.313E-15
   0.533E+00  -0.596E-02  -0.197E-01  -0.396E-03  -0.115E-14
   0.537E+00   0.442E-02  -0.105E+00  -0.277E+00   0.305E-15
   0.541E+00  -0.281E-02  -0.589E-01  -0.132E+00  -0.316E-15
   0.545E+00   0.240E-02   0.839E-01   0.816E-01  -0.517E-15
   0.549E+00  -0.582E-02   0.134E+00   0.310E+00   0.218E-15
   0.553E+00   0.369E-02  -0.298E-01  -0.454E+00  -0.181E-14
   0.557E+00  -0.171E-02   0.123E-01  -0.106E+00  -0.621E-15
   0.561E+00   0.226E-02   0.400E-01   0.683E+00  -0.871E-15
   0.565E+00  -0.433E-02  -0.239E+00  -0.509E+00  -0.126E-14
   0.569E+00   0.102E-02  -0.278E-01   0.175E+00   0.000E+00
   0.573E+00  -0.190E-02  -0.124E+00   0.106E+00  -0.136E-14
   0.576E+00   0.558E-02  -0.186E+00   0.590E-01  -0.457E-15
   0.580E+00  -0.388E-03  -0.117E-01   0.380E+00  -0.111E-14
   0.584E+00   0.419E-02  -0.845E-02  -0.328E-01  -0.319E-14
   0.588E+00  -0.701E-03   0.973E-01   0.520E-01  -0.144E-14
   0.592E+00   0.103E-01   0.308E+00   0.150E+00  -0.164E-14
   0.596E+00   0.310E-02   0.152E+00  -0.425E+00  -0.209E-14
   0.600E+00   0.772E-02   0.496E-01   0.172E+00  -0.194E-14
   0.604E+00   0.762E-02   0.562E-01   0.369E+00  -0.370E-15
   0.608E+00   0.113E-01  -0.136E-01  -0.265E-01  -0.144E-14
   0.612E+00  -0.285E-03   0.292E-01   0.221E+00  -0.143E-14
   0.616E+00   0.949E-02  -0.956E-01  -0.184E-01  -0.257E-14
   0.620E+00  -0.478E-02   0.143E-01   0.442E+00  -0.150E-14
   0.624E+00   0.519E-02   0.127E+00   0.860E-01  -0.106E-14
   0.627E+00  -0.554E-02   0.604E-01  -0.215E+00  -0.240E-14
   0.631E+00   0.785E-02   0.494E-01  -0.925E-01  -0.142E-14
   0.635E+00  -0.190E-03  -0.710E-01  -0.219E+00  -0.123E-14
   0.639E+00   0.113E-02   0.336E-01  -0.103E+00  -0.506E-15
   0.643E+00   0.176E-02   0.208E-01   0.527E-01  -0.104E-14
   0.647E+00   0.263E-02  -0.849E-01   0.311E+00  -0.157E-14
   0.651E+00   0.492E-02  -0.284E+00  -0.177E+00  -0.175E-14
   0.655E+00   0.827E-02  -0.114E+00   0.165E+00  -0.254E-14
   0.659E+00  -0.109E-03   0.152E+00   0.137E+00  -0.866E-15
   0.663E+00   0.811E-02   0.259E+00   0.294E-01  -0.130E-14
   0.667E+00  -0.120E-02   0.254E-01  -0.132E+00   0.539E-15
   0.671E+00   0.108E-01  -0.519E-01   0.164E+00  -0.106E-14
   0.675E+00  -0.275E-02  -0.157E+00  -0.552E+00  -0.179E-14
   0.678E+00   0.983E-02   0.831E-01   0.766E-01  -0.169E-14
   0.682E+00  -0.240E-02   0.287E-02   0.324E-01  -0.185E-14
   0.686E+00   0.478E-02   0.505E-01   0.935E-01  -0.178E-14
   0.690E+00  -0.274E-02   0.130E+00   0.144E+00  -0.151E-14
   0.694E+00   0.548E-02   0.601E-01  -0.254E+00  -0.198E-14
   0.698E+00  -0.350E-02   0.303E-01   0.404E+00  -0.741E-15
   0.702E+00   0.504E-02  -0.842E-01   0.184E+00  -0.356E-14
   0.706E+00  -0.975E-02  -0.447E-01  -0.219E-01  -0.814E-15
   0.710E+00   0.771E-02   0.142E+00   0.913E-01  -0.237E-14
   0.714E+00  -0.108E-01  -0.319E-01   0.711E-01  -0.125E-14
   0.718E+00   0.868E-02  -0.185E+00  -0.191E+00  -0.228E-14
   0.722E+00  -0.115E-01  -0.595E-01   0.105E+00  -0.200E-14
   0.725E+00   0.733E-02   0.165E+00  -0.167E-01  -0.330E-14
   0.729E+00  -0.129E-01   0.184E+00   0.108E+00  -0.187E-14
   0.733E+00   0.879E-02  -0.326E-01   0.104E+00  -0.294E-14
   0.737E+00  -0.122E-01  -0.290E+00   0.157E+00  -0.283E-15
   0.741E+00   0.612E-02  -0.285E+00  -0.120E+00  -0.306E-14
   0.745E+00  -0.159E-01   0.707E-01  -0.128E+00  -0.926E-15
   0.749E+00  -0.125E-02   0.330E+00  -0.808E-03  -0.194E-14
   0.753E+00  -0.940E-02   0.208E+00  -0.279E+00  -0.654E-16
   0.757E+00   0.132E-02  -0.273E-01  -0.127E+00  -0.904E-15
   0.761E+00  -0.103E-01  -0.212E+00  -0.405E+00  -0.327E-15
   0.765E+00   0.349E-02   0.430E-01   0.353E+00  -0.172E-14
   0.769E+00  -0.111E-01   0.218E-01  -0.216E+00  -0.146E-14
   0.773E+00   0.703E-02   0.109E+00   0.333E+00  -0.113E-14
   0.776E+00  -0.110E-01  -0.144E+00  -0.260E+00  -0.980E-15
   0.780E+00   0.742E-02  -0.126E+00  -0.115E+00  -0.142E-14
   0.784E+00  -0.139E-01   0.488E-01  -0.382E+00  -0.152E-15
   0.788E+00   0.691E-02   0.884E-01  -0.330E-01   0.267E-15
   0.792E+00  -0.850E-02   0.206E-01  -0.853E-01   0.828E-15
   0.796E+00   0.416E-02  -0.316E-01   0.268E+00  -0.414E-15
   0.800E+00  -0.119E-01   0.343E-01   0.185E+00  -0.359E-15
   0.804E+00   0.766E-02   0.461E-01  -0.103E-01  -0.340E-15
   0.808E+00  -0.106E-01   0.671E-01  -0.117E+00  -0.414E-15
   0.812E+00   0.441E-02   0.324E-01  -0.185E+00  -0.112E-14
   0.816E+00  -0.114E-01  -0.128E-01  -0.723E-01  -0.387E-15
   0.820E+00   0.196E-02   0.119E+00  -0.182E+00   0.980E-16
   0.824E+00  -0.110E-01   0.158E+00   0.107E+00  -0.572E-15
   0.827E+00   0.491E-02   0.191E+00   0.125E+00   0.610E-15
   0.831E+00  -0.304E-02  -0.453E-01  -0.155E+00  -0.133E-14
   0.835E+00   0.155E-02  -0.722E-01   0.286E-01  -0.109E-16
   0.839E+00  -0.720E-02  -0.611E-01   0.183E-01  -0.116E-14
   0.843E+00  -0.377E-02   0.342E-02   0.132E+00  -0.167E-14
   0.847E+00  -0.537E-02  -0.464E-01   0.277E-02  -0.316E-15
   0.851E+00   0.196E-03  -0.358E-01   0.132E+00  -0.214E-14
   0.855E+00  -0.632E-02   0.132E-01  -0.362E+00  -0.152E-15
   0.859E+00  -0.327E-02   0.214E+00   0.366E+00  -0.155E-14
   0.863E+00  -0.919E-02   0.135E+00   0.502E+00  -0.305E-15
   0.867E+00  -0.575E-02  -0.826E-01   0.349E+00  -0.784E-15
   0.871E+00  -0.887E-02   0.107E+00   0.351E-01   0.123E-15
   0.875E+00  -0.136E-01   0.133E+00   0.101E+00  -0.120E-14
   0.878E+00  -0.129E-01  -0.468E-01  -0.217E+00   0.915E-15
   0.882E+00  -0.153E-01  -0.104E+00   0.701E-01   0.120E-15
   0.886E+00  -0.735E-02  -0.177E+00  -0.735E-01   0.121E-14
   0.890E+00  -0.124E-01  -0.178E+00  -0.710E+00   0.100E-14
   0.894E+00  -0.436E-02  -0.204E-01   0.124E+00  -0.447E-15
   0.898E+00  -0.446E-02   0.883E-01   0.182E+00  -0.163E-15
   0.902E+00  -0.730E-02  -0.116E+00   0.250E+00  -0.632E-15
   0.906E+00  -0.936E-02  -0.139E+00   0.155E+00  -0.654E-15
   0.910E+00  -0.386E-02  -0.194E-01  -0.124E+00  -0.735E-15
   0.914E+00  -0.113E-01   0.182E-01  -0.293E+00  -0.113E-14
   0.918E+00  -0.104E-01  -0.628E-01   0.403E-01  -0.630E-15
   0.922E+00  -0.116E-01  -0.886E-01   0.260E-01  -0.161E-14
   0.925E+00  -0.277E-02   0.784E-01   0.394E+00   0.102E-14
   0.929E+00  -0.331E-02   0.120E+00   0.423E+00   0.196E-15
   0.933E+00   0.471E-02  -0.114E-02   0.158E+00  -0.103E-14
   0.937E+00  -0.296E-03  -0.116E+00  -0.139E+00  -0.100E-14
   0.941E+00  -0.938E-03   0.527E-01   0.987E-01   0.223E-15
   0.945E+00   0.111E-02   0.234E+00  -0.953E-01  -0.204E-14
   0.949E+00  -0.728E-03  -0.195E-01  -0.119E-01  -0.425E-15
   0.953E+00   0.466E-02   0.101E-01   0.356E+00  -0.237E-14
   0.957E+00  -0.385E-02  -0.465E-01  -0.298E-01   0.871E-16
   0.961E+00   0.603E-03   0.724E-01   0.107E+00  -0.112E-14
   0.965E+00  -0.381E-02   0.418E-01   0.315E+00   0.157E-14
   0.969E+00   0.666E-02   0.279E-01  -0.144E+00  -0.860E-15
   0.973E+00  -0.580E-02   0.230E+00   0.856E-01  -0.381E-16
   0.976E+00   0.881E-04   0.642E-01  -0.322E-01  -0.735E-16
   0.980E+00  -0.539E-02  -0.124E+00  -0.173E+00   0.218E-15
   0.984E+00  -0.165E-02  -0.645E-01  -0.142E+00  -0.179E-14
   0.988E+00   0.239E-02  -0.883E-01  -0.163E+00  -0.141E-14
   0.992E+00  -0.599E-03  -0.104E+00  -0.242E+00  -0.110E-14
   0.996E+00   0.121E-02  -0.340E-01  -0.883E-01  -0.991E-15
   0.100E+01   0.144E-14  -0.101E+00  -0.197E+00   0.109E-15
