 Rad             v_r          v_t        v_x        p
   0.000E+00   0.321E+00   0.000E+00  -0.124E-01  -0.153E-14
   0.392E-02   0.255E+00  -0.475E-01  -0.627E+00   0.396E-15
   0.784E-02   0.527E-01   0.573E-01   0.102E+00  -0.142E-14
   0.118E-01  -0.258E-01  -0.522E-02  -0.187E+00   0.199E-14
   0.157E-01   0.698E-01   0.158E-02  -0.277E+00  -0.659E-16
   0.196E-01  -0.370E-01   0.573E-01   0.137E+00   0.000E+00
   0.235E-01   0.463E-01  -0.229E-01   0.211E+00   0.879E-16
   0.275E-01   0.243E-01  -0.915E-01   0.169E+00  -0.319E-15
   0.314E-01   0.500E-01   0.650E-01  -0.107E+00   0.549E-15
   0.353E-01   0.152E-01  -0.695E-01   0.190E+00  -0.242E-15
   0.392E-01   0.384E-01   0.134E+00   0.295E+00  -0.439E-16
   0.431E-01   0.105E-01  -0.128E-02  -0.431E+00  -0.637E-15
   0.471E-01  -0.170E-02   0.713E-01   0.288E+00  -0.154E-14
   0.510E-01   0.559E-01   0.580E-01   0.232E+00  -0.220E-15
   0.549E-01  -0.267E-02  -0.124E+00  -0.142E+00   0.648E-15
   0.588E-01   0.482E-01   0.580E-01  -0.235E+00   0.154E-15
   0.627E-01  -0.426E-03   0.132E+00   0.489E+00  -0.244E-14
   0.667E-01   0.737E-02   0.123E+00  -0.753E-01   0.258E-15
   0.706E-01  -0.280E-02  -0.836E-01   0.218E-01   0.144E-14
   0.745E-01   0.202E-01   0.145E-01  -0.253E+00  -0.180E-14
   0.784E-01   0.934E-02   0.867E-01   0.153E+00   0.472E-15
   0.824E-01   0.264E-01   0.115E-01  -0.378E+00  -0.659E-15
   0.863E-01   0.121E-01  -0.776E-01  -0.622E-01   0.310E-14
   0.902E-01   0.593E-02  -0.436E-01   0.211E+00  -0.292E-14
   0.941E-01   0.297E-02  -0.159E+00   0.242E+00   0.141E-14
   0.980E-01   0.133E-02   0.670E-01  -0.408E+00   0.593E-15
   0.102E+00  -0.277E-01   0.241E+00   0.123E+00   0.238E-14
   0.106E+00  -0.235E-01   0.329E-01  -0.265E+00  -0.240E-14
   0.110E+00  -0.416E-01   0.867E-01   0.444E+00   0.103E-14
   0.114E+00  -0.131E-01   0.475E-01  -0.265E+00  -0.176E-14
   0.118E+00  -0.290E-01  -0.781E-02  -0.575E-01   0.214E-14
   0.122E+00  -0.169E-01   0.125E+00  -0.113E+00  -0.222E-14
   0.125E+00  -0.226E-01   0.142E+00  -0.115E+00   0.164E-14
   0.129E+00  -0.181E-01  -0.132E-01   0.813E-01  -0.120E-14
   0.133E+00  -0.567E-02  -0.303E-01  -0.180E+00   0.243E-14
   0.137E+00  -0.198E-01  -0.223E+00  -0.306E+00  -0.193E-14
   0.141E+00  -0.409E-02  -0.708E-01   0.766E-01   0.144E-14
   0.145E+00  -0.183E-01   0.604E-02   0.421E+00  -0.176E-15
   0.149E+00   0.552E-02  -0.868E-01  -0.650E+00   0.224E-14
   0.153E+00  -0.471E-02  -0.883E-01   0.309E+00  -0.257E-14
   0.157E+00   0.111E-01  -0.178E+00   0.411E+00   0.191E-14
   0.161E+00   0.165E-02  -0.180E+00  -0.456E+00  -0.615E-15
   0.165E+00   0.145E-01   0.147E+00  -0.219E+00   0.127E-14
   0.169E+00   0.239E-02   0.154E+00   0.501E+00  -0.747E-15
   0.173E+00   0.177E-01  -0.965E-01   0.265E+00   0.147E-14
   0.176E+00   0.781E-03  -0.159E+00  -0.602E+00   0.879E-15
   0.180E+00   0.161E-01  -0.101E+00   0.243E+00   0.233E-14
   0.184E+00  -0.126E-01  -0.327E-01   0.498E-01  -0.133E-14
   0.188E+00  -0.288E-03   0.314E-01  -0.273E-01   0.425E-14
   0.192E+00  -0.245E-01  -0.188E+00  -0.153E-01  -0.280E-15
   0.196E+00   0.130E-01  -0.125E+00   0.948E-01   0.157E-14
   0.200E+00   0.783E-02   0.908E-01   0.204E-01  -0.313E-15
   0.204E+00   0.249E-01   0.261E+00   0.382E+00   0.196E-14
   0.208E+00   0.458E-02   0.172E+00  -0.419E+00  -0.681E-15
   0.212E+00   0.618E-02  -0.261E-01   0.778E-01   0.347E-14
   0.216E+00  -0.388E-02  -0.160E+00  -0.174E+00  -0.429E-15
   0.220E+00   0.125E-01  -0.177E+00   0.146E+00   0.180E-14
   0.224E+00  -0.296E-02  -0.710E-02  -0.396E+00   0.747E-15
   0.227E+00   0.157E-01   0.562E-01   0.877E-01   0.166E-14
   0.231E+00   0.153E-02   0.645E-01   0.136E+00  -0.879E-15
   0.235E+00   0.243E-01  -0.142E+00  -0.151E+00   0.262E-14
   0.239E+00   0.123E-01  -0.108E+00   0.827E-01   0.385E-16
   0.243E+00   0.350E-01   0.101E-03   0.127E+00   0.102E-14
   0.247E+00   0.862E-02  -0.719E-02  -0.106E+00  -0.171E-14
   0.251E+00   0.244E-01   0.763E-01   0.170E+00   0.188E-14
   0.255E+00   0.826E-02   0.192E+00  -0.184E+00  -0.198E-15
   0.259E+00   0.298E-01   0.147E+00   0.251E+00   0.211E-14
   0.263E+00   0.798E-02   0.214E+00  -0.122E+00  -0.659E-15
   0.267E+00   0.268E-01   0.108E+00   0.102E+00   0.173E-14
   0.271E+00   0.102E-01   0.180E+00  -0.139E+00  -0.412E-15
   0.275E+00   0.357E-01   0.112E+00   0.111E+00   0.116E-14
   0.278E+00   0.127E-01  -0.773E-01  -0.153E+00  -0.142E-14
   0.282E+00   0.306E-01  -0.160E+00  -0.301E+00   0.180E-14
   0.286E+00   0.176E-01  -0.224E+00   0.471E-01  -0.182E-14
   0.290E+00   0.349E-01  -0.103E+00   0.280E-01   0.143E-14
   0.294E+00   0.151E-01   0.141E-01   0.723E-01  -0.871E-15
   0.298E+00   0.357E-01   0.105E+00   0.233E-01   0.181E-14
   0.302E+00   0.266E-01  -0.134E-01   0.478E-01  -0.190E-15
   0.306E+00   0.356E-01  -0.118E+00  -0.231E+00   0.758E-15
   0.310E+00   0.243E-01   0.108E+00   0.220E+00  -0.945E-15
   0.314E+00   0.313E-01   0.261E-01  -0.200E+00   0.131E-14
   0.318E+00   0.224E-01   0.547E-01  -0.585E-01  -0.166E-14
   0.322E+00   0.354E-01  -0.947E-03   0.138E-01   0.871E-15
   0.325E+00   0.208E-01  -0.216E-01   0.236E+00  -0.124E-14
   0.329E+00   0.307E-01   0.126E+00  -0.457E+00   0.182E-14
   0.333E+00   0.146E-01   0.119E+00   0.325E+00  -0.163E-14
   0.337E+00   0.270E-01   0.100E+00   0.135E+00   0.956E-15
   0.341E+00   0.117E-01   0.395E-01  -0.253E+00  -0.516E-15
   0.345E+00   0.246E-01  -0.838E-01  -0.240E+00   0.167E-14
   0.349E+00   0.152E-01  -0.651E-01   0.218E+00  -0.199E-14
   0.353E+00   0.314E-01  -0.825E-01  -0.642E-01   0.206E-14
   0.357E+00   0.122E-01  -0.101E+00  -0.525E-01  -0.387E-15
   0.361E+00   0.216E-01  -0.423E-01   0.179E+00   0.604E-15
   0.365E+00   0.359E-02   0.294E-01  -0.739E-01  -0.308E-15
   0.369E+00   0.113E-01  -0.126E-01   0.241E+00   0.189E-14
   0.373E+00   0.439E-02  -0.243E-01  -0.251E+00  -0.102E-14
   0.376E+00   0.107E-01  -0.125E+00   0.167E+00   0.692E-15
   0.380E+00  -0.428E-03  -0.799E-01   0.676E-01  -0.109E-14
   0.384E+00   0.698E-02   0.321E-01   0.850E-01   0.144E-14
   0.388E+00   0.197E-02   0.656E-01   0.230E+00  -0.703E-15
   0.392E+00   0.966E-02  -0.834E-01  -0.537E-01   0.772E-15
   0.396E+00  -0.223E-02  -0.724E-02   0.203E+00  -0.615E-15
   0.400E+00   0.622E-02  -0.674E-01   0.446E-01  -0.897E-15
   0.404E+00  -0.670E-02   0.776E-01  -0.210E+00   0.187E-15
   0.408E+00   0.159E-01   0.176E+00   0.216E+00   0.114E-14
   0.412E+00  -0.125E-02   0.144E+00  -0.541E-01  -0.768E-15
   0.416E+00   0.212E-01   0.207E+00  -0.101E+00  -0.220E-16
   0.420E+00  -0.785E-02   0.496E-01  -0.114E+00  -0.330E-16
   0.424E+00   0.177E-01   0.977E-02  -0.250E-01   0.714E-16
   0.427E+00  -0.740E-02  -0.111E+00  -0.211E+00  -0.330E-16
   0.431E+00   0.163E-01  -0.101E+00   0.850E-01  -0.505E-15
   0.435E+00  -0.201E-02  -0.864E-01   0.159E+00  -0.116E-14
   0.439E+00   0.139E-01  -0.103E+00  -0.113E+00   0.659E-15
   0.443E+00  -0.447E-02  -0.756E-01   0.418E-01  -0.133E-14
   0.447E+00   0.134E-01  -0.393E-01  -0.180E+00   0.121E-14
   0.451E+00  -0.725E-03  -0.147E+00  -0.240E+00  -0.483E-15
   0.455E+00   0.180E-01   0.556E-01  -0.132E+00   0.125E-14
   0.459E+00   0.273E-02   0.124E+00  -0.179E+00  -0.901E-15
   0.463E+00   0.226E-01   0.747E-01   0.160E+00   0.571E-15
   0.467E+00   0.697E-02   0.556E-01   0.390E+00  -0.483E-15
   0.471E+00   0.295E-01   0.310E-01  -0.230E+00   0.130E-14
   0.475E+00   0.127E-01   0.673E-01  -0.327E-02  -0.127E-14
   0.478E+00   0.287E-01   0.158E+00   0.100E-01   0.101E-14
   0.482E+00   0.626E-02   0.130E-02  -0.530E-01  -0.119E-14
   0.486E+00   0.293E-01   0.465E-01   0.144E+00   0.180E-14
   0.490E+00   0.866E-02   0.247E-01   0.177E+00  -0.211E-14
   0.494E+00   0.325E-01   0.853E-01   0.198E+00   0.122E-14
   0.498E+00   0.552E-02   0.191E+00  -0.736E-01  -0.142E-14
   0.502E+00   0.285E-01   0.891E-01  -0.152E+00   0.210E-14
   0.506E+00  -0.314E-02   0.565E-01  -0.284E-01  -0.197E-14
   0.510E+00   0.231E-01   0.876E-01  -0.280E+00   0.171E-14
   0.514E+00  -0.498E-02   0.996E-01   0.301E+00  -0.167E-14
   0.518E+00   0.175E-01  -0.195E+00  -0.627E-01   0.202E-14
   0.522E+00  -0.990E-02  -0.144E+00  -0.986E-01  -0.174E-14
   0.525E+00   0.231E-01  -0.113E-01  -0.400E-01   0.184E-14
   0.529E+00  -0.857E-02   0.896E-01   0.452E-01  -0.114E-14
   0.533E+00   0.230E-01   0.294E-01   0.934E-02   0.228E-14
   0.537E+00  -0.510E-02   0.173E-01   0.581E-02  -0.934E-15
   0.541E+00   0.246E-01   0.601E-01   0.829E-01   0.183E-14
   0.545E+00  -0.637E-02  -0.175E-01  -0.311E+00  -0.505E-15
   0.549E+00   0.231E-01   0.775E-01   0.233E+00   0.118E-14
   0.553E+00  -0.633E-02  -0.612E-01   0.338E-01  -0.120E-14
   0.557E+00   0.249E-01  -0.514E-01  -0.133E+00   0.215E-14
   0.561E+00  -0.777E-02   0.382E-01   0.845E-02  -0.105E-14
   0.565E+00   0.249E-01  -0.637E-02  -0.281E-01   0.123E-14
   0.569E+00  -0.578E-02   0.161E+00   0.235E+00  -0.141E-14
   0.573E+00   0.277E-01   0.169E+00   0.391E+00   0.182E-14
   0.576E+00  -0.158E-02   0.110E+00   0.111E+00  -0.879E-16
   0.580E+00   0.228E-01  -0.236E-01  -0.239E+00   0.113E-14
   0.584E+00  -0.568E-03  -0.130E+00   0.707E-02  -0.139E-14
   0.588E+00   0.213E-01  -0.878E-01   0.374E+00   0.149E-14
   0.592E+00   0.429E-03  -0.834E-01   0.207E-01  -0.137E-14
   0.596E+00   0.135E-01   0.125E+00  -0.333E+00   0.198E-14
   0.600E+00   0.280E-02   0.529E-01   0.507E+00  -0.123E-14
   0.604E+00   0.190E-01   0.587E-03   0.297E+00   0.167E-14
   0.608E+00   0.120E-01  -0.425E-01   0.196E+00  -0.138E-14
   0.612E+00   0.200E-01  -0.955E-01  -0.949E-01   0.131E-14
   0.616E+00   0.137E-01   0.764E-01   0.594E-01  -0.259E-14
   0.620E+00   0.231E-01  -0.242E-01   0.267E+00   0.901E-15
   0.624E+00   0.200E-01  -0.770E-01  -0.349E-01  -0.118E-14
   0.627E+00   0.273E-01  -0.121E+00  -0.703E-02   0.116E-14
   0.631E+00   0.201E-01  -0.101E+00  -0.218E+00  -0.190E-14
   0.635E+00   0.287E-01   0.330E-01   0.138E+00   0.210E-14
   0.639E+00   0.180E-01   0.106E+00  -0.529E-01  -0.102E-14
   0.643E+00   0.317E-01   0.733E-01  -0.908E-01   0.139E-14
   0.647E+00   0.154E-01   0.973E-02  -0.248E+00   0.231E-15
   0.651E+00   0.276E-01  -0.119E+00  -0.332E+00   0.138E-14
   0.655E+00   0.140E-01  -0.435E-01   0.114E+00  -0.258E-15
   0.659E+00   0.207E-01   0.187E+00  -0.139E+00  -0.231E-15
   0.663E+00   0.655E-02   0.184E+00  -0.155E+00  -0.132E-14
   0.667E+00   0.161E-01   0.195E+00  -0.303E+00   0.286E-15
   0.671E+00   0.295E-02   0.359E-02   0.162E+00  -0.197E-14
   0.675E+00   0.144E-01  -0.111E+00  -0.146E+00  -0.176E-15
   0.678E+00   0.722E-02  -0.946E-02  -0.100E+00   0.357E-15
   0.682E+00   0.221E-01   0.827E-01  -0.358E-01   0.574E-15
   0.686E+00   0.114E-01   0.417E-01   0.809E-01  -0.994E-15
   0.690E+00   0.269E-01  -0.135E-01   0.159E+00   0.308E-15
   0.694E+00   0.926E-02  -0.576E-02  -0.842E-01  -0.136E-14
   0.698E+00   0.319E-01   0.122E+00   0.395E+00   0.703E-15
   0.702E+00   0.993E-02   0.386E-01  -0.459E+00  -0.134E-14
   0.706E+00   0.351E-01   0.866E-01  -0.447E-02   0.666E-15
   0.710E+00   0.115E-01   0.606E-01   0.233E+00  -0.121E-15
   0.714E+00   0.373E-01  -0.960E-02  -0.189E+00   0.923E-15
   0.718E+00   0.110E-01  -0.239E-02  -0.515E-02  -0.205E-14
   0.722E+00   0.334E-01  -0.104E+00   0.201E-01   0.354E-15
   0.725E+00   0.647E-02   0.619E-01  -0.613E-01  -0.185E-14
   0.729E+00   0.358E-01   0.891E-01  -0.768E-01   0.263E-14
   0.733E+00   0.105E-01  -0.516E-01   0.831E-01  -0.162E-14
   0.737E+00   0.417E-01  -0.496E-01   0.294E+00   0.178E-14
   0.741E+00   0.114E-01   0.565E-03   0.338E+00  -0.374E-15
   0.745E+00   0.436E-01  -0.225E-01   0.226E+00   0.191E-14
   0.749E+00   0.140E-01  -0.166E+00   0.112E+00  -0.177E-14
   0.753E+00   0.414E-01  -0.133E+00   0.306E-01   0.278E-14
   0.757E+00   0.106E-01  -0.551E-01   0.111E+00  -0.126E-14
   0.761E+00   0.304E-01   0.157E+00   0.150E+00   0.238E-14
   0.765E+00   0.878E-02   0.205E+00  -0.846E-01  -0.128E-14
   0.769E+00   0.335E-01   0.158E+00   0.401E-01   0.329E-14
   0.773E+00   0.123E-01   0.514E-01  -0.208E+00  -0.571E-15
   0.776E+00   0.319E-01  -0.396E-01   0.183E+00   0.322E-14
   0.780E+00   0.791E-02  -0.666E-01   0.220E-01  -0.135E-14
   0.784E+00   0.281E-01  -0.170E+00  -0.416E-01   0.305E-14
   0.788E+00   0.663E-02   0.212E-01  -0.552E-01   0.406E-15
   0.792E+00   0.238E-01  -0.860E-01  -0.123E+00   0.332E-14
   0.796E+00   0.563E-02  -0.258E-01  -0.234E+00  -0.286E-15
   0.800E+00   0.204E-01   0.593E-02   0.580E-01   0.451E-14
   0.804E+00   0.452E-02   0.161E+00   0.458E-01   0.953E-15
   0.808E+00   0.219E-01   0.111E+00  -0.101E+00   0.310E-14
   0.812E+00   0.636E-02   0.823E-01   0.136E+00  -0.407E-15
   0.816E+00   0.189E-01   0.840E-01   0.461E-01   0.457E-14
   0.820E+00   0.864E-02   0.235E-01   0.126E+00   0.626E-15
   0.824E+00   0.155E-01  -0.617E-01  -0.260E+00   0.297E-14
   0.827E+00  -0.210E-03  -0.862E-01   0.139E+00   0.912E-15
   0.831E+00   0.112E-01   0.122E-01   0.501E+00   0.435E-14
   0.835E+00  -0.529E-03  -0.105E+00  -0.249E+00  -0.824E-15
   0.839E+00   0.197E-02  -0.456E-03  -0.113E-01   0.355E-14
   0.843E+00   0.481E-03  -0.455E-01   0.873E-01  -0.225E-15
   0.847E+00  -0.251E-02  -0.813E-01   0.113E+00   0.366E-14
   0.851E+00   0.461E-02  -0.161E+00   0.625E-01  -0.148E-15
   0.855E+00   0.733E-02  -0.194E+00  -0.255E-01   0.197E-14
   0.859E+00   0.108E-01  -0.168E+00   0.188E+00   0.549E-16
   0.863E+00   0.506E-02  -0.138E+00  -0.163E+00   0.312E-14
   0.867E+00   0.810E-02   0.215E-01  -0.149E+00   0.133E-14
   0.871E+00   0.814E-02  -0.108E-01  -0.309E+00   0.242E-14
   0.875E+00   0.129E-01   0.128E+00   0.216E+00   0.385E-15
   0.878E+00   0.107E-01  -0.345E-01  -0.952E-01   0.397E-14
   0.882E+00   0.113E-01  -0.245E-01   0.614E-02  -0.403E-15
   0.886E+00   0.128E-01  -0.528E-01  -0.613E-01   0.355E-14
   0.890E+00   0.883E-02  -0.615E-01  -0.189E-01  -0.165E-14
   0.894E+00   0.111E-01   0.820E-02   0.206E+00   0.419E-14
   0.898E+00   0.133E-01  -0.308E+00   0.752E-01  -0.538E-15
   0.902E+00   0.708E-02  -0.171E+00   0.337E+00   0.182E-14
   0.906E+00   0.824E-02   0.619E-01   0.478E+00  -0.193E-14
   0.910E+00   0.978E-02   0.252E-01   0.125E+00   0.378E-14
   0.914E+00   0.123E-01   0.736E-01   0.152E+00  -0.346E-14
   0.918E+00   0.569E-02   0.115E+00  -0.199E+00   0.272E-14
   0.922E+00   0.748E-02   0.148E+00   0.380E+00  -0.211E-14
   0.925E+00   0.449E-02   0.195E-01  -0.179E+00   0.321E-14
   0.929E+00   0.975E-02  -0.138E-01  -0.160E+00  -0.230E-14
   0.933E+00   0.464E-02   0.114E+00  -0.146E+00   0.241E-14
   0.937E+00   0.216E-02   0.180E+00   0.110E+00  -0.162E-14
   0.941E+00   0.112E-02  -0.906E-01  -0.198E+00   0.388E-14
   0.945E+00  -0.146E-03   0.509E-02  -0.791E-01  -0.250E-14
   0.949E+00  -0.785E-02   0.107E+00  -0.281E-02   0.227E-14
   0.953E+00  -0.255E-03   0.128E+00   0.281E+00  -0.281E-14
   0.957E+00  -0.220E-02   0.124E+00  -0.199E-02   0.366E-14
   0.961E+00   0.959E-03   0.107E+00  -0.132E+00  -0.387E-14
   0.965E+00  -0.402E-02  -0.857E-01   0.935E-01   0.288E-14
   0.969E+00  -0.442E-02  -0.173E+00  -0.165E-01  -0.268E-14
   0.973E+00  -0.325E-02   0.126E+00   0.159E+00   0.416E-14
   0.976E+00  -0.618E-02   0.773E-02  -0.148E+00  -0.302E-14
   0.980E+00   0.331E-03   0.670E-01   0.114E+00   0.311E-14
   0.984E+00  -0.547E-02   0.140E+00  -0.138E+00  -0.314E-14
   0.988E+00   0.378E-02   0.545E-01   0.112E+00   0.346E-14
   0.992E+00  -0.313E-02   0.258E+00  -0.936E-02  -0.218E-14
   0.996E+00  -0.195E-02  -0.184E+00   0.626E-03   0.299E-14
   0.100E+01   0.160E-14  -0.811E-01   0.257E-01  -0.254E-14
