             Rad         v_r[Re]         v_t[Re]         v_x[Re]         p[Re]          p_mg[Re]  p_no_phase[Re]         v_r[Im]         v_t[Im]         v_x[Im]         p[Im]          p_mg[Im]  p_no_phase[Im]
  0.000000000000  0.007784009530  0.000000000000  0.010924644208  0.000000000000  0.138145622930  0.000000000000  0.055236715301  0.000000000000 -0.121392995979  0.000000000000  0.138145622930 -0.000000000000
  0.003921568627  0.021068652207 -0.076284341631  0.022814131141  0.000000000000  0.105154331950  0.000000000000  0.104278338053  0.006330725650 -0.456907188658  0.000000000000  0.105154331950 -0.000000000000
  0.007843137255 -0.030497821432  0.030074293961  0.105640522681 -0.000000000000  0.057830166906  0.000000000000  0.094407773380 -0.112571829458 -0.104522508015  0.000000000000  0.057830166906  0.000000000000
  0.011764705882 -0.136078224582  0.147145339119  0.241051266551 -0.000000000000  0.143758162982 -0.000000000000 -0.023810290410 -0.121852763834 -0.233276784283 -0.000000000000  0.143758162982  0.000000000000
  0.015686274510 -0.091353392399 -0.030184952796  0.207376627622 -0.000000000000  0.087467220239  0.000000000000 -0.052076782014  0.053892925970 -0.425779960615  0.000000000000  0.087467220239  0.000000000000
  0.019607843137 -0.057222165238  0.135485923600 -0.007397428719 -0.000000000000  0.089247618502  0.000000000000 -0.008363731814  0.032623937410 -0.103012739611  0.000000000000  0.089247618502  0.000000000000
  0.023529411765 -0.037140487751  0.216321678386 -0.068866055132  0.000000000000  0.064285292714  0.000000000000 -0.138877620924  0.062412170019  0.066522148165  0.000000000000  0.064285292714 -0.000000000000
  0.027450980392 -0.005998400204 -0.089556804770 -0.268186959752 -0.000000000000  0.068433821708  0.000000000000 -0.087261296182  0.082482818004 -0.010844589847  0.000000000000  0.068433821708  0.000000000000
  0.031372549020  0.000767980359 -0.045436042084  0.139459510422 -0.000000000000  0.102929174655 -0.000000000000 -0.089244314186 -0.123794592197 -0.192907553088  0.000000000000  0.102929174655  0.000000000000
  0.035294117647 -0.048056292565 -0.036569434227  0.312413935935 -0.000000000000  0.059910453782 -0.000000000000 -0.042698847808 -0.074441512505 -0.318050348199  0.000000000000  0.059910453782  0.000000000000
  0.039215686275 -0.019223884514  0.193969958574  0.390328753875  0.000000000000  0.104632076542 -0.000000000000 -0.065678232450 -0.056015365142 -0.197988266350 -0.000000000000  0.104632076542 -0.000000000000
  0.043137254902 -0.061431826347  0.012821153025  0.380270288487 -0.000000000000  0.065176285771 -0.000000000000 -0.082586595201  0.010599158982  0.293325919842 -0.000000000000  0.065176285771  0.000000000000
  0.047058823529 -0.013502264745  0.046590947498  0.397417888597 -0.000000000000  0.086514084505 -0.000000000000 -0.058369095583 -0.012435544170  0.457256771778 -0.000000000000  0.086514084505  0.000000000000
  0.050980392157 -0.064818164632  0.104827516099  0.216541662754 -0.000000000000  0.034996396119 -0.000000000000 -0.082136940381  0.071963599831  0.027284471555  0.000000000000  0.034996396119  0.000000000000
  0.054901960784  0.008090164261 -0.166195339976  0.075553822814 -0.000000000000  0.066844517173 -0.000000000000 -0.064672231051 -0.096878106487 -0.425838831812 -0.000000000000  0.066844517173 -0.000000000000
  0.058823529412 -0.078812472614 -0.108963081238 -0.287177540729 -0.000000000000  0.052103835427 -0.000000000000 -0.035683062905 -0.071783263008 -0.503650303015 -0.000000000000  0.052103835427 -0.000000000000
  0.062745098039  0.007475503013 -0.103031736680 -0.243355693517  0.000000000000  0.052810346925 -0.000000000000 -0.034188661805  0.075025763743 -0.267884340605 -0.000000000000  0.052810346925 -0.000000000000
  0.066666666667 -0.065334593352  0.091587433493 -0.188242747545 -0.000000000000  0.047781565696 -0.000000000000 -0.014127292295 -0.180989492609  0.113812049709 -0.000000000000  0.047781565696  0.000000000000
  0.070588235294 -0.016231463823  0.054443600528 -0.063023541865  0.000000000000  0.058361451391  0.000000000000 -0.049511102273  0.109242444223 -0.017999929602 -0.000000000000  0.058361451391 -0.000000000000
  0.074509803922 -0.048360443666  0.032649530900  0.275916886779 -0.000000000000  0.019119943197 -0.000000000000 -0.021217922395 -0.036510037959 -0.164198956802 -0.000000000000  0.019119943197  0.000000000000
  0.078431372549 -0.014902978697 -0.207426785030  0.239775706638 -0.000000000000  0.032069438693 -0.000000000000 -0.045398009277 -0.093395510885 -0.248081818707 -0.000000000000  0.032069438693  0.000000000000
  0.082352941176 -0.054586227227 -0.207587698675  0.003040610623 -0.000000000000  0.025817688605  0.000000000000  0.020649523131  0.153038714095 -0.055635534923  0.000000000000  0.025817688605  0.000000000000
  0.086274509804  0.013746216476  0.112002956550 -0.259764531763  0.000000000000  0.025518197041 -0.000000000000 -0.013289610997  0.119502460018 -0.323497567116 -0.000000000000  0.025518197041 -0.000000000000
  0.090196078431 -0.030496685304 -0.187969209423 -0.050430215426 -0.000000000000  0.021620696989  0.000000000000  0.009919732030  0.026952593053 -0.129757162531  0.000000000000  0.021620696989  0.000000000000
  0.094117647059  0.024498143084  0.028297938722 -0.123189062092  0.000000000000  0.016681684811 -0.000000000000  0.008148253209  0.059010592823  0.097538794519 -0.000000000000  0.016681684811 -0.000000000000
  0.098039215686 -0.024819012184  0.060296722738 -0.124866533874 -0.000000000000  0.052196546924  0.000000000000  0.005932538618 -0.035395179683  0.178511987098  0.000000000000  0.052196546924  0.000000000000
  0.101960784314  0.021586201995 -0.004094110502 -0.119500642270  0.000000000000  0.013471602190 -0.000000000000 -0.001220828298  0.075323588410  0.004895004830 -0.000000000000  0.013471602190 -0.000000000000
  0.105882352941 -0.014924839174 -0.272083296077  0.083793674253 -0.000000000000  0.047782108728 -0.000000000000  0.007451696703  0.190400671811  0.146564986339  0.000000000000  0.047782108728  0.000000000000
  0.109803921569  0.044545629731  0.229332623619  0.183608929089  0.000000000000  0.030013548989  0.000000000000  0.027205999021  0.143045746040  0.305743245401  0.000000000000  0.030013548989  0.000000000000
  0.113725490196 -0.003227542104  0.003790195398  0.106165069035 -0.000000000000  0.037970720407  0.000000000000 -0.013079259823 -0.082236460231  0.050424689088  0.000000000000  0.037970720407  0.000000000000
  0.117647058824  0.040420758123  0.004971430957 -0.016190940286 -0.000000000000  0.047223547214 -0.000000000000  0.025481213221  0.245592577038 -0.429979368107  0.000000000000  0.047223547214  0.000000000000
  0.121568627451  0.023544266586  0.249026204163 -0.299390428966 -0.000000000000  0.042913210855  0.000000000000 -0.018613990272 -0.136930354130 -0.499958577810  0.000000000000  0.042913210855  0.000000000000
  0.125490196078  0.037945694463 -0.083038045776 -0.051106963592 -0.000000000000  0.047950318854 -0.000000000000 -0.001378361310  0.225760282177 -0.153987754157 -0.000000000000  0.047950318854  0.000000000000
  0.129411764706  0.045041530036 -0.049517184730  0.043062620142  0.000000000000  0.048190431653  0.000000000000 -0.014188868296  0.039767092114 -0.130308141095  0.000000000000  0.048190431653  0.000000000000
  0.133333333333  0.042815324417  0.166872630632 -0.076089310992 -0.000000000000  0.060945088430 -0.000000000000  0.002896836369 -0.089178359272 -0.096136382446 -0.000000000000  0.060945088430 -0.000000000000
  0.137254901961  0.037694227242 -0.021124059486 -0.250001222405  0.000000000000  0.042572685454  0.000000000000 -0.029637447779  0.071381482564  0.009388215934  0.000000000000  0.042572685454 -0.000000000000
  0.141176470588  0.048179863042 -0.039416138193 -0.282355772010 -0.000000000000  0.059859412290 -0.000000000000  0.001009207728  0.190699876522 -0.108794284465 -0.000000000000  0.059859412290  0.000000000000
  0.145098039216  0.052817868551  0.051035619713 -0.006931004644 -0.000000000000  0.052777166763 -0.000000000000 -0.030406850635 -0.054345437927  0.043817534462 -0.000000000000  0.052777166763  0.000000000000
  0.149019607843  0.042491696156  0.056198339538 -0.037027631135 -0.000000000000  0.059410834195 -0.000000000000 -0.002624748468 -0.075039890103 -0.248295004293 -0.000000000000  0.059410834195 -0.000000000000
  0.152941176471  0.048694109804 -0.154591709668 -0.384717168389  0.000000000000  0.039939630283  0.000000000000 -0.034814263027  0.172287440376 -0.081714375868  0.000000000000  0.039939630283 -0.000000000000
  0.156862745098  0.052632896648  0.088109710615 -0.511473315557  0.000000000000  0.053900947666  0.000000000000  0.003899682297 -0.181541636304 -0.209587428381  0.000000000000  0.053900947666 -0.000000000000
  0.160784313725  0.035216470480  0.091080843792 -0.240245793388  0.000000000000  0.038418497000 -0.000000000000 -0.047848170568 -0.126730714747  0.048404332749 -0.000000000000  0.038418497000 -0.000000000000
  0.164705882353  0.039659556734 -0.071090494400  0.156244135774  0.000000000000  0.036613458278 -0.000000000000 -0.004721612740  0.014269842553 -0.080808240846 -0.000000000000  0.036613458278 -0.000000000000
  0.168627450980  0.033954185073  0.059231189465  0.061564582066  0.000000000000  0.035536125345 -0.000000000000 -0.041861981264  0.033306348322  0.009264662485 -0.000000000000  0.035536125345 -0.000000000000
  0.172549019608  0.038106238078 -0.104323715250 -0.014968138602 -0.000000000000  0.021740133294 -0.000000000000 -0.004888305565 -0.255413849733  0.011951791595 -0.000000000000  0.021740133294 -0.000000000000
  0.176470588235  0.014547886242 -0.020895795986  0.365520367884  0.000000000000  0.031207770470 -0.000000000000 -0.033599171611  0.040452575221  0.136350504464 -0.000000000000  0.031207770470 -0.000000000000
  0.180392156863  0.035243296280 -0.036216959291  0.587863462754 -0.000000000000  0.026409082330 -0.000000000000  0.004552611542 -0.046211119446  0.161938366620 -0.000000000000  0.026409082330 -0.000000000000
  0.184313725490  0.006188368888 -0.194366376190  0.451196579575  0.000000000000  0.027724609573 -0.000000000000 -0.020840765008 -0.207398215208  0.137133180472 -0.000000000000  0.027724609573 -0.000000000000
  0.188235294118  0.019775409938  0.053119385316 -0.114611719948 -0.000000000000  0.019971002860 -0.000000000000  0.024142454297  0.071285145183 -0.314655525535 -0.000000000000  0.019971002860 -0.000000000000
  0.192156862745  0.011196928460 -0.012115130192 -0.230998363611  0.000000000000  0.020151055202 -0.000000000000 -0.023917951890 -0.104365601577 -0.129566754209 -0.000000000000  0.020151055202 -0.000000000000
  0.196078431373  0.014998415050 -0.167567342244 -0.196549502654 -0.000000000000  0.007967031638 -0.000000000000  0.023317408131 -0.022753021784 -0.167434903020 -0.000000000000  0.007967031638 -0.000000000000
  0.200000000000  0.009637842344  0.075130844767 -0.195455934024  0.000000000000  0.032009002464 -0.000000000000 -0.017491510804 -0.113689151181  0.086457942400 -0.000000000000  0.032009002464 -0.000000000000
  0.203921568627  0.006065211967 -0.110516555105  0.308813594303 -0.000000000000  0.014929187157 -0.000000000000  0.019216613374 -0.111356119701 -0.121657161589 -0.000000000000  0.014929187157 -0.000000000000
  0.207843137255  0.003637026538 -0.152322226820  0.216267617414  0.000000000000  0.029921389600  0.000000000000 -0.007088415273  0.033324734818 -0.140328701178 -0.000000000000  0.029921389600 -0.000000000000
  0.211764705882  0.008336599278  0.074923413524 -0.352707761589  0.000000000000  0.011159315006 -0.000000000000  0.030904325769 -0.037587379583  0.035105979977 -0.000000000000  0.011159315006 -0.000000000000
  0.215686274510  0.000334565417 -0.048177863816 -0.307390717308  0.000000000000  0.024169535769  0.000000000000 -0.014925437855 -0.094545964727  0.065771414149 -0.000000000000  0.024169535769 -0.000000000000
  0.219607843137  0.001507694884 -0.129848901453 -0.083892406224  0.000000000000  0.014109656600  0.000000000000  0.029883380192 -0.034274121016  0.059380432718 -0.000000000000  0.014109656600 -0.000000000000
  0.223529411765 -0.003474540815  0.210735377282  0.286101569891  0.000000000000  0.024783217248  0.000000000000 -0.010604615860  0.004366590613  0.133310122380 -0.000000000000  0.024783217248 -0.000000000000
  0.227450980392 -0.001535517480 -0.165632901138  0.156885584153  0.000000000000  0.015726147342  0.000000000000  0.024120709885 -0.172802337780  0.136510593081 -0.000000000000  0.015726147342 -0.000000000000
  0.231372549020 -0.014034345188 -0.029223005445 -0.047967185616  0.000000000000  0.035117833525  0.000000000000 -0.001455872429 -0.019980025023 -0.331609551515  0.000000000000  0.035117833525 -0.000000000000
  0.235294117647  0.001064038079  0.161762074311 -0.354072392451  0.000000000000  0.011441698522 -0.000000000000  0.024760365105  0.046779369347 -0.359725044447 -0.000000000000  0.011441698522 -0.000000000000
  0.239215686275 -0.008615382360 -0.121828290242  0.280937918602  0.000000000000  0.031559908131  0.000000000000 -0.013156249352 -0.196715161137  0.249783645873 -0.000000000000  0.031559908131 -0.000000000000
  0.243137254902 -0.010539229755 -0.015711328008  0.333287663970 -0.000000000000  0.008366030785 -0.000000000000  0.033499057713  0.080821099753  0.196699509492 -0.000000000000  0.008366030785  0.000000000000
  0.247058823529 -0.007650139177  0.156633724632  0.269038001576  0.000000000000  0.031636455133  0.000000000000 -0.008508104115  0.003122100995 -0.352588860077 -0.000000000000  0.031636455133 -0.000000000000
  0.250980392157 -0.006026559366 -0.157819976781  0.147401084303  0.000000000000  0.014619664774 -0.000000000000  0.030979160470 -0.074742729165 -0.232837419165 -0.000000000000  0.014619664774 -0.000000000000
  0.254901960784 -0.008345394317  0.085995185042  0.187335897271  0.000000000000  0.027421563262  0.000000000000 -0.000587251903 -0.057526373271  0.160203219009  0.000000000000  0.027421563262 -0.000000000000
  0.258823529412 -0.011116837354  0.020957185060 -0.227046464376  0.000000000000  0.025221937940 -0.000000000000  0.029618933483 -0.084920758650  0.154480078982 -0.000000000000  0.025221937940 -0.000000000000
  0.262745098039 -0.013594594182 -0.135745338890 -0.600243360639  0.000000000000  0.034534875517  0.000000000000 -0.005377881287  0.067734686623 -0.399756639361  0.000000000000  0.034534875517  0.000000000000
  0.266666666667 -0.004621824020  0.118465290819 -0.322198592289 -0.000000000000  0.029619285513 -0.000000000000  0.027029259598 -0.189680692197 -0.017708171007  0.000000000000  0.029619285513  0.000000000000
  0.270588235294 -0.020707465957 -0.187758746208  0.069206393672 -0.000000000000  0.044156191252  0.000000000000 -0.014399548849  0.079146249443  0.164031961984  0.000000000000  0.044156191252  0.000000000000
  0.274509803922 -0.003555952288  0.203855614861  0.059221225066 -0.000000000000  0.026115945012 -0.000000000000  0.034351314826  0.020619499467  0.049880124421  0.000000000000  0.026115945012  0.000000000000
  0.278431372549 -0.020759746691 -0.146154268102  0.267503700799  0.000000000000  0.044319858761  0.000000000000 -0.021126641751 -0.151940395282 -0.087075077221  0.000000000000  0.044319858761 -0.000000000000
  0.282352941176 -0.008024604439  0.014832074897  0.138438262440 -0.000000000000  0.023155353133 -0.000000000000  0.043420904522  0.172970414894  0.196644659446 -0.000000000000  0.023155353133  0.000000000000
  0.286274509804 -0.016800540510  0.000429976856 -0.118971413750  0.000000000000  0.036643111182  0.000000000000 -0.019994609835 -0.141239376995  0.001282801008  0.000000000000  0.036643111182 -0.000000000000
  0.290196078431 -0.012368809226 -0.027379651086  0.065996372726 -0.000000000000  0.017217548483 -0.000000000000  0.042558929016  0.059339296388 -0.220447177128 -0.000000000000  0.017217548483  0.000000000000
  0.294117647059 -0.011719519791  0.150751407891 -0.234262631757  0.000000000000  0.027617682777  0.000000000000 -0.019970559196  0.007135404481 -0.180787274918  0.000000000000  0.027617682777  0.000000000000
  0.298039215686 -0.009375338357 -0.282022188837  0.145381016812 -0.000000000000  0.014016311561 -0.000000000000  0.035423447429 -0.003716076248  0.212948882400  0.000000000000  0.014016311561  0.000000000000
  0.301960784314 -0.014026499095  0.318926509658  0.034491491963  0.000000000000  0.024078168064 -0.000000000000 -0.009985053776  0.003011681438  0.170940143836 -0.000000000000  0.024078168064 -0.000000000000
  0.305882352941 -0.011089214718 -0.146507300881  0.018027591441 -0.000000000000  0.007495858443 -0.000000000000  0.025293590471  0.044831160997  0.009845185723  0.000000000000  0.007495858443  0.000000000000
  0.309803921569 -0.012466700370  0.069007583119 -0.172474339274 -0.000000000000  0.020365407005 -0.000000000000 -0.006406119861 -0.080941562469 -0.094403443873  0.000000000000  0.020365407005  0.000000000000
  0.313725490196 -0.011470579259 -0.084759308379 -0.174654958683 -0.000000000000  0.002894937765  0.000000000000  0.021170356369  0.104180699648 -0.436872991847  0.000000000000  0.002894937765  0.000000000000
  0.317647058824 -0.003266279678  0.142201754171  0.024135023933  0.000000000000  0.018718717158 -0.000000000000 -0.006746800047 -0.083556594928 -0.112614947646 -0.000000000000  0.018718717158 -0.000000000000
  0.321568627451 -0.011578104021 -0.162293746153 -0.086478945998 -0.000000000000  0.004858580775  0.000000000000  0.016754023689  0.029388280421 -0.191350682303  0.000000000000  0.004858580775  0.000000000000
  0.325490196078  0.000347663965  0.104453332123  0.095671434241  0.000000000000  0.025419606141  0.000000000000 -0.002873985809 -0.036261695792 -0.090629343699  0.000000000000  0.025419606141 -0.000000000000
  0.329411764706 -0.010864310712  0.019300954297  0.419744526953 -0.000000000000  0.004920555209 -0.000000000000  0.015243264900  0.012933448968 -0.271899812237  0.000000000000  0.004920555209  0.000000000000
  0.333333333333  0.004449820503 -0.111433680945  0.294236393097  0.000000000000  0.023566355963  0.000000000000  0.001950616477  0.023468643860 -0.028973612193 -0.000000000000  0.023566355963 -0.000000000000
  0.337254901961 -0.009598737806  0.009038188233  0.217272971897 -0.000000000000  0.009254862513 -0.000000000000  0.023537642382 -0.031699636475  0.170170295781  0.000000000000  0.009254862513  0.000000000000
  0.341176470588  0.001747088345  0.072746205740  0.000705583915  0.000000000000  0.018157762326  0.000000000000  0.004599950639  0.012661077670 -0.031740001292 -0.000000000000  0.018157762326 -0.000000000000
  0.345098039216 -0.008963088721 -0.122055637373  0.088803426607 -0.000000000000  0.011689368912 -0.000000000000  0.021795324589 -0.036612918678 -0.183055337418  0.000000000000  0.011689368912  0.000000000000
  0.349019607843  0.003295985564  0.116904051319 -0.068558344885  0.000000000000  0.013892390347  0.000000000000  0.008648061013 -0.020313615546 -0.264728807041  0.000000000000  0.013892390347 -0.000000000000
  0.352941176471 -0.005673195603 -0.071354699234 -0.195288038552 -0.000000000000  0.009937483541 -0.000000000000  0.017248744427  0.037542610698 -0.326509976576 -0.000000000000  0.009937483541  0.000000000000
  0.356862745098  0.009072812317 -0.012048208251 -0.306669381164  0.000000000000  0.013642058658  0.000000000000  0.007370578147 -0.005053866965 -0.082958742532  0.000000000000  0.013642058658  0.000000000000
  0.360784313725 -0.004246614372  0.100214420505 -0.023533709225 -0.000000000000  0.012444928137 -0.000000000000  0.013227425143 -0.028430757969 -0.067461075083  0.000000000000  0.012444928137  0.000000000000
  0.364705882353  0.009430056570 -0.006239231476  0.060534856691  0.000000000000  0.010818591402  0.000000000000  0.003134902264  0.019540897681 -0.090957800019  0.000000000000  0.010818591402 -0.000000000000
  0.368627450980 -0.002301705984 -0.018321485259 -0.082644817028 -0.000000000000  0.009387700525 -0.000000000000  0.013446483331  0.002023296491 -0.200613959071  0.000000000000  0.009387700525  0.000000000000
  0.372549019608  0.012245314489  0.039759246708 -0.104106623085  0.000000000000  0.009445319935 -0.000000000000  0.002220024640  0.013936316251 -0.056001701823 -0.000000000000  0.009445319935 -0.000000000000
  0.376470588235 -0.001416285958 -0.018759292140 -0.045094007206 -0.000000000000  0.007873290502 -0.000000000000  0.010725486190 -0.001751335716  0.230974957402  0.000000000000  0.007873290502  0.000000000000
  0.380392156863  0.009268691355  0.036967063553 -0.013084828079  0.000000000000  0.006167617584  0.000000000000  0.001490060979  0.012373182261  0.184190509891  0.000000000000  0.006167617584 -0.000000000000
  0.384313725490 -0.004115073355  0.041281964867 -0.377212093928 -0.000000000000  0.009896876583  0.000000000000  0.008501778635 -0.017497406186  0.214602461654  0.000000000000  0.009896876583  0.000000000000
  0.388235294118  0.006075829029 -0.052651405552 -0.291504930433  0.000000000000  0.010265744523  0.000000000000 -0.005007295173  0.035626189860 -0.073913476553 -0.000000000000  0.010265744523 -0.000000000000
  0.392156862745 -0.002980113291  0.081599126747 -0.142084586126 -0.000000000000  0.009997201862  0.000000000000  0.005399854760  0.007161828869  0.218169542846  0.000000000000  0.009997201862  0.000000000000
  0.396078431373  0.003491621401 -0.046894829129  0.146228585409  0.000000000000  0.010041200628 -0.000000000000 -0.009260493837 -0.018025480876  0.201213080176 -0.000000000000  0.010041200628 -0.000000000000
  0.400000000000 -0.006331582866 -0.020489149015 -0.061381703377 -0.000000000000  0.007805521666 -0.000000000000  0.008080629247  0.068054423362  0.166602413028  0.000000000000  0.007805521666  0.000000000000
  0.403921568627  0.002899902787  0.141550407769  0.001206969798  0.000000000000  0.012739071709 -0.000000000000 -0.009567372100 -0.072730784505  0.063295389753 -0.000000000000  0.012739071709 -0.000000000000
  0.407843137255 -0.008791332694 -0.139664899069  0.258290267785 -0.000000000000  0.005103821352  0.000000000000  0.004851616176  0.106090602313 -0.148847484329  0.000000000000  0.005103821352  0.000000000000
  0.411764705882  0.007055667597  0.119848162627 -0.032215747819  0.000000000000  0.013087510279  0.000000000000 -0.003338221569 -0.071046843033  0.155953684936 -0.000000000000  0.013087510279 -0.000000000000
  0.415686274510 -0.012591470613 -0.039121614410 -0.001623877398 -0.000000000000  0.003914857490  0.000000000000  0.001933601774  0.017371644516  0.252121056987  0.000000000000  0.003914857490  0.000000000000
  0.419607843137  0.004222433729  0.027867515179 -0.090395098257  0.000000000000  0.006769485119  0.000000000000 -0.002867062223  0.088462463805  0.195456762043 -0.000000000000  0.006769485119 -0.000000000000
  0.423529411765 -0.013086815009 -0.030111385977 -0.068208357698 -0.000000000000  0.006936491633  0.000000000000  0.000134900758 -0.088165953251  0.050161053022  0.000000000000  0.006936491633  0.000000000000
  0.427450980392  0.002120338984 -0.015057487666 -0.167034467164  0.000000000000  0.014324919711 -0.000000000000 -0.003290937825  0.081392218823 -0.369413371427 -0.000000000000  0.014324919711 -0.000000000000
  0.431372549020 -0.006548844796  0.037510417067 -0.117303115838 -0.000000000000  0.007153124964 -0.000000000000 -0.001714223034  0.012409892248 -0.142406053261  0.000000000000  0.007153124964  0.000000000000
  0.435294117647  0.004070087446 -0.080336247270  0.032783452687  0.000000000000  0.015256850021 -0.000000000000 -0.005616876743 -0.067668333033  0.516676276982 -0.000000000000  0.015256850021 -0.000000000000
  0.439215686275 -0.014313782253  0.027469056755  0.022965819614 -0.000000000000  0.009696776988  0.000000000000  0.000564767510  0.079197675567  0.136883272835  0.000000000000  0.009696776988  0.000000000000
  0.443137254902  0.003700195184  0.011395811285 -0.168975153873  0.000000000000  0.019702598222 -0.000000000000 -0.006121744225 -0.056944329604 -0.051679773320 -0.000000000000  0.019702598222 -0.000000000000
  0.447058823529 -0.015129401341 -0.014670098888 -0.180442294372 -0.000000000000  0.010197221230 -0.000000000000 -0.001967914538  0.037051980764 -0.080686455782  0.000000000000  0.010197221230  0.000000000000
  0.450980392157  0.005168468049 -0.060193448958 -0.149791375008  0.000000000000  0.022808173945 -0.000000000000 -0.008204536670 -0.056321959370  0.257513694839 -0.000000000000  0.022808173945 -0.000000000000
  0.454901960784 -0.019554604263  0.119351486657  0.171021734063 -0.000000000000  0.007069506215 -0.000000000000 -0.002410358648  0.038618622800  0.053693881110 -0.000000000000  0.007069506215  0.000000000000
  0.458823529412  0.004828621299 -0.021529034121  0.150059034869  0.000000000000  0.022722987589 -0.000000000000 -0.008981521985 -0.013812519210  0.186551976299 -0.000000000000  0.022722987589 -0.000000000000
  0.462745098039 -0.022807583581 -0.032520600047  0.099034206157 -0.000000000000  0.008673642683  0.000000000000  0.000164103325 -0.082956047490  0.221663348913  0.000000000000  0.008673642683  0.000000000000
  0.466666666667  0.000031047055  0.017445517954 -0.259672015036  0.000000000000  0.024238297247  0.000000000000 -0.007069438040  0.105878936726  0.101425600718  0.000000000000  0.024238297247 -0.000000000000
  0.470588235294 -0.022519764210  0.094805532578  0.126495103540 -0.000000000000  0.010051745666  0.000000000000 -0.003032224411 -0.093841267884  0.214775933636  0.000000000000  0.010051745666  0.000000000000
  0.474509803922 -0.004673489187 -0.153039733914  0.369304078449  0.000000000000  0.023223676383  0.000000000000 -0.007306885534  0.025623796084  0.103272642018  0.000000000000  0.023223676383 -0.000000000000
  0.478431372549 -0.023713390847  0.122460231941  0.062557470052 -0.000000000000  0.008251154595  0.000000000000  0.005016985942 -0.005342575556  0.071547415874  0.000000000000  0.008251154595  0.000000000000
  0.482352941176 -0.005344080334 -0.028109278007  0.015123825717  0.000000000000  0.022302829075  0.000000000000 -0.008513424477  0.007699106673 -0.082637138687  0.000000000000  0.022302829075 -0.000000000000
  0.486274509804 -0.022432085149 -0.007619976577  0.093830030484 -0.000000000000  0.010141664122  0.000000000000  0.006011713616 -0.028637589970 -0.105082678819  0.000000000000  0.010141664122  0.000000000000
  0.490196078431 -0.004224295063 -0.031558232708 -0.014037515363  0.000000000000  0.019773446681  0.000000000000 -0.007087798203  0.014569223173 -0.067388768946 -0.000000000000  0.019773446681 -0.000000000000
  0.494117647059 -0.021273330761  0.072255240984  0.047087820695 -0.000000000000  0.011313510641 -0.000000000000  0.006697878997  0.012310417289  0.200497812795  0.000000000000  0.011313510641  0.000000000000
  0.498039215686 -0.005619340777 -0.024874245150 -0.164883310739  0.000000000000  0.017451351447  0.000000000000 -0.008442532819 -0.012562620824 -0.225177258579 -0.000000000000  0.017451351447 -0.000000000000
  0.501960784314 -0.019092941369 -0.018240212907 -0.086154357059 -0.000000000000  0.012531218457 -0.000000000000  0.005142838082 -0.006230317297  0.094164530605  0.000000000000  0.012531218457  0.000000000000
  0.505882352941 -0.006131256424  0.027036136892 -0.081746552684  0.000000000000  0.018080199911  0.000000000000 -0.009508060669  0.045201949732 -0.075869456787 -0.000000000000  0.018080199911 -0.000000000000
  0.509803921569 -0.017127890640 -0.002783757459 -0.116196187290 -0.000000000000  0.011054596010 -0.000000000000  0.003344402720 -0.043555388993 -0.062576664695 -0.000000000000  0.011054596010  0.000000000000
  0.513725490196 -0.006019604205 -0.017036223759  0.017375635172  0.000000000000  0.021759723051 -0.000000000000 -0.010990714318 -0.003833496094  0.054472221396 -0.000000000000  0.021759723051 -0.000000000000
  0.517647058824 -0.017629333230  0.011686694570  0.094053362394 -0.000000000000  0.007927244453 -0.000000000000  0.004012510275  0.045168544802 -0.035565129784 -0.000000000000  0.007927244453  0.000000000000
  0.521568627451 -0.004865094065  0.062378457478  0.185856397902  0.000000000000  0.022477961488 -0.000000000000 -0.009926477356 -0.064347290882  0.184634591383 -0.000000000000  0.022477961488 -0.000000000000
  0.525490196078 -0.021054245195 -0.073244802129  0.138238155640 -0.000000000000  0.006921391879 -0.000000000000  0.005495844476  0.023133756310  0.027476622920 -0.000000000000  0.006921391879  0.000000000000
  0.529411764706 -0.004868941267  0.049629689997  0.223907946968  0.000000000000  0.023662540980 -0.000000000000 -0.006255766585 -0.004433847666 -0.001237070439 -0.000000000000  0.023662540980 -0.000000000000
  0.533333333333 -0.021102889881 -0.017353449643  0.058601315118 -0.000000000000  0.006264929237 -0.000000000000  0.007741239650 -0.014972804912 -0.002476219141 -0.000000000000  0.006264929237  0.000000000000
  0.537254901961 -0.005015236903 -0.001418391914  0.109611782550  0.000000000000  0.023835132936 -0.000000000000 -0.004770017227 -0.001665518226  0.045367714135 -0.000000000000  0.023835132936 -0.000000000000
  0.541176470588 -0.021677426207  0.012307637448  0.124988364213 -0.000000000000  0.008023307127 -0.000000000000  0.009487098537  0.006156836521  0.058421256672 -0.000000000000  0.008023307127  0.000000000000
  0.545098039216 -0.005342850579 -0.046449772690  0.040911515102  0.000000000000  0.026294308819 -0.000000000000 -0.003271587694  0.001538000775 -0.044462045552 -0.000000000000  0.026294308819 -0.000000000000
  0.549019607843 -0.021181075836  0.070994149281 -0.079374012590 -0.000000000000  0.011603715062 -0.000000000000  0.010930488942 -0.007565096125  0.046506538557 -0.000000000000  0.011603715062 -0.000000000000
  0.552941176471 -0.005955904418 -0.082013327151  0.111593988003  0.000000000000  0.026426895212 -0.000000000000 -0.005375933390 -0.019620656653  0.091658715816 -0.000000000000  0.026426895212 -0.000000000000
  0.556862745098 -0.022723418100  0.099889858105 -0.222325661242 -0.000000000000  0.013354206060 -0.000000000000  0.013230152914  0.030226023805  0.087664911444 -0.000000000000  0.013354206060  0.000000000000
  0.560784313725 -0.006222085271 -0.092450290344 -0.013988936231  0.000000000000  0.025683391994 -0.000000000000 -0.009794481003 -0.006653478723 -0.088864322721 -0.000000000000  0.025683391994 -0.000000000000
  0.564705882353 -0.022088620063  0.061637073017  0.069316334954  0.000000000000  0.014183403519 -0.000000000000  0.014507710165 -0.043523528414  0.169492268184 -0.000000000000  0.014183403519 -0.000000000000
  0.568627450980 -0.008646686357 -0.031796798919  0.008012265949  0.000000000000  0.022822135010 -0.000000000000 -0.010176916749  0.058807154235 -0.021633692615 -0.000000000000  0.022822135010 -0.000000000000
  0.572549019608 -0.020754810250  0.003440956051 -0.103906303663  0.000000000000  0.015266076368 -0.000000000000  0.015128597946 -0.048400700836 -0.074897542988 -0.000000000000  0.015266076368 -0.000000000000
  0.576470588235 -0.008036904794 -0.007002667626 -0.086660410158  0.000000000000  0.020466488271 -0.000000000000 -0.011686620415  0.010875495810 -0.200742520695 -0.000000000000  0.020466488271 -0.000000000000
  0.580392156863 -0.018009143296 -0.004385960064 -0.089282246595  0.000000000000  0.016763052486 -0.000000000000  0.014018580676 -0.021065521602  0.033385163303 -0.000000000000  0.016763052486 -0.000000000000
  0.584313725490 -0.008006429451  0.025225372738 -0.014052802854  0.000000000000  0.017038357285 -0.000000000000 -0.012998083517  0.082416777941 -0.114157406619 -0.000000000000  0.017038357285 -0.000000000000
  0.588235294118 -0.015413044768 -0.077015478691  0.011628138950  0.000000000000  0.017675777013 -0.000000000000  0.013465333012 -0.108780066746  0.219397536381 -0.000000000000  0.017675777013 -0.000000000000
  0.592156862745 -0.011932341896  0.105169449094 -0.024921653424  0.000000000000  0.014731252069 -0.000000000000 -0.011773663216  0.134710898379 -0.065520018504 -0.000000000000  0.014731252069 -0.000000000000
  0.596078431373 -0.012595495868 -0.111092339021 -0.049110920236  0.000000000000  0.016374719151 -0.000000000000  0.011474280056 -0.070559602919  0.109068818372 -0.000000000000  0.016374719151 -0.000000000000
  0.600000000000 -0.013991897522  0.087326472604 -0.074809880781  0.000000000000  0.015304265627 -0.000000000000 -0.010800921106  0.036488059829 -0.035148597481 -0.000000000000  0.015304265627 -0.000000000000
  0.603921568627 -0.011477580539 -0.059761247314  0.013159295356  0.000000000000  0.013578255434 -0.000000000000  0.009234442727  0.025548128417 -0.014871085873 -0.000000000000  0.013578255434 -0.000000000000
  0.607843137255 -0.013118143514  0.045525120827  0.085658273486  0.000000000000  0.014211110484 -0.000000000000 -0.009800292751 -0.032678129716  0.034594722430 -0.000000000000  0.014211110484 -0.000000000000
  0.611764705882 -0.011880978845 -0.026482036886  0.012819493752  0.000000000000  0.015836378299 -0.000000000000  0.009646910805  0.065551501890 -0.150708424166 -0.000000000000  0.015836378299 -0.000000000000
  0.615686274510 -0.009918868862  0.016112677399 -0.026188483143  0.000000000000  0.011706464070 -0.000000000000 -0.009272813011 -0.010727688095 -0.055669557976 -0.000000000000  0.011706464070 -0.000000000000
  0.619607843137 -0.011066473492  0.010895817604 -0.144982297913  0.000000000000  0.017564124114 -0.000000000000  0.008915650600 -0.024950059031  0.096279255725 -0.000000000000  0.017564124114 -0.000000000000
  0.623529411765 -0.010959817237  0.033654015488  0.009972708820  0.000000000000  0.009650931684  0.000000000000 -0.011431241567  0.093728970354 -0.129251638309 -0.000000000000  0.009650931684 -0.000000000000
  0.627450980392 -0.008197598110 -0.030144263665  0.062533782671  0.000000000000  0.015846533356 -0.000000000000  0.008357074025 -0.090787835342  0.175096316800 -0.000000000000  0.015846533356 -0.000000000000
  0.631372549020 -0.014107651007  0.049335532298 -0.081715789997  0.000000000000  0.010500494909 -0.000000000000 -0.010462917326  0.052657231456 -0.049468815217 -0.000000000000  0.010500494909 -0.000000000000
  0.635294117647 -0.006766134864 -0.029790789839  0.092601299929 -0.000000000000  0.015374599449 -0.000000000000  0.006881853048  0.016299001272 -0.046391503654 -0.000000000000  0.015374599449 -0.000000000000
  0.639215686275 -0.013065026882  0.024329219390  0.080758719387  0.000000000000  0.009327427559 -0.000000000000 -0.008967591202 -0.020950817873  0.023540928403 -0.000000000000  0.009327427559 -0.000000000000
  0.643137254902 -0.007138726308 -0.038642589415 -0.018504666771  0.000000000000  0.013506155835 -0.000000000000  0.007700583097  0.017148671118  0.006626002393 -0.000000000000  0.013506155835 -0.000000000000
  0.647058823529 -0.012749825245  0.083535048234  0.004912631246  0.000000000000  0.007937463018 -0.000000000000 -0.008591871999  0.000301576762 -0.013530072008 -0.000000000000  0.007937463018 -0.000000000000
  0.650980392157 -0.006652805466 -0.097488285296  0.022496284479 -0.000000000000  0.013082210470 -0.000000000000  0.006537666579  0.045559603479 -0.039828215651 -0.000000000000  0.013082210470 -0.000000000000
  0.654901960784 -0.011422204416  0.061126009645 -0.224751120390  0.000000000000  0.006546445970 -0.000000000000 -0.007207599582 -0.046333065212  0.015234277785 -0.000000000000  0.006546445970 -0.000000000000
  0.658823529412 -0.007334153937 -0.017610261896  0.011291117074  0.000000000000  0.013482190992 -0.000000000000  0.003035375627  0.037946586216  0.031928051616 -0.000000000000  0.013482190992 -0.000000000000
  0.662745098039 -0.010928911731 -0.000121299851  0.007596156748  0.000000000000  0.005575067797 -0.000000000000 -0.007190488104  0.035358999500 -0.087548499794 -0.000000000000  0.005575067797 -0.000000000000
  0.666666666667 -0.005646279923 -0.007820976322  0.081423748061  0.000000000000  0.014712399668 -0.000000000000  0.003312925877 -0.075115649331  0.002339610647 -0.000000000000  0.014712399668 -0.000000000000
  0.670588235294 -0.011956484889  0.039049074212 -0.068457113496  0.000000000000  0.004557445642 -0.000000000000 -0.006229923197  0.072140468028  0.040540616384 -0.000000000000  0.004557445642 -0.000000000000
  0.674509803922 -0.005128539228 -0.071681176955  0.057892037773  0.000000000000  0.011784857561 -0.000000000000  0.002186199059 -0.023073848391  0.149386769807 -0.000000000000  0.011784857561 -0.000000000000
  0.678431372549 -0.013935428286  0.087611259405 -0.081364997633 -0.000000000000  0.005698126206 -0.000000000000 -0.004717895979 -0.027546174412 -0.072011027170 -0.000000000000  0.005698126206 -0.000000000000
  0.682352941176 -0.004556094135 -0.083996121925  0.023047944773 -0.000000000000  0.012821805571 -0.000000000000  0.000110982068  0.066813926674 -0.128511793219 -0.000000000000  0.012821805571 -0.000000000000
  0.686274509804 -0.011299617284  0.006434847949 -0.029274166488  0.000000000000  0.008736172550 -0.000000000000 -0.003346866738 -0.093088176684  0.000547398678 -0.000000000000  0.008736172550 -0.000000000000
  0.690196078431 -0.005667206224  0.101800468326 -0.172770466871  0.000000000000  0.014878428268 -0.000000000000 -0.000592803402  0.099180959101  0.060651806052 -0.000000000000  0.014878428268 -0.000000000000
  0.694117647059 -0.010781257512 -0.170689757152  0.000931379456  0.000000000000  0.008666268725 -0.000000000000 -0.006939970069 -0.068579224314  0.167960235284 -0.000000000000  0.008666268725 -0.000000000000
  0.698039215686 -0.008611887346  0.157765576545 -0.131541600573  0.000000000000  0.012118676294 -0.000000000000  0.001468368876  0.025091926660 -0.003739978178 -0.000000000000  0.012118676294 -0.000000000000
  0.701960784314 -0.010481098953 -0.052072392285  0.158665396794  0.000000000000  0.009325054474 -0.000000000000 -0.010560028052  0.010445086346 -0.049863486619 -0.000000000000  0.009325054474 -0.000000000000
  0.705882352941 -0.007581693495 -0.054044560386  0.144854152936  0.000000000000  0.010573755593 -0.000000000000  0.004197872957 -0.006599400166 -0.101335673639 -0.000000000000  0.010573755593 -0.000000000000
  0.709803921569 -0.009335842746  0.093292931431  0.030584178881 -0.000000000000  0.010393256118 -0.000000000000 -0.007726859345 -0.027816850164  0.078360877409 -0.000000000000  0.010393256118 -0.000000000000
  0.713725490196 -0.008612839069 -0.056571020256  0.042614782826  0.000000000000  0.010488825364 -0.000000000000  0.003574303306  0.072705180566 -0.008677238983 -0.000000000000  0.010488825364 -0.000000000000
  0.717647058824 -0.008285650921  0.010403690792 -0.102161674108  0.000000000000  0.009620292711 -0.000000000000 -0.006569040734 -0.061055259159  0.078280470078 -0.000000000000  0.009620292711 -0.000000000000
  0.721568627451 -0.010152216047  0.008807642170 -0.079050328529 -0.000000000000  0.009725317338 -0.000000000000  0.002225372345  0.021431195599 -0.097926589521 -0.000000000000  0.009725317338 -0.000000000000
  0.725490196078 -0.006819359188  0.019512278965 -0.061098461816  0.000000000000  0.009106648770 -0.000000000000 -0.007969428950 -0.006326766221 -0.028817532628 -0.000000000000  0.009106648770 -0.000000000000
  0.729411764706 -0.009556599781 -0.020289535737  0.011372912758 -0.000000000000  0.010238860898 -0.000000000000  0.001105184368  0.001568888694 -0.062166804568 -0.000000000000  0.010238860898 -0.000000000000
  0.733333333333 -0.005854526293  0.000221764019 -0.062251407045 -0.000000000000  0.010683186520 -0.000000000000 -0.007765714340 -0.037773520927 -0.053673055640 -0.000000000000  0.010683186520 -0.000000000000
  0.737254901961 -0.009103538333  0.007740465617 -0.127400356293 -0.000000000000  0.008921014854 -0.000000000000  0.000237995039  0.066231191147 -0.092785377233 -0.000000000000  0.008921014854 -0.000000000000
  0.741176470588 -0.003774202326 -0.015483146042 -0.035843610599 -0.000000000000  0.011259287670 -0.000000000000 -0.009517860542 -0.049150772776  0.095617616087 -0.000000000000  0.011259287670 -0.000000000000
  0.745098039216 -0.010682872028 -0.007758027820  0.105463157029 -0.000000000000  0.009856178206 -0.000000000000  0.000081972244  0.009188347954 -0.027698305322 -0.000000000000  0.009856178206 -0.000000000000
  0.749019607843 -0.003488154734  0.014279990832 -0.014287053256  0.000000000000  0.010569584297 -0.000000000000 -0.008210802798  0.018769800660  0.078770165206 -0.000000000000  0.010569584297 -0.000000000000
  0.752941176471 -0.011257398053 -0.004942559032 -0.079620668526  0.000000000000  0.010854553592  0.000000000000 -0.000206271411 -0.027471439192 -0.023396922524  0.000000000000  0.010854553592 -0.000000000000
  0.756862745098 -0.003534407985 -0.015373852224 -0.079224249420  0.000000000000  0.010499608540 -0.000000000000 -0.009200663510  0.024078066436 -0.049124959236 -0.000000000000  0.010499608540 -0.000000000000
  0.760784313725 -0.010524618813 -0.002976175168 -0.005804139667 -0.000000000000  0.012463341343 -0.000000000000 -0.000973915318 -0.026306491401  0.145524237569 -0.000000000000  0.012463341343  0.000000000000
  0.764705882353 -0.005463366028  0.011075424537 -0.025246488743 -0.000000000000  0.008879286588 -0.000000000000 -0.009379390456  0.033670450877  0.000564590227 -0.000000000000  0.008879286588 -0.000000000000
  0.768627450980 -0.010389259609 -0.041179181231 -0.127596511609 -0.000000000000  0.012516619455 -0.000000000000 -0.001518243811 -0.022741435071  0.117923700769 -0.000000000000  0.012516619455  0.000000000000
  0.772549019608 -0.006878659079  0.005856930910 -0.042120547300 -0.000000000000  0.008287867263 -0.000000000000 -0.010393215417  0.023487726065 -0.125060403845 -0.000000000000  0.008287867263  0.000000000000
  0.776470588235 -0.008599673572  0.016239742935 -0.017971417411 -0.000000000000  0.012545889980 -0.000000000000 -0.002210733989  0.001234132505 -0.026236787276 -0.000000000000  0.012545889980  0.000000000000
  0.780392156863 -0.006197522158 -0.059422000979 -0.044001147166 -0.000000000000  0.008122649974 -0.000000000000 -0.010874579609 -0.007939577566 -0.038692645231 -0.000000000000  0.008122649974  0.000000000000
  0.784313725490 -0.008080293081  0.023930464414 -0.007100337200 -0.000000000000  0.013651189384 -0.000000000000 -0.001843260019  0.023266284273  0.005003430317 -0.000000000000  0.013651189384  0.000000000000
  0.788235294118 -0.005781458817 -0.020085801168  0.067100096978  0.000000000000  0.006921335562  0.000000000000 -0.011134365242 -0.014808810707 -0.010568270342  0.000000000000  0.006921335562 -0.000000000000
  0.792156862745 -0.008077027452 -0.028867940408 -0.151819916696 -0.000000000000  0.010862475086 -0.000000000000 -0.000859691887  0.002132309796  0.017662586794 -0.000000000000  0.010862475086  0.000000000000
  0.796078431373 -0.005743003378  0.038826532711  0.010853516039 -0.000000000000  0.006468525510  0.000000000000 -0.012384380639  0.007249295010 -0.082593863206  0.000000000000  0.006468525510  0.000000000000
  0.800000000000 -0.006843455606 -0.068625940135  0.154166169006 -0.000000000000  0.011299538959 -0.000000000000 -0.001035374971  0.007745886785 -0.038497064756 -0.000000000000  0.011299538959  0.000000000000
  0.803921568627 -0.004882971507  0.053242211458 -0.051495021788 -0.000000000000  0.005582242772 -0.000000000000 -0.009703089934 -0.000402368045 -0.052276089039 -0.000000000000  0.005582242772  0.000000000000
  0.807843137255 -0.006133862652 -0.056517361504 -0.080416639442 -0.000000000000  0.012095562548 -0.000000000000 -0.002053667754  0.005728803298  0.060751545666 -0.000000000000  0.012095562548  0.000000000000
  0.811764705882 -0.005225088219  0.013256850969 -0.033972531252 -0.000000000000  0.004396997146 -0.000000000000 -0.010018883859  0.028497414075 -0.075709906975 -0.000000000000  0.004396997146  0.000000000000
  0.815686274510 -0.004887342547 -0.016939899177 -0.071834582082 -0.000000000000  0.014112182008 -0.000000000000 -0.002697279591 -0.056312908301 -0.000990255457 -0.000000000000  0.014112182008  0.000000000000
  0.819607843137 -0.005643400650 -0.004772376155 -0.005701427693  0.000000000000  0.004527078966  0.000000000000 -0.010698348585  0.067250005324 -0.071623784045 -0.000000000000  0.004527078966 -0.000000000000
  0.823529411765 -0.003357881417 -0.020449487758 -0.107743345326 -0.000000000000  0.012100155498 -0.000000000000 -0.002838699753 -0.029782139539  0.171091700602 -0.000000000000  0.012100155498  0.000000000000
  0.827450980392 -0.007776972860  0.018912522654 -0.056691704036 -0.000000000000  0.003909610134 -0.000000000000 -0.011775923495  0.008851681989 -0.047844107540 -0.000000000000  0.003909610134 -0.000000000000
  0.831372549020 -0.002641377786 -0.033183594058  0.049407751426 -0.000000000000  0.011237417308 -0.000000000000 -0.003676624452  0.022683691145 -0.134265339067 -0.000000000000  0.011237417308  0.000000000000
  0.835294117647 -0.005863465109 -0.006518975652  0.101774593254 -0.000000000000  0.002954925520 -0.000000000000 -0.010584589742 -0.012332455122  0.060060248433 -0.000000000000  0.002954925520  0.000000000000
  0.839215686275 -0.003404034187 -0.004641084061  0.130083880609 -0.000000000000  0.011511222297 -0.000000000000 -0.001922915145 -0.003992188197  0.107013013666 -0.000000000000  0.011511222297  0.000000000000
  0.843137254902 -0.007166258455 -0.022244056146  0.025384129108 -0.000000000000  0.003918787634 -0.000000000000 -0.008655881672  0.025848493241 -0.028657667385 -0.000000000000  0.003918787634  0.000000000000
  0.847058823529 -0.002735069884 -0.013021127063 -0.098937103762 -0.000000000000  0.010365878474 -0.000000000000 -0.001118471082 -0.000454739268 -0.060373376091 -0.000000000000  0.010365878474  0.000000000000
  0.850980392157 -0.006494333324 -0.000245923163  0.007490859760 -0.000000000000  0.002568116351 -0.000000000000 -0.009504308151 -0.008961410756  0.093972360242 -0.000000000000  0.002568116351  0.000000000000
  0.854901960784 -0.003812254989 -0.014289387373  0.082621811152 -0.000000000000  0.010168843223 -0.000000000000 -0.000907528743  0.015024398691  0.005856913274 -0.000000000000  0.010168843223  0.000000000000
  0.858823529412 -0.006307291734  0.001440830600  0.033858969786 -0.000000000000  0.001749449138 -0.000000000000 -0.008226147793  0.000814261831 -0.099380095400 -0.000000000000  0.001749449138  0.000000000000
  0.862745098039 -0.002551409402 -0.006428509084  0.011146263047 -0.000000000000  0.010092854926 -0.000000000000 -0.000292457954 -0.007740356800  0.011993963372 -0.000000000000  0.010092854926  0.000000000000
  0.866666666667 -0.006195828573  0.006609104439 -0.096675917539 -0.000000000000  0.002598245851 -0.000000000000 -0.008063316985  0.002310490867 -0.123293458967 -0.000000000000  0.002598245851  0.000000000000
  0.870588235294 -0.001086471317 -0.025665117738  0.041941243636 -0.000000000000  0.009005064741 -0.000000000000 -0.001371186480  0.022301683900  0.092344531057 -0.000000000000  0.009005064741  0.000000000000
  0.874509803922 -0.006779215420  0.021762359590 -0.074721694768 -0.000000000000  0.003223014384 -0.000000000000 -0.007477162486 -0.031353672422 -0.029535251537  0.000000000000  0.003223014384  0.000000000000
  0.878431372549 -0.000996975231 -0.029462638590 -0.008316870016 -0.000000000000  0.008232894108 -0.000000000000 -0.002399358642  0.054525758449 -0.076224437954 -0.000000000000  0.008232894108  0.000000000000
  0.882352941176 -0.005250062832  0.004970916596 -0.017103945845 -0.000000000000  0.002931182927 -0.000000000000 -0.007316285344 -0.045151207071  0.060600826112 -0.000000000000  0.002931182927  0.000000000000
  0.886274509804 -0.001922770295 -0.000453137787 -0.001924622516 -0.000000000000  0.008270636932 -0.000000000000 -0.002586653457  0.034683794863 -0.085574458993 -0.000000000000  0.008270636932  0.000000000000
  0.890196078431 -0.003945843366 -0.018327616008  0.046665106050 -0.000000000000  0.002916137433 -0.000000000000 -0.007225708653 -0.027204919017  0.017706126710  0.000000000000  0.002916137433  0.000000000000
  0.894117647059 -0.002402615081 -0.001641533453  0.023074046349 -0.000000000000  0.007863817730 -0.000000000000 -0.001679069423  0.011144914880  0.075536710124 -0.000000000000  0.007863817730  0.000000000000
  0.898039215686 -0.004754661970  0.000075119561  0.014907608659 -0.000000000000  0.002309985695 -0.000000000000 -0.006767320357 -0.000489928905  0.010298899202  0.000000000000  0.002309985695  0.000000000000
  0.901960784314 -0.002583584065 -0.025623757916 -0.004305601452 -0.000000000000  0.007665609310 -0.000000000000 -0.001352387113 -0.018052736198 -0.027440056082 -0.000000000000  0.007665609310  0.000000000000
  0.905882352941 -0.004622093416  0.013178775014  0.050097179642 -0.000000000000  0.001941779471 -0.000000000000 -0.006362065839  0.021309007109 -0.010915654957  0.000000000000  0.001941779471  0.000000000000
  0.909803921569 -0.002175692075 -0.022786222026  0.009333970610 -0.000000000000  0.006987093823 -0.000000000000 -0.000776142966 -0.006560563012  0.031068433753 -0.000000000000  0.006987093823  0.000000000000
  0.913725490196 -0.004972913373  0.002436359614  0.022943961589 -0.000000000000  0.001744696157 -0.000000000000 -0.005833669400 -0.001165046279 -0.017702252358  0.000000000000  0.001744696157  0.000000000000
  0.917647058824 -0.001899912705 -0.000974332992  0.021163812534 -0.000000000000  0.006655156915 -0.000000000000 -0.000401047660  0.023331589239 -0.031161298993 -0.000000000000  0.006655156915  0.000000000000
  0.921568627451 -0.004218063739 -0.009272582451 -0.057108724172 -0.000000000000  0.001387261443 -0.000000000000 -0.005570226062 -0.021039708732 -0.046332306279  0.000000000000  0.001387261443  0.000000000000
  0.925490196078 -0.001560138072  0.004080504630  0.078351193047 -0.000000000000  0.005632321489 -0.000000000000 -0.000780982636  0.018811868293  0.067919908689 -0.000000000000  0.005632321489  0.000000000000
  0.929411764706 -0.004682058233 -0.002343763068 -0.013628510093 -0.000000000000  0.002352833843 -0.000000000000 -0.004729634687 -0.015412625182 -0.041838709214  0.000000000000  0.002352833843  0.000000000000
  0.933333333333 -0.001211807070 -0.014266807805  0.055035661032 -0.000000000000  0.004958941713 -0.000000000000 -0.000675291001  0.019012525777 -0.039397915385 -0.000000000000  0.004958941713  0.000000000000
  0.937254901961 -0.004045470665  0.004891427800 -0.042933035644 -0.000000000000  0.001887209396 -0.000000000000 -0.003918827944 -0.006870575350  0.079575290437 -0.000000000000  0.001887209396  0.000000000000
  0.941176470588 -0.002153805632 -0.024504972884  0.094365973599 -0.000000000000  0.004622885043 -0.000000000000 -0.000947073594  0.010500252738  0.026876219967 -0.000000000000  0.004622885043  0.000000000000
  0.945098039216 -0.004241795242  0.003817889089 -0.035289266253 -0.000000000000  0.001686756361 -0.000000000000 -0.002568710968 -0.004064929115 -0.061344552422  0.000000000000  0.001686756361  0.000000000000
  0.949019607843 -0.001410592659 -0.018096467557 -0.036771943141 -0.000000000000  0.004272957777 -0.000000000000 -0.001253709558  0.008600748492 -0.027892827502 -0.000000000000  0.004272957777  0.000000000000
  0.952941176471 -0.003679775316 -0.005752011084 -0.002903125771 -0.000000000000  0.001536013316 -0.000000000000 -0.002798270850 -0.001447009406 -0.009431362422  0.000000000000  0.001536013316  0.000000000000
  0.956862745098 -0.001205767050 -0.008608278708  0.024727609182 -0.000000000000  0.002925783407 -0.000000000000 -0.001179522295  0.016054743004  0.012165844598 -0.000000000000  0.002925783407  0.000000000000
  0.960784313725 -0.003529650796 -0.009461691995 -0.039078491080 -0.000000000000  0.000694760972 -0.000000000000 -0.002408263571 -0.002965383267 -0.030524113181  0.000000000000  0.000694760972  0.000000000000
  0.964705882353 -0.000703030901 -0.016195329598  0.039622114065 -0.000000000000  0.002094251896 -0.000000000000 -0.001365680951  0.018999425511 -0.066877528928 -0.000000000000  0.002094251896  0.000000000000
  0.968627450980 -0.002413138170 -0.009171089380  0.049180043279 -0.000000000000  0.000261055221 -0.000000000000 -0.001654379859 -0.005313749049 -0.005378601893  0.000000000000  0.000261055221  0.000000000000
  0.972549019608 -0.000455918383 -0.015992100203 -0.000265607824 -0.000000000000  0.001043895596 -0.000000000000 -0.000524243490  0.011754229873 -0.046772160296 -0.000000000000  0.001043895596  0.000000000000
  0.976470588235 -0.001659893791 -0.000260185641  0.032792990126 -0.000000000000  0.000852543916 -0.000000000000 -0.001276966565 -0.003825226994 -0.006750104693  0.000000000000  0.000852543916  0.000000000000
  0.980392156863 -0.000238728227 -0.015891803414  0.098363097673 -0.000000000000  0.000894342565 -0.000000000000  0.000105634569  0.016527472324 -0.038747078831 -0.000000000000  0.000894342565  0.000000000000
  0.984313725490 -0.001022219199  0.000352266775  0.025655940697 -0.000000000000  0.000845428582 -0.000000000000  0.000211626848 -0.005578247949  0.034433904479  0.000000000000  0.000845428582  0.000000000000
  0.988235294118 -0.000599401840 -0.016166621902 -0.010308878080 -0.000000000000  0.000000000000 -0.000000000000  0.000606257835  0.011473155284 -0.007289800522  0.000000000000  0.000000000000  0.000000000000
  0.992156862745 -0.000819937374  0.002017342124  0.014912280443 -0.000000000000  0.000000000000 -0.000000000000  0.000357143287 -0.000252585096 -0.003566713616  0.000000000000  0.000000000000  0.000000000000
  0.996078431373 -0.000427796895 -0.002966420752  0.042962671709 -0.000000000000  0.076546579710 -0.000000000000  0.000729204569  0.002332313303 -0.081452578098  0.000000000000  0.076546579710  0.000000000000
  1.000000000000  0.000000000000  0.252143188232 -0.079462060791  0.000000000000  0.116519869314  0.000000000000 -0.000000000000  0.041913255784  0.068047808872  0.000000000000  0.116519869314  0.000000000000
