             Rad         v_r[Re]         v_t[Re]         v_x[Re]         p[Re]          p_mg[Re]  p_no_phase[Re]         v_r[Im]         v_t[Im]         v_x[Im]         p[Im]          p_mg[Im]  p_no_phase[Im]
  0.000000000000  0.145621545633  0.000000000000 -0.065868114452 -0.000000000000  0.080568786068 -0.000000000000  0.028753289731  0.000000000000 -0.041024204264 -0.000000000000  0.080568786068 -0.000000000000
  0.003921568627  0.167798597487  0.019197915482 -0.191971920231  0.000000000000  0.005152230711 -0.000000000000 -0.005490171571  0.090998416145 -0.396283455370 -0.000000000000  0.005152230711 -0.000000000000
  0.007843137255  0.148703772169 -0.041724271866 -0.188523002072  0.000000000000  0.074266475372  0.000000000000 -0.003330391267  0.016640356481  0.330086101371  0.000000000000  0.074266475372 -0.000000000000
  0.011764705882  0.059510374296 -0.037385094336 -0.588647666607 -0.000000000000  0.069726622698 -0.000000000000  0.054312472229 -0.098776558404  0.411352333393 -0.000000000000  0.069726622698  0.000000000000
  0.015686274510  0.002921042540  0.016064025299 -0.497651034687 -0.000000000000  0.064903870736 -0.000000000000  0.004244171506  0.032434513015  0.118054619496 -0.000000000000  0.064903870736  0.000000000000
  0.019607843137  0.068506238605  0.078968713655 -0.173212840572 -0.000000000000  0.014544659531 -0.000000000000  0.028677598165  0.112042018652 -0.312023706773 -0.000000000000  0.014544659531  0.000000000000
  0.023529411765  0.045937759174 -0.041292496820  0.236730878319 -0.000000000000  0.074298199182 -0.000000000000 -0.052454973023 -0.121781408344 -0.282036127536 -0.000000000000  0.074298199182  0.000000000000
  0.027450980392  0.000890453387 -0.137626426448  0.295267743954 -0.000000000000  0.025290924566 -0.000000000000  0.064897762128 -0.043907430422  0.190323800878 -0.000000000000  0.025290924566  0.000000000000
  0.031372549020  0.014451335819 -0.018542131708 -0.255588340770  0.000000000000  0.038328436175  0.000000000000  0.001644996637 -0.015781977499  0.200886004173  0.000000000000  0.038328436175 -0.000000000000
  0.035294117647 -0.013406066956 -0.007178915184 -0.379779592382  0.000000000000  0.044348914515  0.000000000000  0.073078723104  0.007387937202  0.071560589947  0.000000000000  0.044348914515 -0.000000000000
  0.039215686275  0.019495450692  0.087569052350 -0.567159441483  0.000000000000  0.038728325200  0.000000000000 -0.016110812138  0.094608632511  0.069756547141  0.000000000000  0.038728325200 -0.000000000000
  0.043137254902  0.010402564910  0.041273415172 -0.335352321607  0.000000000000  0.031053837634 -0.000000000000  0.036889777214 -0.018094611677  0.213676736198 -0.000000000000  0.031053837634 -0.000000000000
  0.047058823529  0.007819535632  0.097978877818 -0.135423992536 -0.000000000000  0.022604156105  0.000000000000 -0.043654107265 -0.162365326879  0.088917518070  0.000000000000  0.022604156105  0.000000000000
  0.050980392157 -0.035875230415 -0.084137443694  0.058961370165  0.000000000000  0.013807654470 -0.000000000000  0.014589414500 -0.086637284605 -0.197806710553 -0.000000000000  0.013807654470 -0.000000000000
  0.054901960784 -0.009808014933  0.100052450103  0.250397416086  0.000000000000  0.016332467921 -0.000000000000 -0.029464277946  0.053683774746 -0.178520861904 -0.000000000000  0.016332467921 -0.000000000000
  0.058823529412 -0.022404782890 -0.069549633163  0.379525236569  0.000000000000  0.031749763771 -0.000000000000  0.002995592910  0.025985454105  0.152021949986 -0.000000000000  0.031749763771 -0.000000000000
  0.062745098039 -0.001655045719  0.049085107500  0.082603619087  0.000000000000  0.022522206526  0.000000000000 -0.013708105107  0.058683188001  0.372169791895  0.000000000000  0.022522206526 -0.000000000000
  0.066666666667 -0.015844081351  0.068945702973 -0.296685703011  0.000000000000  0.051926742033  0.000000000000 -0.003964163789 -0.071627577589 -0.114357752913  0.000000000000  0.051926742033 -0.000000000000
  0.070588235294 -0.011560723787 -0.017069006223 -0.095737483615  0.000000000000  0.011386270826  0.000000000000 -0.029570207388 -0.058821305227 -0.641486280561  0.000000000000  0.011386270826 -0.000000000000
  0.074509803922 -0.022476061481 -0.035678945724 -0.230922297609  0.000000000000  0.056920889713  0.000000000000 -0.001440988242 -0.262216039897 -0.502529677066  0.000000000000  0.056920889713 -0.000000000000
  0.078431372549 -0.044364808332  0.058403355628 -0.225935861939  0.000000000000  0.031843427659  0.000000000000 -0.026984260593  0.113962820352  0.070953866567  0.000000000000  0.031843427659 -0.000000000000
  0.082352941176 -0.008548814823 -0.144301943211  0.002229498499 -0.000000000000  0.038764267746 -0.000000000000 -0.007520965925 -0.066702720637  0.282991640714 -0.000000000000  0.038764267746  0.000000000000
  0.086274509804 -0.056839008969 -0.120344635162  0.597615402800 -0.000000000000  0.054848016700  0.000000000000 -0.003052006743 -0.118632690358  0.362311929161  0.000000000000  0.054848016700  0.000000000000
  0.090196078431 -0.024288515524 -0.017024875264  0.453435500434 -0.000000000000  0.052211799030 -0.000000000000  0.020593006062  0.164290909368 -0.003766340247 -0.000000000000  0.052211799030  0.000000000000
  0.094117647059 -0.037768083085 -0.122120152194 -0.072913067432 -0.000000000000  0.057447859633 -0.000000000000  0.008731572253 -0.167080548643 -0.119455039621 -0.000000000000  0.057447859633  0.000000000000
  0.098039215686 -0.040442148184 -0.168501275845 -0.607676642314 -0.000000000000  0.074951742810 -0.000000000000  0.037050473495 -0.075946694176  0.046710426043 -0.000000000000  0.074951742810  0.000000000000
  0.101960784314 -0.049114390406  0.240789997802 -0.529992992005 -0.000000000000  0.055449147856 -0.000000000000  0.017715773000 -0.121594895019  0.185403952978 -0.000000000000  0.055449147856 -0.000000000000
  0.105882352941 -0.057166103423 -0.230606512205 -0.056846212352 -0.000000000000  0.086692155552 -0.000000000000  0.005682710247 -0.123440042762  0.256518730018 -0.000000000000  0.086692155552 -0.000000000000
  0.109803921569 -0.064536679819  0.074740989048  0.446211937988 -0.000000000000  0.060483872824 -0.000000000000  0.038115360529  0.056511361522  0.337838477670 -0.000000000000  0.060483872824  0.000000000000
  0.113725490196 -0.055360198813  0.053672642615  0.414754465414 -0.000000000000  0.087742553011 -0.000000000000  0.003139488078 -0.098344290585  0.573592562430 -0.000000000000  0.087742553011  0.000000000000
  0.117647058824 -0.078967477857  0.086275784824  0.211750272672 -0.000000000000  0.072852517524  0.000000000000  0.035772437366 -0.026730373242  0.308509145664  0.000000000000  0.072852517524  0.000000000000
  0.121568627451 -0.060146595443  0.115370976537  0.168155949612 -0.000000000000  0.080649105533 -0.000000000000 -0.006378552217 -0.070694075133 -0.086715992028 -0.000000000000  0.080649105533  0.000000000000
  0.125490196078 -0.083994390525 -0.007548234046  0.054355522743 -0.000000000000  0.076883094955  0.000000000000  0.025371203543 -0.221251442535 -0.402727952701  0.000000000000  0.076883094955  0.000000000000
  0.129411764706 -0.072288661488  0.139622257683  0.045274875905 -0.000000000000  0.064870410951 -0.000000000000 -0.009046476104  0.029193323252 -0.042285913358 -0.000000000000  0.064870410951  0.000000000000
  0.133333333333 -0.079567128071 -0.030308934157 -0.080547905299 -0.000000000000  0.078137226241 -0.000000000000  0.013166258159 -0.086500620442  0.193307728443 -0.000000000000  0.078137226241  0.000000000000
  0.137254901961 -0.076226640289  0.067044367837  0.082957023761  0.000000000000  0.057725878144 -0.000000000000 -0.010025447627  0.096827665577 -0.363361861900 -0.000000000000  0.057725878144 -0.000000000000
  0.141176470588 -0.064327806680  0.071622442978  0.338486071280 -0.000000000000  0.063431780783  0.000000000000  0.008372783572 -0.129042702921 -0.368925958075  0.000000000000  0.063431780783  0.000000000000
  0.145098039216 -0.077103815474  0.026028398507  0.404885297263 -0.000000000000  0.049490090238 -0.000000000000 -0.012666008211  0.014804749646 -0.119548094559 -0.000000000000  0.049490090238  0.000000000000
  0.149019607843 -0.056721106273  0.033642196159  0.064587891140 -0.000000000000  0.065474500577 -0.000000000000  0.010723484073  0.177611976658  0.192785845547 -0.000000000000  0.065474500577  0.000000000000
  0.152941176471 -0.061234346113  0.173581014297 -0.116908849177 -0.000000000000  0.044244072641 -0.000000000000 -0.016551304161  0.047797337817  0.036592199205 -0.000000000000  0.044244072641  0.000000000000
  0.156862745098 -0.049315415176 -0.032211626972 -0.231571903482  0.000000000000  0.060114573829 -0.000000000000 -0.004154378144 -0.098208041383 -0.207858589374 -0.000000000000  0.060114573829 -0.000000000000
  0.160784313725 -0.062669398624 -0.015642269802 -0.331546011078 -0.000000000000  0.041561436478 -0.000000000000 -0.018959343394  0.009436931660 -0.157732573933 -0.000000000000  0.041561436478  0.000000000000
  0.164705882353 -0.043634487439  0.074584647882 -0.084814898680  0.000000000000  0.051611656042 -0.000000000000 -0.007319116740  0.113301825526  0.214424326379 -0.000000000000  0.051611656042 -0.000000000000
  0.168627450980 -0.054498663502  0.031533132287  0.054732103725 -0.000000000000  0.036453580698 -0.000000000000 -0.025370409203  0.027266454002  0.226539861769 -0.000000000000  0.036453580698 -0.000000000000
  0.172549019608 -0.040979317844 -0.172035341469  0.228825876216 -0.000000000000  0.038213961581 -0.000000000000 -0.006931703338  0.034346910157  0.061627865387 -0.000000000000  0.038213961581 -0.000000000000
  0.176470588235 -0.050534058415  0.077248432599  0.259657391455  0.000000000000  0.034658192599 -0.000000000000 -0.010491519410  0.001019022479 -0.098843573809 -0.000000000000  0.034658192599 -0.000000000000
  0.180392156863 -0.036028232919 -0.070401074756  0.416977264268  0.000000000000  0.032701285208  0.000000000000 -0.005552474982  0.125493781929 -0.182879762866 -0.000000000000  0.032701285208 -0.000000000000
  0.184313725490 -0.038212136263  0.009805890607  0.228757775019  0.000000000000  0.036268435226 -0.000000000000 -0.000373499535 -0.017217630589  0.085550006906 -0.000000000000  0.036268435226 -0.000000000000
  0.188235294118 -0.034489839720  0.093360717795 -0.315582693990  0.000000000000  0.035646309416 -0.000000000000 -0.003411930587  0.146326124905  0.272317297535 -0.000000000000  0.035646309416 -0.000000000000
  0.192156862745 -0.031139455997 -0.038647807557 -0.424045411836 -0.000000000000  0.031086467246 -0.000000000000 -0.009985406074  0.022015232454  0.332299516700 -0.000000000000  0.031086467246  0.000000000000
  0.196078431373 -0.035602449878 -0.013159496765 -0.039031733205 -0.000000000000  0.033984870278 -0.000000000000 -0.006918450432 -0.076555001692  0.009009020078 -0.000000000000  0.033984870278  0.000000000000
  0.200000000000 -0.034246729125  0.065506990243  0.317358173207 -0.000000000000  0.027746328854 -0.000000000000 -0.009890445857  0.077588398893  0.014362266582 -0.000000000000  0.027746328854  0.000000000000
  0.203921568627 -0.030298304123  0.022708002765 -0.075718929393  0.000000000000  0.023729538420  0.000000000000 -0.006955660508  0.063253460445  0.275431092180  0.000000000000  0.023729538420 -0.000000000000
  0.207843137255 -0.031924788846 -0.094878520845 -0.301630586038 -0.000000000000  0.027313094176 -0.000000000000 -0.011652436008  0.027611849681  0.097602179731  0.000000000000  0.027313094176  0.000000000000
  0.211764705882 -0.027289822485  0.023812084144  0.027031387130 -0.000000000000  0.028014487805  0.000000000000 -0.005012419936  0.110102612089 -0.335839088930  0.000000000000  0.028014487805  0.000000000000
  0.215686274510 -0.020724521693 -0.000964256450  0.430639256159 -0.000000000000  0.025923732987 -0.000000000000 -0.011557906136 -0.017582581889  0.025813649170 -0.000000000000  0.025923732987  0.000000000000
  0.219607843137 -0.027303450995  0.011960340295  0.214406320735  0.000000000000  0.027926512421  0.000000000000  0.000725725327 -0.009143943811  0.522314714818  0.000000000000  0.027926512421 -0.000000000000
  0.223529411765 -0.026453611458 -0.010455036825 -0.178915886077 -0.000000000000  0.022133558322 -0.000000000000 -0.009220518849  0.076417838954  0.262625011598 -0.000000000000  0.022133558322  0.000000000000
  0.227450980392 -0.025895415059  0.023061541529 -0.474099833940 -0.000000000000  0.018767088535  0.000000000000 -0.001211367363 -0.007546529023 -0.254421323471  0.000000000000  0.018767088535  0.000000000000
  0.231372549020 -0.022487699606 -0.017559910957 -0.308416727459 -0.000000000000  0.025985366606 -0.000000000000 -0.016558788072 -0.038023964287 -0.324424836493 -0.000000000000  0.025985366606  0.000000000000
  0.235294117647 -0.021756662925 -0.040451912568  0.149419270997 -0.000000000000  0.011250656377 -0.000000000000 -0.004067188507  0.163058227184 -0.055416070798 -0.000000000000  0.011250656377  0.000000000000
  0.239215686275 -0.012984090754  0.119345654198  0.005036112680 -0.000000000000  0.022435449596 -0.000000000000 -0.013550535022 -0.085508114533  0.052864897923 -0.000000000000  0.022435449596  0.000000000000
  0.243137254902 -0.024656797895 -0.066014780839  0.382202043440 -0.000000000000  0.017763549740  0.000000000000 -0.008202535902  0.025940007980 -0.128385026443  0.000000000000  0.017763549740  0.000000000000
  0.247058823529 -0.009624970052  0.018796943470  0.180847031418 -0.000000000000  0.019117007580 -0.000000000000 -0.005825566102  0.049974180966 -0.072366306801 -0.000000000000  0.019117007580  0.000000000000
  0.250980392157 -0.021780570786 -0.084063040031 -0.005446068682 -0.000000000000  0.017657055714  0.000000000000 -0.005381090486 -0.092347428637  0.442085319276  0.000000000000  0.017657055714  0.000000000000
  0.254901960784 -0.017656331264  0.058530667504 -0.154905037604 -0.000000000000  0.012630818684 -0.000000000000 -0.001948760039  0.131621101380  0.038440611638 -0.000000000000  0.012630818684  0.000000000000
  0.258823529412 -0.016753228824 -0.027541035325 -0.002199298213  0.000000000000  0.022589477377  0.000000000000 -0.009208110706 -0.084603058069 -0.181089173459  0.000000000000  0.022589477377 -0.000000000000
  0.262745098039 -0.017646485335 -0.113172490082 -0.020803040288  0.000000000000  0.010561269609  0.000000000000 -0.000610877902  0.035827954949 -0.295863207284  0.000000000000  0.010561269609 -0.000000000000
  0.266666666667 -0.011026783487  0.210835705288 -0.642272671896  0.000000000000  0.023492173731  0.000000000000 -0.006160164493  0.015590318732 -0.021604609602  0.000000000000  0.023492173731 -0.000000000000
  0.270588235294 -0.015685176330 -0.168749707708 -0.044264308643 -0.000000000000  0.012191666794  0.000000000000 -0.016256067533 -0.007894951206 -0.058372903122  0.000000000000  0.012191666794  0.000000000000
  0.274509803922 -0.010544500208  0.018497607938  0.252419443790  0.000000000000  0.025664748149  0.000000000000 -0.000594921096 -0.080873293534  0.017034996716  0.000000000000  0.025664748149 -0.000000000000
  0.278431372549 -0.019263926168  0.032528871782  0.009504749345  0.000000000000  0.013963806608  0.000000000000 -0.013445570839  0.046983314949  0.271259611887  0.000000000000  0.013963806608 -0.000000000000
  0.282352941176 -0.012133130634 -0.027515404376 -0.115994956998 -0.000000000000  0.026138688042  0.000000000000 -0.001193264529 -0.000798588866  0.218036753745  0.000000000000  0.026138688042  0.000000000000
  0.286274509804 -0.022001462095 -0.041288728450  0.196540494725 -0.000000000000  0.018261364253  0.000000000000 -0.013214195519 -0.056507855855 -0.044686194772  0.000000000000  0.018261364253  0.000000000000
  0.290196078431 -0.013679673544  0.120023849406  0.103579641089  0.000000000000  0.032483841847  0.000000000000  0.002802575013  0.065526895813  0.110559896716  0.000000000000  0.032483841847  0.000000000000
  0.294117647059 -0.020880782446 -0.150595536687  0.018832389751 -0.000000000000  0.015071392293  0.000000000000 -0.015723356416 -0.009271499096  0.193087695152  0.000000000000  0.015071392293  0.000000000000
  0.298039215686 -0.016232347752  0.095965905825 -0.210953708828 -0.000000000000  0.028366161562  0.000000000000  0.008365901676 -0.075370972365  0.123802801584  0.000000000000  0.028366161562  0.000000000000
  0.301960784314 -0.024623941691 -0.008935732171  0.154760248720 -0.000000000000  0.013023803698  0.000000000000 -0.021186351190  0.055541217267 -0.247642224568  0.000000000000  0.013023803698  0.000000000000
  0.305882352941 -0.010734561701 -0.048606503104  0.078439636847  0.000000000000  0.024875696702  0.000000000000  0.010579038271  0.041281056626 -0.063866604811  0.000000000000  0.024875696702  0.000000000000
  0.309803921569 -0.021355043177  0.043278174376 -0.196060203858 -0.000000000000  0.017665453813  0.000000000000 -0.018670866415 -0.028297589630 -0.032074973135  0.000000000000  0.017665453813  0.000000000000
  0.313725490196 -0.010445468817 -0.077279205661  0.056754450068  0.000000000000  0.020455854790  0.000000000000  0.007778923058  0.014480447107 -0.054669465689  0.000000000000  0.020455854790 -0.000000000000
  0.317647058824 -0.019977087556  0.035512919830  0.539095618647 -0.000000000000  0.013595125593  0.000000000000 -0.014822828989 -0.010136344235  0.072439714782  0.000000000000  0.013595125593  0.000000000000
  0.321568627451 -0.010767232663 -0.008430261609  0.250835216780 -0.000000000000  0.020560003623  0.000000000000  0.014004819142  0.019173758294 -0.125199213736  0.000000000000  0.020560003623  0.000000000000
  0.325490196078 -0.017067505709 -0.035544505064 -0.293888844869 -0.000000000000  0.016274600199  0.000000000000 -0.011275736963 -0.009379143040 -0.342943462932  0.000000000000  0.016274600199  0.000000000000
  0.329411764706 -0.006139793736  0.027147252216 -0.160079024271  0.000000000000  0.024394742616  0.000000000000  0.012129730944 -0.042769636921 -0.199916302229  0.000000000000  0.024394742616  0.000000000000
  0.333333333333 -0.014990157769 -0.012929849815  0.295961010691 -0.000000000000  0.019838962690  0.000000000000 -0.014071564200  0.124849896089 -0.029795083369  0.000000000000  0.019838962690  0.000000000000
  0.337254901961 -0.001621318248 -0.005198295416  0.081578010605  0.000000000000  0.022677486571  0.000000000000  0.016193638837 -0.135803802414  0.200216885834  0.000000000000  0.022677486571 -0.000000000000
  0.341176470588 -0.021091937876 -0.007480784580  0.223169653448 -0.000000000000  0.019771801889  0.000000000000 -0.012256982660  0.082960017341 -0.052688501796  0.000000000000  0.019771801889  0.000000000000
  0.345098039216  0.001562412709 -0.037820111476  0.062570718462  0.000000000000  0.027869196489  0.000000000000  0.019777343279  0.024755860862 -0.020017564677  0.000000000000  0.027869196489 -0.000000000000
  0.349019607843 -0.020273982768  0.034940888722 -0.001372735729  0.000000000000  0.018200393279  0.000000000000 -0.010160414356 -0.009379358479  0.368956965540  0.000000000000  0.018200393279 -0.000000000000
  0.352941176471 -0.003500225608 -0.080302784914  0.121984043514  0.000000000000  0.027094744159 -0.000000000000  0.019459511059 -0.011379274268  0.494380381191 -0.000000000000  0.027094744159 -0.000000000000
  0.356862745098 -0.027071988456  0.047075756596 -0.059038293185  0.000000000000  0.019250629939  0.000000000000 -0.006618123144  0.059094563381  0.157744273160  0.000000000000  0.019250629939 -0.000000000000
  0.360784313725 -0.003723938175 -0.061461501137 -0.107392658801  0.000000000000  0.026744591104  0.000000000000  0.017815347316 -0.046483797960 -0.172493135595  0.000000000000  0.026744591104 -0.000000000000
  0.364705882353 -0.026372475370  0.041057446754  0.160351682850  0.000000000000  0.016729738179  0.000000000000 -0.006214314436 -0.005345560182 -0.078603056507  0.000000000000  0.016729738179  0.000000000000
  0.368627450980 -0.002498291875 -0.101411066144  0.160481644517  0.000000000000  0.024102537574  0.000000000000  0.019087830960  0.056018913039  0.144737302944  0.000000000000  0.024102537574 -0.000000000000
  0.372549019608 -0.026688153432  0.139375249555 -0.050844982887  0.000000000000  0.019192107579  0.000000000000 -0.001736553977 -0.065046950806  0.289602796503  0.000000000000  0.019192107579 -0.000000000000
  0.376470588235 -0.007248660355 -0.122194656033  0.005163210586  0.000000000000  0.023209966536  0.000000000000  0.015077833484  0.107042681601 -0.020598605571  0.000000000000  0.023209966536 -0.000000000000
  0.380392156863 -0.024056910707  0.021602380145  0.101777995832  0.000000000000  0.023568767336  0.000000000000  0.001482351090 -0.087931810183  0.161036499241  0.000000000000  0.023568767336 -0.000000000000
  0.384313725490 -0.011053795307  0.031592546446 -0.138679545366  0.000000000000  0.024157917317  0.000000000000  0.015689187443  0.083159162146  0.082690953144 -0.000000000000  0.024157917317 -0.000000000000
  0.388235294118 -0.023192645147 -0.033183572620  0.190780096303 -0.000000000000  0.024606133831 -0.000000000000 -0.000896525362 -0.049669162734  0.174315229750 -0.000000000000  0.024606133831  0.000000000000
  0.392156862745 -0.014270892986 -0.009903682031  0.032298040022  0.000000000000  0.021755657221  0.000000000000  0.018757089516  0.031656576529  0.132646206641  0.000000000000  0.021755657221 -0.000000000000
  0.396078431373 -0.024157773432  0.026645561107  0.058100758986 -0.000000000000  0.019451201417  0.000000000000 -0.000083378288  0.014884329488  0.197473733157  0.000000000000  0.019451201417  0.000000000000
  0.400000000000 -0.015600558252 -0.068824248076  0.056638847639 -0.000000000000  0.019260177296  0.000000000000  0.019028515558  0.003921613577 -0.129341142405  0.000000000000  0.019260177296  0.000000000000
  0.403921568627 -0.021651305032  0.084917708865  0.021459131187 -0.000000000000  0.018373503683  0.000000000000  0.002128288400  0.001336898289 -0.463575726965  0.000000000000  0.018373503683  0.000000000000
  0.407843137255 -0.009150522181 -0.077238057886 -0.060689064118  0.000000000000  0.018944441613 -0.000000000000  0.017164416110  0.023521272828 -0.084417029786 -0.000000000000  0.018944441613 -0.000000000000
  0.411764705882 -0.019022133939  0.040327039343  0.005565522529 -0.000000000000  0.016972293279  0.000000000000  0.003018749725 -0.014191936591  0.005412203981  0.000000000000  0.016972293279  0.000000000000
  0.415686274510 -0.008996137242 -0.014908872596 -0.086206631735  0.000000000000  0.016240425855 -0.000000000000  0.016020460427  0.011344251067  0.050819405057 -0.000000000000  0.016240425855 -0.000000000000
  0.419607843137 -0.018836928562 -0.010645995752 -0.022471687418 -0.000000000000  0.013255405856  0.000000000000  0.002015438018  0.007890714222 -0.143641320617  0.000000000000  0.013255405856  0.000000000000
  0.423529411765 -0.006472816640 -0.016223514963 -0.114276571101  0.000000000000  0.017198405817  0.000000000000  0.015689531028  0.022882295387 -0.135838491200 -0.000000000000  0.017198405817 -0.000000000000
  0.427450980392 -0.016237184804  0.051081071922 -0.230517514845 -0.000000000000  0.008926465116  0.000000000000  0.000324440413 -0.004126650895  0.053564846429  0.000000000000  0.008926465116  0.000000000000
  0.431372549020 -0.006787142736 -0.060398649907 -0.027871174891  0.000000000000  0.020139798786  0.000000000000  0.011385977248 -0.038837069342  0.032806475006  0.000000000000  0.020139798786 -0.000000000000
  0.435294117647 -0.017189099612  0.041095088381 -0.145088690116 -0.000000000000  0.009934664944  0.000000000000  0.000565700587  0.092719523502 -0.107131415051  0.000000000000  0.009934664944  0.000000000000
  0.439215686275 -0.003267340037  0.019125269514 -0.116702416686  0.000000000000  0.017692069147 -0.000000000000  0.008307001177 -0.084337393676  0.088363615795 -0.000000000000  0.017692069147 -0.000000000000
  0.443137254902 -0.020067465506 -0.073414772767 -0.040276998471 -0.000000000000  0.008509536320  0.000000000000 -0.001705380694  0.026370402691  0.125772906243  0.000000000000  0.008509536320  0.000000000000
  0.447058823529 -0.003775267785  0.059224380700 -0.081124237389  0.000000000000  0.013051709050 -0.000000000000  0.009189391748  0.044680959838 -0.135128817776 -0.000000000000  0.013051709050 -0.000000000000
  0.450980392157 -0.017146923371  0.005377966243 -0.048789970785 -0.000000000000  0.004677641731  0.000000000000 -0.004358019000 -0.068065486472 -0.162820842209  0.000000000000  0.004677641731  0.000000000000
  0.454901960784 -0.002424923804 -0.057955535013 -0.098236861831  0.000000000000  0.011736834234  0.000000000000  0.008156712140  0.046254967445 -0.264534576868  0.000000000000  0.011736834234 -0.000000000000
  0.458823529412 -0.012173301311  0.093694547460 -0.121135153742 -0.000000000000  0.004480633687  0.000000000000 -0.004707211948  0.020565475167 -0.194935137692  0.000000000000  0.004480633687  0.000000000000
  0.462745098039  0.001295489307 -0.043415665479  0.056203357441 -0.000000000000  0.012843643244 -0.000000000000  0.004494667910 -0.027959290113 -0.097903134283 -0.000000000000  0.012843643244 -0.000000000000
  0.466666666667 -0.011197557701 -0.050068425238 -0.133607338891 -0.000000000000  0.005831629614  0.000000000000 -0.003516813809  0.006664951897 -0.021261149977  0.000000000000  0.005831629614  0.000000000000
  0.470588235294  0.001984992386  0.067931386787 -0.103284100273 -0.000000000000  0.011805524102 -0.000000000000  0.004016949522  0.016277156870  0.043449022190 -0.000000000000  0.011805524102 -0.000000000000
  0.474509803922 -0.011131683552 -0.023068834458  0.058167352423 -0.000000000000  0.003528372981  0.000000000000 -0.006406621036  0.006341329203 -0.039963076920  0.000000000000  0.003528372981  0.000000000000
  0.478431372549  0.002854870103 -0.052151807782 -0.009824776587 -0.000000000000  0.010557494391 -0.000000000000  0.005085038903 -0.016488306336 -0.088648338885 -0.000000000000  0.010557494391  0.000000000000
  0.482352941176 -0.010361519652  0.074623877377 -0.197922128901 -0.000000000000  0.004961034253  0.000000000000 -0.005657677069  0.012411593931  0.016126249905  0.000000000000  0.004961034253  0.000000000000
  0.486274509804  0.003327338654 -0.043086594790 -0.006366363137 -0.000000000000  0.014875422661  0.000000000000  0.001173981847 -0.021820960670 -0.124716940418  0.000000000000  0.014875422661  0.000000000000
  0.490196078431 -0.009266824844 -0.018952837719  0.051657833180 -0.000000000000  0.004762760572  0.000000000000 -0.005058324341  0.033398116864 -0.049761661695  0.000000000000  0.004762760572  0.000000000000
  0.494117647059  0.004419775847  0.050973214028  0.009914925006  0.000000000000  0.014794814447 -0.000000000000  0.002253318070 -0.045860578343  0.279023408601 -0.000000000000  0.014794814447 -0.000000000000
  0.498039215686 -0.013607526240 -0.045713261661 -0.065588040576 -0.000000000000  0.004312818909  0.000000000000 -0.006009444981  0.032479079481  0.066220221983  0.000000000000  0.004312818909  0.000000000000
  0.501960784314  0.004019033462  0.012725581041  0.059568013488  0.000000000000  0.015389547818 -0.000000000000  0.002555632660 -0.007459394621 -0.020228806780 -0.000000000000  0.015389547818 -0.000000000000
  0.505882352941 -0.013663801750 -0.013112778697 -0.088076246894  0.000000000000  0.003839706056  0.000000000000 -0.005673363752 -0.022501309617 -0.024217134842  0.000000000000  0.003839706056 -0.000000000000
  0.509803921569  0.003841104949  0.019354944412  0.053867218188  0.000000000000  0.015084883942 -0.000000000000  0.001961203639  0.026417627037  0.091782869780 -0.000000000000  0.015084883942 -0.000000000000
  0.513725490196 -0.014394975260 -0.016819778514  0.064581902846 -0.000000000000  0.004475463964  0.000000000000 -0.005442689528 -0.019549368161  0.107917008442  0.000000000000  0.004475463964  0.000000000000
  0.517647058824  0.002285496285  0.021793698059 -0.044662794419  0.000000000000  0.015372144002  0.000000000000  0.003085425307 -0.010321927690 -0.090241470215  0.000000000000  0.015372144002 -0.000000000000
  0.521568627451 -0.013688836209 -0.018270202460  0.003178033047 -0.000000000000  0.003285001482  0.000000000000 -0.006337940264  0.011912272590 -0.016025657950  0.000000000000  0.003285001482  0.000000000000
  0.525490196078  0.003081389032 -0.003831821712 -0.151407692243  0.000000000000  0.013050793337  0.000000000000  0.003245738642  0.006375746676 -0.047185452581  0.000000000000  0.013050793337  0.000000000000
  0.529411764706 -0.012920796494  0.029017729012 -0.118406621033 -0.000000000000  0.002011555195  0.000000000000 -0.008328014720 -0.043964440787 -0.033345947038  0.000000000000  0.002011555195  0.000000000000
  0.533333333333  0.003122850739 -0.045500315939 -0.087162188063  0.000000000000  0.012563377843  0.000000000000  0.001019332135  0.070906248878 -0.150676855543  0.000000000000  0.012563377843 -0.000000000000
  0.537254901961 -0.009828199286  0.011620631617  0.056771567936 -0.000000000000  0.004200657987  0.000000000000 -0.008586600346 -0.059548608698  0.088754095452  0.000000000000  0.004200657987  0.000000000000
  0.541176470588  0.001403493786  0.031350698161  0.000414117971 -0.000000000000  0.013473017800  0.000000000000  0.001441027236  0.018612285622 -0.061953880817  0.000000000000  0.013473017800  0.000000000000
  0.545098039216 -0.008751316598 -0.059634508528  0.036764211338 -0.000000000000  0.003746144016  0.000000000000 -0.009014040194  0.042529766063 -0.028614957490  0.000000000000  0.003746144016  0.000000000000
  0.549019607843  0.002792082453  0.042544617108  0.018778830763 -0.000000000000  0.012231926151  0.000000000000  0.003138439596 -0.046976282755 -0.014716444449  0.000000000000  0.012231926151  0.000000000000
  0.552941176471 -0.009511440728 -0.007904910654 -0.033404450692 -0.000000000000  0.002945993911  0.000000000000 -0.009542258848  0.019493748070  0.097236071396  0.000000000000  0.002945993911  0.000000000000
  0.556862745098  0.002229822022 -0.009304660586  0.030475688019 -0.000000000000  0.013396479668  0.000000000000  0.003010230678  0.042293613455 -0.057654253040  0.000000000000  0.013396479668  0.000000000000
  0.560784313725 -0.008225338889 -0.036986258217 -0.070691667963 -0.000000000000  0.004129739595  0.000000000000 -0.009053387075 -0.063143370974  0.045563331109  0.000000000000  0.004129739595  0.000000000000
  0.564705882353  0.000694833830  0.069566977235 -0.054266165612  0.000000000000  0.013731413246  0.000000000000  0.002862880730  0.043201655702 -0.006717786583  0.000000000000  0.013731413246  0.000000000000
  0.568627450980 -0.007595782146 -0.067163885609 -0.008580099549 -0.000000000000  0.002780882659  0.000000000000 -0.011034933669  0.002901328560  0.106086474319  0.000000000000  0.002780882659  0.000000000000
  0.572549019608 -0.000508359430  0.006988896556  0.071659049679 -0.000000000000  0.014278662184  0.000000000000  0.004098331345 -0.025170494292  0.071034264897  0.000000000000  0.014278662184  0.000000000000
  0.576470588235 -0.008975111977  0.029295155744 -0.077693214429 -0.000000000000  0.003050972068  0.000000000000 -0.010392260328  0.034808911314 -0.033402141603  0.000000000000  0.003050972068  0.000000000000
  0.580392156863  0.000441605586 -0.051548680711 -0.093469763997 -0.000000000000  0.013432673365  0.000000000000  0.002745595176 -0.017317730281  0.029339826310  0.000000000000  0.013432673365  0.000000000000
  0.584313725490 -0.009555542749  0.034609074695  0.056303794654 -0.000000000000  0.003930913709  0.000000000000 -0.010609985699  0.028085530403  0.042743721036  0.000000000000  0.003930913709  0.000000000000
  0.588235294118  0.000453676258 -0.033242446132  0.094235320280 -0.000000000000  0.013472213373  0.000000000000  0.003017052935 -0.027998931811  0.020763725922  0.000000000000  0.013472213373  0.000000000000
  0.592156862745 -0.010149025886  0.030118636725  0.035621802115 -0.000000000000  0.003475820819  0.000000000000 -0.008799658362  0.035157012443 -0.092939103201  0.000000000000  0.003475820819  0.000000000000
  0.596078431373  0.002164096704 -0.035466668207  0.029887930855 -0.000000000000  0.013315260234  0.000000000000  0.003281580113 -0.025046115358  0.039488498785  0.000000000000  0.013315260234  0.000000000000
  0.600000000000 -0.011013803527  0.015707200151 -0.004956781117 -0.000000000000  0.004874211254  0.000000000000 -0.007758650980  0.023089584645  0.103351155059  0.000000000000  0.004874211254  0.000000000000
  0.603921568627  0.001377519258 -0.002179766315  0.047010403860 -0.000000000000  0.012571582295 -0.000000000000  0.003191202134 -0.010444218419  0.013212297619 -0.000000000000  0.012571582295  0.000000000000
  0.607843137255 -0.011200201279 -0.018693359872 -0.029968821794 -0.000000000000  0.003893347668  0.000000000000 -0.007200808733  0.001738029118 -0.166435008238  0.000000000000  0.003893347668  0.000000000000
  0.611764705882  0.003651434616 -0.006960747530 -0.075104401747 -0.000000000000  0.012657718443  0.000000000000  0.003228770755  0.004782670907 -0.110694442934  0.000000000000  0.012657718443  0.000000000000
  0.615686274510 -0.009623178567  0.022928487232 -0.058099663703 -0.000000000000  0.004930910913  0.000000000000 -0.008089444707  0.014130623538  0.076768198929  0.000000000000  0.004930910913  0.000000000000
  0.619607843137  0.003120484505 -0.041572490219  0.133068761168 -0.000000000000  0.012263122818  0.000000000000  0.002328246661 -0.032436577597  0.084957961244  0.000000000000  0.012263122818  0.000000000000
  0.623529411765 -0.011118184806  0.035013780954 -0.113994978600 -0.000000000000  0.004922886532  0.000000000000 -0.006050107668  0.040160454345 -0.094337533227  0.000000000000  0.004922886532  0.000000000000
  0.627450980392  0.004851502020 -0.048597028607  0.111580443881 -0.000000000000  0.010776330176 -0.000000000000  0.000881368586 -0.020263684144  0.020088948050  0.000000000000  0.010776330176  0.000000000000
  0.631372549020 -0.011554928764  0.030736841497 -0.030052406357 -0.000000000000  0.006118757741  0.000000000000 -0.004107043037 -0.014740232584 -0.004373572856  0.000000000000  0.006118757741  0.000000000000
  0.635294117647  0.004920672636 -0.032635243931 -0.096234819028 -0.000000000000  0.009840245373  0.000000000000  0.000147623226  0.033980882331 -0.099924373483  0.000000000000  0.009840245373  0.000000000000
  0.639215686275 -0.009640385440  0.008757542048 -0.057949870668 -0.000000000000  0.004682809130  0.000000000000 -0.004815834366 -0.027182586821 -0.110237285457  0.000000000000  0.004682809130  0.000000000000
  0.643137254902  0.006093491175 -0.009807697997  0.116853429963 -0.000000000000  0.009374132587  0.000000000000 -0.000555483208  0.008818518073 -0.026643064882  0.000000000000  0.009374132587  0.000000000000
  0.647058823529 -0.009255031936 -0.002744204324 -0.022462326860 -0.000000000000  0.003736530796  0.000000000000 -0.003342874941 -0.003194095367  0.133774849285  0.000000000000  0.003736530796  0.000000000000
  0.650980392157  0.004651268457 -0.003954986536  0.006200315324 -0.000000000000  0.008331160302  0.000000000000 -0.000542589244  0.020615376948 -0.037217108391  0.000000000000  0.008331160302  0.000000000000
  0.654901960784 -0.008796090670 -0.007842847816 -0.046574650856 -0.000000000000  0.003502646849  0.000000000000 -0.003240856475 -0.027465703081  0.070373166079  0.000000000000  0.003502646849  0.000000000000
  0.658823529412  0.003617934479  0.003729648593 -0.003379250367 -0.000000000000  0.006823803834  0.000000000000 -0.000933923174  0.038251734478 -0.063233924431  0.000000000000  0.006823803834  0.000000000000
  0.662745098039 -0.007583234464 -0.008358076447 -0.063533579843 -0.000000000000  0.003011989384  0.000000000000 -0.003450041600 -0.036481477991  0.013258561080  0.000000000000  0.003011989384  0.000000000000
  0.666666666667  0.003196580317 -0.013129858949  0.058274744422 -0.000000000000  0.006893300522  0.000000000000 -0.001431925005  0.031401924786 -0.082821454902  0.000000000000  0.006893300522  0.000000000000
  0.670588235294 -0.006276712301  0.014439109059 -0.052963907362 -0.000000000000  0.004165462575  0.000000000000 -0.002677159214 -0.028097726948  0.071896518840  0.000000000000  0.004165462575  0.000000000000
  0.674509803922  0.002067579373 -0.021964223192 -0.016213888431 -0.000000000000  0.007693711284  0.000000000000 -0.002190250120  0.007642272639  0.009341997705  0.000000000000  0.007693711284  0.000000000000
  0.678431372549 -0.006345441252 -0.003357065161 -0.094794085208 -0.000000000000  0.003910967771  0.000000000000 -0.002693133381  0.005741175463 -0.041489290262  0.000000000000  0.003910967771  0.000000000000
  0.682352941176  0.002603881656  0.002215923421 -0.013134831163 -0.000000000000  0.008045497982 -0.000000000000 -0.003251288788 -0.011152057055  0.058260072022 -0.000000000000  0.008045497982  0.000000000000
  0.686274509804 -0.007127778276 -0.005948093914  0.056742168760 -0.000000000000  0.004934710224  0.000000000000 -0.002896199263  0.006079612928 -0.032301139941  0.000000000000  0.004934710224  0.000000000000
  0.690196078431  0.003009976884 -0.010315910878 -0.029745563061 -0.000000000000  0.007906699584 -0.000000000000 -0.002497139977 -0.000056521301  0.040069737198 -0.000000000000  0.007906699584  0.000000000000
  0.694117647059 -0.007459324143  0.005815715697 -0.023957313298 -0.000000000000  0.005421454230 -0.000000000000 -0.003014717417  0.005981268776 -0.062074855525  0.000000000000  0.005421454230  0.000000000000
  0.698039215686  0.003935717252  0.007397264825 -0.061079547421 -0.000000000000  0.006936203059 -0.000000000000 -0.002976826281 -0.005324580207 -0.043552489742  0.000000000000  0.006936203059  0.000000000000
  0.701960784314 -0.006880931061 -0.036936751900 -0.051009424658 -0.000000000000  0.004727031698  0.000000000000 -0.003894699739  0.009440107771 -0.015510653298  0.000000000000  0.004727031698  0.000000000000
  0.705882352941  0.004521313864  0.028627845231  0.056957554743 -0.000000000000  0.005674127690 -0.000000000000 -0.002991636159 -0.000087604429 -0.077452420168 -0.000000000000  0.005674127690  0.000000000000
  0.709803921569 -0.005961381677 -0.026567538367  0.042279579353 -0.000000000000  0.003963321579  0.000000000000 -0.003545820268 -0.020364871555  0.015820154613  0.000000000000  0.003963321579  0.000000000000
  0.713725490196  0.004315574290  0.006821614784  0.020115003665 -0.000000000000  0.005690673564 -0.000000000000 -0.001928897928  0.036014398110 -0.063755431712 -0.000000000000  0.005690673564  0.000000000000
  0.717647058824 -0.004732807188 -0.004212063933  0.094003220124 -0.000000000000  0.003755041931  0.000000000000 -0.003129897946 -0.032777884704  0.014574310731  0.000000000000  0.003755041931  0.000000000000
  0.721568627451  0.003884790515 -0.006027914606 -0.095073779796 -0.000000000000  0.005890993442 -0.000000000000 -0.000785060886  0.028443894399 -0.028344318601 -0.000000000000  0.005890993442  0.000000000000
  0.725490196078 -0.004047561085  0.001219872936  0.005527394488 -0.000000000000  0.003566115811  0.000000000000 -0.004000126858 -0.018682248909 -0.003292634195  0.000000000000  0.003566115811  0.000000000000
  0.729411764706  0.003673125267 -0.008890277459  0.009779533806 -0.000000000000  0.005443984529  0.000000000000 -0.000780058124  0.006448995856  0.047237008891  0.000000000000  0.005443984529  0.000000000000
  0.733333333333 -0.004574925551 -0.000387540789  0.002828513325 -0.000000000000  0.003412241733  0.000000000000 -0.003711315122  0.016251817388  0.033706657930  0.000000000000  0.003412241733  0.000000000000
  0.737254901961  0.003516558243 -0.008137948945  0.034627992445 -0.000000000000  0.006123789072 -0.000000000000 -0.000592452614 -0.019435976048 -0.037320281478 -0.000000000000  0.006123789072  0.000000000000
  0.741176470588 -0.004507078800 -0.003839277069  0.046106937741 -0.000000000000  0.002857298285  0.000000000000 -0.003053392906  0.025650688959  0.037597949100  0.000000000000  0.002857298285  0.000000000000
  0.745098039216  0.003409051787 -0.004815847247  0.007563658896 -0.000000000000  0.004308275143  0.000000000000  0.000147511206  0.000903877057  0.071196002802  0.000000000000  0.004308275143  0.000000000000
  0.749019607843 -0.005439740772  0.001253815154 -0.019896210455  0.000000000000  0.002234308192  0.000000000000 -0.002812474522 -0.015845154495  0.037838622105  0.000000000000  0.002234308192  0.000000000000
  0.752941176471  0.002857197324 -0.013887854903  0.035899818657 -0.000000000000  0.003992742574  0.000000000000  0.000024019634  0.031636440644 -0.119274617049  0.000000000000  0.003992742574  0.000000000000
  0.756862745098 -0.003711382064  0.004412812129 -0.002348231015  0.000000000000  0.002259878383  0.000000000000 -0.002187893482 -0.018228362365  0.053205952176  0.000000000000  0.002259878383 -0.000000000000
  0.760784313725  0.002234094892 -0.010718255794 -0.012554776035  0.000000000000  0.004686275347  0.000000000000  0.000030872429  0.012665620062 -0.019618812293  0.000000000000  0.004686275347  0.000000000000
  0.764705882353 -0.003380961342 -0.003341892971  0.026639029039 -0.000000000000  0.003023779555  0.000000000000 -0.002123933535  0.012074836635  0.015021017223  0.000000000000  0.003023779555  0.000000000000
  0.768627450980  0.002225397250  0.001404686768 -0.020505866286 -0.000000000000  0.004916366735  0.000000000000  0.000393265032 -0.015864547971  0.043791835698  0.000000000000  0.004916366735  0.000000000000
  0.772549019608 -0.004061413307 -0.007988464715 -0.010636128242 -0.000000000000  0.002669186509  0.000000000000 -0.002337968901  0.034439779830 -0.030431050803  0.000000000000  0.002669186509  0.000000000000
  0.776470588235  0.002990910234  0.000611137121  0.047427906040  0.000000000000  0.005596720762  0.000000000000  0.000444633297 -0.021102713302  0.018310902544  0.000000000000  0.005596720762 -0.000000000000
  0.780392156863 -0.004564061320 -0.004538247802 -0.037461417464  0.000000000000  0.001257467075  0.000000000000 -0.001827568369  0.022074840326  0.046870191033  0.000000000000  0.001257467075 -0.000000000000
  0.784313725490  0.002666764137 -0.010182371306 -0.032781683179 -0.000000000000  0.004826560141 -0.000000000000  0.000113691066  0.009300463900  0.044161430036 -0.000000000000  0.004826560141 -0.000000000000
  0.788235294118 -0.005180782062  0.007525605524  0.000169762055  0.000000000000  0.001735844543  0.000000000000 -0.002117257782 -0.015228777153  0.105586193864  0.000000000000  0.001735844543 -0.000000000000
  0.792156862745  0.001257464366 -0.015162529824 -0.004689041406 -0.000000000000  0.004071225174 -0.000000000000 -0.000002610209  0.019701327513 -0.053193108278 -0.000000000000  0.004071225174  0.000000000000
  0.796078431373 -0.004391874334 -0.003029778420 -0.033390854148  0.000000000000  0.001735424431  0.000000000000 -0.002001779863 -0.002161686358 -0.020600656037  0.000000000000  0.001735424431 -0.000000000000
  0.800000000000  0.001705564834 -0.006760590826 -0.010873117777  0.000000000000  0.004180680017 -0.000000000000 -0.000322807795  0.004537254607 -0.062861211905 -0.000000000000  0.004180680017 -0.000000000000
  0.803921568627 -0.003538912945 -0.000676680721  0.036927377243  0.000000000000  0.001046257829  0.000000000000 -0.002012702060  0.003316435001  0.012638696221  0.000000000000  0.001046257829 -0.000000000000
  0.807843137255  0.001731338806 -0.025122296621 -0.045121302882  0.000000000000  0.003392629512  0.000000000000  0.000119012162  0.024295076016  0.026473144598  0.000000000000  0.003392629512 -0.000000000000
  0.811764705882 -0.003591579652  0.024684068547  0.009249895189  0.000000000000  0.000936971949  0.000000000000 -0.002139775925 -0.023732460707  0.035093361100  0.000000000000  0.000936971949 -0.000000000000
  0.815686274510  0.001046181659 -0.040361183483  0.034883446271  0.000000000000  0.003103364916  0.000000000000 -0.000012624620  0.036361689119 -0.000502340315 -0.000000000000  0.003103364916 -0.000000000000
  0.819607843137 -0.003173883412  0.015517893468 -0.013524898167  0.000000000000  0.000310107903  0.000000000000 -0.001198498682 -0.017775389226  0.002149706352  0.000000000000  0.000310107903 -0.000000000000
  0.823529411765  0.000890406754 -0.010170110198 -0.025334507083 -0.000000000000  0.003029065522  0.000000000000 -0.000291705752  0.023020083486 -0.017379529485  0.000000000000  0.003029065522  0.000000000000
  0.827450980392 -0.002776493112 -0.005843134769 -0.006882739291  0.000000000000  0.000276938096  0.000000000000 -0.001386347647 -0.013639131334  0.065472471866  0.000000000000  0.000276938096 -0.000000000000
  0.831372549020  0.000009597339  0.002252552969 -0.002830752535  0.000000000000  0.001514850146  0.000000000000 -0.000309959356  0.030967366715  0.020091620785  0.000000000000  0.001514850146 -0.000000000000
  0.835294117647 -0.002664778166 -0.015487872351 -0.018939096313  0.000000000000  0.000404087507  0.000000000000 -0.001440206673 -0.018198446232 -0.018591763421  0.000000000000  0.000404087507 -0.000000000000
  0.839215686275  0.000169906014  0.004643833629  0.061054399989  0.000000000000  0.001231588698 -0.000000000000 -0.000218693062  0.015711357649 -0.092175828211 -0.000000000000  0.001231588698 -0.000000000000
  0.843137254902 -0.001343435935 -0.011776995521  0.031475958257  0.000000000000  0.000895977513  0.000000000000 -0.000699964893  0.010595084260  0.035716942706  0.000000000000  0.000895977513 -0.000000000000
  0.847058823529  0.000152469141  0.009688029438 -0.023334055026 -0.000000000000  0.001457475813 -0.000000000000  0.000374219019 -0.002859337543 -0.052585940673 -0.000000000000  0.001457475813  0.000000000000
  0.850980392157 -0.000700368088 -0.018682387427  0.000691417448  0.000000000000  0.001331582311  0.000000000000 -0.001013062319  0.014292552119 -0.020849715121  0.000000000000  0.001331582311  0.000000000000
  0.854901960784  0.000691358466  0.007014687890 -0.018304506930  0.000000000000  0.002852021092 -0.000000000000  0.000569911550  0.001972305012  0.006338429636 -0.000000000000  0.002852021092 -0.000000000000
  0.858823529412 -0.000614120590 -0.018304931872 -0.014366107280  0.000000000000  0.000313681796  0.000000000000 -0.001321775944 -0.004841257922 -0.045511957731  0.000000000000  0.000313681796 -0.000000000000
  0.862745098039  0.001259929141  0.003181893674 -0.121422351272 -0.000000000000  0.002636677982 -0.000000000000  0.000430917639  0.018790470643 -0.040709736590 -0.000000000000  0.002636677982  0.000000000000
  0.866666666667  0.000061617306 -0.007611535065 -0.021888944245  0.000000000000  0.000508536431  0.000000000000 -0.002851355400 -0.017737311284  0.069817595510  0.000000000000  0.000508536431 -0.000000000000
  0.870588235294  0.000284610896 -0.004442813557  0.013100008754  0.000000000000  0.002636556838 -0.000000000000  0.000131882172  0.019346270949  0.004314850742 -0.000000000000  0.002636556838 -0.000000000000
  0.874509803922  0.000083970851 -0.002235546158  0.020741946087  0.000000000000  0.001090380556  0.000000000000 -0.002635340523 -0.011013431492  0.027202332923  0.000000000000  0.001090380556 -0.000000000000
  0.878431372549 -0.000231243280  0.005985372941 -0.000113858564  0.000000000000  0.003425274726 -0.000000000000  0.000452919250  0.008397471014  0.034902077299 -0.000000000000  0.003425274726 -0.000000000000
  0.882352941176 -0.000315175877 -0.015641639393  0.030940265447  0.000000000000  0.001522425111  0.000000000000 -0.002617650879 -0.003724405176  0.015145732768  0.000000000000  0.001522425111 -0.000000000000
  0.886274509804 -0.000535778603  0.007817998447 -0.061980352506  0.000000000000  0.003060244453 -0.000000000000  0.000949668913  0.006226377737  0.017793243445 -0.000000000000  0.003060244453 -0.000000000000
  0.890196078431 -0.000546370501 -0.008694301492  0.000875620896  0.000000000000  0.001307921955  0.000000000000 -0.003381417783  0.001747343028  0.044206939961  0.000000000000  0.001307921955 -0.000000000000
  0.894117647059 -0.001095798743 -0.006824625961  0.029333734763  0.000000000000  0.002867286438 -0.000000000000  0.001056883783  0.007452579970  0.032089776994 -0.000000000000  0.002867286438 -0.000000000000
  0.898039215686 -0.000848307959  0.004864594162 -0.002306023483  0.000000000000  0.000810249744  0.000000000000 -0.002940317962  0.003120273272 -0.022905116290  0.000000000000  0.000810249744 -0.000000000000
  0.901960784314 -0.000773219682 -0.012369903507  0.001915075256  0.000000000000  0.001538978217 -0.000000000000  0.001054889171  0.006388593085 -0.017200694378 -0.000000000000  0.001538978217 -0.000000000000
  0.905882352941 -0.000492982020  0.000070327988 -0.057896483595  0.000000000000  0.000795292963  0.000000000000 -0.002824588509  0.006363931753 -0.001237292329  0.000000000000  0.000795292963 -0.000000000000
  0.909803921569 -0.000579057806 -0.002055234682  0.111079215782  0.000000000000  0.001463924311  0.000000000000  0.000566742185 -0.001901935423 -0.023684196991 -0.000000000000  0.001463924311 -0.000000000000
  0.913725490196 -0.000098261167 -0.011778549728 -0.015252189346  0.000000000000  0.000450014318  0.000000000000 -0.001535838109  0.009505017695 -0.065507380930  0.000000000000  0.000450014318 -0.000000000000
  0.917647058824  0.000322246921  0.001717298071  0.017311153845  0.000000000000  0.001339622119 -0.000000000000  0.000727081714 -0.001723277276  0.036462761859 -0.000000000000  0.001339622119 -0.000000000000
  0.921568627451 -0.000432063040 -0.012131633244 -0.058022328554  0.000000000000  0.000653578543  0.000000000000 -0.001398712236  0.006145859916  0.009318334367  0.000000000000  0.000653578543 -0.000000000000
  0.925490196078  0.000375588431 -0.005430858927  0.023241001059  0.000000000000  0.001711883371 -0.000000000000  0.000247883475 -0.003855157438 -0.088203419397 -0.000000000000  0.001711883371 -0.000000000000
  0.929411764706  0.000555765542 -0.005962100277 -0.074103699705  0.000000000000  0.000950955461  0.000000000000 -0.001218897897  0.009025223475  0.024873319934  0.000000000000  0.000950955461 -0.000000000000
  0.933333333333  0.000334524907 -0.001135443811 -0.020632131861  0.000000000000  0.001862065093 -0.000000000000 -0.000561478404  0.004239418472 -0.004816889657 -0.000000000000  0.001862065093 -0.000000000000
  0.937254901961  0.000694640459 -0.008125573068 -0.018522477558  0.000000000000  0.001011793352  0.000000000000 -0.001564614747  0.006296181192 -0.014455902746  0.000000000000  0.001011793352 -0.000000000000
  0.941176470588  0.000622595863 -0.001845168561 -0.003045413501  0.000000000000  0.001754350644 -0.000000000000 -0.000718811992  0.007633923253 -0.012595050960 -0.000000000000  0.001754350644 -0.000000000000
  0.945098039216  0.000902402476 -0.010018576502 -0.034165332158  0.000000000000  0.000561105009  0.000000000000 -0.001628789791 -0.001111908682  0.038876876000  0.000000000000  0.000561105009 -0.000000000000
  0.949019607843  0.000078941948 -0.004544338070 -0.017080908824  0.000000000000  0.001769379020 -0.000000000000 -0.001008709054  0.006579232003  0.062731618512 -0.000000000000  0.001769379020 -0.000000000000
  0.952941176471  0.000160071637 -0.009766627256  0.027663260877  0.000000000000  0.001192310604  0.000000000000 -0.001747032699 -0.004435124430 -0.008493526348  0.000000000000  0.001192310604 -0.000000000000
  0.956862745098 -0.000060469860 -0.005693314018  0.000856967460  0.000000000000  0.001161976535  0.000000000000 -0.000557837097  0.009980398770  0.066766985474  0.000000000000  0.001161976535 -0.000000000000
  0.960784313725 -0.000566340957 -0.005967183265 -0.060811503879  0.000000000000  0.000909947294  0.000000000000 -0.001676293542 -0.002667793375  0.030976146418  0.000000000000  0.000909947294 -0.000000000000
  0.964705882353 -0.000433059723 -0.005634366123  0.044655072551  0.000000000000  0.000732660334  0.000000000000 -0.001110884266  0.010557947452 -0.067030467148 -0.000000000000  0.000732660334 -0.000000000000
  0.968627450980  0.000328350460 -0.008009764980  0.001494983815  0.000000000000  0.000765961820  0.000000000000 -0.001114618968 -0.001647651910 -0.009899523089  0.000000000000  0.000765961820 -0.000000000000
  0.972549019608 -0.000262856891 -0.008665353429  0.019310793466  0.000000000000  0.000616937782  0.000000000000 -0.000871154597  0.009136682495  0.040570827807  0.000000000000  0.000616937782 -0.000000000000
  0.976470588235  0.000039609865 -0.007935857379 -0.006404440085  0.000000000000  0.000822159462  0.000000000000 -0.000731588835 -0.001675837078 -0.037025567645  0.000000000000  0.000822159462 -0.000000000000
  0.980392156863  0.000178532403 -0.007831874940  0.019705581991  0.000000000000  0.000490843319  0.000000000000 -0.000744864881  0.010599260160 -0.020162308394  0.000000000000  0.000490843319 -0.000000000000
  0.984313725490  0.000538140877 -0.009722980369  0.035004573916  0.000000000000  0.000533934427  0.000000000000 -0.000301689615 -0.001990464602 -0.054042496240  0.000000000000  0.000533934427 -0.000000000000
  0.988235294118  0.000818802763 -0.005497343246  0.040630326271  0.000000000000  0.000000000000 -0.000000000000 -0.000074217358  0.010887970545  0.032222573750 -0.000000000000  0.000000000000 -0.000000000000
  0.992156862745  0.000291471315 -0.008221981434  0.035559242803  0.000000000000  0.000000000000  0.000000000000  0.000394932445 -0.005070653086  0.038228833097  0.000000000000  0.000000000000 -0.000000000000
  0.996078431373  0.000239929763 -0.005065232493 -0.031222262612  0.000000000000  0.093001460740  0.000000000000  0.000476990232  0.005537905593 -0.010790306483  0.000000000000  0.093001460740  0.000000000000
  1.000000000000 -0.000000000000  0.085887591616 -0.003315172097  0.000000000000  0.044920110491  0.000000000000 -0.000000000000 -0.075703589470  0.057216041094  0.000000000000  0.044920110491  0.000000000000
